----------------------------------------------------------------------------
	SCS v1.2.6 - Splitting Conic Solver
	(c) Brendan O'Donoghue, Stanford University, 2012-2016
----------------------------------------------------------------------------
Lin-sys: sparse-direct, nnz in A = 1500
eps = 1.00e-04, alpha = 1.80, max_iters = 50000, normalize = 1, scale = 5.00
Variables n = 360, constraints m = 805
Cones:	primal zero / dual free vars: 120
	linear vars: 253
	soc vars: 72, soc blks: 12
	exp vars: 360, dual exp vars: 0
Setup time: 4.08e-04s
----------------------------------------------------------------------------
 Iter | pri res | dua res | rel gap | pri obj | dua obj | kap/tau | time (s)
----------------------------------------------------------------------------
     0|      inf       inf      -nan      -inf      -inf       inf  1.47e-03 
   100| 1.79e-03  2.53e-03  1.59e-02 -1.84e-01 -1.63e-01  0.00e+00  3.90e-01 
   200| 1.11e-03  3.51e-04  1.08e-02 -1.73e-01 -1.59e-01  0.00e+00  7.09e-01 
   300| 8.41e-04  1.71e-04  9.89e-03 -1.70e-01 -1.57e-01  0.00e+00  1.01e+00 
   400| 7.27e-04  1.15e-04  8.78e-03 -1.67e-01 -1.55e-01  0.00e+00  1.32e+00 
   500| 6.27e-04  8.38e-05  8.05e-03 -1.65e-01 -1.54e-01  0.00e+00  1.63e+00 
   600| 5.62e-04  6.80e-05  7.46e-03 -1.64e-01 -1.54e-01  9.42e-16  1.94e+00 
   700| 5.12e-04  5.49e-05  6.99e-03 -1.62e-01 -1.53e-01  4.77e-16  2.27e+00 
   800| 4.74e-04  4.52e-05  6.62e-03 -1.61e-01 -1.53e-01  4.82e-16  2.60e+00 
   900| 4.52e-04  3.86e-05  6.29e-03 -1.61e-01 -1.52e-01  0.00e+00  2.93e+00 
  1000| 4.35e-04  3.45e-05  6.03e-03 -1.60e-01 -1.52e-01  4.93e-16  3.27e+00 
  1100| 4.22e-04  3.13e-05  5.81e-03 -1.59e-01 -1.52e-01  0.00e+00  3.61e+00 
  1200| 4.12e-04  2.90e-05  5.64e-03 -1.59e-01 -1.51e-01  5.03e-16  3.95e+00 
  1300| 4.04e-04  2.72e-05  5.49e-03 -1.58e-01 -1.51e-01  5.08e-16  4.29e+00 
  1400| 3.97e-04  2.57e-05  5.38e-03 -1.58e-01 -1.51e-01  0.00e+00  4.64e+00 
  1500| 3.92e-04  2.46e-05  5.28e-03 -1.57e-01 -1.51e-01  0.00e+00  4.99e+00 
  1600| 3.87e-04  2.37e-05  5.20e-03 -1.57e-01 -1.50e-01  5.22e-16  5.46e+00 
  1700| 3.83e-04  2.30e-05  5.14e-03 -1.57e-01 -1.50e-01  0.00e+00  5.84e+00 
  1800| 3.80e-04  2.24e-05  5.08e-03 -1.57e-01 -1.50e-01  0.00e+00  6.19e+00 
  1900| 3.78e-04  2.19e-05  5.05e-03 -1.56e-01 -1.50e-01  5.36e-16  6.54e+00 
  2000| 3.75e-04  2.15e-05  5.01e-03 -1.56e-01 -1.50e-01  0.00e+00  6.87e+00 
  2100| 3.74e-04  2.12e-05  4.99e-03 -1.56e-01 -1.49e-01  0.00e+00  7.19e+00 
  2200| 3.72e-04  2.10e-05  4.98e-03 -1.56e-01 -1.49e-01  5.50e-16  7.50e+00 
  2300| 3.71e-04  2.08e-05  4.97e-03 -1.56e-01 -1.49e-01  0.00e+00  7.81e+00 
  2400| 3.69e-04  2.06e-05  4.97e-03 -1.55e-01 -1.49e-01  0.00e+00  8.10e+00 
  2500| 3.68e-04  2.05e-05  4.97e-03 -1.55e-01 -1.49e-01  0.00e+00  8.39e+00 
  2600| 3.68e-04  2.04e-05  4.97e-03 -1.55e-01 -1.49e-01  0.00e+00  8.66e+00 
  2700| 3.67e-04  2.04e-05  4.98e-03 -1.55e-01 -1.48e-01  0.00e+00  8.92e+00 
  2800| 3.67e-04  2.03e-05  5.00e-03 -1.55e-01 -1.48e-01  5.80e-16  9.18e+00 
  2900| 3.66e-04  2.03e-05  5.01e-03 -1.55e-01 -1.48e-01  0.00e+00  9.43e+00 
  3000| 3.66e-04  2.03e-05  5.03e-03 -1.54e-01 -1.48e-01  0.00e+00  9.68e+00 
  3100| 3.66e-04  2.04e-05  5.05e-03 -1.54e-01 -1.48e-01  0.00e+00  9.93e+00 
  3200| 3.66e-04  2.04e-05  5.08e-03 -1.54e-01 -1.48e-01  0.00e+00  1.02e+01 
  3300| 3.66e-04  2.04e-05  5.10e-03 -1.54e-01 -1.47e-01  0.00e+00  1.04e+01 
  3400| 3.67e-04  2.05e-05  5.13e-03 -1.54e-01 -1.47e-01  0.00e+00  1.07e+01 
  3500| 3.67e-04  2.06e-05  5.17e-03 -1.54e-01 -1.47e-01  0.00e+00  1.09e+01 
  3600| 3.67e-04  2.07e-05  5.20e-03 -1.54e-01 -1.47e-01  0.00e+00  1.11e+01 
  3700| 3.68e-04  2.08e-05  5.23e-03 -1.54e-01 -1.47e-01  0.00e+00  1.14e+01 
  3800| 3.69e-04  2.09e-05  5.27e-03 -1.53e-01 -1.47e-01  0.00e+00  1.16e+01 
  3900| 3.69e-04  2.10e-05  5.31e-03 -1.53e-01 -1.46e-01  0.00e+00  1.19e+01 
  4000| 3.70e-04  2.11e-05  5.35e-03 -1.53e-01 -1.46e-01  0.00e+00  1.21e+01 
  4100| 3.71e-04  2.12e-05  5.39e-03 -1.53e-01 -1.46e-01  0.00e+00  1.24e+01 
  4200| 3.72e-04  2.14e-05  5.43e-03 -1.53e-01 -1.46e-01  0.00e+00  1.26e+01 
  4300| 3.73e-04  2.15e-05  5.48e-03 -1.53e-01 -1.46e-01  0.00e+00  1.29e+01 
  4400| 3.74e-04  2.17e-05  5.53e-03 -1.53e-01 -1.46e-01  0.00e+00  1.32e+01 
  4500| 3.76e-04  2.18e-05  5.57e-03 -1.53e-01 -1.45e-01  0.00e+00  1.35e+01 
  4600| 3.77e-04  2.20e-05  5.62e-03 -1.53e-01 -1.45e-01  0.00e+00  1.37e+01 
  4700| 3.78e-04  2.22e-05  5.68e-03 -1.53e-01 -1.45e-01  0.00e+00  1.40e+01 
  4800| 3.80e-04  2.24e-05  5.73e-03 -1.52e-01 -1.45e-01  0.00e+00  1.42e+01 
  4900| 3.82e-04  2.26e-05  5.78e-03 -1.52e-01 -1.45e-01  0.00e+00  1.45e+01 
  5000| 3.83e-04  2.28e-05  5.84e-03 -1.52e-01 -1.45e-01  0.00e+00  1.47e+01 
  5100| 3.85e-04  2.30e-05  5.90e-03 -1.52e-01 -1.44e-01  0.00e+00  1.50e+01 
  5200| 3.87e-04  2.32e-05  5.96e-03 -1.52e-01 -1.44e-01  0.00e+00  1.52e+01 
  5300| 3.89e-04  2.34e-05  6.02e-03 -1.52e-01 -1.44e-01  0.00e+00  1.55e+01 
  5400| 3.91e-04  2.36e-05  6.08e-03 -1.52e-01 -1.44e-01  0.00e+00  1.59e+01 
  5500| 3.93e-04  2.38e-05  6.14e-03 -1.52e-01 -1.44e-01  0.00e+00  1.61e+01 
  5600| 3.95e-04  2.41e-05  6.21e-03 -1.52e-01 -1.44e-01  0.00e+00  1.64e+01 
  5700| 3.97e-04  2.43e-05  6.28e-03 -1.52e-01 -1.43e-01  0.00e+00  1.66e+01 
  5800| 3.99e-04  2.46e-05  6.35e-03 -1.52e-01 -1.43e-01  0.00e+00  1.69e+01 
  5900| 4.02e-04  2.48e-05  6.42e-03 -1.51e-01 -1.43e-01  0.00e+00  1.71e+01 
  6000| 4.04e-04  2.51e-05  6.49e-03 -1.51e-01 -1.43e-01  0.00e+00  1.74e+01 
  6100| 4.07e-04  2.53e-05  6.56e-03 -1.51e-01 -1.43e-01  0.00e+00  1.76e+01 
  6200| 4.09e-04  2.56e-05  6.64e-03 -1.51e-01 -1.43e-01  0.00e+00  1.79e+01 
  6300| 4.12e-04  2.59e-05  6.72e-03 -1.51e-01 -1.42e-01  0.00e+00  1.81e+01 
  6400| 4.15e-04  2.62e-05  6.80e-03 -1.51e-01 -1.42e-01  0.00e+00  1.83e+01 
  6500| 4.18e-04  2.65e-05  6.88e-03 -1.51e-01 -1.42e-01  0.00e+00  1.86e+01 
  6600| 4.21e-04  2.68e-05  6.97e-03 -1.51e-01 -1.42e-01  0.00e+00  1.88e+01 
  6700| 4.24e-04  2.71e-05  7.06e-03 -1.51e-01 -1.42e-01  0.00e+00  1.90e+01 
  6800| 4.27e-04  2.75e-05  7.14e-03 -1.51e-01 -1.41e-01  0.00e+00  1.92e+01 
  6900| 4.30e-04  2.78e-05  7.24e-03 -1.51e-01 -1.41e-01  0.00e+00  1.94e+01 
  7000| 4.34e-04  2.81e-05  7.33e-03 -1.50e-01 -1.41e-01  0.00e+00  1.96e+01 
  7100| 4.37e-04  2.85e-05  7.43e-03 -1.50e-01 -1.41e-01  0.00e+00  1.99e+01 
  7200| 4.41e-04  2.89e-05  7.53e-03 -1.50e-01 -1.41e-01  0.00e+00  2.01e+01 
  7300| 4.45e-04  2.92e-05  7.63e-03 -1.50e-01 -1.40e-01  0.00e+00  2.02e+01 
  7400| 4.49e-04  2.96e-05  7.74e-03 -1.50e-01 -1.40e-01  4.67e-16  2.04e+01 
  7500| 4.53e-04  3.00e-05  7.84e-03 -1.50e-01 -1.40e-01  4.73e-16  2.06e+01 
  7600| 4.57e-04  3.04e-05  7.96e-03 -1.50e-01 -1.40e-01  4.80e-16  2.08e+01 
  7700| 4.61e-04  3.08e-05  8.07e-03 -1.50e-01 -1.39e-01  4.86e-16  2.10e+01 
  7800| 4.65e-04  3.13e-05  8.19e-03 -1.50e-01 -1.39e-01  4.93e-16  2.12e+01 
  7900| 4.70e-04  3.17e-05  8.31e-03 -1.50e-01 -1.39e-01  0.00e+00  2.13e+01 
  8000| 4.75e-04  3.22e-05  8.43e-03 -1.50e-01 -1.39e-01  5.07e-16  2.15e+01 
  8100| 4.79e-04  3.27e-05  8.56e-03 -1.49e-01 -1.38e-01  5.15e-16  2.17e+01 
  8200| 4.84e-04  3.32e-05  8.70e-03 -1.49e-01 -1.38e-01  5.22e-16  2.19e+01 
  8300| 4.90e-04  3.37e-05  8.83e-03 -1.49e-01 -1.38e-01  5.30e-16  2.20e+01 
  8400| 4.95e-04  3.42e-05  8.97e-03 -1.49e-01 -1.38e-01  1.08e-15  2.22e+01 
  8500| 5.00e-04  3.47e-05  9.12e-03 -1.49e-01 -1.37e-01  0.00e+00  2.24e+01 
  8600| 5.06e-04  3.53e-05  9.27e-03 -1.49e-01 -1.37e-01  5.55e-16  2.26e+01 
  8700| 5.12e-04  3.58e-05  9.43e-03 -1.49e-01 -1.37e-01  5.64e-16  2.27e+01 
  8800| 5.18e-04  3.64e-05  9.59e-03 -1.49e-01 -1.37e-01  1.15e-15  2.29e+01 
  8900| 5.24e-04  3.70e-05  9.75e-03 -1.49e-01 -1.36e-01  0.00e+00  2.31e+01 
  9000| 1.82e-04  5.85e-05  8.60e-03 -1.47e-01 -1.36e-01  0.00e+00  2.33e+01 
  9100| 1.70e-04  4.16e-05  8.02e-03 -1.46e-01 -1.36e-01  0.00e+00  2.34e+01 
  9200| 1.59e-04  2.94e-05  7.56e-03 -1.45e-01 -1.36e-01  0.00e+00  2.36e+01 
  9300| 1.49e-04  2.69e-05  6.96e-03 -1.44e-01 -1.35e-01  0.00e+00  2.38e+01 
  9400| 1.40e-04  2.83e-05  6.50e-03 -1.44e-01 -1.35e-01  0.00e+00  2.40e+01 
  9500| 1.32e-04  2.35e-05  6.06e-03 -1.43e-01 -1.35e-01  0.00e+00  2.41e+01 
  9600| 1.25e-04  2.24e-05  5.62e-03 -1.42e-01 -1.35e-01  0.00e+00  2.43e+01 
  9700| 1.19e-04  2.09e-05  5.25e-03 -1.42e-01 -1.35e-01  0.00e+00  2.45e+01 
  9800| 1.13e-04  1.90e-05  4.89e-03 -1.41e-01 -1.35e-01  0.00e+00  2.46e+01 
  9900| 1.08e-04  1.81e-05  4.55e-03 -1.41e-01 -1.35e-01  0.00e+00  2.48e+01 
 10000| 1.03e-04  1.66e-05  4.25e-03 -1.40e-01 -1.35e-01  0.00e+00  2.50e+01 
 10100| 9.89e-05  1.54e-05  3.96e-03 -1.40e-01 -1.35e-01  0.00e+00  2.52e+01 
 10200| 9.49e-05  1.45e-05  3.69e-03 -1.39e-01 -1.35e-01  0.00e+00  2.53e+01 
 10300| 9.14e-05  1.34e-05  3.44e-03 -1.39e-01 -1.34e-01  0.00e+00  2.55e+01 
 10400| 8.82e-05  1.25e-05  3.21e-03 -1.39e-01 -1.34e-01  0.00e+00  2.57e+01 
 10500| 8.52e-05  1.16e-05  2.99e-03 -1.38e-01 -1.34e-01  0.00e+00  2.58e+01 
 10600| 8.25e-05  1.08e-05  2.79e-03 -1.38e-01 -1.34e-01  0.00e+00  2.60e+01 
 10700| 8.01e-05  1.01e-05  2.60e-03 -1.38e-01 -1.34e-01  0.00e+00  2.62e+01 
 10800| 7.79e-05  9.40e-06  2.42e-03 -1.37e-01 -1.34e-01  0.00e+00  2.63e+01 
 10900| 7.58e-05  8.77e-06  2.26e-03 -1.37e-01 -1.34e-01  0.00e+00  2.65e+01 
 11000| 7.40e-05  8.17e-06  2.11e-03 -1.37e-01 -1.34e-01  0.00e+00  2.67e+01 
 11100| 7.23e-05  7.61e-06  1.96e-03 -1.37e-01 -1.34e-01  0.00e+00  2.69e+01 
 11200| 7.08e-05  7.10e-06  1.83e-03 -1.37e-01 -1.34e-01  0.00e+00  2.70e+01 
 11300| 6.93e-05  6.61e-06  1.71e-03 -1.36e-01 -1.34e-01  0.00e+00  2.72e+01 
 11400| 6.80e-05  6.16e-06  1.59e-03 -1.36e-01 -1.34e-01  0.00e+00  2.74e+01 
 11500| 6.68e-05  5.74e-06  1.48e-03 -1.36e-01 -1.34e-01  0.00e+00  2.75e+01 
 11600| 6.57e-05  5.35e-06  1.38e-03 -1.36e-01 -1.34e-01  0.00e+00  2.77e+01 
 11700| 6.47e-05  4.99e-06  1.29e-03 -1.36e-01 -1.34e-01  0.00e+00  2.79e+01 
 11800| 6.38e-05  4.65e-06  1.20e-03 -1.36e-01 -1.34e-01  0.00e+00  2.80e+01 
 11900| 6.29e-05  4.33e-06  1.12e-03 -1.35e-01 -1.34e-01  0.00e+00  2.82e+01 
 12000| 6.21e-05  4.04e-06  1.04e-03 -1.35e-01 -1.34e-01  0.00e+00  2.84e+01 
 12100| 6.14e-05  3.76e-06  9.68e-04 -1.35e-01 -1.34e-01  0.00e+00  2.85e+01 
 12200| 6.07e-05  3.50e-06  9.01e-04 -1.35e-01 -1.34e-01  0.00e+00  2.87e+01 
 12300| 6.00e-05  3.26e-06  8.38e-04 -1.35e-01 -1.34e-01  0.00e+00  2.89e+01 
 12400| 5.94e-05  3.04e-06  7.80e-04 -1.35e-01 -1.34e-01  0.00e+00  2.90e+01 
 12500| 5.88e-05  2.83e-06  7.25e-04 -1.35e-01 -1.34e-01  0.00e+00  2.92e+01 
 12600| 5.83e-05  2.64e-06  6.74e-04 -1.35e-01 -1.34e-01  0.00e+00  2.94e+01 
 12700| 5.78e-05  2.45e-06  6.26e-04 -1.35e-01 -1.34e-01  0.00e+00  2.95e+01 
 12800| 5.73e-05  2.29e-06  5.82e-04 -1.35e-01 -1.34e-01  0.00e+00  2.97e+01 
 12900| 5.69e-05  2.13e-06  5.41e-04 -1.35e-01 -1.34e-01  0.00e+00  2.99e+01 
 13000| 5.64e-05  1.98e-06  5.02e-04 -1.35e-01 -1.34e-01  0.00e+00  3.00e+01 
 13100| 5.60e-05  1.85e-06  4.66e-04 -1.35e-01 -1.34e-01  0.00e+00  3.02e+01 
 13200| 5.56e-05  1.72e-06  4.32e-04 -1.34e-01 -1.34e-01  0.00e+00  3.03e+01 
 13300| 5.52e-05  1.60e-06  4.00e-04 -1.34e-01 -1.34e-01  0.00e+00  3.05e+01 
 13400| 5.49e-05  1.49e-06  3.71e-04 -1.34e-01 -1.34e-01  0.00e+00  3.07e+01 
 13500| 5.45e-05  1.39e-06  3.44e-04 -1.34e-01 -1.34e-01  0.00e+00  3.08e+01 
 13600| 5.42e-05  1.29e-06  3.18e-04 -1.34e-01 -1.34e-01  0.00e+00  3.10e+01 
 13700| 5.39e-05  1.21e-06  2.94e-04 -1.34e-01 -1.34e-01  0.00e+00  3.12e+01 
 13800| 5.35e-05  1.13e-06  2.72e-04 -1.34e-01 -1.34e-01  0.00e+00  3.14e+01 
 13900| 5.32e-05  1.05e-06  2.51e-04 -1.34e-01 -1.34e-01  0.00e+00  3.16e+01 
 14000| 5.29e-05  9.81e-07  2.32e-04 -1.34e-01 -1.34e-01  0.00e+00  3.18e+01 
 14100| 5.26e-05  9.16e-07  2.14e-04 -1.34e-01 -1.34e-01  0.00e+00  3.20e+01 
 14200| 5.24e-05  8.57e-07  1.97e-04 -1.34e-01 -1.34e-01  0.00e+00  3.22e+01 
 14300| 5.21e-05  8.02e-07  1.81e-04 -1.34e-01 -1.34e-01  0.00e+00  3.23e+01 
 14400| 5.18e-05  7.54e-07  1.67e-04 -1.34e-01 -1.34e-01  0.00e+00  3.25e+01 
 14500| 5.15e-05  7.07e-07  1.53e-04 -1.34e-01 -1.34e-01  0.00e+00  3.27e+01 
 14600| 5.13e-05  6.64e-07  1.40e-04 -1.34e-01 -1.34e-01  0.00e+00  3.28e+01 
 14700| 5.10e-05  6.28e-07  1.29e-04 -1.34e-01#SOLVERNAME# SCS
#SOLVER# SCS.SCSSolver(Any[(:verbose, 1), (:eps, 0.0001), (:max_iters, 50000)])
#INSTANCE# _1.499548816020449e9.cbf.gz
#TIMELIMIT# 300.0
#ERROR# MethodError(MathProgBase.SolverInterface.getsolvetime, (SCS.SCSMathProgModel(805, 360, 685, 360, 
  [1  ,   1]  =  -0.238649
  [2  ,   1]  =  -0.00249397
  [3  ,   1]  =  -0.00705737
  [4  ,   1]  =  -0.00661527
  [5  ,   1]  =  -0.019127
  [121,   1]  =  1.0
  [122,   1]  =  1.0
  [254,   1]  =  -1.0
  [1  ,   2]  =  -0.00249397
  [2  ,   2]  =  -0.424286
  [3  ,   2]  =  -0.0180298
  [4  ,   2]  =  -0.00937616
  [5  ,   2]  =  -0.0330525
  [121,   2]  =  1.0
  [123,   2]  =  1.0
  [255,   2]  =  -1.0
  [1  ,   3]  =  -0.00705737
  [2  ,   3]  =  -0.0180298
  [3  ,   3]  =  -0.172452
  [4  ,   3]  =  -0.0112777
  [5  ,   3]  =  -0.0196907
  [121,   3]  =  1.0
  [124,   3]  =  1.0
  [256,   3]  =  -1.0
  [1  ,   4]  =  -0.00661527
  [2  ,   4]  =  -0.00937616
  [3  ,   4]  =  -0.0112777
  [4  ,   4]  =  -0.32224
  [5  ,   4]  =  -0.0185636
  [121,   4]  =  1.0
  [125,   4]  =  1.0
  [257,   4]  =  -1.0
  [1  ,   5]  =  -0.019127
  [2  ,   5]  =  -0.0330525
  [3  ,   5]  =  -0.0196907
  [4  ,   5]  =  -0.0185636
  [5  ,   5]  =  -0.333192
  [121,   5]  =  1.0
  [126,   5]  =  1.0
  [258,   5]  =  -1.0
  [6  ,   6]  =  -0.195024
  [7  ,   6]  =  0.00209666
  [8  ,   6]  =  -0.00947123
  [9  ,   6]  =  0.000498389
  [10 ,   6]  =  -0.00230619
  [121,   6]  =  1.0
  [127,   6]  =  1.0
  [259,   6]  =  -1.0
  [6  ,   7]  =  0.00209666
  [7  ,   7]  =  -0.171892
  [8  ,   7]  =  -0.00219708
  [9  ,   7]  =  -0.0127459
  [10 ,   7]  =  -0.00846529
  [121,   7]  =  1.0
  [128,   7]  =  1.0
  [260,   7]  =  -1.0
  [6  ,   8]  =  -0.00947123
  [7  ,   8]  =  -0.00219708
  [8  ,   8]  =  -0.306932
  [9  ,   8]  =  -0.0168446
  [10 ,   8]  =  -0.0123981
  [121,   8]  =  1.0
  [129,   8]  =  1.0
  [261,   8]  =  -1.0
  [6  ,   9]  =  0.000498389
  [7  ,   9]  =  -0.0127459
  [8  ,   9]  =  -0.0168446
  [9  ,   9]  =  -0.244276
  [10 ,   9]  =  -0.0332513
  [121,   9]  =  1.0
  [130,   9]  =  1.0
  [262,   9]  =  -1.0
  [6  ,  10]  =  -0.00230619
  [7  ,  10]  =  -0.00846529
  [8  ,  10]  =  -0.0123981
  [9  ,  10]  =  -0.0332513
  [10 ,  10]  =  -0.345275
  [121,  10]  =  1.0
  [131,  10]  =  1.0
  [263,  10]  =  -1.0
  [11 ,  11]  =  -0.442246
  [12 ,  11]  =  -0.0547827
  [13 ,  11]  =  -0.0260364
  [14 ,  11]  =  -0.040346
  [15 ,  11]  =  -0.0117916
  [121,  11]  =  1.0
  [132,  11]  =  1.0
  [264,  11]  =  -1.0
  [11 ,  12]  =  -0.0547827
  [12 ,  12]  =  -0.429237
  [13 ,  12]  =  0.00955523
  [14 ,  12]  =  -0.0338338
  [15 ,  12]  =  -0.0232424
  [121,  12]  =  1.0
  [133,  12]  =  1.0
  [265,  12]  =  -1.0
  [11 ,  13]  =  -0.0260364
  [12 ,  13]  =  0.00955523
  [13 ,  13]  =  -0.712472
  [14 ,  13]  =  -0.0259352
  [15 ,  13]  =  -0.0152993
  [121,  13]  =  1.0
  [134,  13]  =  1.0
  [266,  13]  =  -1.0
  [11 ,  14]  =  -0.040346
  [12 ,  14]  =  -0.0338338
  [13 ,  14]  =  -0.0259352
  [14 ,  14]  =  -0.510696
  [15 ,  14]  =  -0.0196107
  [121,  14]  =  1.0
  [135,  14]  =  1.0
  [267,  14]  =  -1.0
  [11 ,  15]  =  -0.0117916
  [12 ,  15]  =  -0.0232424
  [13 ,  15]  =  -0.0152993
  [14 ,  15]  =  -0.0196107
  [15 ,  15]  =  -0.188077
  [121,  15]  =  1.0
  [136,  15]  =  1.0
  [268,  15]  =  -1.0
  [16 ,  16]  =  -0.246689
  [17 ,  16]  =  -0.00690657
  [18 ,  16]  =  -0.0253858
  [19 ,  16]  =  -0.0117842
  [20 ,  16]  =  -0.0109165
  [121,  16]  =  1.0
  [137,  16]  =  1.0
  [269,  16]  =  -1.0
  [16 ,  17]  =  -0.00690657
  [17 ,  17]  =  -0.306011
  [18 ,  17]  =  -0.0167153
  [19 ,  17]  =  -0.0385952
  [20 ,  17]  =  -0.00533794
  [121,  17]  =  1.0
  [138,  17]  =  1.0
  [270,  17]  =  -1.0
  [16 ,  18]  =  -0.0253858
  [17 ,  18]  =  -0.0167153
  [18 ,  18]  =  -0.224282
  [19 ,  18]  =  -0.0085638
  [20 ,  18]  =  0.00230309
  [121,  18]  =  1.0
  [139,  18]  =  1.0
  [271,  18]  =  -1.0
  [16 ,  19]  =  -0.0117842
  [17 ,  19]  =  -0.0385952
  [18 ,  19]  =  -0.0085638
  [19 ,  19]  =  -0.335358
  [20 ,  19]  =  0.00233572
  [121,  19]  =  1.0
  [140,  19]  =  1.0
  [272,  19]  =  -1.0
  [16 ,  20]  =  -0.0109165
  [17 ,  20]  =  -0.00533794
  [18 ,  20]  =  0.00230309
  [19 ,  20]  =  0.00233572
  [20 ,  20]  =  -0.188735
  [121,  20]  =  1.0
  [141,  20]  =  1.0
  [273,  20]  =  -1.0
  [21 ,  21]  =  -0.200611
  [22 ,  21]  =  -0.00420303
  [23 ,  21]  =  -0.00852848
  [24 ,  21]  =  -0.000577692
  [25 ,  21]  =  -0.00753061
  [121,  21]  =  1.0
  [142,  21]  =  1.0
  [274,  21]  =  -1.0
  [21 ,  22]  =  -0.00420303
  [22 ,  22]  =  -0.21135
  [23 ,  22]  =  0.00690282
  [24 ,  22]  =  -0.0151393
  [25 ,  22]  =  -0.00165401
  [121,  22]  =  1.0
  [143,  22]  =  1.0
  [275,  22]  =  -1.0
  [21 ,  23]  =  -0.00852848
  [22 ,  23]  =  0.00690282
  [23 ,  23]  =  -0.320888
  [24 ,  23]  =  -0.0211218
  [25 ,  23]  =  -0.00582628
  [121,  23]  =  1.0
  [144,  23]  =  1.0
  [276,  23]  =  -1.0
  [21 ,  24]  =  -0.000577692
  [22 ,  24]  =  -0.0151393
  [23 ,  24]  =  -0.0211218
  [24 ,  24]  =  -0.196874
  [25 ,  24]  =  -0.0109834
  [121,  24]  =  1.0
  [145,  24]  =  1.0
  [277,  24]  =  -1.0
  [21 ,  25]  =  -0.00753061
  [22 ,  25]  =  -0.00165401
  [23 ,  25]  =  -0.00582628
  [24 ,  25]  =  -0.0109834
  [25 ,  25]  =  -0.584056
  [121,  25]  =  1.0
  [146,  25]  =  1.0
  [278,  25]  =  -1.0
  [26 ,  26]  =  -0.377881
  [27 ,  26]  =  -0.0297333
  [28 ,  26]  =  -0.0128279
  [29 ,  26]  =  -0.00636074
  [30 ,  26]  =  -0.0208299
  [121,  26]  =  1.0
  [147,  26]  =  1.0
  [279,  26]  =  -1.0
  [26 ,  27]  =  -0.0297333
  [27 ,  27]  =  -0.412251
  [28 ,  27]  =  -0.00384693
  [29 ,  27]  =  -0.0295636
  [30 ,  27]  =  -0.0137312
  [121,  27]  =  1.0
  [148,  27]  =  1.0
  [280,  27]  =  -1.0
  [26 ,  28]  =  -0.0128279
  [27 ,  28]  =  -0.00384693
  [28 ,  28]  =  -0.235246
  [29 ,  28]  =  -0.024626
  [30 ,  28]  =  0.0101287
  [121,  28]  =  1.0
  [149,  28]  =  1.0
  [281,  28]  =  -1.0
  [26 ,  29]  =  -0.00636074
  [27 ,  29]  =  -0.0295636
  [28 ,  29]  =  -0.024626
  [29 ,  29]  =  -0.816156
  [30 ,  29]  =  -0.0251659
  [121,  29]  =  1.0
  [150,  29]  =  1.0
  [282,  29]  =  -1.0
  [26 ,  30]  =  -0.0208299
  [27 ,  30]  =  -0.0137312
  [28 ,  30]  =  0.0101287
  [29 ,  30]  =  -0.0251659
  [30 ,  30]  =  -0.361015
  [121,  30]  =  1.0
  [151,  30]  =  1.0
  [283,  30]  =  -1.0
  [31 ,  31]  =  -0.260318
  [32 ,  31]  =  0.00837456
  [33 ,  31]  =  -0.0140509
  [34 ,  31]  =  -0.0174014
  [35 ,  31]  =  -0.00468443
  [121,  31]  =  1.0
  [152,  31]  =  1.0
  [284,  31]  =  -1.0
  [31 ,  32]  =  0.00837456
  [32 ,  32]  =  -2.05188
  [33 ,  32]  =  -0.0226177
  [34 ,  32]  =  0.00484207
  [35 ,  32]  =  0.00132756
  [121,  32]  =  1.0
  [153,  32]  =  1.0
  [285,  32]  =  -1.0
  [31 ,  33]  =  -0.0140509
  [32 ,  33]  =  -0.0226177
  [33 ,  33]  =  -0.267889
  [34 ,  33]  =  -0.0232042
  [35 ,  33]  =  -0.0111524
  [121,  33]  =  1.0
  [154,  33]  =  1.0
  [286,  33]  =  -1.0
  [31 ,  34]  =  -0.0174014
  [32 ,  34]  =  0.00484207
  [33 ,  34]  =  -0.0232042
  [34 ,  34]  =  -0.335963
  [35 ,  34]  =  -0.0168604
  [121,  34]  =  1.0
  [155,  34]  =  1.0
  [287,  34]  =  -1.0
  [31 ,  35]  =  -0.00468443
  [32 ,  35]  =  0.00132756
  [33 ,  35]  =  -0.0111524
  [34 ,  35]  =  -0.0168604
  [35 ,  35]  =  -0.181024
  [121,  35]  =  1.0
  [156,  35]  =  1.0
  [288,  35]  =  -1.0
  [36 ,  36]  =  -0.207407
  [37 ,  36]  =  -0.0110107
  [38 ,  36]  =  -0.0033361
  [39 ,  36]  =  -0.00224675
  [40 ,  36]  =  0.0124518
  [121,  36]  =  1.0
  [157,  36]  =  1.0
  [289,  36]  =  -1.0
  [36 ,  37]  =  -0.0110107
  [37 ,  37]  =  -0.188585
  [38 ,  37]  =  -0.0184585
  [39 ,  37]  =  -0.00992618
  [40 ,  37]  =  -0.00566304
  [121,  37]  =  1.0
  [158,  37]  =  1.0
  [290,  37]  =  -1.0
  [36 ,  38]  =  -0.0033361
  [37 ,  38]  =  -0.0184585
  [38 ,  38]  =  -0.452756
  [39 ,  38]  =  -0.00371281
  [40 ,  38]  =  -0.00699413
  [121,  38]  =  1.0
  [159,  38]  =  1.0
  [291,  38]  =  -1.0
  [36 ,  39]  =  -0.00224675
  [37 ,  39]  =  -0.00992618
  [38 ,  39]  =  -0.00371281
  [39 ,  39]  =  -0.12879
  [40 ,  39]  =  -0.00808415
  [121,  39]  =  1.0
  [160,  39]  =  1.0
  [292,  39]  =  -1.0
  [36 ,  40]  =  0.0124518
  [37 ,  40]  =  -0.00566304
  [38 ,  40]  =  -0.00699413
  [39 ,  40]  =  -0.00808415
  [40 ,  40]  =  -0.297808
  [121,  40]  =  1.0
  [161,  40]  =  1.0
  [293,  40]  =  -1.0
  [41 ,  41]  =  -0.345526
  [42 ,  41]  =  -0.0222332
  [43 ,  41]  =  -0.00660236
  [44 ,  41]  =  0.00140168
  [45 ,  41]  =  0.00206696
  [121,  41]  =  1.0
  [162,  41]  =  1.0
  [294,  41]  =  -1.0
  [41 ,  42]  =  -0.0222332
  [42 ,  42]  =  -0.3042
  [43 ,  42]  =  -0.0205788
  [44 ,  42]  =  -0.0106131
  [45 ,  42]  =  -0.0193134
  [121,  42]  =  1.0
  [163,  42]  =  1.0
  [295,  42]  =  -1.0
  [41 ,  43]  =  -0.00660236
  [42 ,  43]  =  -0.0205788
  [43 ,  43]  =  -0.231891
  [44 ,  43]  =  -0.0215351
  [45 ,  43]  =  -0.0131264
  [121,  43]  =  1.0
  [164,  43]  =  1.0
  [296,  43]  =  -1.0
  [41 ,  44]  =  0.00140168
  [42 ,  44]  =  -0.0106131
  [43 ,  44]  =  -0.0215351
  [44 ,  44]  =  -0.174711
  [45 ,  44]  =  -0.0368224
  [121,  44]  =  1.0
  [165,  44]  =  1.0
  [297,  44]  =  -1.0
  [41 ,  45]  =  0.00206696
  [42 ,  45]  =  -0.0193134
  [43 ,  45]  =  -0.0131264
  [44 ,  45]  =  -0.0368224
  [45 ,  45]  =  -0.30342
  [121,  45]  =  1.0
  [166,  45]  =  1.0
  [298,  45]  =  -1.0
  [46 ,  46]  =  -0.499265
  [47 ,  46]  =  -0.00642983
  [48 ,  46]  =  -0.0521206
  [49 ,  46]  =  -0.0108433
  [50 ,  46]  =  -0.0222368
  [121,  46]  =  1.0
  [167,  46]  =  1.0
  [299,  46]  =  -1.0
  [46 ,  47]  =  -0.00642983
  [47 ,  47]  =  -0.213962
  [48 ,  47]  =  -0.0160651
  [49 ,  47]  =  0.00282333
  [50 ,  47]  =  -0.0243317
  [121,  47]  =  1.0
  [168,  47]  =  1.0
  [300,  47]  =  -1.0
  [46 ,  48]  =  -0.0521206
  [47 ,  48]  =  -0.0160651
  [48 ,  48]  =  -0.579406
  [49 ,  48]  =  -0.018345
  [50 ,  48]  =  -0.0276705
  [121,  48]  =  1.0
  [169,  48]  =  1.0
  [301,  48]  =  -1.0
  [46 ,  49]  =  -0.0108433
  [47 ,  49]  =  0.00282333
  [48 ,  49]  =  -0.018345
  [49 ,  49]  =  -0.326096
  [50 ,  49]  =  -0.00846853
  [121,  49]  =  1.0
  [170,  49]  =  1.0
  [302,  49]  =  -1.0
  [46 ,  50]  =  -0.0222368
  [47 ,  50]  =  -0.0243317
  [48 ,  50]  =  -0.0276705
  [49 ,  50]  =  -0.00846853
  [50 ,  50]  =  -0.316058
  [121,  50]  =  1.0
  [171,  50]  =  1.0
  [303,  50]  =  -1.0
  [51 ,  51]  =  -0.157561
  [52 ,  51]  =  -0.00237935
  [53 ,  51]  =  -0.0156661
  [54 ,  51]  =  -0.0103301
  [55 ,  51]  =  -0.0065601
  [121,  51]  =  1.0
  [172,  51]  =  1.0
  [304,  51]  =  -1.0
  [51 ,  52]  =  -0.00237935
  [52 ,  52]  =  -0.116037
  [53 ,  52]  =  -0.013796
  [54 ,  52]  =  -0.0104094
  [55 ,  52]  =  -0.00625641
  [121,  52]  =  1.0
  [173,  52]  =  1.0
  [305,  52]  =  -1.0
  [51 ,  53]  =  -0.0156661
  [52 ,  53]  =  -0.013796
  [53 ,  53]  =  -0.162617
  [54 ,  53]  =  -0.0361096
  [55 ,  53]  =  -0.0118602
  [121,  53]  =  1.0
  [174,  53]  =  1.0
  [306,  53]  =  -1.0
  [51 ,  54]  =  -0.0103301
  [52 ,  54]  =  -0.0104094
  [53 ,  54]  =  -0.0361096
  [54 ,  54]  =  -0.234083
  [55 ,  54]  =  -0.0129125
  [121,  54]  =  1.0
  [175,  54]  =  1.0
  [307,  54]  =  -1.0
  [51 ,  55]  =  -0.0065601
  [52 ,  55]  =  -0.00625641
  [53 ,  55]  =  -0.0118602
  [54 ,  55]  =  -0.0129125
  [55 ,  55]  =  -0.197198
  [121,  55]  =  1.0
  [176,  55]  =  1.0
  [308,  55]  =  -1.0
  [56 ,  56]  =  -0.238114
  [57 ,  56]  =  -0.0263798
  [58 ,  56]  =  0.00524183
  [59 ,  56]  =  -0.0143591
  [60 ,  56]  =  0.000616685
  [121,  56]  =  1.0
  [177,  56]  =  1.0
  [309,  56]  =  -1.0
  [56 ,  57]  =  -0.0263798
  [57 ,  57]  =  -0.785659
  [58 ,  57]  =  -0.0121423
  [59 ,  57]  =  -0.00907266
  [60 ,  57]  =  -0.0451332
  [121,  57]  =  1.0
  [178,  57]  =  1.0
  [310,  57]  =  -1.0
  [56 ,  58]  =  0.00524183
  [57 ,  58]  =  -0.0121423
  [58 ,  58]  =  -0.171946
  [59 ,  58]  =  -0.0118356
  [60 ,  58]  =  -0.000506801
  [121,  58]  =  1.0
  [179,  58]  =  1.0
  [311,  58]  =  -1.0
  [56 ,  59]  =  -0.0143591
  [57 ,  59]  =  -0.00907266
  [58 ,  59]  =  -0.0118356
  [59 ,  59]  =  -0.291319
  [60 ,  59]  =  -0.0282412
  [121,  59]  =  1.0
  [180,  59]  =  1.0
  [312,  59]  =  -1.0
  [56 ,  60]  =  0.000616685
  [57 ,  60]  =  -0.0451332
  [58 ,  60]  =  -0.000506801
  [59 ,  60]  =  -0.0282412
  [60 ,  60]  =  -0.388765
  [121,  60]  =  1.0
  [181,  60]  =  1.0
  [313,  60]  =  -1.0
  [61 ,  61]  =  -0.163584
  [62 ,  61]  =  -0.0137616
  [63 ,  61]  =  -0.00361128
  [64 ,  61]  =  -0.0122945
  [65 ,  61]  =  -0.0281663
  [121,  61]  =  1.0
  [182,  61]  =  1.0
  [314,  61]  =  -1.0
  [61 ,  62]  =  -0.0137616
  [62 ,  62]  =  -6.8535
  [63 ,  62]  =  -0.00805817
  [64 ,  62]  =  0.0199242
  [65 ,  62]  =  0.00452302
  [121,  62]  =  1.0
  [183,  62]  =  1.0
  [315,  62]  =  -1.0
  [61 ,  63]  =  -0.00361128
  [62 ,  63]  =  -0.00805817
  [63 ,  63]  =  -0.0990736
  [64 ,  63]  =  -0.00375787
  [65 ,  63]  =  0.000738838
  [121,  63]  =  1.0
  [184,  63]  =  1.0
  [316,  63]  =  -1.0
  [61 ,  64]  =  -0.0122945
  [62 ,  64]  =  0.0199242
  [63 ,  64]  =  -0.00375787
  [64 ,  64]  =  -0.277466
  [65 ,  64]  =  0.00677296
  [121,  64]  =  1.0
  [185,  64]  =  1.0
  [317,  64]  =  -1.0
  [61 ,  65]  =  -0.0281663
  [62 ,  65]  =  0.00452302
  [63 ,  65]  =  0.000738838
  [64 ,  65]  =  0.00677296
  [65 ,  65]  =  -1.12539
  [121,  65]  =  1.0
  [186,  65]  =  1.0
  [318,  65]  =  -1.0
  [66 ,  66]  =  -0.0896871
  [67 ,  66]  =  -0.0163008
  [68 ,  66]  =  -0.00987211
  [69 ,  66]  =  -0.0137777
  [70 ,  66]  =  -0.0120859
  [121,  66]  =  1.0
  [187,  66]  =  1.0
  [319,  66]  =  -1.0
  [66 ,  67]  =  -0.0163008
  [67 ,  67]  =  -0.133181
  [68 ,  67]  =  0.000786919
  [69 ,  67]  =  -0.019878
  [70 ,  67]  =  -0.00839831
  [121,  67]  =  1.0
  [188,  67]  =  1.0
  [320,  67]  =  -1.0
  [66 ,  68]  =  -0.00987211
  [67 ,  68]  =  0.000786919
  [68 ,  68]  =  -0.18367
  [69 ,  68]  =  -0.0100612
  [70 ,  68]  =  -0.0189265
  [121,  68]  =  1.0
  [189,  68]  =  1.0
  [321,  68]  =  -1.0
  [66 ,  69]  =  -0.0137777
  [67 ,  69]  =  -0.019878
  [68 ,  69]  =  -0.0100612
  [69 ,  69]  =  -0.202292
  [70 ,  69]  =  -0.009901
  [121,  69]  =  1.0
  [190,  69]  =  1.0
  [322,  69]  =  -1.0
  [66 ,  70]  =  -0.0120859
  [67 ,  70]  =  -0.00839831
  [68 ,  70]  =  -0.0189265
  [69 ,  70]  =  -0.009901
  [70 ,  70]  =  -0.171728
  [121,  70]  =  1.0
  [191,  70]  =  1.0
  [323,  70]  =  -1.0
  [71 ,  71]  =  -0.193073
  [72 ,  71]  =  0.000245613
  [73 ,  71]  =  -0.00859998
  [74 ,  71]  =  -0.00227183
  [75 ,  71]  =  -0.0102286
  [121,  71]  =  1.0
  [192,  71]  =  1.0
  [324,  71]  =  -1.0
  [71 ,  72]  =  0.000245613
  [72 ,  72]  =  -0.448906
  [73 ,  72]  =  -0.00276004
  [74 ,  72]  =  -0.00735786
  [75 ,  72]  =  -0.018988
  [121,  72]  =  1.0
  [193,  72]  =  1.0
  [325,  72]  =  -1.0
  [71 ,  73]  =  -0.00859998
  [72 ,  73]  =  -0.00276004
  [73 ,  73]  =  -0.187214
  [74 ,  73]  =  -0.00356803
  [75 ,  73]  =  -0.00894263
  [121,  73]  =  1.0
  [194,  73]  =  1.0
  [326,  73]  =  -1.0
  [71 ,  74]  =  -0.00227183
  [72 ,  74]  =  -0.00735786
  [73 ,  74]  =  -0.00356803
  [74 ,  74]  =  -0.0971905
  [75 ,  74]  =  -0.00327894
  [121,  74]  =  1.0
  [195,  74]  =  1.0
  [327,  74]  =  -1.0
  [71 ,  75]  =  -0.0102286
  [72 ,  75]  =  -0.018988
  [73 ,  75]  =  -0.00894263
  [74 ,  75]  =  -0.00327894
  [75 ,  75]  =  -0.187874
  [121,  75]  =  1.0
  [196,  75]  =  1.0
  [328,  75]  =  -1.0
  [76 ,  76]  =  -0.173584
  [77 ,  76]  =  0.00421102
  [78 ,  76]  =  -0.00769526
  [79 ,  76]  =  0.00273652
  [80 ,  76]  =  -0.0122357
  [121,  76]  =  1.0
  [197,  76]  =  1.0
  [329,  76]  =  -1.0
  [76 ,  77]  =  0.00421102
  [77 ,  77]  =  -0.435266
  [78 ,  77]  =  0.00990425
  [79 ,  77]  =  -0.0169335
  [80 ,  77]  =  -0.0273521
  [121,  77]  =  1.0
  [198,  77]  =  1.0
  [330,  77]  =  -1.0
  [76 ,  78]  =  -0.00769526
  [77 ,  78]  =  0.00990425
  [78 ,  78]  =  -0.118785
  [79 ,  78]  =  0.00154367
  [80 ,  78]  =  -0.00586118
  [121,  78]  =  1.0
  [199,  78]  =  1.0
  [331,  78]  =  -1.0
  [76 ,  79]  =  0.00273652
  [77 ,  79]  =  -0.0169335
  [78 ,  79]  =  0.00154367
  [79 ,  79]  =  -1.01114
  [80 ,  79]  =  -0.0219475
  [121,  79]  =  1.0
  [200,  79]  =  1.0
  [332,  79]  =  -1.0
  [76 ,  80]  =  -0.0122357
  [77 ,  80]  =  -0.0273521
  [78 ,  80]  =  -0.00586118
  [79 ,  80]  =  -0.0219475
  [80 ,  80]  =  -0.592707
  [121,  80]  =  1.0
  [201,  80]  =  1.0
  [333,  80]  =  -1.0
  [81 ,  81]  =  -0.231023
  [82 ,  81]  =  0.00117394
  [83 ,  81]  =  -0.00430244
  [84 ,  81]  =  -0.0225311
  [85 ,  81]  =  -0.0219249
  [121,  81]  =  1.0
  [202,  81]  =  1.0
  [334,  81]  =  -1.0
  [81 ,  82]  =  0.00117394
  [82 ,  82]  =  -0.963296
  [83 ,  82]  =  -0.00759039
  [84 ,  82]  =  0.000797724
  [85 ,  82]  =  -0.00854154
  [121,  82]  =  1.0
  [203,  82]  =  1.0
  [335,  82]  =  -1.0
  [81 ,  83]  =  -0.00430244
  [82 ,  83]  =  -0.00759039
  [83 ,  83]  =  -0.184545
  [84 ,  83]  =  -0.00798069
  [85 ,  83]  =  -0.00149672
  [121,  83]  =  1.0
  [204,  83]  =  1.0
  [336,  83]  =  -1.0
  [81 ,  84]  =  -0.0225311
  [82 ,  84]  =  0.000797724
  [83 ,  84]  =  -0.00798069
  [84 ,  84]  =  -0.283996
  [85 ,  84]  =  -0.00754837
  [121,  84]  =  1.0
  [205,  84]  =  1.0
  [337,  84]  =  -1.0
  [81 ,  85]  =  -0.0219249
  [82 ,  85]  =  -0.00854154
  [83 ,  85]  =  -0.00149672
  [84 ,  85]  =  -0.00754837
  [85 ,  85]  =  -0.186032
  [121,  85]  =  1.0
  [206,  85]  =  1.0
  [338,  85]  =  -1.0
  [86 ,  86]  =  -0.14982
  [87 ,  86]  =  -0.00935354
  [88 ,  86]  =  -0.00265775
  [89 ,  86]  =  -0.0125351
  [90 ,  86]  =  -0.0228402
  [121,  86]  =  1.0
  [207,  86]  =  1.0
  [339,  86]  =  -1.0
  [86 ,  87]  =  -0.00935354
  [87 ,  87]  =  -0.157709
  [88 ,  87]  =  0.00130221
  [89 ,  87]  =  -0.0143782
  [90 ,  87]  =  -0.0188128
  [121,  87]  =  1.0
  [208,  87]  =  1.0
  [340,  87]  =  -1.0
  [86 ,  88]  =  -0.00265775
  [87 ,  88]  =  0.00130221
  [88 ,  88]  =  -0.281011
  [89 ,  88]  =  0.00789463
  [90 ,  88]  =  0.00247512
  [121,  88]  =  1.0
  [209,  88]  =  1.0
  [341,  88]  =  -1.0
  [86 ,  89]  =  -0.0125351
  [87 ,  89]  =  -0.0143782
  [88 ,  89]  =  0.00789463
  [89 ,  89]  =  -0.244647
  [90 ,  89]  =  0.00876389
  [121,  89]  =  1.0
  [210,  89]  =  1.0
  [342,  89]  =  -1.0
  [86 ,  90]  =  -0.0228402
  [87 ,  90]  =  -0.0188128
  [88 ,  90]  =  0.00247512
  [89 ,  90]  =  0.00876389
  [90 ,  90]  =  -0.569836
  [121,  90]  =  1.0
  [211,  90]  =  1.0
  [343,  90]  =  -1.0
  [91 ,  91]  =  -0.28799
  [92 ,  91]  =  -0.00876547
  [93 ,  91]  =  0.00556826
  [94 ,  91]  =  -0.0176385
  [95 ,  91]  =  -0.0290636
  [121,  91]  =  1.0
  [212,  91]  =  1.0
  [344,  91]  =  -1.0
  [91 ,  92]  =  -0.00876547
  [92 ,  92]  =  -0.362776
  [93 ,  92]  =  -0.0103337
  [94 ,  92]  =  0.00768852
  [95 ,  92]  =  -0.00195758
  [121,  92]  =  1.0
  [213,  92]  =  1.0
  [345,  92]  =  -1.0
  [91 ,  93]  =  0.00556826
  [92 ,  93]  =  -0.0103337
  [93 ,  93]  =  -0.123738
  [94 ,  93]  =  -0.0118421
  [95 ,  93]  =  0.0117566
  [121,  93]  =  1.0
  [214,  93]  =  1.0
  [346,  93]  =  -1.0
  [91 ,  94]  =  -0.0176385
  [92 ,  94]  =  0.00768852
  [93 ,  94]  =  -0.0118421
  [94 ,  94]  =  -0.266064
  [95 ,  94]  =  -0.0526021
  [121,  94]  =  1.0
  [215,  94]  =  1.0
  [347,  94]  =  -1.0
  [91 ,  95]  =  -0.0290636
  [92 ,  95]  =  -0.00195758
  [93 ,  95]  =  0.0117566
  [94 ,  95]  =  -0.0526021
  [95 ,  95]  =  -1.96526
  [121,  95]  =  1.0
  [216,  95]  =  1.0
  [348,  95]  =  -1.0
  [96 ,  96]  =  -0.303278
  [97 ,  96]  =  -0.0164763
  [98 ,  96]  =  -0.00912737
  [99 ,  96]  =  0.000693253
  [100,  96]  =  -0.0136045
  [121,  96]  =  1.0
  [217,  96]  =  1.0
  [349,  96]  =  -1.0
  [96 ,  97]  =  -0.0164763
  [97 ,  97]  =  -0.161533
  [98 ,  97]  =  0.00293683
  [99 ,  97]  =  0.00192021
  [100,  97]  =  0.00626618
  [121,  97]  =  1.0
  [218,  97]  =  1.0
  [350,  97]  =  -1.0
  [96 ,  98]  =  -0.00912737
  [97 ,  98]  =  0.00293683
  [98 ,  98]  =  -0.289883
  [99 ,  98]  =  0.00139838
  [100,  98]  =  -0.00429337
  [121,  98]  =  1.0
  [219,  98]  =  1.0
  [351,  98]  =  -1.0
  [96 ,  99]  =  0.000693253
  [97 ,  99]  =  0.00192021
  [98 ,  99]  =  0.00139838
  [99 ,  99]  =  -0.348054
  [100,  99]  =  -0.0142555
  [121,  99]  =  1.0
  [220,  99]  =  1.0
  [352,  99]  =  -1.0
  [96 , 100]  =  -0.0136045
  [97 , 100]  =  0.00626618
  [98 , 100]  =  -0.00429337
  [99 , 100]  =  -0.0142555
  [100, 100]  =  -0.390819
  [121, 100]  =  1.0
  [221, 100]  =  1.0
  [353, 100]  =  -1.0
  [101, 101]  =  -0.249079
  [102, 101]  =  -0.0228158
  [103, 101]  =  -0.0267523
  [104, 101]  =  -0.0336793
  [105, 101]  =  -0.0171112
  [121, 101]  =  1.0
  [222, 101]  =  1.0
  [354, 101]  =  -1.0
  [101, 102]  =  -0.0228158
  [102, 102]  =  -0.268828
  [103, 102]  =  -0.0123667
  [104, 102]  =  -0.0207043
  [105, 102]  =  -0.0145201
  [121, 102]  =  1.0
  [223, 102]  =  1.0
  [355, 102]  =  -1.0
  [101, 103]  =  -0.0267523
  [102, 103]  =  -0.0123667
  [103, 103]  =  -0.30565
  [104, 103]  =  -0.0299472
  [105, 103]  =  -0.0319471
  [121, 103]  =  1.0
  [224, 103]  =  1.0
  [356, 103]  =  -1.0
  [101, 104]  =  -0.0336793
  [102, 104]  =  -0.0207043
  [103, 104]  =  -0.0299472
  [104, 104]  =  -0.292681
  [105, 104]  =  -0.0117317
  [121, 104]  =  1.0
  [225, 104]  =  1.0
  [357, 104]  =  -1.0
  [101, 105]  =  -0.0171112
  [102, 105]  =  -0.0145201
  [103, 105]  =  -0.0319471
  [104, 105]  =  -0.0117317
  [105, 105]  =  -0.355942
  [121, 105]  =  1.0
  [226, 105]  =  1.0
  [358, 105]  =  -1.0
  [106, 106]  =  -0.372302
  [107, 106]  =  -0.00863879
  [108, 106]  =  0.00186317
  [109, 106]  =  -0.0168392
  [110, 106]  =  -0.00382634
  [121, 106]  =  1.0
  [227, 106]  =  1.0
  [359, 106]  =  -1.0
  [106, 107]  =  -0.00863879
  [107, 107]  =  -0.234112
  [108, 107]  =  -0.0303055
  [109, 107]  =  -0.0298157
  [110, 107]  =  -0.030492
  [121, 107]  =  1.0
  [228, 107]  =  1.0
  [360, 107]  =  -1.0
  [106, 108]  =  0.00186317
  [107, 108]  =  -0.0303055
  [108, 108]  =  -0.22658
  [109, 108]  =  0.001419
  [110, 108]  =  -0.0138589
  [121, 108]  =  1.0
  [229, 108]  =  1.0
  [361, 108]  =  -1.0
  [106, 109]  =  -0.0168392
  [107, 109]  =  -0.0298157
  [108, 109]  =  0.001419
  [109, 109]  =  -0.337836
  [110, 109]  =  -0.0315988
  [121, 109]  =  1.0
  [230, 109]  =  1.0
  [362, 109]  =  -1.0
  [106, 110]  =  -0.00382634
  [107, 110]  =  -0.030492
  [108, 110]  =  -0.0138589
  [109, 110]  =  -0.0315988
  [110, 110]  =  -0.202317
  [121, 110]  =  1.0
  [231, 110]  =  1.0
  [363, 110]  =  -1.0
  [111, 111]  =  -0.33873
  [112, 111]  =  -0.0100485
  [113, 111]  =  -0.0418781
  [114, 111]  =  -0.0322405
  [115, 111]  =  -0.0172222
  [121, 111]  =  1.0
  [232, 111]  =  1.0
  [364, 111]  =  -1.0
  [111, 112]  =  -0.0100485
  [112, 112]  =  -0.837993
  [113, 112]  =  -0.00773677
  [114, 112]  =  -0.0355402
  [115, 112]  =  -0.000651888
  [121, 112]  =  1.0
  [233, 112]  =  1.0
  [365, 112]  =  -1.0
  [111, 113]  =  -0.0418781
  [112, 113]  =  -0.00773677
  [113, 113]  =  -0.266305
  [114, 113]  =  -0.0119102
  [115, 113]  =  -0.0257573
  [121, 113]  =  1.0
  [234, 113]  =  1.0
  [366, 113]  =  -1.0
  [111, 114]  =  -0.0322405
  [112, 114]  =  -0.0355402
  [113, 114]  =  -0.0119102
  [114, 114]  =  -0.384222
  [115, 114]  =  -0.0224497
  [121, 114]  =  1.0
  [235, 114]  =  1.0
  [367, 114]  =  -1.0
  [111, 115]  =  -0.0172222
  [112, 115]  =  -0.000651888
  [113, 115]  =  -0.0257573
  [114, 115]  =  -0.0224497
  [115, 115]  =  -0.256125
  [121, 115]  =  1.0
  [236, 115]  =  1.0
  [368, 115]  =  -1.0
  [116, 116]  =  -0.540975
  [117, 116]  =  -0.0338319
  [118, 116]  =  -0.0254311
  [119, 116]  =  -0.000657758
  [120, 116]  =  -0.0205985
  [121, 116]  =  1.0
  [237, 116]  =  1.0
  [369, 116]  =  -1.0
  [116, 117]  =  -0.0338319
  [117, 117]  =  -0.469947
  [118, 117]  =  0.00786767
  [119, 117]  =  -0.00474408
  [120, 117]  =  -0.0128559
  [121, 117]  =  1.0
  [238, 117]  =  1.0
  [370, 117]  =  -1.0
  [116, 118]  =  -0.0254311
  [117, 118]  =  0.00786767
  [118, 118]  =  -0.350029
  [119, 118]  =  -0.000753406
  [120, 118]  =  -0.0167199
  [121, 118]  =  1.0
  [239, 118]  =  1.0
  [371, 118]  =  -1.0
  [116, 119]  =  -0.000657758
  [117, 119]  =  -0.00474408
  [118, 119]  =  -0.000753406
  [119, 119]  =  -0.726744
  [120, 119]  =  -0.0242248
  [121, 119]  =  1.0
  [240, 119]  =  1.0
  [372, 119]  =  -1.0
  [116, 120]  =  -0.0205985
  [117, 120]  =  -0.0128559
  [118, 120]  =  -0.0167199
  [119, 120]  =  -0.0242248
  [120, 120]  =  -0.238075
  [121, 120]  =  1.0
  [241, 120]  =  1.0
  [373, 120]  =  -1.0
  [1  , 121]  =  1.0
  [375, 121]  =  -1.0
  [2  , 122]  =  1.0
  [376, 122]  =  -1.0
  [3  , 123]  =  1.0
  [377, 123]  =  -1.0
  [4  , 124]  =  1.0
  [378, 124]  =  -1.0
  [5  , 125]  =  1.0
  [379, 125]  =  -1.0
  [6  , 126]  =  1.0
  [381, 126]  =  -1.0
  [7  , 127]  =  1.0
  [382, 127]  =  -1.0
  [8  , 128]  =  1.0
  [383, 128]  =  -1.0
  [9  , 129]  =  1.0
  [384, 129]  =  -1.0
  [10 , 130]  =  1.0
  [385, 130]  =  -1.0
  [11 , 131]  =  1.0
  [387, 131]  =  -1.0
  [12 , 132]  =  1.0
  [388, 132]  =  -1.0
  [13 , 133]  =  1.0
  [389, 133]  =  -1.0
  [14 , 134]  =  1.0
  [390, 134]  =  -1.0
  [15 , 135]  =  1.0
  [391, 135]  =  -1.0
  [16 , 136]  =  1.0
  [393, 136]  =  -1.0
  [17 , 137]  =  1.0
  [394, 137]  =  -1.0
  [18 , 138]  =  1.0
  [395, 138]  =  -1.0
  [19 , 139]  =  1.0
  [396, 139]  =  -1.0
  [20 , 140]  =  1.0
  [397, 140]  =  -1.0
  [21 , 141]  =  1.0
  [399, 141]  =  -1.0
  [22 , 142]  =  1.0
  [400, 142]  =  -1.0
  [23 , 143]  =  1.0
  [401, 143]  =  -1.0
  [24 , 144]  =  1.0
  [402, 144]  =  -1.0
  [25 , 145]  =  1.0
  [403, 145]  =  -1.0
  [26 , 146]  =  1.0
  [405, 146]  =  -1.0
  [27 , 147]  =  1.0
  [406, 147]  =  -1.0
  [28 , 148]  =  1.0
  [407, 148]  =  -1.0
  [29 , 149]  =  1.0
  [408, 149]  =  -1.0
  [30 , 150]  =  1.0
  [409, 150]  =  -1.0
  [31 , 151]  =  1.0
  [411, 151]  =  -1.0
  [32 , 152]  =  1.0
  [412, 152]  =  -1.0
  [33 , 153]  =  1.0
  [413, 153]  =  -1.0
  [34 , 154]  =  1.0
  [414, 154]  =  -1.0
  [35 , 155]  =  1.0
  [415, 155]  =  -1.0
  [36 , 156]  =  1.0
  [417, 156]  =  -1.0
  [37 , 157]  =  1.0
  [418, 157]  =  -1.0
  [38 , 158]  =  1.0
  [419, 158]  =  -1.0
  [39 , 159]  =  1.0
  [420, 159]  =  -1.0
  [40 , 160]  =  1.0
  [421, 160]  =  -1.0
  [41 , 161]  =  1.0
  [423, 161]  =  -1.0
  [42 , 162]  =  1.0
  [424, 162]  =  -1.0
  [43 , 163]  =  1.0
  [425, 163]  =  -1.0
  [44 , 164]  =  1.0
  [426, 164]  =  -1.0
  [45 , 165]  =  1.0
  [427, 165]  =  -1.0
  [46 , 166]  =  1.0
  [429, 166]  =  -1.0
  [47 , 167]  =  1.0
  [430, 167]  =  -1.0
  [48 , 168]  =  1.0
  [431, 168]  =  -1.0
  [49 , 169]  =  1.0
  [432, 169]  =  -1.0
  [50 , 170]  =  1.0
  [433, 170]  =  -1.0
  [51 , 171]  =  1.0
  [435, 171]  =  -1.0
  [52 , 172]  =  1.0
  [436, 172]  =  -1.0
  [53 , 173]  =  1.0
  [437, 173]  =  -1.0
  [54 , 174]  =  1.0
  [438, 174]  =  -1.0
  [55 , 175]  =  1.0
  [439, 175]  =  -1.0
  [56 , 176]  =  1.0
  [441, 176]  =  -1.0
  [57 , 177]  =  1.0
  [442, 177]  =  -1.0
  [58 , 178]  =  1.0
  [443, 178]  =  -1.0
  [59 , 179]  =  1.0
  [444, 179]  =  -1.0
  [60 , 180]  =  1.0
  [445, 180]  =  -1.0
  [61 , 181]  =  1.0
  [447, 181]  =  -1.0
  [450, 181]  =  1.0
  [62 , 182]  =  1.0
  [453, 182]  =  -1.0
  [456, 182]  =  1.0
  [63 , 183]  =  1.0
  [459, 183]  =  -1.0
  [462, 183]  =  1.0
  [64 , 184]  =  1.0
  [465, 184]  =  -1.0
  [468, 184]  =  1.0
  [65 , 185]  =  1.0
  [471, 185]  =  -1.0
  [474, 185]  =  1.0
  [66 , 186]  =  1.0
  [477, 186]  =  -1.0
  [480, 186]  =  1.0
  [67 , 187]  =  1.0
  [483, 187]  =  -1.0
  [486, 187]  =  1.0
  [68 , 188]  =  1.0
  [489, 188]  =  -1.0
  [492, 188]  =  1.0
  [69 , 189]  =  1.0
  [495, 189]  =  -1.0
  [498, 189]  =  1.0
  [70 , 190]  =  1.0
  [501, 190]  =  -1.0
  [504, 190]  =  1.0
  [71 , 191]  =  1.0
  [507, 191]  =  -1.0
  [510, 191]  =  1.0
  [72 , 192]  =  1.0
  [513, 192]  =  -1.0
  [516, 192]  =  1.0
  [73 , 193]  =  1.0
  [519, 193]  =  -1.0
  [522, 193]  =  1.0
  [74 , 194]  =  1.0
  [525, 194]  =  -1.0
  [528, 194]  =  1.0
  [75 , 195]  =  1.0
  [531, 195]  =  -1.0
  [534, 195]  =  1.0
  [76 , 196]  =  1.0
  [537, 196]  =  -1.0
  [540, 196]  =  1.0
  [77 , 197]  =  1.0
  [543, 197]  =  -1.0
  [546, 197]  =  1.0
  [78 , 198]  =  1.0
  [549, 198]  =  -1.0
  [552, 198]  =  1.0
  [79 , 199]  =  1.0
  [555, 199]  =  -1.0
  [558, 199]  =  1.0
  [80 , 200]  =  1.0
  [561, 200]  =  -1.0
  [564, 200]  =  1.0
  [81 , 201]  =  1.0
  [567, 201]  =  -1.0
  [570, 201]  =  1.0
  [82 , 202]  =  1.0
  [573, 202]  =  -1.0
  [576, 202]  =  1.0
  [83 , 203]  =  1.0
  [579, 203]  =  -1.0
  [582, 203]  =  1.0
  [84 , 204]  =  1.0
  [585, 204]  =  -1.0
  [588, 204]  =  1.0
  [85 , 205]  =  1.0
  [591, 205]  =  -1.0
  [594, 205]  =  1.0
  [86 , 206]  =  1.0
  [597, 206]  =  -1.0
  [600, 206]  =  1.0
  [87 , 207]  =  1.0
  [603, 207]  =  -1.0
  [606, 207]  =  1.0
  [88 , 208]  =  1.0
  [609, 208]  =  -1.0
  [612, 208]  =  1.0
  [89 , 209]  =  1.0
  [615, 209]  =  -1.0
  [618, 209]  =  1.0
  [90 , 210]  =  1.0
  [621, 210]  =  -1.0
  [624, 210]  =  1.0
  [91 , 211]  =  1.0
  [627, 211]  =  -1.0
  [630, 211]  =  1.0
  [92 , 212]  =  1.0
  [633, 212]  =  -1.0
  [636, 212]  =  1.0
  [93 , 213]  =  1.0
  [639, 213]  =  -1.0
  [642, 213]  =  1.0
  [94 , 214]  =  1.0
  [645, 214]  =  -1.0
  [648, 214]  =  1.0
  [95 , 215]  =  1.0
  [651, 215]  =  -1.0
  [654, 215]  =  1.0
  [96 , 216]  =  1.0
  [657, 216]  =  -1.0
  [660, 216]  =  1.0
  [97 , 217]  =  1.0
  [663, 217]  =  -1.0
  [666, 217]  =  1.0
  [98 , 218]  =  1.0
  [669, 218]  =  -1.0
  [672, 218]  =  1.0
  [99 , 219]  =  1.0
  [675, 219]  =  -1.0
  [678, 219]  =  1.0
  [100, 220]  =  1.0
  [681, 220]  =  -1.0
  [684, 220]  =  1.0
  [101, 221]  =  1.0
  [687, 221]  =  -1.0
  [690, 221]  =  1.0
  [102, 222]  =  1.0
  [693, 222]  =  -1.0
  [696, 222]  =  1.0
  [103, 223]  =  1.0
  [699, 223]  =  -1.0
  [702, 223]  =  1.0
  [104, 224]  =  1.0
  [705, 224]  =  -1.0
  [708, 224]  =  1.0
  [105, 225]  =  1.0
  [711, 225]  =  -1.0
  [714, 225]  =  1.0
  [106, 226]  =  1.0
  [717, 226]  =  -1.0
  [720, 226]  =  1.0
  [107, 227]  =  1.0
  [723, 227]  =  -1.0
  [726, 227]  =  1.0
  [108, 228]  =  1.0
  [729, 228]  =  -1.0
  [732, 228]  =  1.0
  [109, 229]  =  1.0
  [735, 229]  =  -1.0
  [738, 229]  =  1.0
  [110, 230]  =  1.0
  [741, 230]  =  -1.0
  [744, 230]  =  1.0
  [111, 231]  =  1.0
  [747, 231]  =  -1.0
  [750, 231]  =  1.0
  [112, 232]  =  1.0
  [753, 232]  =  -1.0
  [756, 232]  =  1.0
  [113, 233]  =  1.0
  [759, 233]  =  -1.0
  [762, 233]  =  1.0
  [114, 234]  =  1.0
  [765, 234]  =  -1.0
  [768, 234]  =  1.0
  [115, 235]  =  1.0
  [771, 235]  =  -1.0
  [774, 235]  =  1.0
  [116, 236]  =  1.0
  [777, 236]  =  -1.0
  [780, 236]  =  1.0
  [117, 237]  =  1.0
  [783, 237]  =  -1.0
  [786, 237]  =  1.0
  [118, 238]  =  1.0
  [789, 238]  =  -1.0
  [792, 238]  =  1.0
  [119, 239]  =  1.0
  [795, 239]  =  -1.0
  [798, 239]  =  1.0
  [120, 240]  =  1.0
  [801, 240]  =  -1.0
  [804, 240]  =  1.0
  [242, 241]  =  1.0
  [446, 241]  =  1.0
  [242, 242]  =  1.0
  [452, 242]  =  1.0
  [242, 243]  =  1.0
  [458, 243]  =  1.0
  [242, 244]  =  1.0
  [464, 244]  =  1.0
  [242, 245]  =  1.0
  [470, 245]  =  1.0
  [242, 246]  =  1.0
  [449, 246]  =  1.0
  [242, 247]  =  1.0
  [455, 247]  =  1.0
  [242, 248]  =  1.0
  [461, 248]  =  1.0
  [242, 249]  =  1.0
  [467, 249]  =  1.0
  [242, 250]  =  1.0
  [473, 250]  =  1.0
  [243, 251]  =  1.0
  [476, 251]  =  1.0
  [243, 252]  =  1.0
  [482, 252]  =  1.0
  [243, 253]  =  1.0
  [488, 253]  =  1.0
  [243, 254]  =  1.0
  [494, 254]  =  1.0
  [243, 255]  =  1.0
  [500, 255]  =  1.0
  [243, 256]  =  1.0
  [479, 256]  =  1.0
  [243, 257]  =  1.0
  [485, 257]  =  1.0
  [243, 258]  =  1.0
  [491, 258]  =  1.0
  [243, 259]  =  1.0
  [497, 259]  =  1.0
  [243, 260]  =  1.0
  [503, 260]  =  1.0
  [244, 261]  =  1.0
  [506, 261]  =  1.0
  [244, 262]  =  1.0
  [512, 262]  =  1.0
  [244, 263]  =  1.0
  [518, 263]  =  1.0
  [244, 264]  =  1.0
  [524, 264]  =  1.0
  [244, 265]  =  1.0
  [530, 265]  =  1.0
  [244, 266]  =  1.0
  [509, 266]  =  1.0
  [244, 267]  =  1.0
  [515, 267]  =  1.0
  [244, 268]  =  1.0
  [521, 268]  =  1.0
  [244, 269]  =  1.0
  [527, 269]  =  1.0
  [244, 270]  =  1.0
  [533, 270]  =  1.0
  [245, 271]  =  1.0
  [536, 271]  =  1.0
  [245, 272]  =  1.0
  [542, 272]  =  1.0
  [245, 273]  =  1.0
  [548, 273]  =  1.0
  [245, 274]  =  1.0
  [554, 274]  =  1.0
  [245, 275]  =  1.0
  [560, 275]  =  1.0
  [245, 276]  =  1.0
  [539, 276]  =  1.0
  [245, 277]  =  1.0
  [545, 277]  =  1.0
  [245, 278]  =  1.0
  [551, 278]  =  1.0
  [245, 279]  =  1.0
  [557, 279]  =  1.0
  [245, 280]  =  1.0
  [563, 280]  =  1.0
  [246, 281]  =  1.0
  [566, 281]  =  1.0
  [246, 282]  =  1.0
  [572, 282]  =  1.0
  [246, 283]  =  1.0
  [578, 283]  =  1.0
  [246, 284]  =  1.0
  [584, 284]  =  1.0
  [246, 285]  =  1.0
  [590, 285]  =  1.0
  [246, 286]  =  1.0
  [569, 286]  =  1.0
  [246, 287]  =  1.0
  [575, 287]  =  1.0
  [246, 288]  =  1.0
  [581, 288]  =  1.0
  [246, 289]  =  1.0
  [587, 289]  =  1.0
  [246, 290]  =  1.0
  [593, 290]  =  1.0
  [247, 291]  =  1.0
  [596, 291]  =  1.0
  [247, 292]  =  1.0
  [602, 292]  =  1.0
  [247, 293]  =  1.0
  [608, 293]  =  1.0
  [247, 294]  =  1.0
  [614, 294]  =  1.0
  [247, 295]  =  1.0
  [620, 295]  =  1.0
  [247, 296]  =  1.0
  [599, 296]  =  1.0
  [247, 297]  =  1.0
  [605, 297]  =  1.0
  [247, 298]  =  1.0
  [611, 298]  =  1.0
  [247, 299]  =  1.0
  [617, 299]  =  1.0
  [247, 300]  =  1.0
  [623, 300]  =  1.0
  [248, 301]  =  1.0
  [626, 301]  =  1.0
  [248, 302]  =  1.0
  [632, 302]  =  1.0
  [248, 303]  =  1.0
  [638, 303]  =  1.0
  [248, 304]  =  1.0
  [644, 304]  =  1.0
  [248, 305]  =  1.0
  [650, 305]  =  1.0
  [248, 306]  =  1.0
  [629, 306]  =  1.0
  [248, 307]  =  1.0
  [635, 307]  =  1.0
  [248, 308]  =  1.0
  [641, 308]  =  1.0
  [248, 309]  =  1.0
  [647, 309]  =  1.0
  [248, 310]  =  1.0
  [653, 310]  =  1.0
  [249, 311]  =  1.0
  [656, 311]  =  1.0
  [249, 312]  =  1.0
  [662, 312]  =  1.0
  [249, 313]  =  1.0
  [668, 313]  =  1.0
  [249, 314]  =  1.0
  [674, 314]  =  1.0
  [249, 315]  =  1.0
  [680, 315]  =  1.0
  [249, 316]  =  1.0
  [659, 316]  =  1.0
  [249, 317]  =  1.0
  [665, 317]  =  1.0
  [249, 318]  =  1.0
  [671, 318]  =  1.0
  [249, 319]  =  1.0
  [677, 319]  =  1.0
  [249, 320]  =  1.0
  [683, 320]  =  1.0
  [250, 321]  =  1.0
  [686, 321]  =  1.0
  [250, 322]  =  1.0
  [692, 322]  =  1.0
  [250, 323]  =  1.0
  [698, 323]  =  1.0
  [250, 324]  =  1.0
  [704, 324]  =  1.0
  [250, 325]  =  1.0
  [710, 325]  =  1.0
  [250, 326]  =  1.0
  [689, 326]  =  1.0
  [250, 327]  =  1.0
  [695, 327]  =  1.0
  [250, 328]  =  1.0
  [701, 328]  =  1.0
  [250, 329]  =  1.0
  [707, 329]  =  1.0
  [250, 330]  =  1.0
  [713, 330]  =  1.0
  [251, 331]  =  1.0
  [716, 331]  =  1.0
  [251, 332]  =  1.0
  [722, 332]  =  1.0
  [251, 333]  =  1.0
  [728, 333]  =  1.0
  [251, 334]  =  1.0
  [734, 334]  =  1.0
  [251, 335]  =  1.0
  [740, 335]  =  1.0
  [251, 336]  =  1.0
  [719, 336]  =  1.0
  [251, 337]  =  1.0
  [725, 337]  =  1.0
  [251, 338]  =  1.0
  [731, 338]  =  1.0
  [251, 339]  =  1.0
  [737, 339]  =  1.0
  [251, 340]  =  1.0
  [743, 340]  =  1.0
  [252, 341]  =  1.0
  [746, 341]  =  1.0
  [252, 342]  =  1.0
  [752, 342]  =  1.0
  [252, 343]  =  1.0
  [758, 343]  =  1.0
  [252, 344]  =  1.0
  [764, 344]  =  1.0
  [252, 345]  =  1.0
  [770, 345]  =  1.0
  [252, 346]  =  1.0
  [749, 346]  =  1.0
  [252, 347]  =  1.0
  [755, 347]  =  1.0
  [252, 348]  =  1.0
  [761, 348]  =  1.0
  [252, 349]  =  1.0
  [767, 349]  =  1.0
  [252, 350]  =  1.0
  [773, 350]  =  1.0
  [253, 351]  =  1.0
  [776, 351]  =  1.0
  [253, 352]  =  1.0
  [782, 352]  =  1.0
  [253, 353]  =  1.0
  [788, 353]  =  1.0
  [253, 354]  =  1.0
  [794, 354]  =  1.0
  [253, 355]  =  1.0
  [800, 355]  =  1.0
  [253, 356]  =  1.0
  [779, 356]  =  1.0
  [253, 357]  =  1.0
  [785, 357]  =  1.0
  [253, 358]  =  1.0
  [791, 358]  =  1.0
  [253, 359]  =  1.0
  [797, 359]  =  1.0
  [253, 360]  =  1.0
  [803, 360]  =  1.0, [0.0, 0.0, 0.0, 0.0, 0.0, 0.0, 0.0, 0.0, 0.0, 0.0, 0.0, 0.0, 0.0, 0.0, 0.0, 0.0, 0.0, 0.0, 0.0, 0.0, 0.0, 0.0, 0.0, 0.0, 0.0, 0.0, 0.0, 0.0, 0.0, 0.0, 0.0, 0.0, 0.0, 0.0, 0.0, 0.0, 0.0, 0.0, 0.0, 0.0, 0.0, 0.0, 0.0, 0.0, 0.0, 0.0, 0.0, 0.0, 0.0, 0.0, 0.0, 0.0, 0.0, 0.0, 0.0, 0.0, 0.0, 0.0, 0.0, 0.0, 0.0, 0.0, 0.0, 0.0, 0.0, 0.0, 0.0, 0.0, 0.0, 0.0, 0.0, 0.0, 0.0, 0.0, 0.0, 0.0, 0.0, 0.0, 0.0, 0.0, 0.0, 0.0, 0.0, 0.0, 0.0, 0.0, 0.0, 0.0, 0.0, 0.0, 0.0, 0.0, 0.0, 0.0, 0.0, 0.0, 0.0, 0.0, 0.0, 0.0, 0.0, 0.0, 0.0, 0.0, 0.0, 0.0, 0.0, 0.0, 0.0, 0.0, 0.0, 0.0, 0.0, 0.0, 0.0, 0.0, 0.0, 0.0, 0.0, 0.0, 1.0, 0.0, 0.0, 0.0, 0.0, 0.0, 0.0, 0.0, 0.0, 0.0, 0.0, 1.0, 0.0, 1.0, 1.0, 0.0, 0.0, 0.0, 0.0, 0.0, 0.0, 0.0, 0.0, 0.0, 0.0, 0.0, 0.0, 0.0, 0.0, 1.0, 0.0, 0.0, 1.0, 0.0, 0.0, 0.0, 0.0, 0.0, 0.0, 0.0, 0.0, 1.0, 0.0, 0.0, 0.0, 0.0, 0.0, 0.0, 1.0, 0.0, 0.0, 0.0, 0.0, 0.0, 0.0, 0.0, 0.0, 1.0, 0.0, 0.0, 1.0, 0.0, 1.0, 0.0, 0.0, 0.0, 0.0, 0.0, 0.0, 0.0, 0.0, 0.0, 0.0, 0.0, 0.0, 0.0, 0.0, 0.0, 0.0, 1.0, 0.0, 0.0, 1.0, 0.0, 0.0, 0.0, 0.0, 0.0, 0.0, 0.0, 1.0, 0.0, 0.0, 0.0, 0.0, 1.0, 0.0, 0.0, 0.0, 0.0, 0.0, 0.0, 0.0, 0.0, 0.0, 0.0, 0.0, 0.0, 0.0, 0.0, 0.0, 0.0, 1.0, 0.0, 0.0, 0.0, 0.0, 0.0, 0.0, 0.0, 0.0, 0.0025, 0.0025, 0.0025, 0.0025, 0.0025, 0.0025, 0.0025, 0.0025, 0.0025, 0.0025, 0.0025, 0.0025, 0.0, 0.0, 0.0, 0.0, 0.0, 0.0, 0.0, 0.0, 0.0, 0.0, 0.0, 0.0, 0.0, 0.0, 0.0, 0.0, 0.0, 0.0, 0.0, 0.0, 0.0, 0.0, 0.0, 0.0, 0.0, 0.0, 0.0, 0.0, 0.0, 0.0, 0.0, 0.0, 0.0, 0.0, 0.0, 0.0, 0.0, 0.0, 0.0, 0.0, 0.0, 0.0, 0.0, 0.0, 0.0, 0.0, 0.0, 0.0, 0.0, 0.0, 0.0, 0.0, 0.0, 0.0, 0.0, 0.0, 0.0, 0.0, 0.0, 0.0, 0.0, 0.0, 0.0, 0.0, 0.0, 0.0, 0.0, 0.0, 0.0, 0.0, 0.0, 0.0, 0.0, 0.0, 0.0, 0.0, 0.0, 0.0, 0.0, 0.0, 0.0, 0.0, 0.0, 0.0, 0.0, 0.0, 0.0, 0.0, 0.0, 0.0, 0.0, 0.0, 0.0, 0.0, 0.0, 0.0, 0.0, 0.0, 0.0, 0.0, 0.0, 0.0, 0.0, 0.0, 0.0, 0.0, 0.0, 0.0, 0.0, 0.0, 0.0, 0.0, 0.0, 0.0, 0.0, 0.0, 0.0, 0.0, 0.0, 0.0, 0.05, 0.0, 0.0, 0.0, 0.0, 0.0, 0.05, 0.0, 0.0, 0.0, 0.0, 0.0, 0.05, 0.0, 0.0, 0.0, 0.0, 0.0, 0.05, 0.0, 0.0, 0.0, 0.0, 0.0, 0.05, 0.0, 0.0, 0.0, 0.0, 0.0, 0.05, 0.0, 0.0, 0.0, 0.0, 0.0, 0.05, 0.0, 0.0, 0.0, 0.0, 0.0, 0.05, 0.0, 0.0, 0.0, 0.0, 0.0, 0.05, 0.0, 0.0, 0.0, 0.0, 0.0, 0.05, 0.0, 0.0, 0.0, 0.0, 0.0, 0.05, 0.0, 0.0, 0.0, 0.0, 0.0, 0.05, 0.0, 0.0, 0.0, 0.0, 0.0, 0.0, 1.0, 1.0, 0.0, 1.0, 1.0, 0.0, 1.0, 1.0, 0.0, 1.0, 1.0, 0.0, 1.0, 1.0, 0.0, 1.0, 1.0, 0.0, 1.0, 1.0, 0.0, 1.0, 1.0, 0.0, 1.0, 1.0, 0.0, 1.0, 1.0, 0.0, 1.0, 1.0, 0.0, 1.0, 1.0, 0.0, 1.0, 1.0, 0.0, 1.0, 1.0, 0.0, 1.0, 1.0, 0.0, 1.0, 1.0, 0.0, 1.0, 1.0, 0.0, 1.0, 1.0, 0.0, 1.0, 1.0, 0.0, 1.0, 1.0, 0.0, 1.0, 1.0, 0.0, 1.0, 1.0, 0.0, 1.0, 1.0, 0.0, 1.0, 1.0, 0.0, 1.0, 1.0, 0.0, 1.0, 1.0, 0.0, 1.0, 1.0, 0.0, 1.0, 1.0, 0.0, 1.0, 1.0, 0.0, 1.0, 1.0, 0.0, 1.0, 1.0, 0.0, 1.0, 1.0, 0.0, 1.0, 1.0, 0.0, 1.0, 1.0, 0.0, 1.0, 1.0, 0.0, 1.0, 1.0, 0.0, 1.0, 1.0, 0.0, 1.0, 1.0, 0.0, 1.0, 1.0, 0.0, 1.0, 1.0, 0.0, 1.0, 1.0, 0.0, 1.0, 1.0, 0.0, 1.0, 1.0, 0.0, 1.0, 1.0, 0.0, 1.0, 1.0, 0.0, 1.0, 1.0, 0.0, 1.0, 1.0, 0.0, 1.0, 1.0, 0.0, 1.0, 1.0, 0.0, 1.0, 1.0, 0.0, 1.0, 1.0, 0.0, 1.0, 1.0, 0.0, 1.0, 1.0, 0.0, 1.0, 1.0, 0.0, 1.0, 1.0, 0.0, 1.0, 1.0, 0.0, 1.0, 1.0, 0.0, 1.0, 1.0, 0.0, 1.0, 1.0, 0.0, 1.0, 1.0, 0.0, 1.0, 1.0, 0.0, 1.0, 1.0, 0.0, 1.0, 1.0, 0.0, 1.0, 1.0, 0.0, 1.0, 1.0, 0.0, 1.0, 1.0, 0.0, 1.0, 1.0, 0.0, 1.0, 1.0, 0.0, 1.0, 1.0, 0.0, 1.0, 1.0, 0.0, 1.0, 1.0, 0.0, 1.0, 1.0, 0.0, 1.0, 1.0, 0.0, 1.0, 1.0, 0.0, 1.0, 1.0, 0.0, 1.0, 1.0, 0.0, 1.0, 1.0, 0.0, 1.0, 1.0, 0.0, 1.0, 1.0, 0.0, 1.0, 1.0, 0.0, 1.0, 1.0, 0.0, 1.0, 1.0, 0.0, 1.0, 1.0, 0.0, 1.0, 1.0, 0.0, 1.0, 1.0, 0.0, 1.0, 1.0, 0.0, 1.0, 1.0, 0.0, 1.0, 1.0, 0.0, 1.0, 1.0, 0.0, 1.0, 1.0, 0.0, 1.0, 1.0, 0.0, 1.0, 1.0, 0.0, 1.0, 1.0, 0.0, 1.0, 1.0, 0.0, 1.0, 1.0, 0.0, 1.0, 1.0, 0.0, 1.0, 1.0, 0.0, 1.0, 1.0, 0.0, 1.0, 1.0, 0.0, 1.0, 1.0, 0.0, 1.0, 1.0, 0.0, 1.0, 1.0, 0.0, 1.0, 1.0, 0.0, 1.0, 1.0, 0.0, 1.0, 1.0, 0.0, 1.0, 1.0, 0.0, 1.0, 1.0, 0.0, 1.0, 1.0, 0.0, 1.0, 1.0, 0.0, 1.0, 1.0, 0.0, 1.0, 1.0, 0.0, 1.0, 1.0, 0.0, 1.0, 1.0, 0.0, 1.0, 1.0, 0.0, 1.0, 1.0, 0.0, 1.0, 1.0, 0.0, 1.0, 1.0, 0.0, 1.0, 1.0, 0.0, 1.0, 1.0, 0.0, 1.0, 1.0], [-0.0180781, -0.107239, -0.0124928, -0.0479675, -0.0664901, -0.022332, -0.0388241, -0.0787214, -0.0202574, -0.0692922, -0.123248, -0.110784, -0.121002, -0.128222, -0.0420147, -0.0512445, -0.0446705, -0.041802, -0.0770368, -0.0284225, -0.0304896, -0.0297209, -0.0511847, -0.0214039, -0.0754553, -0.0654803, -0.0802854, -0.0396471, -0.133328, -0.0682563, -0.0144645, -0.251791, -0.0526944, -0.078201, -0.0223482, -0.0220927, -0.0265193, -0.0878126, -0.0115928, -0.0621529, -0.126958, -0.0765601, -0.0426069, -0.013535, -0.0383245, -0.0896789, -0.0559384, -0.143797, -0.0592302, -0.0672535, -0.0331057, -0.0206638, -0.0420147, -0.0435638, -0.0280903, -0.0533286, -0.239729, -0.022332, -0.0479675, -0.143585, -0.0430759, -0.640105, -0.0230153, -0.0486665, -0.114001, -0.0153161, -0.0267222, -0.0429033, -0.0576577, -0.0387981, -0.00514876, -0.0746691, -0.0576577, -0.0230153, -0.0231877, -0.022332, -0.0884893, -0.0162852, -0.123613, -0.148706, -0.0125033, -0.188051, -0.030744, -0.0459594, -0.0256057, -0.0535662, -0.0295384, -0.0832698, -0.0528259, -0.153319, -0.0570579, -0.0802854, -0.0267965, -0.0707349, -0.251791, -0.0592302, -0.0253425, -0.0472748, -0.0995243, -0.0831726, -0.03616, -0.0428749, -0.0501009, -0.026611, -0.0672535, -0.0275927, -0.015653, -0.0268988, -0.0394797, -0.0399709, -0.0383245, -0.125871, -0.0428749, -0.0538735, -0.0413168, -0.0785675, -0.0448147, -0.0592302, -0.0590559, -0.0296867, 0.0, 0.0, 0.0, 0.0, 0.0, 0.0, 0.0, 0.0, 0.0, 0.0, 0.0, 0.0, 0.0, 0.0, 0.0, 0.0, 0.0, 0.0, 0.0, 0.0, 0.0, 0.0, 0.0, 0.0, 0.0, 0.0, 0.0, 0.0, 0.0, 0.0, 0.0, 0.0, 0.0, 0.0, 0.0, 0.0, 0.0, 0.0, 0.0, 0.0, 0.0, 0.0, 0.0, 0.0, 0.0, 0.0, 0.0, 0.0, 0.0, 0.0, 0.0, 0.0, 0.0, 0.0, 0.0, 0.0, 0.0, 0.0, 0.0, 0.0, 0.0, 0.0, 0.0, 0.0, 0.0, 0.0, 0.0, 0.0, 0.0, 0.0, 0.0, 0.0, 0.0, 0.0, 0.0, 0.0, 0.0, 0.0, 0.0, 0.0, 0.0, 0.0, 0.0, 0.0, 0.0, 0.0, 0.0, 0.0, 0.0, 0.0, 0.0, 0.0, 0.0, 0.0, 0.0, 0.0, 0.0, 0.0, 0.0, 0.0, 0.0, 0.0, 0.0, 0.0, 0.0, 0.0, 0.0, 0.0, 0.0, 0.0, 0.0, 0.0, 0.0, 0.0, 0.0, 0.0, 0.0, 0.0, 0.0, 0.0, 0.0, 0.0, 0.0, 0.0, 0.0, 0.0, 0.0, 0.0, 0.0, 0.0, 0.0, 0.0, 0.0, 0.0, 0.0, 0.0, 0.0, 0.0, 0.0, 0.0, 0.0, 0.0, 0.0, 0.0, 0.0, 0.0, 0.0, 0.0, 0.0, 0.0, 0.0, 0.0, 0.0, 0.0, 0.0, 0.0, 0.0, 0.0, 0.0, 0.0, 0.0, 0.0, 0.0, 0.0, 0.0, 0.0, 0.0, 0.0, 0.0, 0.0, 0.0, 0.0, 0.0, 0.0, 0.0, 0.0, 0.0, 0.0, 0.0, 0.0, 0.0, 0.0, 0.0, 0.0, 0.0, 0.0, 0.0, 0.0, 0.0, 0.0, 0.0, 0.0, 0.0, 0.0, 0.0, 0.0, 0.0, 0.0, 0.0, 0.0, 0.0, 0.0, 0.0, 0.0, 0.0, 0.0, 0.0, 0.0, 0.0, 0.0, 0.0, 0.0, 0.0, 0.0, 0.0, 0.0, 0.0, 0.0, 0.0, 0.0, 0.0, 0.0, 0.0, 0.0, 0.0, 0.0, 0.0, 0.0, 0.0, 0.0, 0.0, 0.0, 0.0, 0.0, 0.0, 0.0, 0.0, 0.0, 0.0, 0.0], 120, 253, [6, 6, 6, 6, 6, 6, 6, 6, 6, 6, 6, 6], 12, Int64[], 0, 120, 0, :Min, :Optimal, -0.13393613430285506, [-3.58107e-8, -2.1244e-7, -2.47461e-8, -9.50221e-8, -1.31716e-7, -4.42377e-8, -7.69087e-8, -1.55946e-7, -4.01279e-8, -1.37267e-7, 0.0692964, -1.47445e-7, 0.0249393, 0.0523908, -5.65282e-8, -1.01514e-7, -8.84907e-8, -8.2808e-8, -1.52609e-7, -5.63029e-8, -6.03979e-8, -5.88751e-8, -1.01395e-7, -4.23991e-8, -1.49476e-7, -1.2613e-7, -1.44576e-7, -6.83628e-8, 0.0611617, -1.23484e-7, -3.09255e-8, 0.0243645, -9.82447e-8, -1.56292e-7, -4.46145e-8, -4.37634e-8, -5.25328e-8, -1.73956e-7, -2.2963e-8, -1.23123e-7, 0.144368, -1.21337e-7, -7.56311e-8, -2.77367e-8, -7.78383e-8, -1.29996e-7, -9.93784e-8, 0.0857715, -1.02866e-7, -1.11144e-7, -6.55804e-8, -4.09329e-8, -8.32292e-8, -8.6298e-8, -5.56449e-8, -8.68629e-8, 0.0358561, -3.50936e-8, -5.5913e-8, 0.0934693, -8.27655e-8, 0.00488181, -4.4168e-8, -1.00141e-7, -2.28277e-7, -3.03382e-8, -5.29333e-8, -8.49876e-8, -1.14216e-7, -7.68553e-8, -9.45873e-9, -1.47908e-7, -1.14031e-7, -4.5541e-8, -4.57139e-8, -4.49823e-8, -1.69005e-7, -3.27591e-8, 0.0537298, -2.86326e-7, -2.53011e-8, 0.0513447, -5.75836e-8, -9.13803e-8, -4.66193e-8, -9.0893e-8, -4.57437e-8, -1.66728e-7, -1.10852e-7, 0.101121, -1.04341e-7, -1.58156e-7, -5.60669e-8, -1.24822e-7, 0.0213107, -1.17333e-7, -5.02004e-8, -9.3649e-8, -1.97158e-7, -1.64766e-7, -7.16305e-8, -8.49329e-8, -9.92495e-8, -5.27152e-8, -1.3323e-7, -5.46613e-8, -3.10047e-8, -5.32826e-8, -7.82094e-8, -7.91788e-8, -7.09454e-8, 0.066743, -8.1331e-8, -9.13457e-8, -8.09211e-8, -1.5564e-7, -8.87754e-8, -1.17335e-7, -1.16987e-7, -5.88055e-8, -1.23984e-8, -9.5919e-8, -1.20155e-8, -3.55743e-8, -5.38465e-8, -1.02393e-8, -1.5143e-8, -5.08307e-8, -1.79516e-8, -5.14175e-8, 0.0334103, 0.00533064, 0.0209325, 0.0301995, 0.00222614, -3.01681e-8, -3.5356e-8, -2.38053e-8, -5.63693e-8, -1.16593e-8, -1.43784e-8, -1.28858e-8, -3.44126e-8, -1.30566e-8, -8.89151e-8, 0.000388983, 0.00180812, 0.00150617, 0.0499185, 0.00153916, -0.000204057, 0.0499958, 0.000551045, -0.000118032, -3.23578e-5, -8.75367e-9, -1.45245e-8, -8.08268e-8, -5.21822e-9, -3.78219e-8, 0.0498845, 0.00320982, 0.000953175, -0.000202374, -0.00029844, 0.0044705, 0.00137793, 0.0496978, 0.00157347, 0.00237335, -1.29903e-8, -7.30021e-9, -1.89022e-8, -2.50276e-8, -1.37603e-8, 0.000888244, 0.032391, 0.000482754, 0.00296509, 0.0379575, 6.71612e-5, 0.0334752, 3.93322e-5, -9.72938e-5, -2.23456e-5, -6.91478e-9, -1.0379e-8, -1.8453e-8, -2.6171e-8, -1.67305e-8, 4.41388e-9, -6.79746e-8, -2.07932e-8, -5.34279e-9, -1.07557e-8, -0.000147045, 0.000909765, -8.29469e-5, 0.0543294, 0.00117907, -6.02865e-5, 0.0494616, 0.000389719, -4.09867e-5, 0.000438562, 0.00230964, 0.00190238, -0.000250336, -0.000886254, 0.0576235, 0.00061934, 4.16621e-5, -0.000250551, 0.00112097, 0.0418835, -3.9371e-8, -8.3426e-9, -2.84975e-8, -7.06698e-8, -6.89003e-8, -2.64827e-8, -2.87151e-8, -3.91462e-8, -2.41401e-8, -5.36874e-8, -2.21527e-8, -1.40787e-8, -1.38813e-8, -3.07076e-8, -2.03677e-8, 0.000670645, 0.0559312, 0.000516355, 0.00237204, 4.34853e-5, -9.14709e-8, -4.73696e-8, -4.54122e-8, -8.70524e-8, -2.31272e-8, 0.000145976, 0.0341101, 0.000118163, -1.8483e-5, 5.64768e-5, 1.16483e-5, -0.0328317, 3.9477e-5, 0.000176107, 0.000101161, 0.000281076, 0.000305655, 0.000646125, 0.000386575, 0.000347141, -1.31686e-7, 5.90257e-5, 5.02363e-5, 0.000398483, 2.58154e-5, 1.39176e-7, 0.000402859, 0.00099813, 6.45596e-5, 1.58364e-5, 4.74151e-5, 0.000142533, 0.00063087, -7.13482e-8, 0.000197558, -0.000173066, 0.000884135, -0.000108958, 0.0557524, 0.00115374, 0.00012104, -0.000935358, 5.6935e-5, -0.0528513, -0.0012044, -5.72921e-5, 0.0506686, 0.000392796, -3.80189e-5, 0.000441635, 6.32697e-5, -0.0482152, -0.000386657, 4.39833e-5, -0.000435473, 0.00226471, 0.00185658, -0.000297869, -0.000933416, 0.0592039, -0.00235446, -0.00194809, 0.000202829, 0.000839084, -0.0559766, 0.000662026, 8.41369e-5, -0.000208045, 0.00116413, 0.0427925, -0.000576686, 8.37997e-7, 0.000293085, -0.00107789, -0.0409528, 0.000424412, 0.000158677, -5.18524e-7, 0.000587844, 0.000483214, 0.000102099, -6.36944e-7, 8.38623e-5, 0.000151756, 0.000509292, -2.77737e-7, 0.000155602, 0.000589901, 0.000289035, 0.000430034, 0.000144484, 0.000139458, 0.000314417, -3.96157e-7, 0.000437744, 0.000735551, -4.68525e-7, 8.99912e-5, 0.000476382, -2.71158e-7, 0.000351528, 0.000229214, 4.32942e-5, 0.000349278, 0.000225503, 0.000634506, 0.0574295, 0.00048011, 0.00233846, 7.11396e-6, -0.000706771, -0.0543723, -0.000552562, -0.00240556, -7.98297e-5, 0.000509706, 0.000334773, 0.000248313, 0.000323971, 4.896e-5, 0.000269971, 0.000253169, 0.000160143, 0.000174288, 0.000176709], [-2.17927e-12, -1.70555e-11, -1.88066e-12, -6.76347e-12, -9.98773e-12, -1.5498e-12, -2.32363e-12, -8.99717e-12, -3.2109e-12, -9.58527e-12, -0.244271, -0.0389736, -0.153043, -0.220796, -0.0162759, -5.13946e-12, -6.68431e-12, -3.96952e-12, -1.02933e-11, -1.76341e-12, -2.22887e-12, -2.00639e-12, -6.44774e-12, -2.04115e-12, -1.38849e-11, -0.00126886, -0.00589808, -0.00491313, -0.162834, -0.00502075, 0.000500775, -0.122694, -0.00135232, 0.000289663, 7.94091e-5, -1.31316e-12, -2.24851e-12, -1.45428e-11, -6.6806e-13, -6.65525e-12, -0.365766, -0.0235353, -0.00698893, 0.00148386, 0.00218825, -0.0220568, -0.0067985, -0.245201, -0.00776326, -0.0117097, -1.93422e-12, -1.00571e-12, -2.91647e-12, -4.19252e-12, -2.13418e-12, -0.00782351, -0.285295, -0.00425202, -0.026116, -0.334323, -0.00018731, -0.0933968, -0.000109702, 0.000271352, 6.23138e-5, 2.05094e-13, -1.67591e-12, -8.20438e-12, -1.41621e-11, -6.51923e-12, 1.77568e-8, -2.58735e-11, 1.693e-10, -1.26371e-10, 2.03444e-10, 0.0003303, -0.00204356, 0.000186318, -0.122158, -0.0026485, 0.000237709, -0.195188, -0.00153668, 0.000161614, -0.00172925, -0.0107407, -0.00884678, 0.00116416, 0.0041214, -0.268268, -0.0018916, -0.000127236, 0.000765245, -0.00342368, -0.127996, -3.09041e-11, -1.4193e-12, -2.33798e-11, -4.56825e-11, -3.90886e-11, -2.15146e-11, -2.37022e-11, -3.12438e-11, -2.35543e-11, -3.498e-11, -1.62727e-11, -1.36087e-11, -1.08524e-11, -2.60174e-11, -1.2606e-11, -0.00179553, -0.149902, -0.00138244, -0.00635073, -0.000116417, -5.32608e-11, -2.37696e-11, -3.2698e-11, -4.87586e-11, -1.57797e-11, 0.0, 0.208839, 0.168289, 0.214536, 0.173262, 0.152072, 0.203418, 0.184478, 0.137815, 0.206444, 0.1482, 0.0, 0.141139, 0.0, 0.0, 0.183902, 0.169174, 0.177483, 0.180939, 0.139535, 0.196433, 0.194131, 0.195375, 0.169153, 0.204566, 0.141841, 0.150892, 0.132526, 0.181716, 0.0, 0.146688, 0.211318, 0.0, 0.167525, 0.135764, 0.202695, 0.203868, 0.19857, 0.127203, 0.215702, 0.156662, 0.0, 0.138211, 0.177288, 0.211778, 0.181025, 0.124946, 0.162867, 0.0, 0.157832, 0.148913, 0.190989, 0.20532, 0.180936, 0.179243, 0.197046, 0.173092, 0.0, 0.20559, 0.181365, 0.0, 0.179482, 0.0, 0.203344, 0.170388, 0.150996, 0.211761, 0.198527, 0.179531, 0.161204, 0.184511, 0.225346, 0.144794, 0.161225, 0.202553, 0.203353, 0.203687, 0.128519, 0.210644, 0.0, 0.232654, 0.214829, 0.0, 0.19349, 0.174874, 0.199245, 0.16408, 0.192909, 0.13192, 0.168081, 0.0, 0.163936, 0.135725, 0.197524, 0.148817, 0.0, 0.160623, 0.200591, 0.173568, 0.149702, 0.135716, 0.188181, 0.179682, 0.170925, 0.200101, 0.152029, 0.199292, 0.213665, 0.199805, 0.184775, 0.183887, 0.18413, 0.0, 0.178528, 0.166354, 0.180466, 0.14197, 0.180982, 0.161437, 0.16675, 0.195707, 1.3945, 1.23649e-10, 0.0, 1.12313, 1.97151, 2.32514, 1.52712, 1.23649e-10, 1.23649e-10, 1.23649e-10, 1.33865, 1.23649e-10, 0.190761, 0.0610496, 0.202043, 0.125295, 0.0855817, 0.181086, 0.145654, 0.0590932, 0.186187, 0.0789075, 0.0, 0.0668519, 0.0, 0.0, 0.155406, 0.11793, 0.132812, 0.139137, 0.0624984, 0.168011, 0.163641, 0.165654, 0.117968, 0.183162, 0.0663862, 0.0872699, 0.0596119, 0.147223, 0.0, 0.0843996, 0.19571, 0.0, 0.117953, 0.0568933, 0.180178, 0.181775, 0.172051, 0.0393907, 0.204109, 0.0945095, 0.0, 0.0770282, 0.139141, 0.19779, 0.141772, 0.0594475, 0.112727, 0.0, 0.105951, 0.0928668, 0.157884, 0.184656, 0.138921, 0.135679, 0.168956, 0.129299, 0.0, 0.187891, 0.153198, 0.0, 0.137717, 0.0, 0.181092, 0.119788, 0.036509, 0.196445, 0.171804, 0.136628, 0.103546, 0.145712, 0.220197, 0.0701253, 0.103567, 0.179538, 0.180165, 0.180985, 0.0430637, 0.194141, 0.0, 0.0882498, 0.202082, 0.0, 0.164512, 0.128733, 0.175624, 0.118278, 0.169855, 0.047709, 0.112166, 0.0, 0.111208, 0.0557189, 0.169159, 0.0857492, 0.0, 0.101393, 0.175248, 0.126293, 0.0501781, 0.0525434, 0.152021, 0.136807, 0.120824, 0.17349, 0.0847754, 0.171699, 0.198012, 0.172907, 0.145295, 0.143916, 0.148185, 0.0, 0.137334, 0.120325, 0.139486, 0.0634028, 0.136167, 0.102207, 0.107695, 0.16602, 0.0, 0.0, 0.0, 0.0, 0.0, 0.0, 0.0, 0.0, 0.0, 0.0, 0.0, 0.0, 0.365548, -0.244271, -0.0389737, -0.153043, -0.220796, -0.0162759, 0.0, 0.0, 0.0, 0.0, 0.0, 0.0, 0.0, 0.0, 0.0, 0.0, 0.0, 0.0, 0.163097, -0.00126886, -0.00589808, -0.00491313, -0.162834, -0.00502075, 0.122703, 0.000500775, -0.122694, -0.00135232, 0.000289663, 7.94091e-5, 0.0, 0.0, 0.0, 0.0, 0.0, 0.0, 0.366599, -0.365766, -0.0235353, -0.00698893, 0.00148386, 0.00218825, 0.246686, -0.0220568, -0.0067985, -0.245201, -0.00776327, -0.0117097, 0.0, 0.0, 0.0, 0.0, 0.0, 0.0, 0.440371, -0.00782351, -0.285295, -0.00425202, -0.026116, -0.334323, -1.3945, -1.39467, 1.39467, -1.3945, -1.39448, 1.39448, -1.3945, -1.44049, 1.44126, -1.3945, -1.3471, 1.34789, -1.3945, -1.39463, 1.39463, -1.3945, -1.39452, 1.39452, -1.3945, -1.39444, 1.39444, -1.3945, -1.39471, 1.39471, -1.3945, -1.39455, 1.39455, -1.3945, -1.39461, 1.39461, 0.0, 0.0, 0.0, 0.0, 0.0, 0.0, 0.0, 0.0, 0.0, 0.0, 0.0, 0.0, 0.0, 0.0, 0.0, 0.0, 0.0, 0.0, 0.0, 0.0, 0.0, 0.0, 0.0, 0.0, 0.0, 0.0, 0.0, 0.0, 0.0, 0.0, 0.0, 0.0, 0.0, 0.0, 0.0, 0.0, 0.0, 0.0, 0.0, 0.0, 0.0, 0.0, 0.0, 0.0, 0.0, 0.0, 0.0, 0.0, 0.0, 0.0, 0.0, 0.0, 0.0, 0.0, 0.0, 0.0, 0.0, 0.0, 0.0, 0.0, -1.12313, -1.12294, 1.12294, -1.12313, -1.12327, 1.12327, -1.12313, -1.12413, 1.12413, -1.12313, -1.12208, 1.12208, -1.12313, -1.12301, 1.12301, -1.12313, -1.1232, 1.1232, -1.12312, -1.18252, 1.18412, -1.12313, -1.06037, 1.06209, -1.12313, -1.12443, 1.12443, -1.12313, -1.12178, 1.12178, -1.97151, -1.97139, 1.97139, -1.97151, -1.97163, 1.97163, -1.97151, -2.06669, 2.06903, -1.97151, -1.8715, 1.874, -1.97151, -1.97228, 1.97228, -1.97151, -1.97074, 1.97074, -1.97151, -1.97143, 1.97143, -1.97151, -1.97159, 1.97159, -1.97151, -1.97238, 1.97238, -1.97151, -1.97065, 1.97065, -2.32514, -2.33043, 2.33044, -2.32514, -2.31969, 2.3197, -2.32514, -2.32949, 2.32949, -2.32514, -2.32064, 2.32064, -2.32514, -2.32449, 2.32449, -2.32514, -2.32565, 2.32565, -2.32514, -2.32301, 2.32301, -2.32514, -2.32713, 2.32713, -2.32514, -2.45534, 2.45905, -2.32514, -2.18707, 2.19109, -1.52712, -1.52811, 1.52811, -1.52712, -1.52622, 1.52622, -1.52712, -1.52722, 1.52722, -1.52712, -1.5271, 1.5271, -1.52712, -1.52678, 1.52678, -1.52712, -1.52754, 1.52754, -1.52712, -1.52887, 1.52887, -1.52712, -1.52545, 1.52545, -1.52712, -1.58982, 1.59112, -1.52712, -1.46182, 1.4632, 0.0, 0.0, 0.0, 0.0, 0.0, 0.0, 0.0, 0.0, 0.0, 0.0, 0.0, 0.0, 0.0, 0.0, 0.0, 0.0, 0.0, 0.0, 0.0, 0.0, 0.0, 0.0, 0.0, 0.0, 0.0, 0.0, 0.0, 0.0, 0.0, 0.0, 0.0, 0.0, 0.0, 0.0, 0.0, 0.0, 0.0, 0.0, 0.0, 0.0, 0.0, 0.0, 0.0, 0.0, 0.0, 0.0, 0.0, 0.0, 0.0, 0.0, 0.0, 0.0, 0.0, 0.0, 0.0, 0.0, 0.0, 0.0, 0.0, 0.0, 0.0, 0.0, 0.0, 0.0, 0.0, 0.0, 0.0, 0.0, 0.0, 0.0, 0.0, 0.0, 0.0, 0.0, 0.0, 0.0, 0.0, 0.0, 0.0, 0.0, 0.0, 0.0, 0.0, 0.0, 0.0, 0.0, 0.0, 0.0, 0.0, 0.0, -1.33865, -1.33952, 1.33952, -1.33865, -1.33772, 1.33772, -1.33865, -1.41147, 1.41349, -1.33865, -1.26157, 1.26375, -1.33865, -1.33931, 1.33931, -1.33865, -1.33793, 1.33793, -1.33865, -1.34179, 1.34179, -1.33865, -1.33544, 1.33544, -1.33865, -1.33868, 1.33868, -1.33865, -1.33856, 1.33856, 0.0, 0.0, 0.0, 0.0, 0.0, 0.0, 0.0, 0.0, 0.0, 0.0, 0.0, 0.0, 0.0, 0.0, 0.0, 0.0, 0.0, 0.0, 0.0, 0.0, 0.0, 0.0, 0.0, 0.0, 0.0, 0.0, 0.0, 0.0, 0.0, 0.0], [-4.91886e-28, -3.71539e-27, 2.59309e-28, 1.09326e-27, -1.18579e-27, 4.82649e-28, 1.64948e-29, -1.5938e-27, 5.35828e-28, -1.25852e-27, -4.49213e-17, 3.16462e-18, 3.45517e-18, -1.07669e-17, 5.9911e-19, -1.20594e-27, 4.66637e-28, -5.52365e-28, 5.49033e-28, 4.01751e-29, -5.49491e-28, -1.32927e-28, 4.68355e-28, 5.13757e-28, -6.45437e-28, 3.73401e-19, 1.0233e-18, -1.20947e-18, -8.73881e-17, -6.36574e-19, 0.0, 1.86499e-16, 3.92595e-19, 5.78953e-20, -1.97996e-20, -5.59748e-28, 1.7373e-28, -4.73171e-27, -4.56583e-28, -1.19221e-27, -1.65481e-16, -6.50951e-18, 7.43591e-19, -3.29941e-20, -3.23369e-19, 0.0, -1.2448e-18, 4.72838e-17, -8.39407e-20, -1.05942e-17, -5.45471e-28, -1.87043e-28, -7.53805e-28, -1.83779e-28, 1.11851e-28, 0.0, -3.11984e-16, -4.85812e-19, 0.0, -1.7553e-16, 0.0, 1.13173e-15, 0.0, 0.0, 2.25261e-20, -1.00751e-27, -1.09203e-27, -6.4045e-27, -1.42673e-27, 2.67735e-27, -1.70431e-24, 1.0183e-26, 3.17534e-26, -8.19105e-26, 7.92186e-27, 2.76814e-20, -1.04061e-19, -4.07656e-20, -6.95374e-17, -4.2193e-19, 2.04815e-20, 0.0, -4.25976e-19, 2.85191e-20, 1.62357e-19, 2.42119e-19, -2.58551e-18, -2.17557e-19, -4.51869e-19, 0.0, 5.60767e-19, -2.15522e-21, 0.0, 3.3075e-19, 0.0, 9.32008e-27, 2.08905e-27, -5.57058e-27, -2.20319e-27, -2.71302e-27, 2.83687e-27, 3.38762e-27, 3.14111e-27, -1.6976e-26, -3.74182e-27, -6.34414e-28, 2.10146e-27, 1.0291e-27, -2.63003e-27, -1.89723e-28, -2.67576e-19, -1.09763e-16, -6.09024e-19, 1.16588e-19, -1.51917e-21, -1.69109e-27, -9.06914e-27, 3.50487e-27, 2.05799e-26, -4.50969e-27, 0.109263, 7.40409e-17, 0.0, -7.50183e-17, -3.22333e-17, 4.02119e-17, 1.60967e-17, -1.16806e-16, 1.97868e-17, -1.29572e-16, -1.39625e-18, 0.930704, -2.04251e-17, 0.975061, 0.947609, -3.6462e-17, -2.01059e-17, 0.0, 2.93611e-17, 1.49997e-17, 5.07436e-17, -2.74462e-17, -1.21274e-16, 2.26591e-17, -3.92944e-17, 3.8297e-18, -9.1853e-18, -3.8297e-18, 0.0, 0.938838, -2.92015e-17, -3.39886e-17, 0.975635, 3.67013e-18, 1.3404e-17, 7.49984e-18, -4.13289e-17, -1.58414e-16, -2.80845e-17, 1.20476e-17, -1.46805e-17, 0.855632, -4.3882e-19, -1.19773e-16, 7.28043e-18, 1.57018e-16, 2.10634e-17, -9.3748e-18, 0.914229, -1.49997e-17, 2.68079e-17, -6.0637e-17, -4.835e-17, 1.0771e-17, -4.46799e-17, -1.05317e-17, -1.93081e-17, 0.964144, 1.75528e-18, -7.43601e-17, 0.906531, 1.25622e-16, 0.995118, -8.84023e-17, -1.38827e-17, 0.0, 1.91485e-17, 4.88287e-17, -2.87228e-17, 3.36695e-17, -3.8297e-17, -2.87228e-17, 1.3404e-17, 1.5239e-17, 3.28716e-17, 3.3829e-17, -5.44137e-17, -7.65941e-18, 5.42541e-17, 0.94627, 0.0, -7.97855e-18, 0.948655, 7.75515e-17, -3.85164e-17, 2.92414e-17, 3.17945e-17, -5.57701e-17, -7.02112e-18, 2.72866e-17, 0.89888, 1.03721e-17, 1.91485e-17, -8.02642e-17, -5.42541e-18, 0.978689, -2.74462e-17, -3.8297e-18, -2.63292e-17, 2.04251e-17, 3.06376e-17, 1.29572e-16, 4.46799e-17, 5.14616e-18, 4.65947e-17, 1.32444e-17, -3.718e-17, 9.57426e-17, -6.35093e-17, 6.38284e-19, -6.19135e-17, -7.14878e-17, 0.933257, -3.44673e-17, 3.57439e-17, -5.98391e-17, 2.55314e-17, 3.8297e-17, 7.02112e-18, 3.35099e-17, -7.27644e-17, -3.27995e-17, 0.0, 1.71642e-7, 1.79994e-15, -5.15961e-15, -4.57831e-15, -3.6579e-15, -4.81231e-25, -4.81231e-25, -4.81231e-25, 3.30165e-15, 0.0, 1.42976e-16, 1.02125e-17, -1.53188e-17, -2.04251e-17, 0.0, -5.10627e-18, 3.57439e-17, 2.04251e-17, 3.57439e-17, -2.04251e-17, 0.0692964, -2.04251e-17, 0.0249393, 0.0523908, 3.06376e-17, 3.06376e-17, -1.53188e-17, 4.08502e-17, 2.04251e-17, -3.19142e-17, 2.55314e-18, 3.8297e-18, -2.04251e-17, -2.04251e-17, 1.02125e-17, 3.06376e-17, 0.0, 2.55314e-17, 0.0611616, 2.04251e-17, 6.63815e-17, 0.0243645, 2.04251e-17, -1.02125e-17, 4.85096e-17, -1.04679e-16, -1.78719e-17, 0.0, 6.63815e-17, 2.04251e-17, 0.144368, 2.04251e-17, -5.10627e-18, 7.65941e-17, -2.04251e-17, 0.0, 3.06376e-17, 0.0857715, -4.08502e-17, -4.08502e-17, 0.0, -5.36158e-17, 4.08502e-17, 0.0, -9.8934e-18, -2.04251e-17, 0.035856, -8.17003e-17, 2.55314e-17, 0.0934693, -2.55314e-17, 0.00488184, -5.6169e-17, -3.06376e-17, 0.0, -4.08502e-17, -2.42548e-17, 3.31908e-17, 0.0, 3.57439e-17, 8.17003e-17, 0.0, -2.04251e-17, -7.65941e-17, -1.27657e-18, -8.42535e-17, -1.02125e-17, 9.19129e-17, 0.0537295, 2.80845e-17, -3.06376e-17, 0.0513446, -3.95736e-17, -3.19142e-17, -7.91472e-17, -3.06376e-17, -3.51056e-18, 1.02125e-17, -1.02125e-17, 0.10112, -1.02125e-17, 2.04251e-17, -3.98927e-18, -1.02125e-17, 0.0213107, -3.06376e-17, -6.5105e-17, -2.42548e-17, -2.04251e-17, 0.0, 1.53188e-17, 3.06376e-17, 4.08502e-17, -5.04244e-17, 0.0, -2.48931e-17, -4.08502e-17, -1.69145e-17, -1.02125e-17, 1.53188e-17, -2.04251e-17, 0.0667426, -2.04251e-17, 2.48931e-17, -5.10627e-18, 1.02125e-17, 3.31908e-17, -6.12753e-17, 3.06376e-17, -6.38284e-19, 0.05, -1.23932e-8, -9.58802e-8, -1.2011e-8, -3.55589e-8, -5.38237e-8, 0.05, -1.02355e-8, -1.51373e-8, -5.08095e-8, -1.7944e-8, -5.13957e-8, 0.049999, 0.033411, 0.00533074, 0.0209329, 0.0302001, 0.00222619, 0.05, -3.01558e-8, -3.53407e-8, -2.37958e-8, -5.63456e-8, -1.16549e-8, 0.05, -1.43729e-8, -1.28809e-8, -3.43978e-8, -1.30516e-8, -8.88836e-8, 0.0499996, 0.000388986, 0.00180813, 0.00150618, 0.0499189, 0.00153918, 0.0499997, -0.000204058, 0.0499961, 0.000551048, -0.000118033, -3.2358e-5, 0.05, -8.75039e-9, -1.45191e-8, -8.07944e-8, -5.21657e-9, -3.78062e-8, 0.049999, 0.0498854, 0.00320988, 0.000953193, -0.000202378, -0.000298446, 0.0499993, 0.00447056, 0.00137795, 0.0496985, 0.00157349, 0.00237338, 0.05, -1.29855e-8, -7.29774e-9, -1.8895e-8, -2.50175e-8, -1.3755e-8, 0.0499988, 0.000888264, 0.0323918, 0.000482766, 0.00296516, 0.0379583, -0.000119705, 1.00009, 0.999974, 1.46231e-5, 0.999959, 0.999974, -0.0340841, 1.0335, 0.999974, 0.0328582, 0.966551, 0.999974, -9.18891e-5, 1.00007, 0.999974, -1.32056e-5, 0.999987, 0.999974, 4.47544e-5, 0.999929, 0.999974, -0.000149851, 1.00012, 0.999974, -3.02055e-5, 1.0, 0.999974, -7.48892e-5, 1.00005, 0.999974, -0.000281076, 1.0, 1.0, 1.31872e-7, 1.0, 1.0, -0.000305655, 1.0, 1.0, -5.90255e-5, 1.0, 1.0, -0.000646125, 1.0, 1.0, -5.02361e-5, 1.0, 1.0, -0.000386575, 1.0, 1.0, -0.000398483, 1.0, 1.0, -0.000347141, 1.0, 1.0, -2.58153e-5, 1.0, 1.0, -1.39119e-7, 1.0, 1.0, -4.7415e-5, 1.0, 1.0, -0.000402859, 1.0, 1.0, -0.000142533, 1.0, 1.0, -0.00099813, 1.0, 1.0, -0.00063087, 1.0, 1.0, -6.45596e-5, 1.0, 1.0, 7.14056e-8, 1.0, 1.0, -1.58363e-5, 1.0, 1.0, -0.000197558, 1.0, 1.0, 0.000164379, 0.999844, 1.00001, -0.000129708, 1.00014, 1.00001, -0.000892807, 1.0009, 1.00001, 0.00092669, 0.999082, 1.00001, 0.000100289, 0.999908, 1.00001, -6.56037e-5, 1.00007, 1.00001, -0.0557608, 1.05432, 1.00001, 0.0528424, 0.945662, 1.00001, -0.00116239, 1.00117, 1.00001, 0.00119571, 0.998812, 1.00001, 5.82893e-5, 0.999941, 0.999999, -6.22754e-5, 1.00006, 0.999999, -0.0506675, 1.04946, 0.999999, 0.0482161, 0.950539, 0.999999, -0.000391784, 1.00039, 0.999999, 0.000387655, 0.999611, 0.999999, 3.89985e-5, 0.99996, 0.999999, -4.29714e-5, 1.00004, 0.999999, -0.00044064, 1.00044, 0.999999, 0.00043647, 0.999562, 0.999999, -0.00228053, 1.00229, 1.00002, 0.0023386, 0.997675, 1.00002, -0.00187244, 1.00189, 1.00002, 0.00193223, 0.998082, 1.00002, 0.000282004, 0.999734, 1.00002, -0.00021866, 1.00023, 1.00002, 0.00091755, 0.999098, 1.00002, -0.000854917, 1.00087, 1.00002, -0.0592194, 1.05761, 1.00002, 0.0559605, 0.942361, 1.00002, -0.00064788, 1.00063, 0.999986, 0.000590846, 0.999395, 0.999986, -6.99911e-5, 1.00006, 0.999986, 1.33254e-5, 0.999973, 0.999986, 0.000222205, 0.999764, 0.999986, -0.000278922, 1.00026, 0.999986, -0.00114997, 1.00114, 0.999986, 0.00109205, 0.998893, 0.999986, -0.0427785, 1.0419, 0.999986, 0.040967, 0.95813, 0.999986, -0.000424412, 1.0, 1.0, -0.000102099, 1.0, 1.0, -0.000158677, 1.0, 1.0, 6.37131e-7, 1.0, 1.0, 5.18711e-7, 1.0, 1.0, -8.38621e-5, 1.0, 1.0, -0.000587844, 1.0, 1.0, -0.000151756, 1.0, 1.0, -0.000483214, 1.0, 1.0, -0.000509292, 1.0, 1.0, 2.77924e-7, 1.0, 1.0, -0.000144484, 1.0, 1.0, -0.000155602, 1.0, 1.0, -0.000139458, 1.0, 1.0, -0.000589901, 1.0, 1.0, -0.000314417, 1.0, 1.0, -0.000289035, 1.0, 1.0, 3.96344e-7, 1.0, 1.0, -0.000430034, 1.0, 1.0, -0.000437744, 1.0, 1.0, -0.000735551, 1.0, 1.0, -0.000351528, 1.0, 1.0, 4.68711e-7, 1.0, 1.0, -0.000229213, 1.0, 1.0, -8.9991e-5, 1.0, 1.0, -4.3294e-5, 1.0, 1.0, -0.000476382, 1.0, 1.0, -0.000349278, 1.0, 1.0, 2.71345e-7, 1.0, 1.0, -0.000225503, 1.0, 1.0, -0.000646616, 1.00066, 1.00001, 0.000694646, 0.999317, 1.00001, -0.0574413, 1.05592, 1.00001, 0.0543599, 0.944057, 1.00001, -0.000492237, 1.0005, 1.00001, 0.000540452, 0.999472, 1.00001, -0.00235056, 1.00236, 1.00001, 0.00239342, 0.997616, 1.00001, -1.92417e-5, 1.00003, 1.00001, 6.77195e-5, 0.999944, 1.00001, -0.000509705, 1.0, 1.0, -0.000269971, 1.0, 1.0, -0.000334773, 1.0, 1.0, -0.000253168, 1.0, 1.0, -0.000248313, 1.0, 1.0, -0.000160143, 1.0, 1.0, -0.00032397, 1.0, 1.0, -0.000174288, 1.0, 1.0, -4.89598e-5, 1.0, 1.0, -0.000176709, 1.0, 1.0], [121, 122, 123, 124, 125, 126, 127, 128, 129, 130, 131, 132, 133, 134, 135, 136, 137, 138, 139, 140, 141, 142, 143, 144, 145, 146, 147, 148, 149, 150, 151, 152, 153, 154, 155, 156, 157, 158, 159, 160, 161, 162, 163, 164, 165, 166, 167, 168, 169, 170, 171, 172, 173, 174, 175, 176, 177, 178, 179, 180, 181, 182, 183, 184, 185, 186, 187, 188, 189, 190, 191, 192, 193, 194, 195, 196, 197, 198, 199, 200, 201, 202, 203, 204, 205, 206, 207, 208, 209, 210, 211, 212, 213, 214, 215, 216, 217, 218, 219, 220, 221, 222, 223, 224, 225, 226, 227, 228, 229, 230, 231, 232, 233, 234, 235, 236, 237, 238, 239, 240, 241, 242, 243, 244, 245, 246, 247, 248, 249, 250, 251, 252, 253, 1, 2, 3, 4, 5, 6, 7, 8, 9, 10, 11, 12, 13, 14, 15, 16, 17, 18, 19, 20, 21, 22, 23, 24, 25, 26, 27, 28, 29, 30, 31, 32, 33, 34, 35, 36, 37, 38, 39, 40, 41, 42, 43, 44, 45, 46, 47, 48, 49, 50, 51, 52, 53, 54, 55, 56, 57, 58, 59, 60, 61, 62, 63, 64, 65, 66, 67, 68, 69, 70, 71, 72, 73, 74, 75, 76, 77, 78, 79, 80, 81, 82, 83, 84, 85, 86, 87, 88, 89, 90, 91, 92, 93, 94, 95, 96, 97, 98, 99, 100, 101, 102, 103, 104, 105, 106, 107, 108, 109, 110, 111, 112, 113, 114, 115, 116, 117, 118, 119, 120, 374, 375, 376, 377, 378, 379, 380, 381, 382, 383, 384, 385, 386, 387, 388, 389, 390, 391, 392, 393, 394, 395, 396, 397, 398, 399, 400, 401, 402, 403, 404, 405, 406, 407, 408, 409, 410, 411, 412, 413, 414, 415, 416, 417, 418, 419, 420, 421, 422, 423, 424, 425, 426, 427, 428, 429, 430, 431, 432, 433, 434, 435, 436, 437, 438, 439, 440, 441, 442, 443, 444, 445, 448, 447, 446, 451, 450, 449, 454, 453, 452, 457, 456, 455, 460, 459, 458, 463, 462, 461, 466, 465, 464, 469, 468, 467, 472, 471, 470, 475, 474, 473, 478, 477, 476, 481, 480, 479, 484, 483, 482, 487, 486, 485, 490, 489, 488, 493, 492, 491, 496, 495, 494, 499, 498, 497, 502, 501, 500, 505, 504, 503, 508, 507, 506, 511, 510, 509, 514, 513, 512, 517, 516, 515, 520, 519, 518, 523, 522, 521, 526, 525, 524, 529, 528, 527, 532, 531, 530, 535, 534, 533, 538, 537, 536, 541, 540, 539, 544, 543, 542, 547, 546, 545, 550, 549, 548, 553, 552, 551, 556, 555, 554, 559, 558, 557, 562, 561, 560, 565, 564, 563, 568, 567, 566, 571, 570, 569, 574, 573, 572, 577, 576, 575, 580, 579, 578, 583, 582, 581, 586, 585, 584, 589, 588, 587, 592, 591, 590, 595, 594, 593, 598, 597, 596, 601, 600, 599, 604, 603, 602, 607, 606, 605, 610, 609, 608, 613, 612, 611, 616, 615, 614, 619, 618, 617, 622, 621, 620, 625, 624, 623, 628, 627, 626, 631, 630, 629, 634, 633, 632, 637, 636, 635, 640, 639, 638, 643, 642, 641, 646, 645, 644, 649, 648, 647, 652, 651, 650, 655, 654, 653, 658, 657, 656, 661, 660, 659, 664, 663, 662, 667, 666, 665, 670, 669, 668, 673, 672, 671, 676, 675, 674, 679, 678, 677, 682, 681, 680, 685, 684, 683, 688, 687, 686, 691, 690, 689, 694, 693, 692, 697, 696, 695, 700, 699, 698, 703, 702, 701, 706, 705, 704, 709, 708, 707, 712, 711, 710, 715, 714, 713, 718, 717, 716, 721, 720, 719, 724, 723, 722, 727, 726, 725, 730, 729, 728, 733, 732, 731, 736, 735, 734, 739, 738, 737, 742, 741, 740, 745, 744, 743, 748, 747, 746, 751, 750, 749, 754, 753, 752, 757, 756, 755, 760, 759, 758, 763, 762, 761, 766, 765, 764, 769, 768, 767, 772, 771, 770, 775, 774, 773, 778, 777, 776, 781, 780, 779, 784, 783, 782, 787, 786, 785, 790, 789, 788, 793, 792, 791, 796, 795, 794, 799, 798, 797, 802, 801, 800, 805, 804, 803], Symbol[:NonNeg, :NonNeg, :NonNeg, :NonNeg, :NonNeg, :NonNeg, :NonNeg, :NonNeg, :NonNeg, :NonNeg, :NonNeg, :NonNeg, :NonNeg, :NonNeg, :NonNeg, :NonNeg, :NonNeg, :NonNeg, :NonNeg, :NonNeg, :NonNeg, :NonNeg, :NonNeg, :NonNeg, :NonNeg, :NonNeg, :NonNeg, :NonNeg, :NonNeg, :NonNeg, :NonNeg, :NonNeg, :NonNeg, :NonNeg, :NonNeg, :NonNeg, :NonNeg, :NonNeg, :NonNeg, :NonNeg, :NonNeg, :NonNeg, :NonNeg, :NonNeg, :NonNeg, :NonNeg, :NonNeg, :NonNeg, :NonNeg, :NonNeg, :NonNeg, :NonNeg, :NonNeg, :NonNeg, :NonNeg, :NonNeg, :NonNeg, :NonNeg, :NonNeg, :NonNeg, :NonNeg, :NonNeg, :NonNeg, :NonNeg, :NonNeg, :NonNeg, :NonNeg, :NonNeg, :NonNeg, :NonNeg, :NonNeg, :NonNeg, :NonNeg, :NonNeg, :NonNeg, :NonNeg, :NonNeg, :NonNeg, :NonNeg, :NonNeg, :NonNeg, :NonNeg, :NonNeg, :NonNeg, :NonNeg, :NonNeg, :NonNeg, :NonNeg, :NonNeg, :NonNeg, :NonNeg, :NonNeg, :NonNeg, :NonNeg, :NonNeg, :NonNeg, :NonNeg, :NonNeg, :NonNeg, :NonNeg, :NonNeg, :NonNeg, :NonNeg, :NonNeg, :NonNeg, :NonNeg, :NonNeg, :NonNeg, :NonNeg, :NonNeg, :NonNeg, :NonNeg, :NonNeg, :NonNeg, :NonNeg, :NonNeg, :NonNeg, :NonNeg, :NonNeg, :NonNeg, :NonNeg, :NonNeg, :NonNeg, :NonNeg, :NonNeg, :NonNeg, :NonNeg, :NonNeg, :NonNeg, :NonNeg, :NonNeg, :NonNeg, :NonNeg, :Zero, :Zero, :Zero, :Zero, :Zero, :Zero, :Zero, :Zero, :Zero, :Zero, :Zero, :Zero, :Zero, :Zero, :Zero, :Zero, :Zero, :Zero, :Zero, :Zero, :Zero, :Zero, :Zero, :Zero, :Zero, :Zero, :Zero, :Zero, :Zero, :Zero, :Zero, :Zero, :Zero, :Zero, :Zero, :Zero, :Zero, :Zero, :Zero, :Zero, :Zero, :Zero, :Zero, :Zero, :Zero, :Zero, :Zero, :Zero, :Zero, :Zero, :Zero, :Zero, :Zero, :Zero, :Zero, :Zero, :Zero, :Zero, :Zero, :Zero, :Zero, :Zero, :Zero, :Zero, :Zero, :Zero, :Zero, :Zero, :Zero, :Zero, :Zero, :Zero, :Zero, :Zero, :Zero, :Zero, :Zero, :Zero, :Zero, :Zero, :Zero, :Zero, :Zero, :Zero, :Zero, :Zero, :Zero, :Zero, :Zero, :Zero, :Zero, :Zero, :Zero, :Zero, :Zero, :Zero, :Zero, :Zero, :Zero, :Zero, :Zero, :Zero, :Zero, :Zero, :Zero, :Zero, :Zero, :Zero, :Zero, :Zero, :Zero, :Zero, :Zero, :Zero, :Zero, :Zero, :Zero, :Zero, :Zero, :Zero, :SOC, :SOC, :SOC, :SOC, :SOC, :SOC, :SOC, :SOC, :SOC, :SOC, :SOC, :SOC, :SOC, :SOC, :SOC, :SOC, :SOC, :SOC, :SOC, :SOC, :SOC, :SOC, :SOC, :SOC, :SOC, :SOC, :SOC, :SOC, :SOC, :SOC, :SOC, :SOC, :SOC, :SOC, :SOC, :SOC, :SOC, :SOC, :SOC, :SOC, :SOC, :SOC, :SOC, :SOC, :SOC, :SOC, :SOC, :SOC, :SOC, :SOC, :SOC, :SOC, :SOC, :SOC, :SOC, :SOC, :SOC, :SOC, :SOC, :SOC, :SOC, :SOC, :SOC, :SOC, :SOC, :SOC, :SOC, :SOC, :SOC, :SOC, :SOC, :SOC, :ExpPrimal, :ExpPrimal, :ExpPrimal, :ExpPrimal, :ExpPrimal, :ExpPrimal, :ExpPrimal, :ExpPrimal, :ExpPrimal, :ExpPrimal, :ExpPrimal, :ExpPrimal, :ExpPrimal, :ExpPrimal, :ExpPrimal, :ExpPrimal, :ExpPrimal, :ExpPrimal, :ExpPrimal, :ExpPrimal, :ExpPrimal, :ExpPrimal, :ExpPrimal, :ExpPrimal, :ExpPrimal, :ExpPrimal, :ExpPrimal, :ExpPrimal, :ExpPrimal, :ExpPrimal, :ExpPrimal, :ExpPrimal, :ExpPrimal, :ExpPrimal, :ExpPrimal, :ExpPrimal, :ExpPrimal, :ExpPrimal, :ExpPrimal, :ExpPrimal, :ExpPrimal, :ExpPrimal, :ExpPrimal, :ExpPrimal, :ExpPrimal, :ExpPrimal, :ExpPrimal, :ExpPrimal, :ExpPrimal, :ExpPrimal, :ExpPrimal, :ExpPrimal, :ExpPrimal, :ExpPrimal, :ExpPrimal, :ExpPrimal, :ExpPrimal, :ExpPrimal, :ExpPrimal, :ExpPrimal, :ExpPrimal, :ExpPrimal, :ExpPrimal, :ExpPrimal, :ExpPrimal, :ExpPrimal, :ExpPrimal, :ExpPrimal, :ExpPrimal, :ExpPrimal, :ExpPrimal, :ExpPrimal, :ExpPrimal, :ExpPrimal, :ExpPrimal, :ExpPrimal, :ExpPrimal, :ExpPrimal, :ExpPrimal, :ExpPrimal, :ExpPrimal, :ExpPrimal, :ExpPrimal, :ExpPrimal, :ExpPrimal, :ExpPrimal, :ExpPrimal, :ExpPrimal, :ExpPrimal, :ExpPrimal, :ExpPrimal, :ExpPrimal, :ExpPrimal, :ExpPrimal, :ExpPrimal, :ExpPrimal, :ExpPrimal, :ExpPrimal, :ExpPrimal, :ExpPrimal, :ExpPrimal, :ExpPrimal, :ExpPrimal, :ExpPrimal, :ExpPrimal, :ExpPrimal, :ExpPrimal, :ExpPrimal, :ExpPrimal, :ExpPrimal, :ExpPrimal, :ExpPrimal, :ExpPrimal, :ExpPrimal, :ExpPrimal, :ExpPrimal, :ExpPrimal, :ExpPrimal, :ExpPrimal, :ExpPrimal, :ExpPrimal, :ExpPrimal, :ExpPrimal, :ExpPrimal, :ExpPrimal, :ExpPrimal, :ExpPrimal, :ExpPrimal, :ExpPrimal, :ExpPrimal, :ExpPrimal, :ExpPrimal, :ExpPrimal, :ExpPrimal, :ExpPrimal, :ExpPrimal, :ExpPrimal, :ExpPrimal, :ExpPrimal, :ExpPrimal, :ExpPrimal, :ExpPrimal, :ExpPrimal, :ExpPrimal, :ExpPrimal, :ExpPrimal, :ExpPrimal, :ExpPrimal, :ExpPrimal, :ExpPrimal, :ExpPrimal, :ExpPrimal, :ExpPrimal, :ExpPrimal, :ExpPrimal, :ExpPrimal, :ExpPrimal, :ExpPrimal, :ExpPrimal, :ExpPrimal, :ExpPrimal, :ExpPrimal, :ExpPrimal, :ExpPrimal, :ExpPrimal, :ExpPrimal, :ExpPrimal, :ExpPrimal, :ExpPrimal, :ExpPrimal, :ExpPrimal, :ExpPrimal, :ExpPrimal, :ExpPrimal, :ExpPrimal, :ExpPrimal, :ExpPrimal, :ExpPrimal, :ExpPrimal, :ExpPrimal, :ExpPrimal, :ExpPrimal, :ExpPrimal, :ExpPrimal, :ExpPrimal, :ExpPrimal, :ExpPrimal, :ExpPrimal, :ExpPrimal, :ExpPrimal, :ExpPrimal, :ExpPrimal, :ExpPrimal, :ExpPrimal, :ExpPrimal, :ExpPrimal, :ExpPrimal, :ExpPrimal, :ExpPrimal, :ExpPrimal, :ExpPrimal, :ExpPrimal, :ExpPrimal, :ExpPrimal, :ExpPrimal, :ExpPrimal, :ExpPrimal, :ExpPrimal, :ExpPrimal, :ExpPrimal, :ExpPrimal, :ExpPrimal, :ExpPrimal, :ExpPrimal, :ExpPrimal, :ExpPrimal, :ExpPrimal, :ExpPrimal, :ExpPrimal, :ExpPrimal, :ExpPrimal, :ExpPrimal, :ExpPrimal, :ExpPrimal, :ExpPrimal, :ExpPrimal, :ExpPrimal, :ExpPrimal, :ExpPrimal, :ExpPrimal, :ExpPrimal, :ExpPrimal, :ExpPrimal, :ExpPrimal, :ExpPrimal, :ExpPrimal, :ExpPrimal, :ExpPrimal, :ExpPrimal, :ExpPrimal, :ExpPrimal, :ExpPrimal, :ExpPrimal, :ExpPrimal, :ExpPrimal, :ExpPrimal, :ExpPrimal, :ExpPrimal, :ExpPrimal, :ExpPrimal, :ExpPrimal, :ExpPrimal, :ExpPrimal, :ExpPrimal, :ExpPrimal, :ExpPrimal, :ExpPrimal, :ExpPrimal, :ExpPrimal, :ExpPrimal, :ExpPrimal, :ExpPrimal, :ExpPrimal, :ExpPrimal, :ExpPrimal, :ExpPrimal, :ExpPrimal, :ExpPrimal, :ExpPrimal, :ExpPrimal, :ExpPrimal, :ExpPrimal, :ExpPrimal, :ExpPrimal, :ExpPrimal, :ExpPrimal, :ExpPrimal, :ExpPrimal, :ExpPrimal, :ExpPrimal, :ExpPrimal, :ExpPrimal, :ExpPrimal, :ExpPrimal, :ExpPrimal, :ExpPrimal, :ExpPrimal, :ExpPrimal, :ExpPrimal, :ExpPrimal, :ExpPrimal, :ExpPrimal, :ExpPrimal, :ExpPrimal, :ExpPrimal, :ExpPrimal, :ExpPrimal, :ExpPrimal, :ExpPrimal, :ExpPrimal, :ExpPrimal, :ExpPrimal, :ExpPrimal, :ExpPrimal, :ExpPrimal, :ExpPrimal, :ExpPrimal, :ExpPrimal, :ExpPrimal, :ExpPrimal, :ExpPrimal, :ExpPrimal, :ExpPrimal, :ExpPrimal, :ExpPrimal, :ExpPrimal, :ExpPrimal, :ExpPrimal, :ExpPrimal, :ExpPrimal, :ExpPrimal, :ExpPrimal, :ExpPrimal, :ExpPrimal, :ExpPrimal, :ExpPrimal, :ExpPrimal, :ExpPrimal, :ExpPrimal, :ExpPrimal, :ExpPrimal, :ExpPrimal, :ExpPrimal, :ExpPrimal, :ExpPrimal, :ExpPrimal, :ExpPrimal, :ExpPrimal, :ExpPrimal, :ExpPrimal, :ExpPrimal, :ExpPrimal, :ExpPrimal, :ExpPrimal, :ExpPrimal, :ExpPrimal, :ExpPrimal, :ExpPrimal, :ExpPrimal, :ExpPrimal, :ExpPrimal, :ExpPrimal, :ExpPrimal, :ExpPrimal, :ExpPrimal, :ExpPrimal, :ExpPrimal, :ExpPrimal, :ExpPrimal, :ExpPrimal], [254, 255, 256, 257, 258, 259, 260, 261, 262, 263, 264, 265, 266, 267, 268, 269, 270, 271, 272, 273, 274, 275, 276, 277, 278, 279, 280, 281, 282, 283, 284, 285, 286, 287, 288, 289, 290, 291, 292, 293, 294, 295, 296, 297, 298, 299, 300, 301, 302, 303, 304, 305, 306, 307, 308, 309, 310, 311, 312, 313, 314, 315, 316, 317, 318, 319, 320, 321, 322, 323, 324, 325, 326, 327, 328, 329, 330, 331, 332, 333, 334, 335, 336, 337, 338, 339, 340, 341, 342, 343, 344, 345, 346, 347, 348, 349, 350, 351, 352, 353, 354, 355, 356, 357, 358, 359, 360, 361, 362, 363, 364, 365, 366, 367, 368, 369, 370, 371, 372, 373, 374, 375, 376, 377, 378, 379, 380, 381, 382, 383, 384, 385, 386, 387, 388, 389, 390, 391, 392, 393, 394, 395, 396, 397, 398, 399, 400, 401, 402, 403, 404, 405, 406, 407, 408, 409, 410, 411, 412, 413, 414, 415, 416, 417, 418, 419, 420, 421, 422, 423, 424, 425, 426, 427, 428, 429, 430, 431, 432, 433, 434, 435, 436, 437, 438, 439, 440, 441, 442, 443, 444, 445, 446, 447, 448, 449, 450, 451, 452, 453, 454, 455, 456, 457, 458, 459, 460, 461, 462, 463, 464, 465, 466, 467, 468, 469, 470, 471, 472, 473, 474, 475, 476, 477, 478, 479, 480, 481, 482, 483, 484, 485, 486, 487, 488, 489, 490, 491, 492, 493, 494, 495, 496, 497, 498, 499, 500, 501, 502, 503, 504, 505, 506, 507, 508, 509, 510, 511, 512, 513, 514, 515, 516, 517, 518, 519, 520, 521, 522, 523, 524, 525, 526, 527, 528, 529, 530, 531, 532, 533, 534, 535, 536, 537, 538, 539, 540, 541, 542, 543, 544, 545, 546, 547, 548, 549, 550, 551, 552, 553, 554, 555, 556, 557, 558, 559, 560, 561, 562, 563, 564, 565, 566, 567, 568, 569, 570, 571, 572, 573, 574, 575, 576, 577, 578, 579, 580, 581, 582, 583, 584, 585, 586, 587, 588, 589, 590, 591, 592, 593, 594, 595, 596, 597, 598, 599, 600, 601, 602, 603, 604, 605, 606, 607, 608, 609, 610, 611, 612, 613], Symbol[:NonNeg, :NonNeg, :NonNeg, :NonNeg, :NonNeg, :NonNeg, :NonNeg, :NonNeg, :NonNeg, :NonNeg, :NonNeg, :NonNeg, :NonNeg, :NonNeg, :NonNeg, :NonNeg, :NonNeg, :NonNeg, :NonNeg, :NonNeg, :NonNeg, :NonNeg, :NonNeg, :NonNeg, :NonNeg, :NonNeg, :NonNeg, :NonNeg, :NonNeg, :NonNeg, :NonNeg, :NonNeg, :NonNeg, :NonNeg, :NonNeg, :NonNeg, :NonNeg, :NonNeg, :NonNeg, :NonNeg, :NonNeg, :NonNeg, :NonNeg, :NonNeg, :NonNeg, :NonNeg, :NonNeg, :NonNeg, :NonNeg, :NonNeg, :NonNeg, :NonNeg, :NonNeg, :NonNeg, :NonNeg, :NonNeg, :NonNeg, :NonNeg, :NonNeg, :NonNeg, :NonNeg, :NonNeg, :NonNeg, :NonNeg, :NonNeg, :NonNeg, :NonNeg, :NonNeg, :NonNeg, :NonNeg, :NonNeg, :NonNeg, :NonNeg, :NonNeg, :NonNeg, :NonNeg, :NonNeg, :NonNeg, :NonNeg, :NonNeg, :NonNeg, :NonNeg, :NonNeg, :NonNeg, :NonNeg, :NonNeg, :NonNeg, :NonNeg, :NonNeg, :NonNeg, :NonNeg, :NonNeg, :NonNeg, :NonNeg, :NonNeg, :NonNeg, :NonNeg, :NonNeg, :NonNeg, :NonNeg, :NonNeg, :NonNeg, :NonNeg, :NonNeg, :NonNeg, :NonNeg, :NonNeg, :NonNeg, :NonNeg, :NonNeg, :NonNeg, :NonNeg, :NonNeg, :NonNeg, :NonNeg, :NonNeg, :NonNeg, :NonNeg, :NonNeg, :NonNeg, :Free, :Free, :Free, :Free, :Free, :Free, :Free, :Free, :Free, :Free, :Free, :Free, :Free, :Free, :Free, :Free, :Free, :Free, :Free, :Free, :Free, :Free, :Free, :Free, :Free, :Free, :Free, :Free, :Free, :Free, :Free, :Free, :Free, :Free, :Free, :Free, :Free, :Free, :Free, :Free, :Free, :Free, :Free, :Free, :Free, :Free, :Free, :Free, :Free, :Free, :Free, :Free, :Free, :Free, :Free, :Free, :Free, :Free, :Free, :Free, :Free, :Free, :Free, :Free, :Free, :Free, :Free, :Free, :Free, :Free, :Free, :Free, :Free, :Free, :Free, :Free, :Free, :Free, :Free, :Free, :Free, :Free, :Free, :Free, :Free, :Free, :Free, :Free, :Free, :Free, :Free, :Free, :Free, :Free, :Free, :Free, :Free, :Free, :Free, :Free, :Free, :Free, :Free, :Free, :Free, :Free, :Free, :Free, :Free, :Free, :Free, :Free, :Free, :Free, :Free, :Free, :Free, :Free, :Free, :Free, :Free, :Free, :Free, :Free, :Free, :Free, :Free, :Free, :Free, :Free, :Free, :Free, :Free, :Free, :Free, :Free, :Free, :Free, :Free, :Free, :Free, :Free, :Free, :Free, :Free, :Free, :Free, :Free, :Free, :Free, :Free, :Free, :Free, :Free, :Free, :Free, :Free, :Free, :Free, :Free, :Free, :Free, :Free, :Free, :Free, :Free, :Free, :Free, :Free, :Free, :Free, :Free, :Free, :Free, :Free, :Free, :Free, :Free, :Free, :Free, :Free, :Free, :Free, :Free, :Free, :Free, :Free, :Free, :Free, :Free, :Free, :Free, :Free, :Free, :Free, :Free, :Free, :Free, :Free, :Free, :Free, :Free, :Free, :Free, :Free, :Free, :Free, :Free, :Free, :Free, :Free, :Free, :Free, :Free, :Free, :Free, :Free, :Free, :Free, :Free, :Free, :Free, :Free, :Free, :Free, :Free, :Free, :Free, :Free, :Free, :Free, :Free, :Free, :Free, :Free, :Free, :Free, :Free, :Free, :Free], Any[(:verbose, 1), (:eps, 0.0001), (:max_iters, 50000)]),), 0x0000000000005540)
 -1.34e-01  0.00e+00  3.30e+01 
 14800| 5.08e-05  5.95e-07  1.18e-04 -1.34e-01 -1.34e-01  0.00e+00  3.32e+01 
 14900| 5.05e-05  5.72e-07  1.08e-04 -1.34e-01 -1.34e-01  0.00e+00  3.33e+01 
 14980| 5.03e-05  5.39e-07  9.99e-05 -1.34e-01 -1.34e-01  0.00e+00  3.35e+01 
----------------------------------------------------------------------------
Status: Solved
Timing: Solve time: 3.35e+01s
	Lin-sys: nnz in L factor: 3145, avg solve time: 1.52e-05s
	Cones: avg projection time: 2.21e-03s
----------------------------------------------------------------------------
Error metrics:
dist(s, K) = 5.1596e-15, dist(y, K*) = 0.0000e+00, s'y/|s||y| = 1.4560e-11
|Ax + s - b|_2 / (1 + |b|_2) = 5.0335e-05
|A'y + c|_2 / (1 + |c|_2) = 5.3916e-07
|c'x + b'y| / (1 + |c'x| + |b'y|) = 9.9890e-05
----------------------------------------------------------------------------
c'x = -0.1339, -b'y = -0.1338
============================================================================
