----------------------------------------------------------------------------
	SCS v1.2.6 - Splitting Conic Solver
	(c) Brendan O'Donoghue, Stanford University, 2012-2016
----------------------------------------------------------------------------
Lin-sys: sparse-direct, nnz in A = 992
eps = 1.00e-04, alpha = 1.80, max_iters = 50000, normalize = 1, scale = 5.00
Variables n = 232, constraints m = 697
Cones:	primal zero / dual free vars: 88
	linear vars: 193
	soc vars: 48, soc blks: 8
	sd vars: 224, sd blks: 8
	exp vars: 144, dual exp vars: 0
Setup time: 4.08e-04s
----------------------------------------------------------------------------
 Iter | pri res | dua res | rel gap | pri obj | dua obj | kap/tau | time (s)
----------------------------------------------------------------------------
     0|      inf       inf      -nan      -inf      -inf       inf  9.15e-04 
   100| 2.85e-03  6.75e-03  5.67e-03 -1.41e-01 -1.34e-01  2.40e-16  1.46e-01 
   200| 7.57e-04  2.22e-03  2.11e-03 -1.38e-01 -1.35e-01  4.83e-16  2.68e-01 
   300| 2.20e-04  1.46e-03  7.05e-04 -1.36e-01 -1.35e-01  4.85e-16  3.87e-01 
   400| 1.10e-04  1.16e-03  8.70e-04 -1.37e-01 -1.35e-01  2.43e-16  5.04e-01 
   500| 1.01e-04  9.88e-04  8.24e-04 -1.37e-01 -1.36e-01  0.00e+00  6.20e-01 
   600| 9.89e-05  8.71e-04  7.64e-04 -1.37e-01 -1.36e-01  2.44e-16  7.36e-01 
   700| 9.64e-05  7.82e-04  7.30e-04 -1.37e-01 -1.36e-01  2.45e-16  8.50e-01 
   800| 9.47e-05  7.11e-04  7.01e-04 -1.37e-01 -1.36e-01  2.46e-16  9.62e-01 
   900| 9.35e-05  6.53e-04  6.77e-04 -1.37e-01 -1.36e-01  2.46e-16  1.07e+00 
  1000| 9.26e-05  6.04e-04  6.57e-04 -1.37e-01 -1.36e-01  0.00e+00  1.18e+00 
  1100| 9.19e-05  5.63e-04  6.39e-04 -1.37e-01 -1.36e-01  2.47e-16  1.28e+00 
  1200| 9.15e-05  5.28e-04  6.25e-04 -1.37e-01 -1.36e-01  4.95e-16  1.38e+00 
  1300| 8.30e-05  4.99e-04  6.05e-04 -1.37e-01 -1.36e-01  2.48e-16  1.46e+00 
  1400| 6.15e-05  4.77e-04  5.81e-04 -1.37e-01 -1.36e-01  2.49e-16  1.54e+00 
  1500| 5.37e-05  4.55e-04  5.87e-04 -1.37e-01 -1.36e-01  2.49e-16  1.63e+00 
  1600| 4.81e-05  4.36e-04  5.90e-04 -1.37e-01 -1.36e-01  0.00e+00  1.71e+00 
  1700| 3.26e-05  4.13e-04  6.38e-04 -1.37e-01 -1.36e-01  2.50e-16  1.79e+00 
  1800| 4.23e-05  3.95e-04  5.67e-04 -1.37e-01 -1.36e-01  0.00e+00  1.86e+00 
  1900| 3.98e-05  3.80e-04  5.62e-04 -1.37e-01 -1.36e-01  0.00e+00  1.93e+00 
  2000| 3.66e-05  3.67e-04  5.59e-04 -1.37e-01 -1.36e-01  5.03e-16  1.99e+00 
  2100| 3.56e-05  3.54e-04  5.54e-04 -1.37e-01 -1.36e-01  0.00e+00  2.06e+00 
  2200| 3.45e-05  3.43e-04  5.48e-04 -1.37e-01 -1.37e-01  2.52e-16  2.13e+00 
  2300| 3.36e-05  3.32e-04  5.42e-04 -1.37e-01 -1.37e-01  5.06e-16  2.20e+00 
  2400| 3.29e-05  3.22e-04  5.35e-04 -1.37e-01 -1.37e-01  0.00e+00  2.27e+00 
  2500| 3.22e-05  3.13e-04  5.28e-04 -1.37e-01 -1.37e-01  0.00e+00  2.34e+00 
  2600| 3.16e-05  3.04e-04  5.21e-04 -1.37e-01 -1.37e-01  2.54e-16  2.41e+00 
  2700| 3.11e-05  2.95e-04  5.14e-04 -1.37e-01 -1.37e-01  5.09e-16  2.48e+00 
  2800| 3.06e-05  2.88e-04  5.07e-04 -1.37e-01 -1.37e-01  2.55e-16  2.55e+00 
  2900| 3.01e-05  2.80e-04  5.00e-04 -1.37e-01 -1.37e-01  2.56e-16  2.61e+00 
  3000| 2.97e-05  2.73e-04  4.94e-04 -1.37e-01 -1.37e-01  5.12e-16  2.68e+00 
  3100| 2.92e-05  2.67e-04  4.88e-04 -1.37e-01 -1.37e-01  0.00e+00  2.75e+00 
  3200| 2.88e-05  2.61e-04  4.82e-04 -1.37e-01 -1.37e-01  0.00e+00  2.82e+00 
  3300| 2.85e-05  2.55e-04  4.76e-04 -1.37e-01 -1.37e-01  2.57e-16  2.89e+00 
  3400| 2.81e-05  2.49e-04  4.71e-04 -1.37e-01 -1.37e-01  5.15e-16  2.96e+00 
  3500| 2.77e-05  2.44e-04  4.66e-04 -1.37e-01 -1.37e-01  0.00e+00  3.03e+00 
  3600| 2.74e-05  2.39e-04  4.61e-04 -1.37e-01 -1.37e-01  5.17e-16  3.10e+00 
  3700| 2.70e-05  2.34e-04  4.56e-04 -1.37e-01 -1.37e-01  0.00e+00  3.17e+00 
  3800| 2.67e-05  2.29e-04  4.51e-04 -1.37e-01 -1.37e-01  0.00e+00  3.24e+00 
  3900| 2.64e-05  2.25e-04  4.46e-04 -1.37e-01 -1.37e-01  0.00e+00  3.31e+00 
  4000| 2.61e-05  2.20e-04  4.42e-04 -1.37e-01 -1.37e-01  5.20e-16  3.38e+00 
  4100| 2.58e-05  2.16e-04  4.37e-04 -1.37e-01 -1.37e-01  2.60e-16  3.45e+00 
  4200| 2.55e-05  2.12e-04  4.33e-04 -1.37e-01 -1.37e-01  2.61e-16  3.52e+00 
  4300| 2.53e-05  2.08e-04  4.29e-04 -1.37e-01 -1.37e-01  2.61e-16  3.59e+00 
  4400| 2.50e-05  2.05e-04  4.25e-04 -1.37e-01 -1.37e-01  2.61e-16  3.66e+00 
  4500| 2.47e-05  2.01e-04  4.21e-04 -1.37e-01 -1.37e-01  0.00e+00  3.73e+00 
  4600| 2.45e-05  1.98e-04  4.17e-04 -1.37e-01 -1.37e-01  2.62e-16  3.80e+00 
  4700| 2.42e-05  1.95e-04  4.13e-04 -1.37e-01 -1.37e-01  0.00e+00  3.87e+00 
  4800| 2.40e-05  1.91e-04  4.09e-04 -1.37e-01 -1.37e-01  0.00e+00  3.94e+00 
  4900| 2.38e-05  1.88e-04  4.06e-04 -1.37e-01 -1.37e-01  0.00e+00  4.01e+00 
  5000| 2.36e-05  1.85e-04  4.02e-04 -1.37e-01 -1.37e-01  0.00e+00  4.08e+00 
  5100| 2.33e-05  1.83e-04  3.99e-04 -1.37e-01 -1.37e-01  2.64e-16  4.15e+00 
  5200| 2.31e-05  1.80e-04  3.96e-04 -1.37e-01 -1.37e-01  2.64e-16  4.22e+00 
  5300| 2.29e-05  1.77e-04  3.92e-04 -1.37e-01 -1.37e-01  0.00e+00  4.29e+00 
  5400| 2.27e-05  1.75e-04  3.89e-04 -1.37e-01 -1.37e-01  2.65e-16  4.36e+00 
  5500| 2.25e-05  1.72e-04  3.86e-04 -1.37e-01 -1.37e-01  2.65e-16  4.43e+00 
  5600| 2.23e-05  1.70e-04  3.83e-04 -1.37e-01 -1.37e-01  2.66e-16  4.50e+00 
  5700| 2.21e-05  1.67e-04  3.80e-04 -1.37e-01 -1.37e-01  0.00e+00  4.57e+00 
  5800| 2.20e-05  1.65e-04  3.77e-04 -1.37e-01 -1.37e-01  0.00e+00  4.64e+00 
  5900| 2.18e-05  1.63e-04  3.74e-04 -1.37e-01 -1.37e-01  0.00e+00  4.71e+00 
  6000| 2.16e-05  1.61e-04  3.72e-04 -1.37e-01 -1.37e-01  0.00e+00  4.78e+00 
  6100| 2.14e-05  1.58e-04  3.69e-04 -1.37e-01 -1.37e-01  2.67e-16  4.85e+00 
  6200| 2.13e-05  1.56e-04  3.66e-04 -1.37e-01 -1.37e-01  2.68e-16  4.92e+00 
  6300| 2.11e-05  1.54e-04  3.63e-04 -1.37e-01 -1.37e-01  2.68e-16  4.99e+00 
  6400| 2.09e-05  1.52e-04  3.61e-04 -1.37e-01 -1.37e-01  0.00e+00  5.07e+00 
  6500| 2.08e-05  1.51e-04  3.58e-04 -1.37e-01 -1.37e-01  2.69e-16  5.14e+00 
  6600| 2.06e-05  1.49e-04  3.56e-04 -1.37e-01 -1.37e-01  2.69e-16  5.21e+00 
  6700| 2.05e-05  1.47e-04  3.53e-04 -1.37e-01 -1.37e-01  0.00e+00  5.28e+00 
  6800| 2.03e-05  1.45e-04  3.51e-04 -1.38e-01 -1.37e-01  2.69e-16  5.35e+00 
  6900| 2.02e-05  1.43e-04  3.49e-04 -1.38e-01 -1.37e-01  2.70e-16  5.42e+00 
  7000| 2.00e-05  1.42e-04  3.46e-04 -1.38e-01 -1.37e-01  2.70e-16  5.49e+00 
  7100| 1.99e-05  1.40e-04  3.44e-04 -1.38e-01 -1.37e-01  0.00e+00  5.56e+00 
  7200| 1.97e-05  1.39e-04  3.42e-04 -1.38e-01 -1.37e-01  2.71e-16  5.63e+00 
  7300| 1.96e-05  1.37e-04  3.40e-04 -1.38e-01 -1.37e-01  0.00e+00  5.70e+00 
  7400| 1.95e-05  1.35e-04  3.37e-04 -1.38e-01 -1.37e-01  2.71e-16  5.77e+00 
  7500| 1.93e-05  1.34e-04  3.35e-04 -1.38e-01 -1.37e-01  0.00e+00  5.84e+00 
  7600| 1.92e-05  1.33e-04  3.33e-04 -1.38e-01 -1.37e-01  0.00e+00  5.91e+00 
  7700| 1.91e-05  1.31e-04  3.31e-04 -1.38e-01 -1.37e-01  0.00e+00  5.98e+00 
  7800| 1.90e-05  1.30e-04  3.29e-04 -1.38e-01 -1.37e-01  2.73e-16  6.05e+00 
  7900| 1.88e-05  1.28e-04  3.27e-04 -1.38e-01 -1.37e-01  0.00e+00  6.12e+00 
  8000| 1.87e-05  1.27e-04  3.25e-04 -1.38e-01 -1.37e-01  0.00e+00  6.19e+00 
  8100| 1.86e-05  1.26e-04  3.23e-04 -1.38e-01 -1.37e-01  2.73e-16  6.26e+00 
  8200| 1.85e-05  1.25e-04  3.21e-04 -1.38e-01 -1.37e-01  0.00e+00  6.33e+00 
  8300| 1.84e-05  1.23e-04  3.19e-04 -1.38e-01 -1.37e-01  0.00e+00  6.40e+00 
  8400| 1.82e-05  1.22e-04  3.17e-04 -1.38e-01 -1.37e-01  2.74e-16  6.47e+00 
  8500| 1.81e-05  1.21e-04  3.15e-04 -1.38e-01 -1.37e-01  0.00e+00  6.54e+00 
  8600| 1.80e-05  1.20e-04  3.14e-04 -1.38e-01 -1.37e-01  2.75e-16  6.61e+00 
  8700| 1.79e-05  1.19e-04  3.12e-04 -1.38e-01 -1.37e-01  0.00e+00  6.68e+00 
  8800| 1.78e-05  1.17e-04  3.10e-04 -1.38e-01 -1.37e-01  0.00e+00  6.75e+00 
  8900| 1.77e-05  1.16e-04  3.08e-04 -1.38e-01 -1.37e-01  2.76e-16  6.82e+00 
  9000| 1.76e-05  1.15e-04  3.07e-04 -1.38e-01 -1.37e-01  5.52e-16  6.89e+00 
  9100| 1.75e-05  1.14e-04  3.05e-04 -1.38e-01 -1.37e-01  2.76e-16  6.96e+00 
  9200| 1.74e-05  1.13e-04  3.03e-04 -1.38e-01 -1.37e-01  2.77e-16  7.03e+00 
  9300| 1.73e-05  1.12e-04  3.01e-04 -1.38e-01 -1.37e-01  0.00e+00  7.10e+00 
  9400| 1.72e-05  1.11e-04  3.00e-04 -1.38e-01 -1.37e-01  2.77e-16  7.17e+00 
  9500| 1.71e-05  1.10e-04  2.98e-04 -1.38e-01 -1.37e-01  2.77e-16  7.24e+00 
  9600| 1.70e-05  1.09e-04  2.97e-04 -1.38e-01 -1.37e-01  2.78e-16  7.31e+00 
  9700| 1.69e-05  1.08e-04  2.95e-04 -1.38e-01 -1.37e-01  5.56e-16  7.38e+00 
  9800| 1.68e-05  1.07e-04  2.93e-04 -1.38e-01 -1.37e-01  0.00e+00  7.45e+00 
  9900| 1.67e-05  1.06e-04  2.92e-04 -1.38e-01 -1.37e-01  0.00e+00  7.52e+00 
 10000| 1.66e-05  1.05e-04  2.90e-04 -1.38e-01 -1.37e-01  0.00e+00  7.59e+00 
 10100| 1.65e-05  1.05e-04  2.89e-04 -1.38e-01 -1.37e-01  0.00e+00  7.66e+00 
 10200| 1.64e-05  1.04e-04  2.87e-04 -1.38e-01 -1.37e-01  0.00e+00  7.73e+00 
 10300| 1.64e-05  1.03e-04  2.86e-04 -1.38e-01 -1.37e-01  5.59e-16  7.80e+00 
 10400| 1.63e-05  1.02e-04  2.85e-04 -1.38e-01 -1.37e-01  0.00e+00  7.87e+00 
 10500| 1.62e-05  1.01e-04  2.83e-04 -1.38e-01 -1.37e-01  2.80e-16  7.94e+00 
 10600| 1.61e-05  1.00e-04  2.82e-04 -1.38e-01 -1.37e-01  0.00e+00  8.01e+00 
 10700| 1.60e-05  9.95e-05  2.80e-04 -1.38e-01 -1.37e-01  0.00e+00  8.08e+00 
 10800| 1.59e-05  9.87e-05  2.79e-04 -1.38e-01 -1.37e-01  5.62e-16  8.15e+00 
 10900| 1.58e-05  9.79e-05  2.78e-04 -1.38e-01 -1.37e-01  0.00e+00  8.22e+00 
 11000| 1.58e-05  9.72e-05  2.76e-04 -1.38e-01 -1.37e-01  5.63e-16  8.29e+00 
 11100| 1.57e-05  9.64e-05  2.75e-04 -1.38e-01 -1.37e-01  0.00e+00  8.36e+00 
 11200| 1.56e-05  9.57e-05  2.74e-04 -1.38e-01 -1.37e-01  0.00e+00  8.43e+00 
 11300| 1.55e-05  9.50e-05  2.72e-04 -1.38e-01 -1.37e-01  0.00e+00  8.50e+00 
 11400| 1.55e-05  9.42e-05  2.71e-04 -1.38e-01 -1.37e-01  2.82e-16  8.57e+00 
 11500| 1.54e-05  9.35e-05  2.70e-04 -1.38e-01 -1.37e-01  2.83e-16  8.64e+00 
 11600| 1.53e-05  9.28e-05  2.68e-04 -1.38e-01 -1.37e-01  0.00e+00  8.71e+00 
 11700| 1.52e-05  9.22e-05  2.67e-04 -1.38e-01 -1.37e-01  0.00e+00  8.78e+00 
 11800| 1.52e-05  9.15e-05  2.66e-04 -1.38e-01 -1.37e-01  2.83e-16  8.85e+00 
 11900| 1.51e-05  9.08e-05  2.65e-04 -1.38e-01 -1.37e-01  2.84e-16  8.92e+00 
 12000| 1.50e-05  9.02e-05  2.63e-04 -1.38e-01 -1.37e-01  0.00e+00  8.99e+00 
 12100| 1.49e-05  8.95e-05  2.62e-04 -1.38e-01 -1.37e-01  0.00e+00  9.06e+00 
 12200| 1.49e-05  8.89e-05  2.61e-04 -1.38e-01 -1.37e-01  2.84e-16  9.13e+00 
 12300| 1.48e-05  8.83e-05  2.60e-04 -1.38e-01 -1.37e-01  2.85e-16  9.20e+00 
 12400| 1.47e-05  8.76e-05  2.59e-04 -1.38e-01 -1.37e-01  2.85e-16  9.27e+00 
 12500| 1.47e-05  8.70e-05  2.57e-04 -1.38e-01 -1.37e-01  2.85e-16  9.34e+00 
 12600| 1.46e-05  8.64e-05  2.56e-04 -1.38e-01 -1.37e-01  5.71e-16  9.41e+00 
 12700| 1.45e-05  8.58e-05  2.55e-04 -1.38e-01 -1.37e-01  2.85e-16  9.48e+00 
 12800| 1.45e-05  8.53e-05  2.54e-04 -1.38e-01 -1.37e-01  0.00e+00  9.54e+00 
 12900| 1.44e-05  8.47e-05  2.53e-04 -1.38e-01 -1.37e-01  2.86e-16  9.61e+00 
 13000| 1.43e-05  8.41e-05  2.52e-04 -1.38e-01 -1.37e-01  0.00e+00  9.68e+00 
 13100| 1.43e-05  8.35e-05  2.51e-04 -1.38e-01 -1.37e-01  2.86e-16  9.75e+00 
 13200| 1.42e-05  8.30e-05  2.50e-04 -1.38e-01 -1.37e-01  0.00e+00  9.82e+00 
 13300| 1.41e-05  8.25e-05  2.49e-04 -1.38e-01 -1.37e-01  0.00e+00  9.89e+00 
 13400| 1.41e-05  8.19e-05  2.48e-04 -1.38e-01 -1.37e-01  2.87e-16  9.96e+00 
 13500| 1.40e-05  8.14e-05  2.47e-04 -1.38e-01 -1.37e-01  2.87e-16  1.00e+01 
 13600| 1.40e-05  8.09e-05  2.45e-04 -1.38e-01 -1.37e-01  2.88e-16  1.01e+01 
 13700| 1.39e-05  8.03e-05  2.44e-04 -1.38e-01 -1.37e-01  0.00e+00  1.02e+01 
 13800| 1.38e-05  7.98e-05  2.43e-04 -1.38e-01 -1.37e-01  0.00e+00  1.02e+01 
 13900| 1.38e-05  7.93e-05  2.42e-04 -1.38e-01 -1.37e-01  5.77e-16  1.03e+01 
 14000| 1.37e-05  7.88e-05  2.41e-04 -1.38e-01 -1.37e-01  5.77e-16  1.04e+01 
 14100| 1.37e-05  7.83e-05  2.40e-04 -1.38e-01 -1.37e-01  2.89e-16  1.04e+01 
 14200| 1.36e-05  7.79e-05  2.39e-04 -1.38e-01 -1.37e-01  2.89e-16  1.05e+01 
 14300| 1.35e-05  7.74e-05  2.38e-04 -1.38e-01 -1.37e-01  2.89e-16  1.06e+01 
 14400| 1.35e-05  7.69e-05  2.37e-04 -1.38e-01 -1.37e-01  2.89e-16  1.07e+01 
 14500| 1.34e-05  7.64e-05  2.36e-04 -1.38e-01 -1.37e-01  0.00e+00  1.07e+01 
 14600| 1.34e-05  7.60e-05  2.36e-04 -1.38e-01 -1.37e-01  2.90e-16  1.08e+01 
 14700| 1.33e-05  7.55e-05  2.35e-04 -1.38e-01 -1.37e-01  5.80e-16  1.09e+01 
 14800| 1.33e-05  7.51e-05  2.34e-04 -1.38e-01 -1.37e-01  0.00e+00  1.09e+01 
 14900| 1.32e-05  7.46e-05  2.33e-04 -1.38e-01 -1.37e-01  0.00e+00  1.10e+01 
 15000| 1.32e-05  7.42e-05  2.32e-04 -1.38e-01 -1.37e-01  0.00e+00  1.11e+01 
 15100| 1.31e-05  7.38e-05  2.31e-04 -1.38e-01 -1.37e-01  0.00e+00  1.11e+01 
 15200| 1.30e-05  7.33e-05  2.30e-04 -1.38e-01 -1.37e-01  2.91e-16  1.12e+01 
 15300| 1.30e-05  7.29e-05  2.29e-04 -1.38e-01 -1.37e-01  2.91e-16  1.13e+01 
 15400| 1.29e-05  7.25e-05  2.28e-04 -1.38e-01 -1.37e-01  0.00e+00  1.13e+01 
 15500| 1.29e-05  7.21e-05  2.27e-04 -1.38e-01 -1.37e-01  5.84e-16  1.14e+01 
 15600| 1.28e-05  7.17e-05  2.26e-04 -1.38e-01 -1.37e-01  2.92e-16  1.15e+01 
 15700| 1.28e-05  7.13e-05  2.26e-04 -1.38e-01 -1.37e-01  0.00e+00  1.15e+01 
 15800| 1.27e-05  7.09e-05  2.25e-04 -1.38e-01 -1.37e-01  2.93e-16  1.16e+01 
 15900| 1.27e-05  7.05e-05  2.24e-04 -1.38e-01 -1.37e-01  0.00e+00  1.17e+01 
 16000| 1.26e-05  7.01e-05  2.23e-04 -1.38e-01 -1.37e-01  5.86e-16  1.17e+01 
 16100| 1.26e-05  6.97e-05  2.22e-04 -1.38e-01 -1.37e-01  2.93e-16  1.18e+01 
 16200| 1.25e-05  6.93e-05  2.21e-04 -1.38e-01 -1.37e-01  2.93e-16  1.19e+01 
 16300| 1.25e-05  6.90e-05  2.20e-04 -1.38e-01 -1.37e-01  0.00e+00  1.19e+01 
 16400| 1.24e-05  6.86e-05  2.20e-04 -1.38e-01 -1.37e-01  2.94e-16  1.20e+01 
 16500| 1.24e-05  6.82e-05  2.19e-04 -1.38e-01 -1.37e-01  2.94e-16  1.21e+01 
 16600| 1.24e-05  6.79e-05  2.18e-04 -1.38e-01 -1.37e-01  0.00e+00  1.21e+01 
 16700| 1.23e-05  6.75e-05  2.17e-04 -1.38e-01 -1.37e-01  0.00e+00  1.22e+01 
 16800| 1.23e-05  6.71e-05  2.16e-04 -1.38e-01 -1.37e-01  0.00e+00  1.23e+01 
 16900| 1.22e-05  6.68e-05  2.16e-04 -1.38e-01 -1.37e-01  2.95e-16  1.24e+01 
 17000| 1.22e-05  6.64e-05  2.15e-04 -1.38e-01 -1.37e-01  2.95e-16  1.24e+01 
 17100| 1.21e-05  6.61e-05  2.14e-04 -1.38e-01 -1.37e-01  0.00e+00  1.25e+01 
 17200| 1.21e-05  6.58e-05  2.13e-04 -1.38e-01 -1.37e-01  5.91e-16  1.26e+01 
 17300| 1.20e-05  6.54e-05  2.13e-04 -1.38e-01 -1.37e-01  0.00e+00  1.26e+01 
 17400| 1.20e-05  6.51e-05  2.12e-04 -1.38e-01 -1.37e-01  2.96e-16  1.27e+01 
 17500| 1.19e-05  6.48e-05  2.11e-04 -1.38e-01 -1.37e-01  0.00e+00  1.28e+01 
 17600| 1.19e-05  6.44e-05  2.10e-04 -1.38e-01 -1.37e-01  0.00e+00  1.28e+01 
 17700| 1.19e-05  6.41e-05  2.10e-04 -1.38e-01 -1.37e-01  5.93e-16  1.29e+01 
 17800| 1.18e-05  6.38e-05  2.09e-04 -1.38e-01 -1.37e-01  2.97e-16  1.30e+01 
 17900| 1.18e-05  6.35e-05  2.08e-04 -1.38e-01 -1.37e-01  0.00e+00  1.30e+01 
 18000| 1.17e-05  6.32e-05  2.07e-04 -1.38e-01 -1.37e-01  2.97e-16  1.31e+01 
 18100| 1.17e-05  6.29e-05  2.07e-04 -1.38e-01 -1.37e-01  0.00e+00  1.32e+01 
 18200| 1.16e-05  6.26e-05  2.06e-04 -1.38e-01 -1.37e-01  0.00e+00  1.32e+01 
 18300| 1.16e-05  6.23e-05  2.05e-04 -1.38e-01 -1.37e-01  2.98e-16  1.33e+01 
 18400| 1.16e-05  6.20e-05  2.04e-04 -1.38e-01 -1.37e-01  0.00e+00  1.34e+01 
 18500| 1.15e-05  6.17e-05  2.04e-04 -1.38e-01 -1.37e-01  2.98e-16  1.34e+01 
 18600| 1.15e-05  6.14e-05  2.03e-04 -1.38e-01 -1.37e-01  0.00e+00  1.35e+01 
 18700| 1.14e-05  6.11e-05  2.02e-04 -1.38e-01 -1.37e-01  0.00e+00  1.36e+01 
 18800| 1.14e-05  6.08e-05  2.02e-04 -1.38e-01 -1.37e-01  0.00e+00  1.36e+01 
 18900| 1.14e-05  6.05e-05  2.01e-04 -1.38e-01 -1.37e-01  0.00e+00  1.37e+01 
 19000| 1.13e-05  6.02e-05  2.00e-04 -1.38e-01 -1.37e-01  0.00e+00  1.38e+01 
 19100| 1.13e-05  5.99e-05  2.00e-04 -1.38e-01 -1.37e-01  0.00e+00  1.38e+01 
 19200| 1.13e-05  5.97e-05  1.99e-04 -1.38e-01 -1.37e-01  0.00e+00  1.39e+01 
 19300| 1.12e-05  5.94e-05  1.98e-04 -1.38e-01 -1.37e-01  0.00e+00  1.40e+01 
 19400| 1.12e-05  5.91e-05  1.98e-04 -1.38e-01 -1.37e-01  0.00e+00  1.40e+01 
 19500| 1.11e-05  5.89e-05  1.97e-04 -1.38e-01 -1.37e-01  0.00e+00  1.41e+01 
 19600| 1.11e-05  5.86e-05  1.96e-04 -1.38e-01 -1.37e-01  0.00e+00  1.42e+01 
 19700| 1.11e-05  5.83e-05  1.96e-04 -1.38e-01 -1.37e-01  0.00e+00  1.43e+01 
 19800| 1.10e-05  5.81e-05  1.95e-04 -1.38e-01 -1.37e-01  0.00e+00  1.43e+01 
 19900| 1.10e-05  5.78e-05  1.94e-04 -1.38e-01 -1.37e-01  0.00e+00  1.44e+01 
 20000| 1.10e-05  5.76e-05  1.94e-04 -1.38e-01 -1.37e-01  0.00e+00  1.45e+01 
 20100| 1.09e-05  5.73e-05  1.93e-04 -1.38e-01 -1.37e-01  0.00e+00  1.45e+01 
 20200| 1.09e-05  5.70e-05  1.93e-04 -1.38e-01 -1.37e-01  0.00e+00  1.46e+01 
 20300| 1.08e-05  5.68e-05  1.92e-04 -1.38e-01 -1.37e-01  0.00e+00  1.47e+01 
 20400| 1.08e-05  5.66e-05  1.91e-04 -1.38e-01 -1.37e-01  0.00e+00  1.47e+01 
 20500| 1.08e-05  5.63e-05  1.91e-04 -1.38e-01 -1.37e-01  0.00e+00  1.48e+01 
 20600| 1.07e-05  5.61e-05  1.90e-04 -1.38e-01 -1.37e-01  0.00e+00  1.49e+01 
 20700| 1.07e-05  5.58e-05  1.89e-04 -1.38e-01 -1.37e-01  0.00e+00  1.49e+01 
 20800| 1.07e-05  5.56e-05  1.89e-04 -1.38e-01 -1.37e-01  0.00e+00  1.50e+01 
 20900| 1.06e-05  5.54e-05  1.88e-04 -1.38e-01 -1.37e-01  0.00e+00  1.51e+01 
 21000| 1.06e-05  5.51e-05  1.88e-04 -1.38e-01 -1.37e-01  0.00e+00  1.51e+01 
 21100| 1.06e-05  5.49e-05  1.87e-04 -1.38e-01 -1.37e-01  0.00e+00  1.52e+01 
 21200| 1.05e-05  5.47e-05  1.86e-04 -1.38e-01 -1.37e-01  0.00e+00  1.53e+01 
 21300| 1.05e-05  5.44e-05  1.86e-04 -1.38e-01 -1.37e-01  0.00e+00  1.53e+01 
 21400| 1.05e-05  5.42e-05  1.85e-04 -1.38e-01 -1.37e-01  0.00e+00  1.54e+01 
 21500| 1.04e-05  5.40e-05  1.85e-04 -1.38e-01 -1.37e-01  0.00e+00  1.55e+01 
 21600| 1.04e-05  5.38e-05  1.84e-04 -1.38e-01 -1.37e-01  0.00e+00  1.55e+01 
 21700| 1.04e-05  5.36e-05  1.84e-04 -1.38e-01 -1.37e-01  0.00e+00  1.56e+01 
 21800| 1.03e-05  5.33e-05  1.83e-04 -1.38e-01 -1.37e-01  0.00e+00  1.57e+01 
 21900| 1.03e-05  5.31e-05  1.82e-04 -1.38e-01 -1.37e-01  0.00e+00  1.58e+01 
 22000| 1.03e-05  5.29e-05  1.82e-04 -1.38e-01 -1.37e-01  0.00e+00  1.58e+01 
 22100| 1.02e-05  5.27e-05  1.81e-04 -1.38e-01 -1.37e-01  0.00e+00  1.59e+01 
 22200| 1.02e-05  5.25e-05  1.81e-04 -1.38e-01 -1.37e-01  0.00e+00  1.60e+01 
 22300| 1.02e-05  5.23e-05  1.80e-04 -1.38e-01 -1.37e-01  0.00e+00  1.60e+01 
 22400| 1.01e-05  5.21e-05  1.80e-04 -1.38e-01 -1.37e-01  0.00e+00  1.61e+01 
 22500| 1.01e-05  5.19e-05  1.79e-04 -1.38e-01 -1.37e-01  0.00e+00  1.62e+01 
 22600| 1.01e-05  5.17e-05  1.79e-04 -1.38e-01 -1.37e-01  0.00e+00  1.62e+01 
 22700| 1.01e-05  5.15e-05  1.78e-04 -1.38e-01 -1.37e-01  0.00e+00  1.63e+01 
 22800| 1.00e-05  5.13e-05  1.78e-04 -1.38e-01 -1.37e-01  0.00e+00  1.64e+01 
 22900| 9.99e-06  5.11e-05  1.77e-04 -1.38e-01 -1.37e-01  0.00e+00  1.64e+01 
 23000| 9.96e-06  5.09e-05  1.77e-04 -1.38e-01 -1.37e-01  0.00e+00  1.65e+01 
 23100| 9.93e-06  5.07e-05  1.76e-04 -1.38e-01 -1.37e-01  0.00e+00  1.66e+01 
 23200| 9.90e-06  5.05e-05  1.76e-04 -1.38e-01 -1.37e-01  0.00e+00  1.66e+01 
 23300| 9.88e-06  5.03e-05  1.75e-04 -1.38e-01 -1.37e-01  0.00e+00  1.67e+01 
 23400| 9.85e-06  5.01e-05  1.74e-04 -1.38e-01 -1.37e-01  0.00e+00  1.68e+01 
 23500| 9.82e-06  4.99e-05  1.74e-04 -1.38e-01 -1.37e-01  0.00e+00  1.68e+01 
 23600| 9.79e-06  4.98e-05  1.73e-04 -1.38e-01 -1.37e-01  0.00e+00  1.69e+01 
 23700| 9.76e-06  4.96e-05  1.73e-04 -1.38e-01 -1.37e-01  0.00e+00  1.70e+01 
 23800| 9.73e-06  4.94e-05  1.72e-04 -1.38e-01 -1.37e-01  0.00e+00  1.71e+01 
 23900| 9.70e-06  4.92e-05  1.72e-04 -1.38e-01 -1.37e-01  0.00e+00  1.71e+01 
 24000| 9.67e-06  4.90e-05  1.71e-04 -1.38e-01 -1.37e-01  0.00e+00  1.72e+01 
 24100| 9.65e-06  4.88e-05  1.71e-04 -1.38e-01 -1.37e-01  0.00e+00  1.73e+01 
 24200| 9.62e-06  4.87e-05  1.71e-04 -1.38e-01 -1.37e-01  0.00e+00  1.73e+01 
 24300| 9.59e-06  4.85e-05  1.70e-04 -1.38e-01 -1.37e-01  0.00e+00  1.74e+01 
 24400| 9.56e-06  4.83e-05  1.70e-04 -1.38e-01 -1.37e-01  0.00e+00  1.75e+01 
 24500| 9.54e-06  4.82e-05  1.69e-04 -1.38e-01 -1.37e-01  0.00e+00  1.75e+01 
 24600| 9.51e-06  4.80e-05  1.69e-04 -1.38e-01 -1.37e-01  0.00e+00  1.76e+01 
 24700| 9.48e-06  4.78e-05  1.68e-04 -1.38e-01 -1.37e-01  0.00e+00  1.77e+01 
 24800| 9.45e-06  4.76e-05  1.68e-04 -1.38e-01 -1.37e-01  0.00e+00  1.77e+01 
 24900| 9.43e-06  4.75e-05  1.67e-04 -1.38e-01 -1.37e-01  0.00e+00  1.78e+01 
 25000| 9.40e-06  4.73e-05  1.67e-04 -1.38e-01 -1.37e-01  0.00e+00  1.79e+01 
 25100| 9.37e-06  4.72e-05  1.66e-04 -1.38e-01 -1.37e-01  0.00e+00  1.79e+01 
 25200| 9.35e-06  4.70e-05  1.66e-04 -1.38e-01 -1.37e-01  0.00e+00  1.80e+01 
 25300| 9.32e-06  4.68e-05  1.65e-04 -1.38e-01 -1.37e-01  0.00e+00  1.81e+01 
 25400| 9.30e-06  4.67e-05  1.65e-04 -1.38e-01 -1.37e-01  0.00e+00  1.81e+01 
 25500| 9.27e-06  4.65e-05  1.64e-04 -1.38e-01 -1.37e-01  0.00e+00  1.82e+01 
 25600| 9.25e-06  4.64e-05  1.64e-04 -1.38e-01 -1.37e-01  0.00e+00  1.83e+01 
 25700| 9.22e-06  4.62e-05  1.64e-04 -1.38e-01 -1.37e-01  0.00e+00  1.83e+01 
 25800| 9.19e-06  4.60e-05  1.63e-04 -1.38e-01 -1.37e-01  0.00e+00  1.84e+01 
 25900| 9.17e-06  4.59e-05  1.63e-04 -1.38e-01 -1.37e-01  0.00e+00  1.85e+01 
 26000| 9.14e-06  4.57e-05  1.62e-04 -1.38e-01 -1.37e-01  0.00e+00  1.86e+01 
 26100| 9.12e-06  4.56e-05  1.62e-04 -1.38e-01 -1.37e-01  0.00e+00  1.86e+01 
 26200| 9.09e-06  4.54e-05  1.61e-04 -1.38e-01 -1.37e-01  0.00e+00  1.87e+01 
 26300| 9.07e-06  4.53e-05  1.61e-04 -1.38e-01 -1.37e-01  0.00e+00  1.88e+01 
 26400| 9.05e-06  4.51e-05  1.60e-04 -1.38e-01 -1.37e-01  0.00e+00  1.88e+01 
 26500| 9.02e-06  4.50e-05  1.60e-04 -1.38e-01 -1.37e-01  0.00e+00  1.89e+01 
 26600| 9.00e-06  4.48e-05  1.60e-04 -1.38e-01 -1.37e-01  0.00e+00  1.90e+01 
 26700| 8.97e-06  4.47e-05  1.59e-04 -1.38e-01 -1.37e-01  0.00e+00  1.90e+01 
 26800| 8.95e-06  4.46e-05  1.59e-04 -1.38e-01 -1.37e-01  0.00e+00  1.91e+01 
 26900| 8.92e-06  4.44e-05  1.58e-04 -1.38e-01 -1.37e-01  0.00e+00  1.92e+01 
 27000| 8.90e-06  4.43e-05  1.58e-04 -1.38e-01 -1.37e-01  0.00e+00  1.92e+01 
 27100| 8.88e-06  4.41e-05  1.58e-04 -1.38e-01 -1.37e-01  0.00e+00  1.93e+01 
 27200| 8.85e-06  4.40e-05  1.57e-04 -1.38e-01 -1.37e-01  0.00e+00  1.94e+01 
 27300| 8.83e-06  4.39e-05  1.57e-04 -1.38e-01 -1.37e-01  0.00e+00  1.94e+01 
 27400| 8.81e-06  4.37e-05  1.56e-04 -1.38e-01 -1.37e-01  0.00e+00  1.95e+01 
 27500| 8.78e-06  4.36e-05  1.56e-04 -1.38e-01 -1.37e-01  0.00e+00  1.96e+01 
 27600| 8.76e-06  4.34e-05  1.55e-04 -1.38e-01 -1.37e-01  0.00e+00  1.97e+01 
 27700| 8.74e-06  4.33e-05  1.55e-04 -1.38e-01 -1.37e-01  0.00e+00  1.97e+01 
 27800| 8.71e-06  4.32e-05  1.55e-04 -1.38e-01 -1.38e-01  0.00e+00  1.98e+01 
 27900| 8.69e-06  4.30e-05  1.54e-04 -1.38e-01 -1.38e-01  0.00e+00  1.99e+01 
 28000| 8.67e-06  4.29e-05  1.54e-04 -1.38e-01 -1.38e-01  0.00e+00  1.99e+01 
 28100| 8.65e-06  4.28e-05  1.53e-04 -1.38e-01 -1.38e-01  0.00e+00  2.00e+01 
 28200| 8.63e-06  4.27e-05  1.53e-04 -1.38e-01 -1.38e-01  0.00e+00  2.01e+01 
 28300| 8.60e-06  4.25e-05  1.53e-04 -1.38e-01 -1.38e-01  0.00e+00  2.01e+01 
 28400| 8.58e-06  4.24e-05  1.52e-04 -1.38e-01 -1.38e-01  0.00e+00  2.02e+01 
 28500| 8.56e-06  4.23e-05  1.52e-04 -1.38e-01 -1.38e-01  0.00e+00  2.03e+01 
 28600| 8.54e-06  4.21e-05  1.52e-04 -1.38e-01 -1.38e-01  0.00e+00  2.03e+01 
 28700| 8.52e-06  4.20e-05  1.51e-04 -1.38e-01 -1.38e-01  0.00e+00  2.04e+01 
 28800| 8.49e-06  4.19e-05  1.51e-04 -1.38e-01 -1.38e-01  0.00e+00  2.05e+01 
 28900| 8.47e-06  4.18e-05  1.50e-04 -1.38e-01 -1.38e-01  0.00e+00  2.05e+01 
 29000| 8.45e-06  4.17e-05  1.50e-04 -1.38e-01 -1.38e-01  0.00e+00  2.06e+01 
 29100| 8.43e-06  4.15e-05  1.50e-04 -1.38e-01 -1.38e-01  0.00e+00  2.07e+01 
 29200| 8.41e-06  4.14e-05  1.49e-04 -1.38e-01 -1.38e-01  0.00e+00  2.07e+01 
 29300| 8.39e-06  4.13e-05  1.49e-04 -1.38e-01 -1.38e-01  0.00e+00  2.08e+01 
 29400| 8.37e-06  4.12e-05  1.49e-04 -1.38e-01 -1.38e-01  0.00e+00  2.09e+01 
 29500| 8.35e-06  4.11e-05  1.48e-04 -1.38e-01 -1.38e-01  0.00e+00  2.10e+01 
 29600| 8.33e-06  4.09e-05  1.48e-04 -1.38e-01 -1.38e-01  0.00e+00  2.10e+01 
 29700| 8.31e-06  4.08e-05  1.47e-04 -1.38e-01 -1.38e-01  0.00e+00  2.11e+01 
 29800| 8.29e-06  4.07e-05  1.47e-04 -1.38e-01 -1.38e-01  0.00e+00  2.12e+01 
 29900| 8.27e-06  4.06e-05  1.47e-04 -1.38e-01 -1.38e-01  0.00e+00  2.12e+01 
 30000| 8.25e-06  4.05e-05  1.46e-04 -1.38e-01 -1.38e-01  0.00e+00  2.13e+01 
 30100| 8.23e-06  4.04e-05  1.46e-04 -1.38e-01 -1.38e-01  0.00e+00  2.14e+01 
 30200| 8.21e-06  4.03e-05  1.46e-04 -1.38e-01 -1.38e-01  0.00e+00  2.14e+01 
 30300| 8.19e-06  4.01e-05  1.45e-04 -1.38e-01 -1.38e-01  0.00e+00  2.15e+01 
 30400| 8.17e-06  4.00e-05  1.45e-04 -1.38e-01 -1.38e-01  0.00e+00  2.16e+01 
 30500| 8.15e-06  3.99e-05  1.45e-04 -1.38e-01 -1.38e-01  0.00e+00  2.16e+01 
 30600| 8.13e-06  3.98e-05  1.44e-04 -1.38e-01 -1.38e-01  0.00e+00  2.17e+01 
 30700| 8.11e-06  3.97e-05  1.44e-04 -1.38e-01 -1.38e-01  0.00e+00  2.18e+01 
 30800| 8.09e-06  3.96e-05  1.44e-04 -1.38e-01 -1.38e-01  0.00e+00  2.18e+01 
 30900| 8.07e-06  3.95e-05  1.43e-04 -1.38e-01 -1.38e-01  0.00e+00  2.19e+01 
 31000| 8.05e-06  3.94e-05  1.43e-04 -1.38e-01 -1.38e-01  0.00e+00  2.20e+01 
 31100| 8.03e-06  3.93e-05  1.43e-04 -1.38e-01 -1.38e-01  0.00e+00  2.20e+01 
 31200| 8.01e-06  3.92e-05  1.42e-04 -1.38e-01 -1.38e-01  0.00e+00  2.21e+01 
 31300| 7.99e-06  3.91e-05  1.42e-04 -1.38e-01 -1.38e-01  0.00e+00  2.22e+01 
 31400| 7.97e-06  3.90e-05  1.42e-04 -1.38e-01 -1.38e-01  0.00e+00  2.22e+01 
 31500| 7.95e-06  3.89e-05  1.41e-04 -1.38e-01 -1.38e-01  0.00e+00  2.23e+01 
 31600| 7.94e-06  3.88e-05  1.41e-04 -1.38e-01 -1.38e-01  0.00e+00  2.24e+01 
 31700| 7.92e-06  3.87e-05  1.41e-04 -1.38e-01 -1.38e-01  0.00e+00  2.25e+01 
 31800| 7.90e-06  3.86e-05  1.40e-04 -1.38e-01 -1.38e-01  0.00e+00  2.25e+01 
 31900| 7.88e-06  3.85e-05  1.40e-04 -1.38e-01 -1.38e-01  0.00e+00  2.26e+01 
 32000| 7.86e-06  3.84e-05  1.40e-04 -1.38e-01 -1.38e-01  0.00e+00  2.27e+01 
 32100| 7.85e-06  3.83e-05  1.39e-04 -1.38e-01 -1.38e-01  0.00e+00  2.27e+01 
 32200| 7.83e-06  3.82e-05  1.39e-04 -1.38e-01 -1.38e-01  0.00e+00  2.28e+01 
 32300| 7.81e-06  3.81e-05  1.39e-04 -1.38e-01 -1.38e-01  0.00e+00  2.29e+01 
 32400| 7.79e-06  3.80e-05  1.38e-04 -1.38e-01 -1.38e-01  0.00e+00  2.29e+01 
 32500| 7.77e-06  3.79e-05  1.38e-04 -1.38e-01 -1.38e-01  0.00e+00  2.30e+01 
 32600| 7.76e-06  3.78e-05  1.38e-04 -1.38e-01 -1.38e-01  0.00e+00  2.31e+01 
 32700| 7.74e-06  3.77e-05  1.37e-04 -1.38e-01 -1.38e-01  0.00e+00  2.31e+01 
 32800| 7.72e-06  3.76e-05  1.37e-04 -1.38e-01 -1.38e-01  0.00e+00  2.32e+01 
 32900| 7.70e-06  3.75e-05  1.37e-04 -1.38e-01 -1.38e-01  0.00e+00  2.33e+01 
 33000| 7.69e-06  3.74e-05  1.36e-04 -1.38e-01 -1.38e-01  0.00e+00  2.33e+01 
 33100| 7.67e-06  3.73e-05  1.36e-04 -1.38e-01 -1.38e-01  0.00e+00  2.34e+01 
 33200| 7.65e-06  3.72e-05  1.36e-04 -1.38e-01 -1.38e-01  0.00e+00  2.35e+01 
 33300| 7.63e-06  3.71e-05  1.36e-04 -1.38e-01 -1.38e-01  0.00e+00  2.36e+01 
 33400| 7.62e-06  3.70e-05  1.35e-04 -1.38e-01 -1.38e-01  0.00e+00  2.36e+01 
 33500| 7.60e-06  3.69e-05  1.35e-04 -1.38e-01 -1.38e-01  0.00e+00  2.37e+01 
 33600| 7.58e-06  3.69e-05  1.35e-04 -1.38e-01 -1.38e-01  0.00e+00  2.38e+01 
 33700| 7.57e-06  3.68e-05  1.34e-04 -1.38e-01 -1.38e-01  0.00e+00  2.38e+01 
 33800| 7.55e-06  3.67e-05  1.34e-04 -1.38e-01 -1.38e-01  0.00e+00  2.39e+01 
 33900| 7.53e-06  3.66e-05  1.34e-04 -1.38e-01 -1.38e-01  0.00e+00  2.40e+01 
 34000| 7.51e-06  3.65e-05  1.34e-04 -1.38e-01 -1.38e-01  0.00e+00  2.40e+01 
 34100| 7.49e-06  3.64e-05  1.33e-04 -1.38e-01 -1.38e-01  0.00e+00  2.41e+01 
 34200| 7.47e-06  3.63e-05  1.33e-04 -1.38e-01 -1.38e-01  0.00e+00  2.42e+01 
 34300| 7.45e-06  3.62e-05  1.33e-04 -1.38e-01 -1.38e-01  0.00e+00  2.42e+01 
 34400| 7.43e-06  3.62e-05  1.32e-04 -1.38e-01 -1.38e-01  0.00e+00  2.43e+01 
 34500| 7.42e-06  3.61e-05  1.32e-04 -1.38e-01 -1.38e-01  0.00e+00  2.44e+01 
 34600| 7.41e-06  3.60e-05  1.32e-04 -1.38e-01 -1.38e-01  0.00e+00  2.44e+01 
 34700| 7.40e-06  3.59e-05  1.31e-04 -1.38e-01 -1.38e-01  0.00e+00  2.45e+01 
 34800| 7.38e-06  3.58e-05  1.31e-04 -1.38e-01 -1.38e-01  0.00e+00  2.46e+01 
 34900| 7.37e-06  3.57e-05  1.31e-04 -1.38e-01 -1.38e-01  0.00e+00  2.46e+01 
 35000| 7.35e-06  3.57e-05  1.31e-04 -1.38e-01 -1.38e-01  0.00e+00  2.47e+01 
 35100| 7.34e-06  3.56e-05  1.30e-04 -1.38e-01 -1.38e-01  0.00e+00  2.48e+01 
 35200| 7.32e-06  3.55e-05  1.30e-04 -1.38e-01 -1.38e-01  0.00e+00  2.48e+01 
 35300| 7.31e-06  3.54e-05  1.30e-04 -1.38e-01 -1.38e-01  0.00e+00  2.49e+01 
 35400| 7.29e-06  3.53e-05  1.30e-04 -1.38e-01 -1.38e-01  0.00e+00  2.50e+01 
 35500| 7.28e-06  3.53e-05  1.29e-04 -1.38e-01 -1.38e-01  0.00e+00  2.50e+01 
 35600| 7.26e-06  3.52e-05  1.29e-04 -1.38e-01 -1.38e-01  0.00e+00  2.51e+01 
 35700| 7.24e-06  3.51e-05  1.29e-04 -1.38e-01 -1.38e-01  0.00e+00  2.52e+01 
 35800| 7.23e-06  3.50e-05  1.28e-04 -1.38e-01 -1.38e-01  0.00e+00  2.52e+01 
 35900| 7.21e-06  3.49e-05  1.28e-04 -1.38e-01 -1.38e-01  0.00e+00  2.53e+01 
 36000| 7.20e-06  3.49e-05  1.28e-04 -1.38e-01 -1.38e-01  0.00e+00  2.54e+01 
 36100| 7.18e-06  3.48e-05  1.28e-04 -1.38e-01 -1.38e-01  0.00e+00  2.54e+01 
 36200| 7.17e-06  3.47e-05  1.27e-04 -1.38e-01 -1.38e-01  0.00e+00  2.55e+01 
 36300| 7.15e-06  3.46e-05  1.27e-04 -1.38e-01 -1.38e-01  0.00e+00  2.56e+01 
 36400| 7.14e-06  3.46e-05  1.27e-04 -1.38e-01 -1.38e-01  0.00e+00  2.56e+01 
 36500| 7.12e-06  3.45e-05  1.27e-04 -1.38e-01 -1.38e-01  0.00e+00  2.57e+01 
 36600| 7.11e-06  3.44e-05  1.26e-04 -1.38e-01 -1.38e-01  0.00e+00  2.58e+01 
 36700| 7.10e-06  3.43e-05  1.26e-04 -1.38e-01 -1.38e-01  0.00e+00  2.58e+01 
 36800| 7.08e-06  3.43e-05  1.26e-04 -1.38e-01 -1.38e-01  0.00e+00  2.59e+01 
 36900| 7.07e-06  3.42e-05  1.26e-04 -1.38e-01 -1.38e-01  0.00e+00  2.60e+01 
 37000| 7.05e-06  3.41e-05  1.25e-04 -1.38e-01 -1.38e-01  0.00e+00  2.60e+01 
 37100| 7.04e-06  3.40e-05  1.25e-04 -1.38e-01 -1.38e-01  0.00e+00  2.61e+01 
 37200| 7.02e-06  3.40e-05  1.25e-04 -1.38e-01 -1.38e-01  0.00e+00  2.62e+01 
 37300| 7.01e-06  3.39e-05  1.25e-04 -1.38e-01 -1.38e-01  0.00e+00  2.62e+01 
 37400| 6.99e-06  3.38e-05  1.24e-04 -1.38e-01 -1.38e-01  0.00e+00  2.63e+01 
 37500| 6.98e-06  3.37e-05  1.24e-04 -1.38e-01 -1.38e-01  0.00e+00  2.63e+01 
 37600| 6.97e-06  3.37e-05  1.24e-04 -1.38e-01 -1.38e-01  0.00e+00  2.64e+01 
 37700| 6.95e-06  3.36e-05  1.24e-04 -1.38e-01 -1.38e-01  0.00e+00  2.65e+01 
 37800| 6.94e-06  3.35e-05  1.23e-04 -1.38e-01 -1.38e-01  0.00e+00  2.65e+01 
 37900| 6.92e-06  3.35e-05  1.23e-04 -1.38e-01 -1.38e-01  0.00e+00  2.66e+01 
 38000| 6.91e-06  3.34e-05  1.23e-04 -1.38e-01 -1.38e-01  0.00e+00  2.67e+01 
 38100| 6.90e-06  3.33e-05  1.23e-04 -1.38e-01 -1.38e-01  0.00e+00  2.67e+01 
 38200| 6.88e-06  3.33e-05  1.22e-04 -1.38e-01 -1.38e-01  0.00e+00  2.68e+01 
 38300| 6.87e-06  3.32e-05  1.22e-04 -1.38e-01 -1.38e-01  0.00e+00  2.69e+01 
 38400| 6.86e-06  3.31e-05  1.22e-04 -1.38e-01 -1.38e-01  0.00e+00  2.69e+01 
 38500| 6.84e-06  3.31e-05  1.22e-04 -1.38e-01 -1.38e-01  0.00e+00  2.70e+01 
 38600| 6.83e-06  3.30e-05  1.21e-04 -1.38e-01 -1.38e-01  0.00e+00  2.71e+01 
 38700| 6.82e-06  3.29e-05  1.21e-04 -1.38e-01 -1.38e-01  0.00e+00  2.71e+01 
 38800| 6.80e-06  3.29e-05  1.21e-04 -1.38e-01 -1.38e-01  0.00e+00  2.72e+01 
 38900| 6.79e-06  3.28e-05  1.21e-04 -1.38e-01 -1.38e-01  0.00e+00  2.73e+01 
 39000| 6.78e-06  3.27e-05  1.20e-04 -1.38e-01 -1.38e-01  0.00e+00  2.73e+01 
 39100| 6.76e-06  3.27e-05  1.20e-04 -1.38e-01 -1.38e-01  0.00e+00  2.74e+01 
 39200| 6.75e-06  3.26e-05  1.20e-04 -1.38e-01 -1.38e-01  0.00e+00  2.75e+01 
 39300| 6.74e-06  3.25e-05  1.20e-04 -1.38e-01 -1.38e-01  0.00e+00  2.75e+01 
 39400| 6.72e-06  3.25e-05  1.19e-04 -1.38e-01 -1.38e-01  0.00e+00  2.76e+01 
 39500| 6.71e-06  3.24e-05  1.19e-04 -1.38e-01 -1.38e-01  0.00e+00  2.77e+01 
 39600| 6.70e-06  3.23e-05  1.19e-04 -1.38e-01 -1.38e-01  0.00e+00  2.77e+01 
 39700| 6.68e-06  3.23e-05  1.19e-04 -1.38e-01 -1.38e-01  0.00e+00  2.78e+01 
 39800| 6.67e-06  3.22e-05  1.19e-04 -1.38e-01 -1.38e-01  0.00e+00  2.79e+01 
 39900| 6.66e-06  3.22e-05  1.18e-04 -1.38e-01 -1.38e-01  0.00e+00  2.79e+01 
 40000| 6.65e-06  3.21e-05  1.18e-04 -1.38e-01 -1.38e-01  0.00e+00  2.80e+01 
 40100| 6.63e-06  3.20e-05  1.18e-04 -1.38e-01 -1.38e-01  0.00e+00  2.81e+01 
 40200| 6.62e-06  3.20e-05  1.18e-04 -1.38e-01 -1.38e-01  0.00e+00  2.81e+01 
 40300| 6.61e-06  3.19e-05  1.17e-04 -1.38e-01 -1.38e-01  0.00e+00  2.82e+01 
 40400| 6.60e-06  3.18e-05  1.17e-04 -1.38e-01 -1.38e-01  0.00e+00  2.83e+01 
 40500| 6.58e-06  3.18e-05  1.17e-04 -1.38e-01 -1.38e-01  0.00e+00  2.83e+01 
 40600| 6.57e-06  3.17e-05  1.17e-04 -1.38e-01 -1.38e-01  0.00e+00  2.84e+01 
 40700| 6.56e-06  3.17e-05  1.17e-04 -1.38e-01 -1.38e-01  0.00e+00  2.84e+01 
 40800| 6.55e-06  3.16e-05  1.16e-04 -1.38e-01 -1.38e-01  0.00e+00  2.85e+01 
 40900| 6.53e-06  3.15e-05  1.16e-04 -1.38e-01 -1.38e-01  0.00e+00  2.86e+01 
 41000| 6.52e-06  3.15e-05  1.16e-04 -1.38e-01 -1.38e-01  0.00e+00  2.86e+01 
 41100| 6.51e-06  3.14e-05  1.16e-04 -1.38e-01 -1.38e-01  0.00e+00  2.87e+01 
 41200| 6.50e-06  3.14e-05  1.15e-04 -1.38e-01 -1.38e-01  0.00e+00  2.88e+01 
 41300| 6.49e-06  3.13e-05  1.15e-04 -1.38e-01 -1.38e-01  0.00e+00  2.88e+01 
 41400| 6.48e-06  3.13e-05  1.15e-04 -1.38e-01 -1.38e-01  0.00e+00  2.89e+01 
 41500| 6.46e-06  3.12e-05  1.15e-04 -1.38e-01 -1.38e-01  0.00e+00  2.90e+01 
 41600| 6.45e-06  3.11e-05  1.15e-04 -1.38e-01 -1.38e-01  0.00e+00  2.90e+01 
 41700| 6.44e-06  3.11e-05  1.14e-04 -1.38e-01 -1.38e-01  0.00e+00  2.91e+01 
 41800| 6.43e-06  3.10e-05  1.14e-04 -1.38e-01 -1.38e-01  0.00e+00  2.92e+01 
 41900| 6.42e-06  3.10e-05  1.14e-04 -1.38e-01 -1.38e-01  0.00e+00  2.92e+01 
 42000| 6.41e-06  3.09e-05  1.14e-04 -1.38e-01 -1.38e-01  0.00e+00  2.93e+01 
 42100| 6.38e-06  3.09e-05  1.14e-04 -1.38e-01 -1.38e-01  0.00e+00  2.94e+01 
 42200| 6.38e-06  3.08e-05  1.13e-04 -1.38e-01 -1.38e-01  0.00e+00  2.94e+01 
 42300| 6.36e-06  3.07e-05  1.13e-04 -1.38e-01 -1.38e-01  0.00e+00  2.95e+01 
 42400| 6.35e-06  3.07e-05  1.13e-04 -1.38e-01 -1.38e-01  0.00e+00  2.96e+01 
 42500| 6.34e-06  3.06e-05  1.13e-04 -1.38e-01 -1.38e-01  0.00e+00  2.96e+01 
 42600| 6.34e-06  3.06e-05  1.13e-04 -1.38e-01 -1.38e-01  0.00e+00  2.97e+01 
 42700| 6.34e-06  3.05e-05  1.12e-04 -1.38e-01 -1.38e-01  0.00e+00  2.97e+01 
 42800| 6.31e-06  3.05e-05  1.12e-04 -1.38e-01 -1.38e-01  0.00e+00  2.98e+01 
 42900| 6.30e-06  3.04e-05  1.12e-04 -1.38e-01 -1.38e-01  0.00e+00  2.99e+01 
 43000| 6.29e-06  3.04e-05  1.12e-04 -1.38e-01 -1.38e-01  0.00e+00  2.99e+01 
 43100| 6.27e-06  3.03e-05  1.12e-04 -1.38e-01 -1.38e-01  0.00e+00  3.00e+01 
 43200| 6.28e-06  3.03e-05  1.11e-04 -1.38e-01 -1.38e-01  0.00e+00  3.01e+01 
 43300| 6.26e-06  3.02e-05  1.11e-04 -1.38e-01 -1.38e-01  0.00e+00  3.01e+01 
 43400| 6.25e-06  3.02e-05  1.11e-04 -1.38e-01 -1.38e-01  0.00e+00  3.02e+01 
 43500| 6.23e-06  3.01e-05  1.11e-04 -1.38e-01 -1.38e-01  0.00e+00  3.03e+01 
 43600| 6.23e-06  3.01e-05  1.11e-04 -1.38e-01 -1.38e-01  0.00e+00  3.03e+01 
 43700| 6.21e-06  3.00e-05  1.10e-04 -1.38e-01 -1.38e-01  0.00e+00  3.04e+01 
 43800| 6.21e-06  3.00e-05  1.10e-04 -1.38e-01 -1.38e-01  0.00e+00  3.05e+01 
 43900| 6.20e-06  2.99e-05  1.10e-04 -1.38e-01 -1.38e-01  0.00e+00  3.05e+01 
 44000| 6.16e-06  2.99e-05  1.10e-04 -1.38e-01 -1.38e-01  0.00e+00  3.06e+01 
 44100| 6.17e-06  2.98e-05  1.10e-04 -1.38e-01 -1.38e-01  0.00e+00  3.06e+01 
 44200| 6.15e-06  2.98e-05  1.09e-04 -1.38e-01 -1.38e-01  0.00e+00  3.07e+01 
 44300| 6.14e-06  2.97e-05  1.09e-04 -1.38e-01 -1.38e-01  0.00e+00  3.08e+01 
 44400| 6.13e-06  2.97e-05  1.09e-04 -1.38e-01 -1.38e-01  0.00e+00  3.08e+01 
 44500| 6.13e-06  2.96e-05  1.09e-04 -1.38e-01 -1.38e-01  0.00e+00  3.09e+01 
 44600| 6.12e-06  2.96e-05  1.09e-04 -1.38e-01 -1.38e-01  0.00e+00  3.10e+01 
 44700| 6.11e-06  2.95e-05  1.09e-04 -1.38e-01 -1.38e-01  0.00e+00  3.10e+01 
 44800| 6.10e-06  2.95e-05  1.08e-04 -1.38e-01 -1.38e-01  0.00e+00  3.11e+01 
 44900| 6.09e-06  2.94e-05  1.08e-04 -1.38e-01 -1.38e-01  0.00e+00  3.12e+01 
 45000| 6.09e-06  2.94e-05  1.08e-04 -1.38e-01 -1.38e-01  0.00e+00  3.12e+01 
 45100| 6.06e-06  2.93e-05  1.08e-04 -1.38e-01 -1.38e-01  0.00e+00  3.13e+01 
 45200| 6.06e-06  2.93e-05  1.08e-04 -1.38e-01 -1.38e-01  0.00e+00  3.14e+01 
 45300| 6.06e-06  2.92e-05  1.07e-04 -1.38e-01 -1.38e-01  0.00e+00  3.14e+01 
 45400| 6.04e-06  2.92e-05  1.07e-04 -1.38e-01 -1.38e-01  0.00e+00  3.15e+01 
 45500| 6.02e-06  2.91e-05  1.07e-04 -1.38e-01 -1.38e-01  0.00e+00  3.15e+01 
 45600| 6.03e-06  2.91e-05  1.07e-04 -1.38e-01 -1.38e-01  0.00e+00  3.16e+01 
 45700| 6.01e-06  2.90e-05  1.07e-04 -1.38e-01 -1.38e-01  0.00e+00  3.17e+01 
 45800| 5.99e-06  2.90e-05  1.07e-04 -1.38e-01 -1.38e-01  0.00e+00  3.17e+01 
 45900| 5.99e-06  2.89e-05  1.06e-04 -1.38e-01 -1.38e-01  0.00e+00  3.18e+01 
 46000| 5.97e-06  2.89e-05  1.06e-04 -1.38e-01 -1.38e-01  0.00e+00  3.19e+01 
 46100| 5.98e-06  2.88e-05  1.06e-04 -1.38e-01 -1.38e-01  0.00e+00  3.19e+01 
 46200| 5.96e-06  2.88e-05  1#SOLVERNAME# SCS
#SOLVER# SCS.SCSSolver(Any[(:verbose, 1), (:eps, 0.0001), (:max_iters, 50000)])
#INSTANCE# _1.499549664722462e9.cbf.gz
#TIMELIMIT# 300.0
#ERROR# MethodError(MathProgBase.SolverInterface.getsolvetime, (SCS.SCSMathProgModel(697, 232, 601, 232, 
  [1  ,   1]  =  -0.197026
  [2  ,   1]  =  -0.00197035
  [3  ,   1]  =  -0.00142535
  [4  ,   1]  =  -0.0264558
  [5  ,   1]  =  0.00275014
  [89 ,   1]  =  1.0
  [90 ,   1]  =  1.0
  [186,   1]  =  -1.0
  [1  ,   2]  =  -0.00197035
  [2  ,   2]  =  -0.362366
  [3  ,   2]  =  -0.0193297
  [4  ,   2]  =  -0.0188271
  [5  ,   2]  =  -0.00988395
  [89 ,   2]  =  1.0
  [91 ,   2]  =  1.0
  [187,   2]  =  -1.0
  [1  ,   3]  =  -0.00142535
  [2  ,   3]  =  -0.0193297
  [3  ,   3]  =  -0.836643
  [4  ,   3]  =  -0.0412114
  [5  ,   3]  =  -0.0172697
  [89 ,   3]  =  1.0
  [92 ,   3]  =  1.0
  [188,   3]  =  -1.0
  [1  ,   4]  =  -0.0264558
  [2  ,   4]  =  -0.0188271
  [3  ,   4]  =  -0.0412114
  [4  ,   4]  =  -0.286847
  [5  ,   4]  =  -0.0114169
  [89 ,   4]  =  1.0
  [93 ,   4]  =  1.0
  [189,   4]  =  -1.0
  [1  ,   5]  =  0.00275014
  [2  ,   5]  =  -0.00988395
  [3  ,   5]  =  -0.0172697
  [4  ,   5]  =  -0.0114169
  [5  ,   5]  =  -1.11593
  [89 ,   5]  =  1.0
  [94 ,   5]  =  1.0
  [190,   5]  =  -1.0
  [6  ,   6]  =  -0.240453
  [7  ,   6]  =  -0.0236038
  [8  ,   6]  =  -0.0296998
  [9  ,   6]  =  -0.00719521
  [10 ,   6]  =  0.00122428
  [89 ,   6]  =  1.0
  [95 ,   6]  =  1.0
  [191,   6]  =  -1.0
  [6  ,   7]  =  -0.0236038
  [7  ,   7]  =  -0.290523
  [8  ,   7]  =  0.00501256
  [9  ,   7]  =  -0.0228527
  [10 ,   7]  =  -0.0139349
  [89 ,   7]  =  1.0
  [96 ,   7]  =  1.0
  [192,   7]  =  -1.0
  [6  ,   8]  =  -0.0296998
  [7  ,   8]  =  0.00501256
  [8  ,   8]  =  -0.306932
  [9  ,   8]  =  0.0046024
  [10 ,   8]  =  -0.0168446
  [89 ,   8]  =  1.0
  [97 ,   8]  =  1.0
  [193,   8]  =  -1.0
  [6  ,   9]  =  -0.00719521
  [7  ,   9]  =  -0.0228527
  [8  ,   9]  =  0.0046024
  [9  ,   9]  =  -0.181338
  [10 ,   9]  =  -0.0163581
  [89 ,   9]  =  1.0
  [98 ,   9]  =  1.0
  [194,   9]  =  -1.0
  [6  ,  10]  =  0.00122428
  [7  ,  10]  =  -0.0139349
  [8  ,  10]  =  -0.0168446
  [9  ,  10]  =  -0.0163581
  [10 ,  10]  =  -0.244276
  [89 ,  10]  =  1.0
  [99 ,  10]  =  1.0
  [195,  10]  =  -1.0
  [11 ,  11]  =  -0.280037
  [12 ,  11]  =  -0.0207408
  [13 ,  11]  =  -0.00698789
  [14 ,  11]  =  -0.00523783
  [15 ,  11]  =  -0.00615161
  [89 ,  11]  =  1.0
  [100,  11]  =  1.0
  [196,  11]  =  -1.0
  [11 ,  12]  =  -0.0207408
  [12 ,  12]  =  -0.317987
  [13 ,  12]  =  -0.0242986
  [14 ,  12]  =  -0.0054175
  [15 ,  12]  =  -0.00702537
  [89 ,  12]  =  1.0
  [101,  12]  =  1.0
  [197,  12]  =  -1.0
  [11 ,  13]  =  -0.00698789
  [12 ,  13]  =  -0.0242986
  [13 ,  13]  =  -0.220551
  [14 ,  13]  =  -0.00645202
  [15 ,  13]  =  -0.0198023
  [89 ,  13]  =  1.0
  [102,  13]  =  1.0
  [198,  13]  =  -1.0
  [11 ,  14]  =  -0.00523783
  [12 ,  14]  =  -0.0054175
  [13 ,  14]  =  -0.00645202
  [14 ,  14]  =  -0.188077
  [15 ,  14]  =  -0.00391866
  [89 ,  14]  =  1.0
  [103,  14]  =  1.0
  [199,  14]  =  -1.0
  [11 ,  15]  =  -0.00615161
  [12 ,  15]  =  -0.00702537
  [13 ,  15]  =  -0.0198023
  [14 ,  15]  =  -0.00391866
  [15 ,  15]  =  -0.143793
  [89 ,  15]  =  1.0
  [104,  15]  =  1.0
  [200,  15]  =  -1.0
  [16 ,  16]  =  -0.175201
  [17 ,  16]  =  -0.0179306
  [18 ,  16]  =  -0.00870341
  [19 ,  16]  =  -0.0171153
  [20 ,  16]  =  -0.0146713
  [89 ,  16]  =  1.0
  [105,  16]  =  1.0
  [201,  16]  =  -1.0
  [16 ,  17]  =  -0.0179306
  [17 ,  17]  =  -0.15941
  [18 ,  17]  =  0.00225847
  [19 ,  17]  =  -0.0103734
  [20 ,  17]  =  -0.0244233
  [89 ,  17]  =  1.0
  [106,  17]  =  1.0
  [202,  17]  =  -1.0
  [16 ,  18]  =  -0.00870341
  [17 ,  18]  =  0.00225847
  [18 ,  18]  =  -0.194816
  [19 ,  18]  =  0.00698099
  [20 ,  18]  =  -0.000194907
  [89 ,  18]  =  1.0
  [107,  18]  =  1.0
  [203,  18]  =  -1.0
  [16 ,  19]  =  -0.0171153
  [17 ,  19]  =  -0.0103734
  [18 ,  19]  =  0.00698099
  [19 ,  19]  =  -0.442658
  [20 ,  19]  =  -0.039672
  [89 ,  19]  =  1.0
  [108,  19]  =  1.0
  [204,  19]  =  -1.0
  [16 ,  20]  =  -0.0146713
  [17 ,  20]  =  -0.0244233
  [18 ,  20]  =  -0.000194907
  [19 ,  20]  =  -0.039672
  [20 ,  20]  =  -0.897741
  [89 ,  20]  =  1.0
  [109,  20]  =  1.0
  [205,  20]  =  -1.0
  [21 ,  21]  =  -1.74118
  [22 ,  21]  =  -0.023428
  [23 ,  21]  =  -0.0267344
  [24 ,  21]  =  -0.00410446
  [25 ,  21]  =  0.0222997
  [89 ,  21]  =  1.0
  [110,  21]  =  1.0
  [206,  21]  =  -1.0
  [21 ,  22]  =  -0.023428
  [22 ,  22]  =  -0.15387
  [23 ,  22]  =  -0.00262886
  [24 ,  22]  =  -0.0167785
  [25 ,  22]  =  0.00876492
  [89 ,  22]  =  1.0
  [111,  22]  =  1.0
  [207,  22]  =  -1.0
  [21 ,  23]  =  -0.0267344
  [22 ,  23]  =  -0.00262886
  [23 ,  23]  =  -0.334627
  [24 ,  23]  =  -0.00398609
  [25 ,  23]  =  -0.0115625
  [89 ,  23]  =  1.0
  [112,  23]  =  1.0
  [208,  23]  =  -1.0
  [21 ,  24]  =  -0.00410446
  [22 ,  24]  =  -0.0167785
  [23 ,  24]  =  -0.00398609
  [24 ,  24]  =  -0.197283
  [25 ,  24]  =  -0.000621376
  [89 ,  24]  =  1.0
  [113,  24]  =  1.0
  [209,  24]  =  -1.0
  [21 ,  25]  =  0.0222997
  [22 ,  25]  =  0.00876492
  [23 ,  25]  =  -0.0115625
  [24 ,  25]  =  -0.000621376
  [25 ,  25]  =  -0.974428
  [89 ,  25]  =  1.0
  [114,  25]  =  1.0
  [210,  25]  =  -1.0
  [26 ,  26]  =  -0.406459
  [27 ,  26]  =  -0.00881624
  [28 ,  26]  =  -0.0176809
  [29 ,  26]  =  -0.0200255
  [30 ,  26]  =  0.00206967
  [89 ,  26]  =  1.0
  [115,  26]  =  1.0
  [211,  26]  =  -1.0
  [26 ,  27]  =  -0.00881624
  [27 ,  27]  =  -0.149188
  [28 ,  27]  =  -0.0132265
  [29 ,  27]  =  -0.00903882
  [30 ,  27]  =  -0.0171958
  [89 ,  27]  =  1.0
  [116,  27]  =  1.0
  [212,  27]  =  -1.0
  [26 ,  28]  =  -0.0176809
  [27 ,  28]  =  -0.0132265
  [28 ,  28]  =  -0.248528
  [29 ,  28]  =  -0.0447684
  [30 ,  28]  =  -0.00904682
  [89 ,  28]  =  1.0
  [117,  28]  =  1.0
  [213,  28]  =  -1.0
  [26 ,  29]  =  -0.0200255
  [27 ,  29]  =  -0.00903882
  [28 ,  29]  =  -0.0447684
  [29 ,  29]  =  -0.420074
  [30 ,  29]  =  -0.0156434
  [89 ,  29]  =  1.0
  [118,  29]  =  1.0
  [214,  29]  =  -1.0
  [26 ,  30]  =  0.00206967
  [27 ,  30]  =  -0.0171958
  [28 ,  30]  =  -0.00904682
  [29 ,  30]  =  -0.0156434
  [30 ,  30]  =  -0.142558
  [89 ,  30]  =  1.0
  [119,  30]  =  1.0
  [215,  30]  =  -1.0
  [31 ,  31]  =  -0.217628
  [32 ,  31]  =  -0.0224333
  [33 ,  31]  =  -0.0140775
  [34 ,  31]  =  -0.0119792
  [35 ,  31]  =  -0.0160728
  [89 ,  31]  =  1.0
  [120,  31]  =  1.0
  [216,  31]  =  -1.0
  [31 ,  32]  =  -0.0224333
  [32 ,  32]  =  -0.230663
  [33 ,  32]  =  -0.0261764
  [34 ,  32]  =  -0.00603609
  [35 ,  32]  =  -0.010367
  [89 ,  32]  =  1.0
  [121,  32]  =  1.0
  [217,  32]  =  -1.0
  [31 ,  33]  =  -0.0140775
  [32 ,  33]  =  -0.0261764
  [33 ,  33]  =  -0.493853
  [34 ,  33]  =  -0.0398709
  [35 ,  33]  =  -0.0296431
  [89 ,  33]  =  1.0
  [122,  33]  =  1.0
  [218,  33]  =  -1.0
  [31 ,  34]  =  -0.0119792
  [32 ,  34]  =  -0.00603609
  [33 ,  34]  =  -0.0398709
  [34 ,  34]  =  -0.165915
  [35 ,  34]  =  -0.00654326
  [89 ,  34]  =  1.0
  [123,  34]  =  1.0
  [219,  34]  =  -1.0
  [31 ,  35]  =  -0.0160728
  [32 ,  35]  =  -0.010367
  [33 ,  35]  =  -0.0296431
  [34 ,  35]  =  -0.00654326
  [35 ,  35]  =  -0.174386
  [89 ,  35]  =  1.0
  [124,  35]  =  1.0
  [220,  35]  =  -1.0
  [36 ,  36]  =  -0.398648
  [37 ,  36]  =  -0.00174377
  [38 ,  36]  =  -0.0113586
  [39 ,  36]  =  0.00482792
  [40 ,  36]  =  -0.0142435
  [89 ,  36]  =  1.0
  [125,  36]  =  1.0
  [221,  36]  =  -1.0
  [36 ,  37]  =  -0.00174377
  [37 ,  37]  =  -0.284985
  [38 ,  37]  =  0.0092232
  [39 ,  37]  =  -0.0260371
  [40 ,  37]  =  -0.0312169
  [89 ,  37]  =  1.0
  [126,  37]  =  1.0
  [222,  37]  =  -1.0
  [36 ,  38]  =  -0.0113586
  [37 ,  38]  =  0.0092232
  [38 ,  38]  =  -0.713761
  [39 ,  38]  =  -0.0293617
  [40 ,  38]  =  -0.013584
  [89 ,  38]  =  1.0
  [127,  38]  =  1.0
  [223,  38]  =  -1.0
  [36 ,  39]  =  0.00482792
  [37 ,  39]  =  -0.0260371
  [38 ,  39]  =  -0.0293617
  [39 ,  39]  =  -0.209268
  [40 ,  39]  =  -0.000363389
  [89 ,  39]  =  1.0
  [128,  39]  =  1.0
  [224,  39]  =  -1.0
  [36 ,  40]  =  -0.0142435
  [37 ,  40]  =  -0.0312169
  [38 ,  40]  =  -0.013584
  [39 ,  40]  =  -0.000363389
  [40 ,  40]  =  -0.223129
  [89 ,  40]  =  1.0
  [129,  40]  =  1.0
  [225,  40]  =  -1.0
  [41 ,  41]  =  -0.404141
  [42 ,  41]  =  0.00634042
  [43 ,  41]  =  -0.00201787
  [89 ,  41]  =  1.0
  [130,  41]  =  1.0
  [226,  41]  =  -1.0
  [41 ,  42]  =  0.00634042
  [42 ,  42]  =  -0.295992
  [43 ,  42]  =  -0.0146307
  [89 ,  42]  =  1.0
  [131,  42]  =  1.0
  [227,  42]  =  -1.0
  [41 ,  43]  =  -0.00201787
  [42 ,  43]  =  -0.0146307
  [43 ,  43]  =  -0.22342
  [89 ,  43]  =  1.0
  [132,  43]  =  1.0
  [228,  43]  =  -1.0
  [44 ,  44]  =  -0.345044
  [45 ,  44]  =  -0.0187125
  [46 ,  44]  =  -0.0195362
  [89 ,  44]  =  1.0
  [133,  44]  =  1.0
  [229,  44]  =  -1.0
  [44 ,  45]  =  -0.0187125
  [45 ,  45]  =  -0.183323
  [46 ,  45]  =  0.00148447
  [89 ,  45]  =  1.0
  [134,  45]  =  1.0
  [230,  45]  =  -1.0
  [44 ,  46]  =  -0.0195362
  [45 ,  46]  =  0.00148447
  [46 ,  46]  =  -0.438733
  [89 ,  46]  =  1.0
  [135,  46]  =  1.0
  [231,  46]  =  -1.0
  [47 ,  47]  =  -0.213643
  [48 ,  47]  =  -0.00209524
  [49 ,  47]  =  0.000979195
  [89 ,  47]  =  1.0
  [136,  47]  =  1.0
  [232,  47]  =  -1.0
  [47 ,  48]  =  -0.00209524
  [48 ,  48]  =  -0.243908
  [49 ,  48]  =  -0.0371151
  [89 ,  48]  =  1.0
  [137,  48]  =  1.0
  [233,  48]  =  -1.0
  [47 ,  49]  =  0.000979195
  [48 ,  49]  =  -0.0371151
  [49 ,  49]  =  -0.156759
  [89 ,  49]  =  1.0
  [138,  49]  =  1.0
  [234,  49]  =  -1.0
  [50 ,  50]  =  -0.241763
  [51 ,  50]  =  -0.00874285
  [52 ,  50]  =  -0.00922927
  [89 ,  50]  =  1.0
  [139,  50]  =  1.0
  [235,  50]  =  -1.0
  [50 ,  51]  =  -0.00874285
  [51 ,  51]  =  -0.145412
  [52 ,  51]  =  -0.0122951
  [89 ,  51]  =  1.0
  [140,  51]  =  1.0
  [236,  51]  =  -1.0
  [50 ,  52]  =  -0.00922927
  [51 ,  52]  =  -0.0122951
  [52 ,  52]  =  -0.0981275
  [89 ,  52]  =  1.0
  [141,  52]  =  1.0
  [237,  52]  =  -1.0
  [53 ,  53]  =  -0.293011
  [54 ,  53]  =  -0.00558901
  [55 ,  53]  =  0.000160011
  [89 ,  53]  =  1.0
  [142,  53]  =  1.0
  [238,  53]  =  -1.0
  [53 ,  54]  =  -0.00558901
  [54 ,  54]  =  -0.243066
  [55 ,  54]  =  -0.0116448
  [89 ,  54]  =  1.0
  [143,  54]  =  1.0
  [239,  54]  =  -1.0
  [53 ,  55]  =  0.000160011
  [54 ,  55]  =  -0.0116448
  [55 ,  55]  =  -0.45983
  [89 ,  55]  =  1.0
  [144,  55]  =  1.0
  [240,  55]  =  -1.0
  [56 ,  56]  =  -0.165501
  [57 ,  56]  =  -0.00823732
  [58 ,  56]  =  -0.00326542
  [89 ,  56]  =  1.0
  [145,  56]  =  1.0
  [241,  56]  =  -1.0
  [56 ,  57]  =  -0.00823732
  [57 ,  57]  =  -0.514569
  [58 ,  57]  =  -0.0021401
  [89 ,  57]  =  1.0
  [146,  57]  =  1.0
  [242,  57]  =  -1.0
  [56 ,  58]  =  -0.00326542
  [57 ,  58]  =  -0.0021401
  [58 ,  58]  =  -0.689545
  [89 ,  58]  =  1.0
  [147,  58]  =  1.0
  [243,  58]  =  -1.0
  [59 ,  59]  =  -0.165632
  [60 ,  59]  =  -0.00805468
  [61 ,  59]  =  -0.0149538
  [89 ,  59]  =  1.0
  [148,  59]  =  1.0
  [244,  59]  =  -1.0
  [59 ,  60]  =  -0.00805468
  [60 ,  60]  =  -0.163112
  [61 ,  60]  =  -0.00512693
  [89 ,  60]  =  1.0
  [149,  60]  =  1.0
  [245,  60]  =  -1.0
  [59 ,  61]  =  -0.0149538
  [60 ,  61]  =  -0.00512693
  [61 ,  61]  =  -0.46638
  [89 ,  61]  =  1.0
  [150,  61]  =  1.0
  [246,  61]  =  -1.0
  [62 ,  62]  =  -0.238518
  [63 ,  62]  =  -0.00914149
  [64 ,  62]  =  -0.00546284
  [89 ,  62]  =  1.0
  [151,  62]  =  1.0
  [247,  62]  =  -1.0
  [62 ,  63]  =  -0.00914149
  [63 ,  63]  =  -0.238447
  [64 ,  63]  =  0.00664963
  [89 ,  63]  =  1.0
  [152,  63]  =  1.0
  [248,  63]  =  -1.0
  [62 ,  64]  =  -0.00546284
  [63 ,  64]  =  0.00664963
  [64 ,  64]  =  -0.569731
  [89 ,  64]  =  1.0
  [153,  64]  =  1.0
  [249,  64]  =  -1.0
  [65 ,  65]  =  -0.329107
  [66 ,  65]  =  -0.0273771
  [67 ,  65]  =  -0.0249991
  [89 ,  65]  =  1.0
  [154,  65]  =  1.0
  [250,  65]  =  -1.0
  [334,  65]  =  -1.41421
  [65 ,  66]  =  -0.0273771
  [66 ,  66]  =  -1.23396
  [67 ,  66]  =  0.00404655
  [89 ,  66]  =  1.0
  [155,  66]  =  1.0
  [251,  66]  =  -1.0
  [335,  66]  =  -1.41421
  [65 ,  67]  =  -0.0249991
  [66 ,  67]  =  0.00404655
  [67 ,  67]  =  -0.560669
  [89 ,  67]  =  1.0
  [156,  67]  =  1.0
  [252,  67]  =  -1.0
  [336,  67]  =  -1.41421
  [68 ,  68]  =  -0.179487
  [69 ,  68]  =  -0.00201138
  [70 ,  68]  =  -0.000431184
  [89 ,  68]  =  1.0
  [157,  68]  =  1.0
  [253,  68]  =  -1.0
  [362,  68]  =  -1.41421
  [68 ,  69]  =  -0.00201138
  [69 ,  69]  =  -0.299951
  [70 ,  69]  =  -0.0359722
  [89 ,  69]  =  1.0
  [158,  69]  =  1.0
  [254,  69]  =  -1.0
  [363,  69]  =  -1.41421
  [68 ,  70]  =  -0.000431184
  [69 ,  70]  =  -0.0359722
  [70 ,  70]  =  -0.133956
  [89 ,  70]  =  1.0
  [159,  70]  =  1.0
  [255,  70]  =  -1.0
  [364,  70]  =  -1.41421
  [71 ,  71]  =  -0.13334
  [72 ,  71]  =  -0.0107093
  [73 ,  71]  =  -0.00960557
  [89 ,  71]  =  1.0
  [160,  71]  =  1.0
  [256,  71]  =  -1.0
  [390,  71]  =  -1.41421
  [71 ,  72]  =  -0.0107093
  [72 ,  72]  =  -1.4378
  [73 ,  72]  =  0.000546104
  [89 ,  72]  =  1.0
  [161,  72]  =  1.0
  [257,  72]  =  -1.0
  [391,  72]  =  -1.41421
  [71 ,  73]  =  -0.00960557
  [72 ,  73]  =  0.000546104
  [73 ,  73]  =  -0.122563
  [89 ,  73]  =  1.0
  [162,  73]  =  1.0
  [258,  73]  =  -1.0
  [392,  73]  =  -1.41421
  [74 ,  74]  =  -0.216935
  [75 ,  74]  =  -0.0074893
  [76 ,  74]  =  -0.00144001
  [89 ,  74]  =  1.0
  [163,  74]  =  1.0
  [259,  74]  =  -1.0
  [418,  74]  =  -1.41421
  [74 ,  75]  =  -0.0074893
  [75 ,  75]  =  -0.511542
  [76 ,  75]  =  0.00022959
  [89 ,  75]  =  1.0
  [164,  75]  =  1.0
  [260,  75]  =  -1.0
  [419,  75]  =  -1.41421
  [74 ,  76]  =  -0.00144001
  [75 ,  76]  =  0.00022959
  [76 ,  76]  =  -0.177184
  [89 ,  76]  =  1.0
  [165,  76]  =  1.0
  [261,  76]  =  -1.0
  [420,  76]  =  -1.41421
  [77 ,  77]  =  -0.355942
  [78 ,  77]  =  -0.018985
  [79 ,  77]  =  -0.0260083
  [89 ,  77]  =  1.0
  [166,  77]  =  1.0
  [262,  77]  =  -1.0
  [446,  77]  =  -1.41421
  [77 ,  78]  =  -0.018985
  [78 ,  78]  =  -0.255562
  [79 ,  78]  =  -0.0370956
  [89 ,  78]  =  1.0
  [167,  78]  =  1.0
  [263,  78]  =  -1.0
  [447,  78]  =  -1.41421
  [77 ,  79]  =  -0.0260083
  [78 ,  79]  =  -0.0370956
  [79 ,  79]  =  -0.527641
  [89 ,  79]  =  1.0
  [168,  79]  =  1.0
  [264,  79]  =  -1.0
  [448,  79]  =  -1.41421
  [80 ,  80]  =  -0.414291
  [81 ,  80]  =  -0.0567895
  [82 ,  80]  =  0.0297005
  [89 ,  80]  =  1.0
  [169,  80]  =  1.0
  [265,  80]  =  -1.0
  [474,  80]  =  -1.41421
  [80 ,  81]  =  -0.0567895
  [81 ,  81]  =  -0.305452
  [82 ,  81]  =  0.00401304
  [89 ,  81]  =  1.0
  [170,  81]  =  1.0
  [266,  81]  =  -1.0
  [475,  81]  =  -1.41421
  [80 ,  82]  =  0.0297005
  [81 ,  82]  =  0.00401304
  [82 ,  82]  =  -1.88848
  [89 ,  82]  =  1.0
  [171,  82]  =  1.0
  [267,  82]  =  -1.0
  [476,  82]  =  -1.41421
  [83 ,  83]  =  -0.266801
  [84 ,  83]  =  -0.0301336
  [85 ,  83]  =  -0.0222575
  [89 ,  83]  =  1.0
  [172,  83]  =  1.0
  [268,  83]  =  -1.0
  [502,  83]  =  -1.41421
  [83 ,  84]  =  -0.0301336
  [84 ,  84]  =  -0.406275
  [85 ,  84]  =  -0.0128117
  [89 ,  84]  =  1.0
  [173,  84]  =  1.0
  [269,  84]  =  -1.0
  [503,  84]  =  -1.41421
  [83 ,  85]  =  -0.0222575
  [84 ,  85]  =  -0.0128117
  [85 ,  85]  =  -0.227954
  [89 ,  85]  =  1.0
  [174,  85]  =  1.0
  [270,  85]  =  -1.0
  [504,  85]  =  -1.41421
  [86 ,  86]  =  -0.243468
  [87 ,  86]  =  -0.0413384
  [88 ,  86]  =  -0.0105611
  [89 ,  86]  =  1.0
  [175,  86]  =  1.0
  [271,  86]  =  -1.0
  [530,  86]  =  -1.41421
  [86 ,  87]  =  -0.0413384
  [87 ,  87]  =  -0.424833
  [88 ,  87]  =  -0.010617
  [89 ,  87]  =  1.0
  [176,  87]  =  1.0
  [272,  87]  =  -1.0
  [531,  87]  =  -1.41421
  [86 ,  88]  =  -0.0105611
  [87 ,  88]  =  -0.010617
  [88 ,  88]  =  -0.217914
  [89 ,  88]  =  1.0
  [177,  88]  =  1.0
  [273,  88]  =  -1.0
  [532,  88]  =  -1.41421
  [274,  89]  =  -1.0
  [337,  89]  =  0.00078814
  [352,  89]  =  -1.0
  [355,  89]  =  -1.0
  [357,  89]  =  -1.0
  [275,  90]  =  -1.0
  [365,  90]  =  0.000865512
  [371,  90]  =  0.000179939
  [376,  90]  =  0.000179939
  [380,  90]  =  -1.0
  [383,  90]  =  -1.0
  [385,  90]  =  -1.0
  [276,  91]  =  -1.0
  [393,  91]  =  0.00334221
  [394,  91]  =  0.00362639
  [395,  91]  =  0.00575951
  [399,  91]  =  0.0026376
  [400,  91]  =  0.00285596
  [404,  91]  =  0.00130947
  [408,  91]  =  -1.0
  [411,  91]  =  -1.0
  [413,  91]  =  -1.0
  [277,  92]  =  -1.0
  [421,  92]  =  0.000815559
  [422,  92]  =  0.000873152
  [423,  92]  =  0.00216892
  [427,  92]  =  7.09924e-5
  [428,  92]  =  0.000286333
  [432,  92]  =  0.00145065
  [436,  92]  =  -1.0
  [439,  92]  =  -1.0
  [441,  92]  =  -1.0
  [278,  93]  =  -1.0
  [449,  93]  =  0.000795624
  [450,  93]  =  0.000821427
  [451,  93]  =  0.000509257
  [455,  93]  =  0.000318739
  [456,  93]  =  0.000907104
  [460,  93]  =  0.00202877
  [464,  93]  =  -1.0
  [467,  93]  =  -1.0
  [469,  93]  =  -1.0
  [279,  94]  =  -1.0
  [488,  94]  =  0.0156453
  [492,  94]  =  -1.0
  [495,  94]  =  -1.0
  [497,  94]  =  -1.0
  [280,  95]  =  -1.0
  [505,  95]  =  0.000432232
  [506,  95]  =  0.000520776
  [507,  95]  =  0.00117683
  [511,  95]  =  0.00036515
  [512,  95]  =  0.000984806
  [516,  95]  =  3.17484e-5
  [520,  95]  =  -1.0
  [523,  95]  =  -1.0
  [525,  95]  =  -1.0
  [281,  96]  =  -1.0
  [533,  96]  =  0.000699505
  [534,  96]  =  0.00109638
  [539,  96]  =  0.000252852
  [548,  96]  =  -1.0
  [551,  96]  =  -1.0
  [553,  96]  =  -1.0
  [1  ,  97]  =  1.0
  [283,  97]  =  -1.0
  [2  ,  98]  =  1.0
  [284,  98]  =  -1.0
  [3  ,  99]  =  1.0
  [285,  99]  =  -1.0
  [4  , 100]  =  1.0
  [286, 100]  =  -1.0
  [5  , 101]  =  1.0
  [287, 101]  =  -1.0
  [6  , 102]  =  1.0
  [289, 102]  =  -1.0
  [7  , 103]  =  1.0
  [290, 103]  =  -1.0
  [8  , 104]  =  1.0
  [291, 104]  =  -1.0
  [9  , 105]  =  1.0
  [292, 105]  =  -1.0
  [10 , 106]  =  1.0
  [293, 106]  =  -1.0
  [11 , 107]  =  1.0
  [295, 107]  =  -1.0
  [12 , 108]  =  1.0
  [296, 108]  =  -1.0
  [13 , 109]  =  1.0
  [297, 109]  =  -1.0
  [14 , 110]  =  1.0
  [298, 110]  =  -1.0
  [15 , 111]  =  1.0
  [299, 111]  =  -1.0
  [16 , 112]  =  1.0
  [301, 112]  =  -1.0
  [17 , 113]  =  1.0
  [302, 113]  =  -1.0
  [18 , 114]  =  1.0
  [303, 114]  =  -1.0
  [19 , 115]  =  1.0
  [304, 115]  =  -1.0
  [20 , 116]  =  1.0
  [305, 116]  =  -1.0
  [21 , 117]  =  1.0
  [307, 117]  =  -1.0
  [22 , 118]  =  1.0
  [308, 118]  =  -1.0
  [23 , 119]  =  1.0
  [309, 119]  =  -1.0
  [24 , 120]  =  1.0
  [310, 120]  =  -1.0
  [25 , 121]  =  1.0
  [311, 121]  =  -1.0
  [26 , 122]  =  1.0
  [313, 122]  =  -1.0
  [27 , 123]  =  1.0
  [314, 123]  =  -1.0
  [28 , 124]  =  1.0
  [315, 124]  =  -1.0
  [29 , 125]  =  1.0
  [316, 125]  =  -1.0
  [30 , 126]  =  1.0
  [317, 126]  =  -1.0
  [31 , 127]  =  1.0
  [319, 127]  =  -1.0
  [32 , 128]  =  1.0
  [320, 128]  =  -1.0
  [33 , 129]  =  1.0
  [321, 129]  =  -1.0
  [34 , 130]  =  1.0
  [322, 130]  =  -1.0
  [35 , 131]  =  1.0
  [323, 131]  =  -1.0
  [36 , 132]  =  1.0
  [325, 132]  =  -1.0
  [37 , 133]  =  1.0
  [326, 133]  =  -1.0
  [38 , 134]  =  1.0
  [327, 134]  =  -1.0
  [39 , 135]  =  1.0
  [328, 135]  =  -1.0
  [40 , 136]  =  1.0
  [329, 136]  =  -1.0
  [41 , 137]  =  1.0
  [555, 137]  =  -1.0
  [558, 137]  =  1.0
  [42 , 138]  =  1.0
  [561, 138]  =  -1.0
  [564, 138]  =  1.0
  [43 , 139]  =  1.0
  [567, 139]  =  -1.0
  [570, 139]  =  1.0
  [44 , 140]  =  1.0
  [573, 140]  =  -1.0
  [576, 140]  =  1.0
  [45 , 141]  =  1.0
  [579, 141]  =  -1.0
  [582, 141]  =  1.0
  [46 , 142]  =  1.0
  [585, 142]  =  -1.0
  [588, 142]  =  1.0
  [47 , 143]  =  1.0
  [591, 143]  =  -1.0
  [594, 143]  =  1.0
  [48 , 144]  =  1.0
  [597, 144]  =  -1.0
  [600, 144]  =  1.0
  [49 , 145]  =  1.0
  [603, 145]  =  -1.0
  [606, 145]  =  1.0
  [50 , 146]  =  1.0
  [609, 146]  =  -1.0
  [612, 146]  =  1.0
  [51 , 147]  =  1.0
  [615, 147]  =  -1.0
  [618, 147]  =  1.0
  [52 , 148]  =  1.0
  [621, 148]  =  -1.0
  [624, 148]  =  1.0
  [53 , 149]  =  1.0
  [627, 149]  =  -1.0
  [630, 149]  =  1.0
  [54 , 150]  =  1.0
  [633, 150]  =  -1.0
  [636, 150]  =  1.0
  [55 , 151]  =  1.0
  [639, 151]  =  -1.0
  [642, 151]  =  1.0
  [56 , 152]  =  1.0
  [645, 152]  =  -1.0
  [648, 152]  =  1.0
  [57 , 153]  =  1.0
  [651, 153]  =  -1.0
  [654, 153]  =  1.0
  [58 , 154]  =  1.0
  [657, 154]  =  -1.0
  [660, 154]  =  1.0
  [59 , 155]  =  1.0
  [663, 155]  =  -1.0
  [666, 155]  =  1.0
  [60 , 156]  =  1.0
  [669, 156]  =  -1.0
  [672, 156]  =  1.0
  [61 , 157]  =  1.0
  [675, 157]  =  -1.0
  [678, 157]  =  1.0
  [62 , 158]  =  1.0
  [681, 158]  =  -1.0
  [684, 158]  =  1.0
  [63 , 159]  =  1.0
  [687, 159]  =  -1.0
  [690, 159]  =  1.0
  [64 , 160]  =  1.0
  [693, 160]  =  -1.0
  [696, 160]  =  1.0
  [65 , 161]  =  1.0
  [331, 161]  =  -1.41421
  [66 , 162]  =  1.0
  [332, 162]  =  -1.41421
  [67 , 163]  =  1.0
  [333, 163]  =  -1.41421
  [68 , 164]  =  1.0
  [359, 164]  =  -1.41421
  [69 , 165]  =  1.0
  [360, 165]  =  -1.41421
  [70 , 166]  =  1.0
  [361, 166]  =  -1.41421
  [71 , 167]  =  1.0
  [387, 167]  =  -1.41421
  [72 , 168]  =  1.0
  [388, 168]  =  -1.41421
  [73 , 169]  =  1.0
  [389, 169]  =  -1.41421
  [74 , 170]  =  1.0
  [415, 170]  =  -1.41421
  [75 , 171]  =  1.0
  [416, 171]  =  -1.41421
  [76 , 172]  =  1.0
  [417, 172]  =  -1.41421
  [77 , 173]  =  1.0
  [443, 173]  =  -1.41421
  [78 , 174]  =  1.0
  [444, 174]  =  -1.41421
  [79 , 175]  =  1.0
  [445, 175]  =  -1.41421
  [80 , 176]  =  1.0
  [471, 176]  =  -1.41421
  [81 , 177]  =  1.0
  [472, 177]  =  -1.41421
  [82 , 178]  =  1.0
  [473, 178]  =  -1.41421
  [83 , 179]  =  1.0
  [499, 179]  =  -1.41421
  [84 , 180]  =  1.0
  [500, 180]  =  -1.41421
  [85 , 181]  =  1.0
  [501, 181]  =  -1.41421
  [86 , 182]  =  1.0
  [527, 182]  =  -1.41421
  [87 , 183]  =  1.0
  [528, 183]  =  -1.41421
  [88 , 184]  =  1.0
  [529, 184]  =  -1.41421
  [178, 185]  =  1.0
  [554, 185]  =  1.0
  [178, 186]  =  1.0
  [560, 186]  =  1.0
  [178, 187]  =  1.0
  [566, 187]  =  1.0
  [178, 188]  =  1.0
  [557, 188]  =  1.0
  [178, 189]  =  1.0
  [563, 189]  =  1.0
  [178, 190]  =  1.0
  [569, 190]  =  1.0
  [179, 191]  =  1.0
  [572, 191]  =  1.0
  [179, 192]  =  1.0
  [578, 192]  =  1.0
  [179, 193]  =  1.0
  [584, 193]  =  1.0
  [179, 194]  =  1.0
  [575, 194]  =  1.0
  [179, 195]  =  1.0
  [581, 195]  =  1.0
  [179, 196]  =  1.0
  [587, 196]  =  1.0
  [180, 197]  =  1.0
  [590, 197]  =  1.0
  [180, 198]  =  1.0
  [596, 198]  =  1.0
  [180, 199]  =  1.0
  [602, 199]  =  1.0
  [180, 200]  =  1.0
  [593, 200]  =  1.0
  [180, 201]  =  1.0
  [599, 201]  =  1.0
  [180, 202]  =  1.0
  [605, 202]  =  1.0
  [181, 203]  =  1.0
  [608, 203]  =  1.0
  [181, 204]  =  1.0
  [614, 204]  =  1.0
  [181, 205]  =  1.0
  [620, 205]  =  1.0
  [181, 206]  =  1.0
  [611, 206]  =  1.0
  [181, 207]  =  1.0
  [617, 207]  =  1.0
  [181, 208]  =  1.0
  [623, 208]  =  1.0
  [182, 209]  =  1.0
  [626, 209]  =  1.0
  [182, 210]  =  1.0
  [632, 210]  =  1.0
  [182, 211]  =  1.0
  [638, 211]  =  1.0
  [182, 212]  =  1.0
  [629, 212]  =  1.0
  [182, 213]  =  1.0
  [635, 213]  =  1.0
  [182, 214]  =  1.0
  [641, 214]  =  1.0
  [183, 215]  =  1.0
  [644, 215]  =  1.0
  [183, 216]  =  1.0
  [650, 216]  =  1.0
  [183, 217]  =  1.0
  [656, 217]  =  1.0
  [183, 218]  =  1.0
  [647, 218]  =  1.0
  [183, 219]  =  1.0
  [653, 219]  =  1.0
  [183, 220]  =  1.0
  [659, 220]  =  1.0
  [184, 221]  =  1.0
  [662, 221]  =  1.0
  [184, 222]  =  1.0
  [668, 222]  =  1.0
  [184, 223]  =  1.0
  [674, 223]  =  1.0
  [184, 224]  =  1.0
  [665, 224]  =  1.0
  [184, 225]  =  1.0
  [671, 225]  =  1.0
  [184, 226]  =  1.0
  [677, 226]  =  1.0
  [185, 227]  =  1.0
  [680, 227]  =  1.0
  [185, 228]  =  1.0
  [686, 228]  =  1.0
  [185, 229]  =  1.0
  [692, 229]  =  1.0
  [185, 230]  =  1.0
  [683, 230]  =  1.0
  [185, 231]  =  1.0
  [689, 231]  =  1.0
  [185, 232]  =  1.0
  [695, 232]  =  1.0, [0.0, 0.0, 0.0, 0.0, 0.0, 0.0, 0.0, 0.0, 0.0, 0.0, 0.0, 0.0, 0.0, 0.0, 0.0, 0.0, 0.0, 0.0, 0.0, 0.0, 0.0, 0.0, 0.0, 0.0, 0.0, 0.0, 0.0, 0.0, 0.0, 0.0, 0.0, 0.0, 0.0, 0.0, 0.0, 0.0, 0.0, 0.0, 0.0, 0.0, 0.0, 0.0, 0.0, 0.0, 0.0, 0.0, 0.0, 0.0, 0.0, 0.0, 0.0, 0.0, 0.0, 0.0, 0.0, 0.0, 0.0, 0.0, 0.0, 0.0, 0.0, 0.0, 0.0, 0.0, 0.0, 0.0, 0.0, 0.0, 0.0, 0.0, 0.0, 0.0, 0.0, 0.0, 0.0, 0.0, 0.0, 0.0, 0.0, 0.0, 0.0, 0.0, 0.0, 0.0, 0.0, 0.0, 0.0, 0.0, 1.0, 1.0, 0.0, 1.0, 0.0, 1.0, 0.0, 0.0, 0.0, 0.0, 0.0, 0.0, 0.0, 0.0, 0.0, 0.0, 0.0, 0.0, 0.0, 1.0, 1.0, 1.0, 0.0, 0.0, 0.0, 1.0, 0.0, 0.0, 0.0, 0.0, 0.0, 0.0, 0.0, 1.0, 0.0, 0.0, 0.0, 0.0, 1.0, 0.0, 0.0, 0.0, 0.0, 0.0, 0.0, 0.0, 1.0, 0.0, 0.0, 0.0, 0.0, 0.0, 0.0, 0.0, 0.0, 1.0, 0.0, 0.0, 1.0, 0.0, 0.0, 0.0, 0.0, 0.0, 1.0, 0.0, 1.0, 1.0, 0.0, 0.0, 0.0, 0.0, 1.0, 0.0, 0.0, 0.0, 0.0, 0.0, 0.0, 1.0, 0.0, 0.0, 1.0, 0.0, 0.0, 0.0, 0.0, 1.0, 0.0, 0.0025, 0.0025, 0.0025, 0.0025, 0.0025, 0.0025, 0.0025, 0.0025, 0.0, 0.0, 0.0, 0.0, 0.0, 0.0, 0.0, 0.0, 0.0, 0.0, 0.0, 0.0, 0.0, 0.0, 0.0, 0.0, 0.0, 0.0, 0.0, 0.0, 0.0, 0.0, 0.0, 0.0, 0.0, 0.0, 0.0, 0.0, 0.0, 0.0, 0.0, 0.0, 0.0, 0.0, 0.0, 0.0, 0.0, 0.0, 0.0, 0.0, 0.0, 0.0, 0.0, 0.0, 0.0, 0.0, 0.0, 0.0, 0.0, 0.0, 0.0, 0.0, 0.0, 0.0, 0.0, 0.0, 0.0, 0.0, 0.0, 0.0, 0.0, 0.0, 0.0, 0.0, 0.0, 0.0, 0.0, 0.0, 0.0, 0.0, 0.0, 0.0, 0.0, 0.0, 0.0, 0.0, 0.0, 0.0, 0.0, 0.0, 0.0, 0.0, 0.0, 0.0, 0.0, 0.0, 0.0, 0.0, 0.0, 0.0, 0.0, 0.0, 0.0, 0.0, 0.0, 0.0, 0.05, 0.0, 0.0, 0.0, 0.0, 0.0, 0.05, 0.0, 0.0, 0.0, 0.0, 0.0, 0.05, 0.0, 0.0, 0.0, 0.0, 0.0, 0.05, 0.0, 0.0, 0.0, 0.0, 0.0, 0.05, 0.0, 0.0, 0.0, 0.0, 0.0, 0.05, 0.0, 0.0, 0.0, 0.0, 0.0, 0.05, 0.0, 0.0, 0.0, 0.0, 0.0, 0.05, 0.0, 0.0, 0.0, 0.0, 0.0, 0.05, 0.0, 0.0, 0.0, 0.0, 0.0, 0.0, 0.05, 0.0, 0.0, 0.0, 0.0, 0.0, 0.05, 0.0, 0.0, 0.0, 0.0, 0.05, 0.0, 0.0, 0.0, 0.0, 0.0, 0.0, 0.0, 0.0, 0.0, 0.05, 0.0, 0.0, 0.0, 0.0, 0.0, 0.0, 0.05, 0.0, 0.0, 0.0, 0.0, 0.0, 0.05, 0.0, 0.0, 0.0, 0.0, 0.05, 0.0, 0.0, 0.0, 0.0, 0.0, 0.0, 0.0, 0.0, 0.0, 0.05, 0.0, 0.0, 0.0, 0.0, 0.0, 0.0, 0.05, 0.0, 0.0, 0.0, 0.0, 0.0, 0.05, 0.0, 0.0, 0.0, 0.0, 0.05, 0.0, 0.0, 0.0, 0.0, 0.0, 0.0, 0.0, 0.0, 0.0, 0.05, 0.0, 0.0, 0.0, 0.0, 0.0, 0.0, 0.05, 0.0, 0.0, 0.0, 0.0, 0.0, 0.05, 0.0, 0.0, 0.0, 0.0, 0.05, 0.0, 0.0, 0.0, 0.0, 0.0, 0.0, 0.0, 0.0, 0.0, 0.05, 0.0, 0.0, 0.0, 0.0, 0.0, 0.0, 0.05, 0.0, 0.0, 0.0, 0.0, 0.0, 0.05, 0.0, 0.0, 0.0, 0.0, 0.05, 0.0, 0.0, 0.0, 0.0, 0.0, 0.0, 0.0, 0.0, 0.0, 0.05, 0.0, 0.0, 0.0, 0.0, 0.0, 0.0, 0.05, 0.0, 0.0, 0.0, 0.0, 0.0, 0.05, 0.0, 0.0, 0.0, 0.0, 0.05, 0.0, 0.0, 0.0, 0.0, 0.0, 0.0, 0.0, 0.0, 0.0, 0.05, 0.0, 0.0, 0.0, 0.0, 0.0, 0.0, 0.05, 0.0, 0.0, 0.0, 0.0, 0.0, 0.05, 0.0, 0.0, 0.0, 0.0, 0.05, 0.0, 0.0, 0.0, 0.0, 0.0, 0.0, 0.0, 0.0, 0.0, 0.05, 0.0, 0.0, 0.0, 0.0, 0.0, 0.0, 0.05, 0.0, 0.0, 0.0, 0.0, 0.0, 0.05, 0.0, 0.0, 0.0, 0.0, 0.05, 0.0, 0.0, 0.0, 0.0, 0.0, 0.0, 0.0, 0.0, 0.0, 0.0, 1.0, 1.0, 0.0, 1.0, 1.0, 0.0, 1.0, 1.0, 0.0, 1.0, 1.0, 0.0, 1.0, 1.0, 0.0, 1.0, 1.0, 0.0, 1.0, 1.0, 0.0, 1.0, 1.0, 0.0, 1.0, 1.0, 0.0, 1.0, 1.0, 0.0, 1.0, 1.0, 0.0, 1.0, 1.0, 0.0, 1.0, 1.0, 0.0, 1.0, 1.0, 0.0, 1.0, 1.0, 0.0, 1.0, 1.0, 0.0, 1.0, 1.0, 0.0, 1.0, 1.0, 0.0, 1.0, 1.0, 0.0, 1.0, 1.0, 0.0, 1.0, 1.0, 0.0, 1.0, 1.0, 0.0, 1.0, 1.0, 0.0, 1.0, 1.0, 0.0, 1.0, 1.0, 0.0, 1.0, 1.0, 0.0, 1.0, 1.0, 0.0, 1.0, 1.0, 0.0, 1.0, 1.0, 0.0, 1.0, 1.0, 0.0, 1.0, 1.0, 0.0, 1.0, 1.0, 0.0, 1.0, 1.0, 0.0, 1.0, 1.0, 0.0, 1.0, 1.0, 0.0, 1.0, 1.0, 0.0, 1.0, 1.0, 0.0, 1.0, 1.0, 0.0, 1.0, 1.0, 0.0, 1.0, 1.0, 0.0, 1.0, 1.0, 0.0, 1.0, 1.0, 0.0, 1.0, 1.0, 0.0, 1.0, 1.0, 0.0, 1.0, 1.0, 0.0, 1.0, 1.0, 0.0, 1.0, 1.0, 0.0, 1.0, 1.0], [-0.0352458, -0.0597279, -0.125871, -0.0330112, -0.162627, -0.0484031, -0.0149218, -0.0787214, -0.0333203, -0.0202574, -0.0254159, -0.0623593, -0.0384739, -0.0420147, -0.0151092, -0.0399709, -0.0313697, -0.022332, -0.131592, -0.123927, -0.164483, -0.0316849, -0.0832698, -0.0268988, -0.146364, -0.0766878, -0.0267965, -0.0309082, -0.0831726, -0.024738, -0.0576577, -0.0572051, -0.149247, -0.044223, -0.0273642, -0.061002, -0.0501009, -0.121002, -0.0471087, -0.0414012, -0.061002, -0.0179152, -0.0466521, -0.078201, -0.0254946, -0.116988, -0.018454, -0.0436219, -0.0248609, -0.0707349, -0.0124928, -0.0230153, -0.0472748, -0.0357112, -0.118815, -0.0295384, -0.0997807, -0.121002, -0.0333203, -0.033532, -0.0952893, -0.0533286, -0.0375994, -0.116792, -0.0743441, -0.142836, -0.157171, -0.0380825, -0.0466469, -0.0220144, -0.00399952, -0.140067, -0.024738, -0.0222864, -0.110625, -0.03616, -0.0672535, -0.0380825, -0.166075, -0.0692922, -0.0594494, -0.164483, -0.0362095, -0.0425594, -0.0272516, -0.0347697, -0.126958, -0.0265727, 0.0, 0.0, 0.0, 0.0, 0.0, 0.0, 0.0, 0.0, 0.0, 0.0, 0.0, 0.0, 0.0, 0.0, 0.0, 0.0, 0.0, 0.0, 0.0, 0.0, 0.0, 0.0, 0.0, 0.0, 0.0, 0.0, 0.0, 0.0, 0.0, 0.0, 0.0, 0.0, 0.0, 0.0, 0.0, 0.0, 0.0, 0.0, 0.0, 0.0, 0.0, 0.0, 0.0, 0.0, 0.0, 0.0, 0.0, 0.0, 0.0, 0.0, 0.0, 0.0, 0.0, 0.0, 0.0, 0.0, 0.0, 0.0, 0.0, 0.0, 0.0, 0.0, 0.0, 0.0, 0.0, 0.0, 0.0, 0.0, 0.0, 0.0, 0.0, 0.0, 0.0, 0.0, 0.0, 0.0, 0.0, 0.0, 0.0, 0.0, 0.0, 0.0, 0.0, 0.0, 0.0, 0.0, 0.0, 0.0, 0.0, 0.0, 0.0, 0.0, 0.0, 0.0, 0.0, 0.0, 0.0, 0.0, 0.0, 0.0, 0.0, 0.0, 0.0, 0.0, 0.0, 0.0, 0.0, 0.0, 0.0, 0.0, 0.0, 0.0, 0.0, 0.0, 0.0, 0.0, 0.0, 0.0, 0.0, 0.0, 0.0, 0.0, 0.0, 0.0, 0.0, 0.0, 0.0, 0.0, 0.0, 0.0, 0.0, 0.0, 0.0, 0.0, 0.0, 0.0, 0.0, 0.0, 0.0, 0.0, 0.0, 0.0, 0.0, 0.0], 88, 193, [6, 6, 6, 6, 6, 6, 6, 6], 8, [7, 7, 7, 7, 7, 7, 7, 7], 8, 48, 0, :Min, :Optimal, -0.13774332186760813, [5.24853e-7, 1.87099e-7, 0.0129731, 2.73872e-7, 0.043367, 2.20846e-7, 3.2834e-7, 1.23505e-7, 2.69275e-7, 3.11211e-7, 2.94649e-7, 1.76035e-7, 2.52726e-7, 2.41361e-7, 3.27745e-7, 2.50708e-7, 2.77586e-7, 3.03573e-7, 0.110254, 0.00568694, 0.0196863, 2.7579e-7, 1.13271e-7, 2.90389e-7, 0.0386049, 1.3003e-7, 2.90221e-7, 2.77014e-7, 1.09208e-7, 2.96831e-7, 1.95982e-7, 2.00903e-7, 0.100554, 2.4552e-7, 2.97022e-7, 1.80726e-7, 2.15197e-7, 0.0699649, 2.25696e-7, 2.43657e-7, 1.80428e-7, 3.18752e-7, 2.26505e-7, 1.15615e-7, 2.98154e-7, 0.0689116, 3.17037e-7, 2.36239e-7, 2.96461e-7, 1.49187e-7, 3.36165e-7, 3.02374e-7, 2.25041e-7, 2.61993e-7, 0.1086, 2.81455e-7, 5.57984e-8, 0.072419, 2.69299e-7, 2.68618e-7, 7.03182e-8, 2.03786e-7, 2.5436e-7, -1.08104e-8, 1.46943e-7, 0.0118676, 0.0828932, 2.54333e-7, 2.26441e-7, 3.05802e-7, 3.64035e-7, 0.0335354, 2.96846e-7, 3.05029e-7, 2.10735e-8, 2.60516e-7, 1.72405e-7, 2.69011e-7, 0.0867871, 1.50981e-7, 1.84862e-7, 0.0248285, 2.60026e-7, 2.39104e-7, 2.88955e-7, 2.66796e-7, 0.108985, 2.91824e-7, 2.62255, 0.0583481, 0.62537, 0.0569715, 1.93316, 0.199539, 0.0580516, 2.00346, -0.000100664, 0.000679481, 0.0116029, 0.00102986, 0.048619, 6.59955e-8, 1.10392e-7, 4.67428e-8, 6.23732e-8, 8.6732e-8, 9.11305e-8, 7.17547e-8, 7.00413e-8, 5.0738e-8, 5.60658e-8, 0.00197052, 0.00128266, -0.000768515, 0.0490306, 0.00947947, 0.0334173, 0.00012289, 0.000972716, 0.000104853, 0.0371791, 6.17973e-8, 5.4133e-8, 8.24717e-8, 6.8064e-8, 5.11896e-8, 0.00141561, 0.00263221, 0.0496594, 0.00400925, 0.00298081, 0.000794778, -0.000645226, 0.0499383, 0.00205434, 0.000950465, 7.14735e-8, 9.65816e-8, 5.58714e-8, 0.00134625, -0.00010219, 0.0302339, 6.81755e-8, 6.95285e-8, 5.51235e-8, 4.20377e-8, 5.40694e-8, 3.52742e-8, -1.73057e-5, 0.0012647, 0.0499378, 0.000236525, 0.000155014, 0.0499362, 4.80154e-8, 4.65308e-8, 3.81561e-8, 4.06151e-8, 5.19054e-8, -3.28016e-8, 0.00239722, 0.014309, 0.0464281, 4.58782e-8, 7.85441e-8, 4.89503e-8, 0.000359192, 0.0482174, -1.82742e-5, 6.62248e-8, 1.25731e-8, 4.62479e-8, 0.00225728, 0.00321953, 0.0457931, -0.000737347, -9.95732e-5, 0.0468889, 8.24739e-8, 1.07614e-7, 7.42192e-8, 0.00450532, 0.0463005, 0.00115716, 0.000837368, 0.000351899, 0.000192337, 0.000550309, 0.00045906, 0.000109031, 0.00134743, -0.000102243, 0.0322706, -0.00134543, 0.000102145, -0.029772, 0.00037931, 0.0004727, 0.000391691, 0.000280255, 0.000669551, 0.000306497, 0.000666365, 8.12311e-5, 0.000123464, 0.000938388, 0.000474466, 0.000216091, -1.69766e-5, 0.00126584, 0.0511648, 1.76575e-5, -0.00126355, -0.0486693, 0.000237051, 0.000155524, 0.0511633, -0.000235998, -0.0001545, -0.0486677, 0.000369957, 0.0003301, 0.000993307, 0.000148155, 0.000123409, 0.000535076, 1.65061e-7, -1.47626e-7, 0.00250041, -2.86159e-7, -2.50536e-7, 1.09648e-7], [8.43354e-5, -0.000569265, -0.00972085, -0.00086281, -0.0407327, 1.74751e-11, 2.39264e-11, 2.49766e-11, 8.62118e-12, 1.65929e-11, 2.10128e-11, 2.82157e-11, 1.42495e-11, 7.78735e-12, 4.89275e-12, -0.0013002, -0.00084633, 0.000507085, -0.0323516, -0.00625479, -0.027657, -0.000101707, -0.000805044, -8.67787e-5, -0.0307703, 5.1578e-11, 6.33234e-12, 2.29383e-11, 6.59217e-11, 5.37333e-12, -0.00183677, -0.00341532, -0.0644336, -0.00520205, -0.00386764, -8.92631e-5, 7.24666e-5, -0.00560866, -0.000230727, -0.000106749, -1.97727e-10, -2.46853e-10, -9.86414e-11, -5.02609e-8, 5.14883e-8, 1.83047e-7, -6.07697e-11, -1.7718e-10, -1.45254e-11, -1.45376e-10, 1.20621e-11, 1.65895e-11, 1.37407e-6, -0.000100446, -0.00396946, -2.75429e-5, -1.80509e-5, -0.00581981, -5.39966e-12, 2.0451e-12, -4.94805e-10, -1.32288e-8, -2.36638e-9, 7.88402e-11, -0.00363854, -0.0208206, -0.067556, 1.22512e-10, -2.73411e-10, 1.47355e-10, -0.000656443, -0.015469, -0.000425478, 1.13908e-10, 1.16738e-9, 1.2668e-10, -0.00537011, -0.00781027, -0.0849674, 0.000347797, 4.69676e-5, -0.0235898, 3.75747e-11, 9.42918e-10, 1.00517e-10, -0.00266709, -0.0204137, -0.000502949, 0.116988, 0.0, 0.0274495, 0.0, 0.0351227, 0.0, 0.0300615, 0.0376439, 0.0248094, 0.0337179, 0.0364653, 0.03541, 0.0271704, 0.0322218, 0.0316284, 0.0369952, 0.0336783, 0.035928, 0.0340888, 0.0, 0.0, 0.0, 0.0333114, 0.0230121, 0.0339802, 0.0, 0.0243789, 0.0347603, 0.0338908, 0.0227786, 0.0351441, 0.0285717, 0.0301692, 0.0, 0.0353743, 0.0368853, 0.026611, 0.0283999, 0.0, 0.0309853, 0.0310761, 0.0268604, 0.0372289, 0.030732, 0.0239397, 0.0349321, 0.0, 0.0367122, 0.0318042, 0.03533, 0.0255916, 0.0376843, 0.0355379, 0.0303604, 0.0331381, 0.0, 0.0341761, 0.0295549, 0.0, 0.0334178, 0.0334023, 0.0253114, 0.0294692, 0.0324042, 0.0, 0.0230304, 0.0, 0.0, 0.0351092, 0.0300581, 0.0388658, 0.0421339, 0.0, 0.0375815, 0.0370766, 0.0221023, 0.0353216, 0.024527, 0.0301283, 0.0, 0.0273378, 0.0283891, 0.0, 0.0330473, 0.0328054, 0.0360273, 0.0315735, 0.0, 0.0345987, 4.89362e-10, 1.00282e-7, 4.89362e-10, 4.89362e-10, 0.0397134, 0.0582264, 4.89362e-10, 4.29892e-10, 0.081652, 0.0855226, 0.0, 0.120221, 0.0, 0.0986465, 0.13971, 0.0630762, 0.117386, 0.133196, 0.126982, 0.0817991, 0.110736, 0.106602, 0.138874, 0.11158, 0.122194, 0.128431, 0.0, 0.0, 0.0, 0.119012, 0.0580956, 0.124224, 0.0, 0.0646792, 0.124952, 0.119971, 0.0565941, 0.127394, 0.0894099, 0.0925394, 0.0, 0.111639, 0.129193, 0.0826967, 0.0952242, 0.0, 0.101075, 0.106762, 0.0828465, 0.136302, 0.101068, 0.0627268, 0.126426, 0.0, 0.135246, 0.10517, 0.127457, 0.0718448, 0.14218, 0.129511, 0.100073, 0.114486, 0.0, 0.121649, 0.0467842, 0.0, 0.117086, 0.116858, 0.0470102, 0.0931287, 0.111793, 0.000196357, 0.0691307, 0.0, 0.0, 0.114015, 0.100399, 0.133839, 0.15538, 0.0, 0.129882, 0.131778, 0.0284653, 0.11615, 0.0785312, 0.114284, 0.0, 0.0741863, 0.085799, 0.0, 0.113826, 0.107234, 0.125764, 0.11529, 0.0, 0.125369, 0.0, 0.0, 0.0, 0.0, 0.0, 0.0, 0.0, 0.0, 0.0418895, 8.43355e-5, -0.000569265, -0.00972086, -0.000862811, -0.0407327, 0.0, 0.0, 0.0, 0.0, 0.0, 0.0, 0.0, 0.0, 0.0, 0.0, 0.0, 0.0, 0.0329911, -0.0013002, -0.000846331, 0.000507086, -0.0323516, -0.0062548, 0.041381, -0.027657, -0.000101707, -0.000805045, -8.67788e-5, -0.0307703, 0.0, 0.0, 0.0, 0.0, 0.0, 0.0, 0.0648749, -0.00183677, -0.00341533, -0.0644336, -0.00520205, -0.00386764, 0.00561564, -8.92637e-5, 7.24671e-5, -0.0056087, -0.000230728, -0.000106749, 0.0363768, -0.00257284, -0.0147224, -0.0477695, -2.88958e-9, -0.000232796, -0.00162605, 9.09854e-5, 0.000736297, 0.00238904, 1.44514e-10, 1.16426e-5, 8.13218e-5, 0.00297923, 0.0136707, 8.26942e-10, 6.66217e-5, 0.000465343, 0.0313651, 2.68316e-9, 0.000216166, 0.00150989, 1.14767e-16, 1.30759e-11, 9.13332e-11, 7.44899e-7, 7.35816e-6, 3.63422e-5, 0.0, 0.0, 0.0, 0.0, 0.0, 0.0, 0.0, 0.0, 0.0, 0.0, 0.0, 0.0, 0.0, 0.0, 0.0, 0.0, 0.0, 0.0, 0.0, 0.0, 0.0, 0.0, 0.0, 0.0, 0.0, 0.0, 0.0, 0.0, 0.00773953, -0.000464177, -0.0109385, -0.000300858, -6.37878e-9, -0.000586942, -5.20302e-9, 1.39195e-5, 0.000463885, 1.2759e-5, 2.70515e-10, 2.48914e-5, 2.20653e-10, 0.00772978, 0.000300669, 6.37476e-9, 0.000586572, 5.19974e-9, 5.84763e-6, 1.75336e-10, 1.61335e-5, 1.43017e-10, 2.62864e-15, 3.42061e-10, 3.03224e-15, 2.22559e-5, 2.79011e-10, 1.74891e-15, 0.0, 0.0, 0.0, 0.0, 0.0, 0.0, 0.0, 0.0, 0.0, 0.0, 0.0, 0.0, 0.0, 0.0, 0.0, 0.0, 0.0, 0.0, 0.0, 0.0, 0.0, 0.0, 0.0, 0.0, 0.0, 0.0, 0.0, 0.0, 0.0426017, -0.00379725, -0.00552271, -0.0600812, -5.38359e-9, -8.3952e-9, -0.00270476, 0.000169231, 0.00034808, 0.00378674, 3.39312e-10, 5.29125e-10, 0.000170473, 0.00035797, 0.00550743, 4.93494e-10, 7.69558e-10, 0.000247936, 0.0423663, 5.36869e-9, 8.37198e-9, 0.00269728, 3.40163e-16, 7.50172e-16, 2.4169e-10, 8.2719e-16, 3.76894e-10, 8.58622e-5, 0.0117924, 0.000245933, 3.32114e-5, -0.0166807, -1.26372e-8, -1.54714e-8, -0.0020751, 2.5645e-6, 4.89766e-7, -0.000245989, -1.8636e-10, -2.28156e-10, -3.06013e-5, 4.67676e-8, -3.3219e-5, -2.51665e-11, -3.08108e-11, -4.13248e-6, 0.0117977, 1.26401e-8, 1.5475e-8, 0.00207557, 6.77128e-15, 1.17237e-14, 1.57244e-9, 1.01492e-14, 1.9251e-9, 0.000182577, 0.0, 0.0, 0.0, 0.0, 0.0, 0.0, 0.0, 0.0, 0.0, 0.0, 0.0, 0.0, 0.0, 0.0, 0.0, 0.0, 0.0, 0.0, 0.0, 0.0, 0.0, 0.0, 0.0, 0.0, 0.0, 0.0, 0.0, 0.0, 0.0108662, -0.00188593, -0.0144349, -0.000355643, -2.04911e-9, -0.00083594, -2.24129e-9, 0.000163662, 0.00177153, 4.36465e-5, 2.51478e-10, 0.000102591, 2.75063e-10, 0.00958781, 0.000334069, 1.9248e-9, 0.00078523, 2.10533e-9, 5.81999e-6, 4.74229e-11, 1.93463e-5, 5.18705e-11, 1.93207e-16, 1.11468e-10, 2.98862e-16, 3.21547e-5, 1.21922e-10, 2.31147e-16, 0.0, 0.0, 0.0, 0.0, 0.0, 0.0, 0.0, 0.0, 0.0, 0.0, 0.0, 0.0, 0.0, 0.0, 0.0, 0.0, 0.0, 0.0, 0.0, 0.0, 0.0, 0.0, 0.0, 0.0, -1.56595e-7, -1.56709e-7, 1.56579e-7, -1.34023e-7, -1.34082e-7, 1.34037e-7, 0.0, 0.0, 0.0, -1.19915e-7, -1.16446e-7, 1.1629e-7, 0.0, 0.0, 0.0, 0.0, 0.0, 0.0, 0.0, 0.0, 0.0, 0.0, 0.0, 0.0, 0.0, 0.0, 0.0, 0.0, 0.0, 0.0, 0.0, 0.0, 0.0, 0.0, 0.0, 0.0, 0.0, 0.0, 0.0, 0.0, 0.0, 0.0, 0.0, 0.0, 0.0, 0.0, 0.0, 0.0, -0.0397134, -0.0397127, 0.0397127, -0.0397134, -0.039714, 0.039714, -0.0397134, -0.0397636, 0.0397636, -0.0397134, -0.0396631, 0.0396631, -0.0397133, -0.0416486, 0.0416965, -0.0397134, -0.037679, 0.0377302, -0.0582264, -0.0582402, 0.0582402, -0.0582264, -0.0582126, 0.0582126, -0.0582264, -0.0582354, 0.0582354, -0.0582264, -0.0582174, 0.0582174, -0.0582263, -0.0610637, 0.0611339, -0.0582264, -0.0552437, 0.0553188, 0.0, 0.0, 0.0, 0.0, 0.0, 0.0, 0.0, 0.0, 0.0, 0.0, 0.0, 0.0, 0.0, 0.0, 0.0, 0.0, 0.0, 0.0, 0.0, 0.0, 0.0, 0.0, 0.0, 0.0, 0.0, 0.0, 0.0, 0.0, 0.0, 0.0, 0.0, 0.0, 0.0, 0.0, 0.0, 0.0], [0.0, -1.0215e-19, 0.0, 1.75014e-19, 0.0, -1.54157e-27, 1.30238e-26, 3.10528e-27, -6.23737e-27, -1.06667e-26, -5.3208e-27, -1.91532e-27, 2.89846e-29, -3.74997e-27, -6.42679e-27, 0.0, -1.45897e-19, -1.95629e-19, 1.34499e-17, -4.13118e-18, 0.0, -1.51838e-20, 1.51913e-19, 8.36279e-21, 0.0, -2.88877e-26, 1.01935e-26, -1.25796e-26, -7.8255e-27, -5.703e-27, -3.50202e-19, 0.0, 0.0, -1.55842e-18, -7.80104e-19, -1.29208e-20, 2.49765e-20, -8.25992e-19, -6.13478e-21, 5.38278e-21, -2.09722e-26, 1.42286e-25, 2.01243e-26, -1.29311e-23, 7.47724e-24, 0.0, -2.55784e-26, -7.12783e-26, -1.42339e-26, -7.49743e-27, -4.71304e-27, 7.54846e-27, 9.76964e-23, 0.0, 0.0, 1.90064e-21, -4.42849e-21, 0.0, 2.03036e-26, 1.87075e-26, 1.01128e-25, 4.40043e-25, 2.26497e-25, 1.19407e-24, -2.02263e-19, 1.09803e-17, -7.04576e-18, -2.57714e-26, 4.52952e-26, -5.30736e-27, -1.33186e-19, 5.38047e-18, 5.13858e-20, -1.00573e-25, 2.39229e-25, 1.30227e-25, 1.42731e-18, -1.98339e-18, 2.78105e-17, -5.20491e-20, -3.14159e-21, 0.0, 1.81493e-26, 3.91486e-25, 6.52103e-26, 7.66418e-19, 4.17552e-18, -1.07479e-20, 0.0, 0.999999, 5.37619e-18, 0.987027, -2.11207e-18, 0.956633, 2.68809e-18, -6.14421e-18, 3.45612e-18, 2.45769e-17, -7.68027e-19, 3.07211e-18, 5.18418e-18, 1.96807e-17, -8.75431e-18, -5.37619e-18, 7.99228e-18, 1.61286e-17, 1.15204e-17, 0.889746, 0.994313, 0.980314, -1.05604e-18, 4.80017e-18, -1.30565e-17, 0.961395, -2.30408e-18, 8.44829e-18, -9.98435e-18, 3.45612e-18, 2.30408e-18, 6.14421e-18, -3.36012e-18, 0.899446, 2.07367e-17, -1.78086e-17, 1.53605e-18, 4.03214e-18, 0.930035, -4.80017e-19, -1.60806e-18, -4.22415e-18, -2.68809e-18, 1.15204e-18, 2.8801e-18, -7.68027e-19, 0.931089, 4.60816e-18, 1.80486e-17, 8.06428e-18, -3.07211e-18, -2.38088e-17, 2.34248e-17, -6.14421e-18, -5.7602e-18, 0.8914, -7.68027e-19, 0.0, 0.927581, 2.22728e-17, 9.60034e-18, -6.14421e-18, -5.7602e-18, -4.22415e-18, 1.0, -4.84817e-18, 0.988132, 0.917107, -3.84013e-18, -1.92007e-18, -9.21632e-18, -9.98435e-18, 0.966465, -1.65126e-17, -1.22884e-17, 3.84013e-18, -5.37619e-18, 5.6162e-18, 1.32005e-18, 0.913213, -4.80017e-19, 3.74413e-18, 0.975172, -9.98435e-18, 2.30408e-17, -5.37619e-18, 2.41928e-17, 0.891015, -3.84013e-19, 0.0, -1.14824e-22, 0.0, 0.0, 1.31689e-17, -1.56146e-16, 0.0, -4.48531e-25, 0.0, 0.0, 0.0129731, -1.34405e-18, 0.0433669, -2.07367e-17, -4.60816e-17, 6.14421e-18, -3.07211e-18, -4.76177e-17, -2.45769e-17, 2.15048e-17, -6.14421e-18, 7.68027e-18, 7.68027e-18, 3.07211e-18, -6.72023e-18, -1.76646e-17, 0.110254, 0.00568693, 0.0196863, 1.68966e-17, 1.22884e-17, -1.19044e-17, 0.0386048, 0.0, -2.30408e-17, 6.52823e-18, 0.0, 3.53292e-17, -1.84326e-17, 2.15048e-17, 0.100554, -3.07211e-18, -9.06272e-17, 1.84326e-17, 0.0, 0.0699648, 3.07211e-18, 1.99687e-17, -9.21632e-18, -3.07211e-17, 9.98435e-18, 1.22884e-17, 7.64187e-17, 0.0689114, 3.53292e-17, -1.38245e-17, -9.60034e-18, -2.45769e-17, -4.14734e-17, -4.30095e-17, -4.60816e-18, 1.99687e-17, 0.1086, 2.68809e-18, 6.14421e-18, 0.0724189, 1.68966e-17, 1.99687e-17, 1.22884e-17, -6.14421e-18, -4.60816e-18, 2.40008e-20, -2.08327e-17, 0.0118676, 0.0828931, 2.07367e-17, -2.34248e-17, -4.48336e-17, -8.29469e-17, 0.0335353, 5.23218e-18, 4.27215e-17, -3.07211e-18, 1.95847e-17, -2.51529e-17, -1.57445e-17, 0.0867869, -1.82406e-18, 9.21632e-18, 0.0248284, -2.32328e-17, 4.99217e-18, -1.39205e-18, -2.68809e-18, 0.108985, -2.01127e-17, 2.62256, 0.0583481, 0.62537, 0.0569715, 1.93316, 0.199539, 0.0580516, 2.00346, 0.0499998, -0.000100664, 0.000679483, 0.0116029, 0.00102986, 0.0486191, 0.05, 6.5927e-8, 1.10312e-7, 4.66613e-8, 6.23257e-8, 8.66663e-8, 0.05, 9.10568e-8, 7.16657e-8, 6.99791e-8, 5.06934e-8, 5.60296e-8, 0.0499999, 0.00197052, 0.00128266, -0.000768516, 0.0490307, 0.00947948, 0.0499998, 0.0334174, 0.000122891, 0.000972718, 0.000104853, 0.0371791, 0.05, 6.16648e-8, 5.40919e-8, 8.23911e-8, 6.79041e-8, 5.11522e-8, 0.0499997, 0.00141562, 0.00263223, 0.0496596, 0.00400927, 0.00298083, 0.05, 0.000794778, -0.000645225, 0.0499382, 0.00205434, 0.000950464, 0.05, 0.00339018, 0.020236, 0.0656592, 2.08327e-7, 0.0167833, 0.117229, 0.0479331, -6.33394e-10, -1.80734e-9, 2.60909e-13, -4.07525e-11, -2.74394e-10, 0.05, -1.31559e-8, 1.49281e-12, -2.46908e-10, -1.66593e-9, 0.05, 4.84397e-12, -7.78714e-10, -5.24878e-9, 2.62256, 2.35704e-14, 1.64647e-13, 2.62256, -4.57682e-11, 2.62256, 0.05, 6.48142e-8, 1.11107e-7, 6.91569e-8, 3.60303e-7, 3.20585e-7, 4.33106e-7, 0.0499495, 0.0, 0.0, 0.0, 0.0, 0.0, 0.0499895, 0.0, 0.0, 0.0, 0.0, 0.0499895, 0.0, 0.0, 0.0, 0.0583481, 0.0, 0.0, 0.0583481, 0.0, 0.0583481, 0.05, 0.000507974, 0.0681896, -2.58436e-5, 5.15424e-7, 0.0474261, 4.20421e-7, 0.0479099, -0.00226784, -0.00360183, 2.2954e-13, -2.97995e-11, 2.37435e-13, 0.0483505, -0.00178603, 5.40382e-12, -1.19478e-9, 5.59084e-12, 0.0491811, 1.48811e-13, -1.62376e-11, 1.53922e-13, 0.62537, 2.89623e-13, 5.83379e-18, 0.62537, 2.99721e-13, 0.62537, 0.05, 9.3583e-8, 1.73649e-8, 6.53365e-8, 4.31895e-7, 3.03346e-8, 3.69047e-7, 0.0499535, -4.97448e-5, -0.000123567, 0.0, 0.0, 0.0, 0.049996, -1.63128e-5, 0.0, 0.0, 0.0, 0.0499174, 0.0, 0.0, 0.0, 0.0569715, 0.0, 0.0, 0.0569715, 0.0, 0.0569715, 0.05, 0.00319228, 0.0045531, 0.0647611, 2.44301e-7, 3.80961e-7, 0.122735, 0.0484619, -0.00158795, -0.000984476, 4.96126e-13, 5.37387e-13, -2.61218e-10, 0.0493838, -0.00175358, 7.21566e-13, 7.81576e-13, -3.7904e-10, 0.046078, 7.84903e-12, 8.50141e-12, -4.5481e-9, 1.93316, 1.85919e-18, 3.53182e-13, 1.93316, 3.82456e-13, 1.93316, 0.05, -0.00104276, -0.000140818, 0.0663108, 2.13849e-7, 2.6181e-7, 0.0351127, 0.05, -3.55285e-13, 2.61891e-10, -2.17875e-13, -2.53557e-13, 3.19616e-11, 0.05, 2.5644e-11, -2.94298e-14, -3.425e-14, 3.10669e-12, 0.0468781, 1.47771e-11, 1.71971e-11, -2.26445e-9, 0.199539, 2.67438e-17, 1.83831e-12, 0.199539, 2.13937e-12, 0.199539, 0.05, 1.16585e-7, 1.51805e-7, 1.04892e-7, 3.68149e-7, 3.38543e-7, 4.09115e-7, 0.0499749, -3.02319e-5, -6.83167e-5, 0.0, 0.0, 0.0, 0.0499788, -5.71696e-5, 0.0, 0.0, 0.0, 0.0499982, 0.0, 0.0, 0.0, 0.0580516, 0.0, 0.0, 0.0580516, 0.0, 0.0580516, 0.05, 0.00637148, 0.0654787, 0.00163647, 3.77809e-7, 0.154128, 4.13242e-7, 0.0485986, -0.00219655, 6.33032e-13, 2.34607e-13, -2.62788e-10, 2.53613e-13, 0.0494934, -2.20692e-10, 1.79437e-12, -2.5415e-9, 1.93972e-12, 0.05, 4.42067e-14, -6.37004e-11, 4.77875e-14, 2.00346, 1.03621e-13, 5.54165e-19, 2.00346, 1.12011e-13, 2.00346, -0.000837368, 1.0, 1.0, -0.000550308, 1.0, 1.0, -0.000351898, 1.0, 1.0, -0.000459059, 1.0, 1.0, -0.000192336, 1.0, 1.0, -0.000109031, 1.0, 1.0, -0.00134729, 1.00135, 1.0, 0.00134553, 0.998654, 1.0, 0.000102142, 0.999898, 1.0, -0.000102217, 1.0001, 1.0, -0.0322705, 1.03023, 1.0, 0.029772, 0.969766, 1.0, -0.000379309, 1.0, 1.0, -0.000280254, 1.0, 1.0, -0.0004727, 1.0, 1.0, -0.000669551, 1.0, 1.0, -0.00039169, 1.0, 1.0, -0.000306496, 1.0, 1.0, -0.000666364, 1.0, 1.0, -0.000938387, 1.0, 1.0, -8.12305e-5, 1.0, 1.0, -0.000474465, 1.0, 1.0, -0.000123463, 1.0, 1.0, -0.00021609, 1.0, 1.0, 1.70848e-5, 0.999983, 1.0, -1.75396e-5, 1.00002, 1.0, -0.00126572, 1.00126, 1.0, 0.00126366, 0.998735, 1.0, -0.0511646, 1.04994, 1.0, 0.0486694, 0.950062, 1.0, -0.000236884, 1.00024, 1.0, 0.000236165, 0.999764, 1.0, -0.00015536, 1.00016, 1.0, 0.000154664, 0.999845, 1.0, -0.0511631, 1.04994, 1.0, 0.0486678, 0.950064, 1.0, -0.000369957, 1.0, 1.0, -0.000148154, 1.0, 1.0, -0.000330099, 1.0, 1.0, -0.000123408, 1.0, 1.0, -0.000993306, 1.0, 1.0, -0.000535076, 1.0, 1.0, -1.64516e-7, 1.0, 1.0, 2.86705e-7, 1.0, 1.0, 1.48172e-7, 1.0, 1.0, 2.51082e-7, 1.0, 1.0, -0.00250041, 1.0, 1.0, -1.09103e-7, 1.0, 1.0], [89, 90, 91, 92, 93, 94, 95, 96, 97, 98, 99, 100, 101, 102, 103, 104, 105, 106, 107, 108, 109, 110, 111, 112, 113, 114, 115, 116, 117, 118, 119, 120, 121, 122, 123, 124, 125, 126, 127, 128, 129, 130, 131, 132, 133, 134, 135, 136, 137, 138, 139, 140, 141, 142, 143, 144, 145, 146, 147, 148, 149, 150, 151, 152, 153, 154, 155, 156, 157, 158, 159, 160, 161, 162, 163, 164, 165, 166, 167, 168, 169, 170, 171, 172, 173, 174, 175, 176, 177, 178, 179, 180, 181, 182, 183, 184, 185, 1, 2, 3, 4, 5, 6, 7, 8, 9, 10, 11, 12, 13, 14, 15, 16, 17, 18, 19, 20, 21, 22, 23, 24, 25, 26, 27, 28, 29, 30, 31, 32, 33, 34, 35, 36, 37, 38, 39, 40, 41, 42, 43, 44, 45, 46, 47, 48, 49, 50, 51, 52, 53, 54, 55, 56, 57, 58, 59, 60, 61, 62, 63, 64, 65, 66, 67, 68, 69, 70, 71, 72, 73, 74, 75, 76, 77, 78, 79, 80, 81, 82, 83, 84, 85, 86, 87, 88, 282, 283, 284, 285, 286, 287, 288, 289, 290, 291, 292, 293, 294, 295, 296, 297, 298, 299, 300, 301, 302, 303, 304, 305, 306, 307, 308, 309, 310, 311, 312, 313, 314, 315, 316, 317, 318, 319, 320, 321, 322, 323, 324, 325, 326, 327, 328, 329, 556, 555, 554, 559, 558, 557, 562, 561, 560, 565, 564, 563, 568, 567, 566, 571, 570, 569, 574, 573, 572, 577, 576, 575, 580, 579, 578, 583, 582, 581, 586, 585, 584, 589, 588, 587, 592, 591, 590, 595, 594, 593, 598, 597, 596, 601, 600, 599, 604, 603, 602, 607, 606, 605, 610, 609, 608, 613, 612, 611, 616, 615, 614, 619, 618, 617, 622, 621, 620, 625, 624, 623, 628, 627, 626, 631, 630, 629, 634, 633, 632, 637, 636, 635, 640, 639, 638, 643, 642, 641, 646, 645, 644, 649, 648, 647, 652, 651, 650, 655, 654, 653, 658, 657, 656, 661, 660, 659, 664, 663, 662, 667, 666, 665, 670, 669, 668, 673, 672, 671, 676, 675, 674, 679, 678, 677, 682, 681, 680, 685, 684, 683, 688, 687, 686, 691, 690, 689, 694, 693, 692, 697, 696, 695, 330, 331, 332, 333, 334, 335, 336, 337, 338, 339, 340, 341, 342, 343, 344, 345, 346, 347, 348, 349, 350, 351, 352, 353, 354, 355, 356, 357, 358, 359, 360, 361, 362, 363, 364, 365, 366, 367, 368, 369, 370, 371, 372, 373, 374, 375, 376, 377, 378, 379, 380, 381, 382, 383, 384, 385, 386, 387, 388, 389, 390, 391, 392, 393, 394, 395, 396, 397, 398, 399, 400, 401, 402, 403, 404, 405, 406, 407, 408, 409, 410, 411, 412, 413, 414, 415, 416, 417, 418, 419, 420, 421, 422, 423, 424, 425, 426, 427, 428, 429, 430, 431, 432, 433, 434, 435, 436, 437, 438, 439, 440, 441, 442, 443, 444, 445, 446, 447, 448, 449, 450, 451, 452, 453, 454, 455, 456, 457, 458, 459, 460, 461, 462, 463, 464, 465, 466, 467, 468, 469, 470, 471, 472, 473, 474, 475, 476, 477, 478, 479, 480, 481, 482, 483, 484, 485, 486, 487, 488, 489, 490, 491, 492, 493, 494, 495, 496, 497, 498, 499, 500, 501, 502, 503, 504, 505, 506, 507, 508, 509, 510, 511, 512, 513, 514, 515, 516, 517, 518, 519, 520, 521, 522, 523, 524, 525, 526, 527, 528, 529, 530, 531, 532, 533, 534, 535, 536, 537, 538, 539, 540, 541, 542, 543, 544, 545, 546, 547, 548, 549, 550, 551, 552, 553], Symbol[:NonNeg, :NonNeg, :NonNeg, :NonNeg, :NonNeg, :NonNeg, :NonNeg, :NonNeg, :NonNeg, :NonNeg, :NonNeg, :NonNeg, :NonNeg, :NonNeg, :NonNeg, :NonNeg, :NonNeg, :NonNeg, :NonNeg, :NonNeg, :NonNeg, :NonNeg, :NonNeg, :NonNeg, :NonNeg, :NonNeg, :NonNeg, :NonNeg, :NonNeg, :NonNeg, :NonNeg, :NonNeg, :NonNeg, :NonNeg, :NonNeg, :NonNeg, :NonNeg, :NonNeg, :NonNeg, :NonNeg, :NonNeg, :NonNeg, :NonNeg, :NonNeg, :NonNeg, :NonNeg, :NonNeg, :NonNeg, :NonNeg, :NonNeg, :NonNeg, :NonNeg, :NonNeg, :NonNeg, :NonNeg, :NonNeg, :NonNeg, :NonNeg, :NonNeg, :NonNeg, :NonNeg, :NonNeg, :NonNeg, :NonNeg, :NonNeg, :NonNeg, :NonNeg, :NonNeg, :NonNeg, :NonNeg, :NonNeg, :NonNeg, :NonNeg, :NonNeg, :NonNeg, :NonNeg, :NonNeg, :NonNeg, :NonNeg, :NonNeg, :NonNeg, :NonNeg, :NonNeg, :NonNeg, :NonNeg, :NonNeg, :NonNeg, :NonNeg, :NonNeg, :NonNeg, :NonNeg, :NonNeg, :NonNeg, :NonNeg, :NonNeg, :NonNeg, :NonNeg, :Zero, :Zero, :Zero, :Zero, :Zero, :Zero, :Zero, :Zero, :Zero, :Zero, :Zero, :Zero, :Zero, :Zero, :Zero, :Zero, :Zero, :Zero, :Zero, :Zero, :Zero, :Zero, :Zero, :Zero, :Zero, :Zero, :Zero, :Zero, :Zero, :Zero, :Zero, :Zero, :Zero, :Zero, :Zero, :Zero, :Zero, :Zero, :Zero, :Zero, :Zero, :Zero, :Zero, :Zero, :Zero, :Zero, :Zero, :Zero, :Zero, :Zero, :Zero, :Zero, :Zero, :Zero, :Zero, :Zero, :Zero, :Zero, :Zero, :Zero, :Zero, :Zero, :Zero, :Zero, :Zero, :Zero, :Zero, :Zero, :Zero, :Zero, :Zero, :Zero, :Zero, :Zero, :Zero, :Zero, :Zero, :Zero, :Zero, :Zero, :Zero, :Zero, :Zero, :Zero, :Zero, :Zero, :Zero, :Zero, :SOC, :SOC, :SOC, :SOC, :SOC, :SOC, :SOC, :SOC, :SOC, :SOC, :SOC, :SOC, :SOC, :SOC, :SOC, :SOC, :SOC, :SOC, :SOC, :SOC, :SOC, :SOC, :SOC, :SOC, :SOC, :SOC, :SOC, :SOC, :SOC, :SOC, :SOC, :SOC, :SOC, :SOC, :SOC, :SOC, :SOC, :SOC, :SOC, :SOC, :SOC, :SOC, :SOC, :SOC, :SOC, :SOC, :SOC, :SOC, :ExpPrimal, :ExpPrimal, :ExpPrimal, :ExpPrimal, :ExpPrimal, :ExpPrimal, :ExpPrimal, :ExpPrimal, :ExpPrimal, :ExpPrimal, :ExpPrimal, :ExpPrimal, :ExpPrimal, :ExpPrimal, :ExpPrimal, :ExpPrimal, :ExpPrimal, :ExpPrimal, :ExpPrimal, :ExpPrimal, :ExpPrimal, :ExpPrimal, :ExpPrimal, :ExpPrimal, :ExpPrimal, :ExpPrimal, :ExpPrimal, :ExpPrimal, :ExpPrimal, :ExpPrimal, :ExpPrimal, :ExpPrimal, :ExpPrimal, :ExpPrimal, :ExpPrimal, :ExpPrimal, :ExpPrimal, :ExpPrimal, :ExpPrimal, :ExpPrimal, :ExpPrimal, :ExpPrimal, :ExpPrimal, :ExpPrimal, :ExpPrimal, :ExpPrimal, :ExpPrimal, :ExpPrimal, :ExpPrimal, :ExpPrimal, :ExpPrimal, :ExpPrimal, :ExpPrimal, :ExpPrimal, :ExpPrimal, :ExpPrimal, :ExpPrimal, :ExpPrimal, :ExpPrimal, :ExpPrimal, :ExpPrimal, :ExpPrimal, :ExpPrimal, :ExpPrimal, :ExpPrimal, :ExpPrimal, :ExpPrimal, :ExpPrimal, :ExpPrimal, :ExpPrimal, :ExpPrimal, :ExpPrimal, :ExpPrimal, :ExpPrimal, :ExpPrimal, :ExpPrimal, :ExpPrimal, :ExpPrimal, :ExpPrimal, :ExpPrimal, :ExpPrimal, :ExpPrimal, :ExpPrimal, :ExpPrimal, :ExpPrimal, :ExpPrimal, :ExpPrimal, :ExpPrimal, :ExpPrimal, :ExpPrimal, :ExpPrimal, :ExpPrimal, :ExpPrimal, :ExpPrimal, :ExpPrimal, :ExpPrimal, :ExpPrimal, :ExpPrimal, :ExpPrimal, :ExpPrimal, :ExpPrimal, :ExpPrimal, :ExpPrimal, :ExpPrimal, :ExpPrimal, :ExpPrimal, :ExpPrimal, :ExpPrimal, :ExpPrimal, :ExpPrimal, :ExpPrimal, :ExpPrimal, :ExpPrimal, :ExpPrimal, :ExpPrimal, :ExpPrimal, :ExpPrimal, :ExpPrimal, :ExpPrimal, :ExpPrimal, :ExpPrimal, :ExpPrimal, :ExpPrimal, :ExpPrimal, :ExpPrimal, :ExpPrimal, :ExpPrimal, :ExpPrimal, :ExpPrimal, :ExpPrimal, :ExpPrimal, :ExpPrimal, :ExpPrimal, :ExpPrimal, :ExpPrimal, :ExpPrimal, :ExpPrimal, :ExpPrimal, :ExpPrimal, :ExpPrimal, :ExpPrimal, :ExpPrimal, :ExpPrimal, :ExpPrimal, :SDP, :SDP, :SDP, :SDP, :SDP, :SDP, :SDP, :SDP, :SDP, :SDP, :SDP, :SDP, :SDP, :SDP, :SDP, :SDP, :SDP, :SDP, :SDP, :SDP, :SDP, :SDP, :SDP, :SDP, :SDP, :SDP, :SDP, :SDP, :SDP, :SDP, :SDP, :SDP, :SDP, :SDP, :SDP, :SDP, :SDP, :SDP, :SDP, :SDP, :SDP, :SDP, :SDP, :SDP, :SDP, :SDP, :SDP, :SDP, :SDP, :SDP, :SDP, :SDP, :SDP, :SDP, :SDP, :SDP, :SDP, :SDP, :SDP, :SDP, :SDP, :SDP, :SDP, :SDP, :SDP, :SDP, :SDP, :SDP, :SDP, :SDP, :SDP, :SDP, :SDP, :SDP, :SDP, :SDP, :SDP, :SDP, :SDP, :SDP, :SDP, :SDP, :SDP, :SDP, :SDP, :SDP, :SDP, :SDP, :SDP, :SDP, :SDP, :SDP, :SDP, :SDP, :SDP, :SDP, :SDP, :SDP, :SDP, :SDP, :SDP, :SDP, :SDP, :SDP, :SDP, :SDP, :SDP, :SDP, :SDP, :SDP, :SDP, :SDP, :SDP, :SDP, :SDP, :SDP, :SDP, :SDP, :SDP, :SDP, :SDP, :SDP, :SDP, :SDP, :SDP, :SDP, :SDP, :SDP, :SDP, :SDP, :SDP, :SDP, :SDP, :SDP, :SDP, :SDP, :SDP, :SDP, :SDP, :SDP, :SDP, :SDP, :SDP, :SDP, :SDP, :SDP, :SDP, :SDP, :SDP, :SDP, :SDP, :SDP, :SDP, :SDP, :SDP, :SDP, :SDP, :SDP, :SDP, :SDP, :SDP, :SDP, :SDP, :SDP, :SDP, :SDP, :SDP, :SDP, :SDP, :SDP, :SDP, :SDP, :SDP, :SDP, :SDP, :SDP, :SDP, :SDP, :SDP, :SDP, :SDP, :SDP, :SDP, :SDP, :SDP, :SDP, :SDP, :SDP, :SDP, :SDP, :SDP, :SDP, :SDP, :SDP, :SDP, :SDP, :SDP, :SDP, :SDP, :SDP, :SDP, :SDP, :SDP, :SDP, :SDP, :SDP, :SDP, :SDP, :SDP, :SDP, :SDP, :SDP, :SDP, :SDP, :SDP, :SDP, :SDP, :SDP, :SDP, :SDP, :SDP, :SDP, :SDP, :SDP], [186, 187, 188, 189, 190, 191, 192, 193, 194, 195, 196, 197, 198, 199, 200, 201, 202, 203, 204, 205, 206, 207, 208, 209, 210, 211, 212, 213, 214, 215, 216, 217, 218, 219, 220, 221, 222, 223, 224, 225, 226, 227, 228, 229, 230, 231, 232, 233, 234, 235, 236, 237, 238, 239, 240, 241, 242, 243, 244, 245, 246, 247, 248, 249, 250, 251, 252, 253, 254, 255, 256, 257, 258, 259, 260, 261, 262, 263, 264, 265, 266, 267, 268, 269, 270, 271, 272, 273, 274, 275, 276, 277, 278, 279, 280, 281, 282, 283, 284, 285, 286, 287, 288, 289, 290, 291, 292, 293, 294, 295, 296, 297, 298, 299, 300, 301, 302, 303, 304, 305, 306, 307, 308, 309, 310, 311, 312, 313, 314, 315, 316, 317, 318, 319, 320, 321, 322, 323, 324, 325, 326, 327, 328, 329, 330, 331, 332, 333, 334, 335, 336, 337, 338, 339, 340, 341, 342, 343, 344, 345, 346, 347, 348, 349, 350, 351, 352, 353, 354, 355, 356, 357, 358, 359, 360, 361, 362, 363, 364, 365, 366, 367, 368, 369, 370, 371, 372, 373, 374, 375, 376, 377, 378, 379, 380, 381, 382, 383, 384, 385, 386, 387, 388, 389, 390, 391, 392, 393, 394, 395, 396, 397, 398, 399, 400, 401, 402, 403, 404, 405, 406, 407, 408, 409, 410, 411, 412, 413, 414, 415, 416, 417], Symbol[:NonNeg, :NonNeg, :NonNeg, :NonNeg, :NonNeg, :NonNeg, :NonNeg, :NonNeg, :NonNeg, :NonNeg, :NonNeg, :NonNeg, :NonNeg, :NonNeg, :NonNeg, :NonNeg, :NonNeg, :NonNeg, :NonNeg, :NonNeg, :NonNeg, :NonNeg, :NonNeg, :NonNeg, :NonNeg, :NonNeg, :NonNeg, :NonNeg, :NonNeg, :NonNeg, :NonNeg, :NonNeg, :NonNeg, :NonNeg, :NonNeg, :NonNeg, :NonNeg, :NonNeg, :NonNeg, :NonNeg, :NonNeg, :NonNeg, :NonNeg, :NonNeg, :NonNeg, :NonNeg, :NonNeg, :NonNeg, :NonNeg, :NonNeg, :NonNeg, :NonNeg, :NonNeg, :NonNeg, :NonNeg, :NonNeg, :NonNeg, :NonNeg, :NonNeg, :NonNeg, :NonNeg, :NonNeg, :NonNeg, :NonNeg, :NonNeg, :NonNeg, :NonNeg, :NonNeg, :NonNeg, :NonNeg, :NonNeg, :NonNeg, :NonNeg, :NonNeg, :NonNeg, :NonNeg, :NonNeg, :NonNeg, :NonNeg, :NonNeg, :NonNeg, :NonNeg, :NonNeg, :NonNeg, :NonNeg, :NonNeg, :NonNeg, :NonNeg, :NonNeg, :NonNeg, :NonNeg, :NonNeg, :NonNeg, :NonNeg, :NonNeg, :NonNeg, :Free, :Free, :Free, :Free, :Free, :Free, :Free, :Free, :Free, :Free, :Free, :Free, :Free, :Free, :Free, :Free, :Free, :Free, :Free, :Free, :Free, :Free, :Free, :Free, :Free, :Free, :Free, :Free, :Free, :Free, :Free, :Free, :Free, :Free, :Free, :Free, :Free, :Free, :Free, :Free, :Free, :Free, :Free, :Free, :Free, :Free, :Free, :Free, :Free, :Free, :Free, :Free, :Free, :Free, :Free, :Free, :Free, :Free, :Free, :Free, :Free, :Free, :Free, :Free, :Free, :Free, :Free, :Free, :Free, :Free, :Free, :Free, :Free, :Free, :Free, :Free, :Free, :Free, :Free, :Free, :Free, :Free, :Free, :Free, :Free, :Free, :Free, :Free, :Free, :Free, :Free, :Free, :Free, :Free, :Free, :Free, :Free, :Free, :Free, :Free, :Free, :Free, :Free, :Free, :Free, :Free, :Free, :Free, :Free, :Free, :Free, :Free, :Free, :Free, :Free, :Free, :Free, :Free, :Free, :Free, :Free, :Free, :Free, :Free, :Free, :Free, :Free, :Free, :Free, :Free, :Free, :Free, :Free, :Free, :Free, :Free], Any[(:verbose, 1), (:eps, 0.0001), (:max_iters, 50000)]),), 0x0000000000005540)
.06e-04 -1.38e-01 -1.38e-01  0.00e+00  3.20e+01 
 46300| 5.95e-06  2.87e-05  1.06e-04 -1.38e-01 -1.38e-01  0.00e+00  3.21e+01 
 46400| 5.93e-06  2.87e-05  1.05e-04 -1.38e-01 -1.38e-01  0.00e+00  3.21e+01 
 46500| 5.91e-06  2.87e-05  1.05e-04 -1.38e-01 -1.38e-01  0.00e+00  3.22e+01 
 46600| 5.93e-06  2.86e-05  1.05e-04 -1.38e-01 -1.38e-01  0.00e+00  3.22e+01 
 46700| 5.90e-06  2.86e-05  1.05e-04 -1.38e-01 -1.38e-01  0.00e+00  3.23e+01 
 46800| 5.91e-06  2.85e-05  1.05e-04 -1.38e-01 -1.38e-01  0.00e+00  3.24e+01 
 46900| 5.89e-06  2.85e-05  1.05e-04 -1.38e-01 -1.38e-01  0.00e+00  3.24e+01 
 47000| 5.88e-06  2.84e-05  1.04e-04 -1.38e-01 -1.38e-01  0.00e+00  3.25e+01 
 47100| 5.86e-06  2.84e-05  1.04e-04 -1.38e-01 -1.38e-01  0.00e+00  3.26e+01 
 47200| 5.86e-06  2.83e-05  1.04e-04 -1.38e-01 -1.38e-01  0.00e+00  3.26e+01 
 47300| 5.85e-06  2.83e-05  1.04e-04 -1.38e-01 -1.38e-01  0.00e+00  3.27e+01 
 47400| 5.84e-06  2.83e-05  1.04e-04 -1.38e-01 -1.38e-01  0.00e+00  3.28e+01 
 47500| 5.83e-06  2.82e-05  1.04e-04 -1.38e-01 -1.38e-01  0.00e+00  3.28e+01 
 47600| 5.82e-06  2.82e-05  1.03e-04 -1.38e-01 -1.38e-01  0.00e+00  3.29e+01 
 47700| 5.81e-06  2.81e-05  1.03e-04 -1.38e-01 -1.38e-01  0.00e+00  3.30e+01 
 47800| 5.81e-06  2.81e-05  1.03e-04 -1.38e-01 -1.38e-01  0.00e+00  3.30e+01 
 47900| 5.79e-06  2.80e-05  1.03e-04 -1.38e-01 -1.38e-01  0.00e+00  3.31e+01 
 48000| 5.80e-06  2.80e-05  1.03e-04 -1.38e-01 -1.38e-01  0.00e+00  3.31e+01 
 48100| 5.78e-06  2.80e-05  1.03e-04 -1.38e-01 -1.38e-01  0.00e+00  3.32e+01 
 48200| 5.77e-06  2.79e-05  1.02e-04 -1.38e-01 -1.38e-01  0.00e+00  3.33e+01 
 48300| 5.76e-06  2.79e-05  1.02e-04 -1.38e-01 -1.38e-01  0.00e+00  3.33e+01 
 48400| 5.75e-06  2.78e-05  1.02e-04 -1.38e-01 -1.38e-01  0.00e+00  3.34e+01 
 48500| 5.74e-06  2.78e-05  1.02e-04 -1.38e-01 -1.38e-01  0.00e+00  3.35e+01 
 48600| 5.74e-06  2.78e-05  1.02e-04 -1.38e-01 -1.38e-01  0.00e+00  3.35e+01 
 48700| 5.72e-06  2.77e-05  1.02e-04 -1.38e-01 -1.38e-01  0.00e+00  3.36e+01 
 48800| 5.72e-06  2.77e-05  1.02e-04 -1.38e-01 -1.38e-01  0.00e+00  3.37e+01 
 48900| 5.70e-06  2.76e-05  1.01e-04 -1.38e-01 -1.38e-01  0.00e+00  3.37e+01 
 49000| 5.70e-06  2.76e-05  1.01e-04 -1.38e-01 -1.38e-01  0.00e+00  3.38e+01 
 49100| 5.68e-06  2.76e-05  1.01e-04 -1.38e-01 -1.38e-01  0.00e+00  3.38e+01 
 49200| 5.68e-06  2.75e-05  1.01e-04 -1.38e-01 -1.38e-01  0.00e+00  3.39e+01 
 49300| 5.67e-06  2.75e-05  1.01e-04 -1.38e-01 -1.38e-01  0.00e+00  3.40e+01 
 49400| 5.66e-06  2.74e-05  1.01e-04 -1.38e-01 -1.38e-01  0.00e+00  3.40e+01 
 49500| 5.66e-06  2.74e-05  1.00e-04 -1.38e-01 -1.38e-01  0.00e+00  3.41e+01 
 49600| 5.65e-06  2.74e-05  1.00e-04 -1.38e-01 -1.38e-01  0.00e+00  3.42e+01 
 49700| 5.64e-06  2.73e-05  1.00e-04 -1.38e-01 -1.38e-01  0.00e+00  3.42e+01 
 49780| 5.64e-06  2.73e-05  1.00e-04 -1.38e-01 -1.38e-01  0.00e+00  3.43e+01 
----------------------------------------------------------------------------
Status: Solved
Timing: Solve time: 3.43e+01s
	Lin-sys: nnz in L factor: 2177, avg solve time: 1.19e-05s
	Cones: avg projection time: 6.65e-04s
----------------------------------------------------------------------------
Error metrics:
dist(s, K) = 1.9499e-09, dist(y, K*) = 1.5671e-07, s'y/|s||y| = 4.2932e-12
|Ax + s - b|_2 / (1 + |b|_2) = 5.6395e-06
|A'y + c|_2 / (1 + |c|_2) = 2.7280e-05
|c'x + b'y| / (1 + |c'x| + |b'y|) = 9.9994e-05
----------------------------------------------------------------------------
c'x = -0.1377, -b'y = -0.1376
============================================================================
