#SOLVERNAME# BONMIN_OADIS
#SOLVER# ConicNonlinearBridge.ConicNLPWrapper(AmplNLWriter.AmplNLSolver("/home/ubuntu/.julia/v0.5/CoinOptServices/deps/usr/lib/../bin/bonmin",String["bonmin.algorithm=\"B-OA\"","bonmin.time_limit=3600.0","halt_on_ampl_error=yes","bonmin.allowable_fraction_gap=1.0e-5","bonmin.oa_log_level=1","bonmin.bb_log_level=1"],""),false,true,false)
#FILENAME# ck_n25_m10_o5_5.cbf.gz
#INSTANCE# ck_n25_m10_o5_5
#TIMELIMIT# 3600.0
#STATUS# Optimal
#OBJVAL# 8915.0
#OBJBOUND# NaN
#TIMESOLVER# 1.1587169170379639
#TIMEALL# 10.046978950500488
#SOLUTION# [1.0,1.0,0.0,1.0,0.0,0.0,0.0,1.0,1.0,1.0,1.0,0.0,1.0,1.0,0.0,1.0,1.0,0.0,0.0,1.0,0.0,0.0,1.0,1.0,1.0,0.0,2.33279e-60,41.0,2.33279e-60,66.0,2.33279e-60,2.33279e-60,0.0,2.33279e-60,2.33279e-60,2.33279e-60,2.33279e-60,2.33279e-60,2.33279e-60,2.33279e-60,2.33279e-60,2.33279e-60,2.33279e-60,2.33279e-60,0.0,2.33279e-60,2.33279e-60,2.33279e-60,2.33279e-60,2.33279e-60,175.0,268.816,0.0,0.0,0.0,0.0,0.0,0.0,0.0,0.0,0.0,0.0,0.0,0.0,0.0,279.0,0.0,0.0,0.0,0.0,0.0,0.0,0.0,0.0,0.0,0.0,0.0,279.0,1.16639e-60,1.16639e-60,0.0,1.16639e-60,1.16639e-60,1.16639e-60,4.55457e-42,233.0,1.16639e-60,1.16639e-60,1.16639e-60,0.0,1.16639e-60,1.16639e-60,1.16639e-60,1.16639e-60,1.16639e-60,0.0,1.16639e-60,1.16639e-60,1.16639e-60,0.0,1.16639e-60,1.16639e-60,1.16639e-60,272.383,2.33279e-60,2.33279e-60,2.33279e-60,4.66557e-60,4.66557e-60,4.66557e-60,0.0,154.0,103.0,2.33279e-60,2.33279e-60,2.33279e-60,66.0,2.33279e-60,2.33279e-60,2.33279e-60,2.33279e-60,2.33279e-60,2.33279e-60,2.33279e-60,2.33279e-60,2.33279e-60,2.33279e-60,2.33279e-60,2.33279e-60,268.023,1.10203e-39,0.0,0.0,0.0,0.0,0.0,0.0,0.0,0.0,0.0,0.0,0.0,0.0,0.0,0.0,0.0,0.0,0.0,0.0,0.0,0.0,0.0,0.0,0.0,0.0,6.46744e-9,28.0,9.33115e-60,0.0,9.33115e-60,9.33115e-60,0.0,9.33115e-60,9.33115e-60,9.33115e-60,9.33115e-60,9.33115e-60,9.33115e-60,9.33115e-60,88.0,4.66557e-60,4.66557e-60,4.66557e-60,4.66557e-60,4.66557e-60,4.66557e-60,4.66557e-60,4.66557e-60,4.66557e-60,4.66557e-60,9.33115e-60,102.706,9.33115e-60,9.33115e-60,9.33115e-60,9.33115e-60,0.0,0.0,0.0,0.0,0.0,0.0,113.0,9.33115e-60,9.33115e-60,9.33115e-60,9.33115e-60,9.33115e-60,9.33115e-60,9.33115e-60,9.33115e-60,9.33115e-60,0.0,9.33115e-60,9.33115e-60,9.33115e-60,90.0,225.094,2.2069e-52,2.2069e-52,2.2069e-52,6.4139e-53,6.4139e-53,6.4139e-53,6.4139e-53,6.4139e-53,107.0,6.4139e-53,6.4139e-53,6.4139e-53,6.4139e-53,6.4139e-53,0.0,2.2069e-52,2.2069e-52,2.2069e-52,2.2069e-52,2.2069e-52,2.2069e-52,2.2069e-52,2.2069e-52,2.2069e-52,2.2069e-52,107.0,1.25241e-51,1.25241e-51,1.25241e-51,1.25241e-51,6.26203e-52,6.26203e-52,6.26203e-52,6.26203e-52,6.26203e-52,6.26203e-52,6.26203e-52,6.26203e-52,6.26203e-52,63.0,6.26203e-52,6.26203e-52,6.26203e-52,6.26203e-52,6.26203e-52,6.26203e-52,6.26203e-52,6.26203e-52,6.26203e-52,6.26203e-52,6.26203e-52,63.0,9.33115e-60,9.33115e-60,9.33115e-60,49.0,0.0,9.33115e-60,9.33115e-60,9.33115e-60,9.33115e-60,9.33115e-60,9.33115e-60,9.33115e-60,9.33115e-60,53.0,9.33115e-60,9.33115e-60,9.33115e-60,9.33115e-60,9.33115e-60,9.33115e-60,9.33115e-60,9.33115e-60,9.33115e-60,9.33115e-60,22.0,104.946,380.164,190.082,1.0963e-24,57.9828,1.0963e-24,93.3381,1.0963e-24,1.0963e-24,0.0,1.0963e-24,1.0963e-24,1.0963e-24,1.0963e-24,1.0963e-24,1.0963e-24,1.0963e-24,1.0963e-24,1.0963e-24,1.0963e-24,1.0963e-24,0.0,1.0963e-24,1.0963e-24,1.0963e-24,1.0963e-24,1.0963e-24,247.487,394.566,197.283,1.0963e-24,1.0963e-24,0.0,1.0963e-24,1.0963e-24,1.0963e-24,1.0963e-24,1.0963e-24,1.0963e-24,1.0963e-24,1.0963e-24,-1.51842e-40,1.0963e-24,394.566,0.0,1.0963e-24,1.0963e-24,1.0963e-24,1.0963e-24,1.0963e-24,1.0963e-24,1.0963e-24,1.0963e-24,1.0963e-24,1.0963e-24,385.208,192.604,1.0963e-24,1.0963e-24,0.0,1.0963e-24,1.0963e-24,1.0963e-24,6.44113e-42,329.512,1.0963e-24,1.0963e-24,1.0963e-24,0.0,1.0963e-24,1.0963e-24,1.0963e-24,1.0963e-24,1.0963e-24,0.0,1.0963e-24,1.0963e-24,1.0963e-24,0.0,1.0963e-24,1.0963e-24,1.0963e-24,379.041,189.521,1.0963e-24,1.0963e-24,1.0963e-24,1.0963e-24,1.0963e-24,1.0963e-24,7.86138e-90,217.789,145.664,1.0963e-24,1.0963e-24,1.0963e-24,93.3381,1.0963e-24,1.0963e-24,1.0963e-24,1.0963e-24,1.0963e-24,1.0963e-24,1.0963e-24,1.0963e-24,1.0963e-24,1.0963e-24,1.0963e-24,1.0963e-24,9.14634e-9,4.57317e-9,1.5585e-39,-3.09952e-54,-3.09952e-54,-3.09952e-54,-3.09952e-54,-3.09952e-54,-3.09952e-54,-3.09952e-54,-1.22349e-55,-3.09952e-54,-3.09952e-54,-3.09952e-54,-1.22349e-55,-3.09952e-54,-3.09952e-54,-3.09952e-54,-3.09952e-54,-3.09952e-54,-1.22349e-55,-3.09952e-54,-3.09952e-54,-1.22349e-55,-3.09952e-54,-1.22349e-55,-3.09952e-54,145.248,72.6241,39.598,1.0963e-24,0.0,1.0963e-24,1.0963e-24,4.36534e-41,1.0963e-24,1.0963e-24,1.0963e-24,1.0963e-24,1.0963e-24,1.0963e-24,1.0963e-24,124.451,1.0963e-24,1.0963e-24,1.0963e-24,1.0963e-24,1.0963e-24,1.0963e-24,1.0963e-24,1.0963e-24,1.0963e-24,1.0963e-24,1.0963e-24,318.331,159.165,1.0963e-24,1.0963e-24,1.0963e-24,1.0963e-24,1.0963e-24,1.0963e-24,1.0963e-24,1.0963e-24,1.0963e-24,1.0963e-24,159.806,1.0963e-24,1.0963e-24,1.0963e-24,1.0963e-24,1.0963e-24,1.0963e-24,1.0963e-24,1.0963e-24,1.0963e-24,-1.73123e-40,1.0963e-24,1.0963e-24,1.0963e-24,127.279,151.321,75.6604,1.0963e-24,1.0963e-24,1.0963e-24,1.0963e-24,1.0963e-24,1.0963e-24,1.0963e-24,1.0963e-24,151.321,1.0963e-24,1.0963e-24,1.0963e-24,1.0963e-24,1.0963e-24,0.0,1.0963e-24,1.0963e-24,1.0963e-24,1.0963e-24,1.0963e-24,1.0963e-24,1.0963e-24,1.0963e-24,1.0963e-24,1.0963e-24,89.0955,44.5477,1.0963e-24,1.0963e-24,1.0963e-24,1.0963e-24,1.0963e-24,1.0963e-24,1.0963e-24,1.0963e-24,1.0963e-24,1.0963e-24,1.0963e-24,1.0963e-24,1.0963e-24,89.0955,1.0963e-24,1.0963e-24,1.0963e-24,1.0963e-24,1.0963e-24,1.0963e-24,1.0963e-24,1.0963e-24,1.0963e-24,1.0963e-24,1.0963e-24,148.417,74.2083,1.0963e-24,1.0963e-24,1.0963e-24,69.2965,0.0,1.0963e-24,1.0963e-24,1.0963e-24,1.0963e-24,1.0963e-24,1.0963e-24,1.0963e-24,1.0963e-24,74.9533,1.0963e-24,1.0963e-24,1.0963e-24,1.0963e-24,1.0963e-24,1.0963e-24,1.0963e-24,1.0963e-24,1.0963e-24,1.0963e-24,31.1127]
