#SOLVERNAME# BONMIN_OA
#SOLVER# ConicNonlinearBridge.ConicNLPWrapper(AmplNLWriter.AmplNLSolver("/home/ubuntu/.julia/v0.5/CoinOptServices/deps/usr/lib/../bin/bonmin",String["bonmin.algorithm=\"B-OA\"","bonmin.time_limit=3600.0","halt_on_ampl_error=yes","bonmin.allowable_fraction_gap=1.0e-5","bonmin.oa_log_level=1","bonmin.bb_log_level=1"],""),false,false,false)
#FILENAME# ck_n25_m10_o1_5.cbf.gz
#INSTANCE# ck_n25_m10_o1_5
#TIMELIMIT# 3600.0
#STATUS# Optimal
#OBJVAL# 8143.0
#OBJBOUND# NaN
#TIMESOLVER# 1.8425929546356201
#TIMEALL# 10.649158954620361
#SOLUTION# [0.0,0.0,0.0,1.0,0.0,1.0,0.0,1.0,0.0,1.0,1.0,1.0,1.0,0.0,0.0,1.0,1.0,0.0,0.0,1.0,0.0,0.0,1.0,1.0,1.0,0.0,0.0,0.0,0.0,14.0,0.0,0.0,1.19388e-45,0.0,0.0,0.0,0.0,0.0,0.0,0.0,0.0,0.0,0.0,0.0,0.0,0.0,0.0,0.0,0.0,0.0,35.0,39.1089,4.6477e-46,4.6477e-46,0.0,4.6477e-46,4.6477e-46,4.6477e-46,4.6477e-46,4.6477e-46,4.6477e-46,4.6477e-46,4.6477e-46,26.0,4.6477e-46,0.0,0.0,4.6477e-46,4.6477e-46,4.6477e-46,4.6477e-46,4.6477e-46,4.6477e-46,4.6477e-46,4.6477e-46,4.6477e-46,4.6477e-46,28.5085,0.0,0.0,0.0,0.0,0.0,0.0,0.0,47.0,0.0,0.0,0.0,1.0,0.0,0.0,0.0,0.0,0.0,0.0,0.0,0.0,0.0,0.0,0.0,0.0,0.0,49.0371,0.0,0.0,0.0,0.0,0.0,0.0,0.0,31.0,0.0,0.0,0.0,0.0,14.0,0.0,0.0,0.0,0.0,0.0,0.0,0.0,0.0,0.0,0.0,0.0,0.0,35.8735,4.59197e-41,0.0,0.0,0.0,0.0,0.0,1.82317e-42,0.0,1.96705e-45,0.0,0.0,0.0,1.24829e-45,0.0,0.0,0.0,0.0,9.77058e-47,0.0,9.10631e-43,9.10602e-43,0.0,0.0,4.59177e-41,0.0,6.42219e-9,8.27045e-46,0.0,2.29608e-41,0.0,0.0,32.0,0.0,0.0,0.0,0.0,0.0,0.0,0.0,0.0,0.0,0.0,0.0,0.0,0.0,0.0,0.0,0.0,0.0,0.0,0.0,33.1162,0.0,0.0,0.0,0.0,0.0,0.0,0.0,0.0,0.0,0.0,23.0,0.0,0.0,0.0,0.0,0.0,0.0,0.0,0.0,0.0,3.0793e-45,0.0,0.0,0.0,18.0,30.2593,0.0,0.0,0.0,0.0,0.0,0.0,0.0,0.0,0.0,0.0,0.0,0.0,0.0,0.0,0.0,0.0,0.0,0.0,0.0,0.0,0.0,0.0,0.0,0.0,0.0,60.2742,0.0,0.0,0.0,0.0,0.0,0.0,0.0,0.0,0.0,0.0,0.0,0.0,0.0,0.0,0.0,0.0,0.0,0.0,0.0,0.0,0.0,0.0,0.0,0.0,0.0,45.8865,0.0,0.0,0.0,10.0,0.0,0.0,0.0,0.0,0.0,0.0,0.0,0.0,0.0,0.0,0.0,0.0,0.0,0.0,0.0,0.0,0.0,0.0,0.0,0.0,5.0,12.4066,55.3084,27.6542,-7.32385e-46,0.0,-7.32385e-46,19.799,-7.32385e-46,-7.32385e-46,1.96705e-45,-7.32385e-46,-7.32385e-46,-7.32385e-46,-7.32385e-46,-7.32385e-46,-7.32385e-46,-7.32385e-46,-7.32385e-46,-7.32385e-46,-7.32385e-46,-7.32385e-46,0.0,-7.32385e-46,-7.32385e-46,-7.32385e-46,-7.32385e-46,-7.32385e-46,49.4975,40.3171,20.1586,6.57284e-46,6.57284e-46,-1.46937e-39,6.57284e-46,6.57284e-46,6.57284e-46,6.57284e-46,6.57284e-46,6.57284e-46,6.57284e-46,6.57284e-46,36.7696,6.57284e-46,0.0,0.0,6.57284e-46,6.57284e-46,6.57284e-46,6.57284e-46,6.57284e-46,6.57284e-46,6.57284e-46,6.57284e-46,6.57284e-46,6.57284e-46,69.3489,34.6744,0.0,0.0,-7.34684e-40,0.0,0.0,0.0,-4.06424e-47,66.468,0.0,0.0,0.0,1.41421,0.0,0.0,0.0,0.0,0.0,-7.34684e-40,0.0,0.0,0.0,-7.34684e-40,0.0,0.0,0.0,50.7328,25.3664,1.75982e-51,1.75982e-51,1.75982e-51,0.0,1.75982e-51,0.0,-1.70643e-42,43.8406,-7.34684e-40,1.75982e-51,1.75982e-51,1.75982e-51,19.799,1.75982e-51,1.75982e-51,1.75982e-51,1.75982e-51,1.75982e-51,1.75982e-51,1.75982e-51,1.75982e-51,1.75982e-51,1.75982e-51,1.75982e-51,1.75982e-51,9.08234e-9,4.54117e-9,5.73957e-41,1.46937e-39,-1.46937e-39,-5.52707e-46,1.46937e-39,-1.46937e-39,0.0,0.0,4.12144e-41,2.6483e-45,-2.06043e-41,-3.44363e-41,2.29564e-41,-8.24261e-41,-2.22708e-39,3.42091e-39,0.0,1.46937e-39,-1.40074e-39,0.0,0.0,2.03189e-39,2.58291e-45,1.46937e-39,-2.27805e-63,46.8334,23.4167,0.0,-1.0102e-39,2.29628e-41,0.0,-1.0102e-39,45.2548,0.0,-1.0102e-39,-1.0102e-39,-1.0102e-39,-1.0102e-39,0.0,-1.0102e-39,1.46937e-39,0.0,0.0,0.0,-1.0102e-39,-1.0102e-39,-1.0102e-39,-1.0102e-39,-1.0102e-39,0.0,0.0,0.0,42.793,21.3965,7.34684e-40,-1.46937e-39,-1.46937e-39,0.0,0.0,0.0,0.0,0.0,0.0,0.0,32.5269,-1.46937e-39,-1.46937e-39,-1.46937e-39,-1.46937e-39,-1.46937e-39,-1.46937e-39,-1.46937e-39,-1.46937e-39,-1.46937e-39,-4.59177e-41,-1.46937e-39,-1.46937e-39,-1.46937e-39,25.4558,85.2407,42.6203,0.0,0.0,0.0,-2.72595e-40,0.0,-2.72595e-40,0.0,0.0,0.0,0.0,0.0,0.0,-2.72595e-40,-2.72595e-40,0.0,-2.72595e-40,-2.72595e-40,0.0,0.0,0.0,0.0,0.0,0.0,0.0,-3.98273e-59,64.8933,32.4466,-1.46937e-39,-1.46937e-39,-1.46937e-39,-1.46937e-39,-1.46937e-39,-1.46937e-39,-1.46937e-39,-1.46937e-39,-1.46937e-39,-7.34684e-40,-7.34684e-40,-7.34684e-40,-7.34684e-40,0.0,-1.46937e-39,-1.46937e-39,-1.46937e-39,-1.46937e-39,-1.46937e-39,-1.46937e-39,-1.46937e-39,-1.46937e-39,-1.46937e-39,-1.46937e-39,-1.46937e-39,17.5455,8.77276,-9.83527e-46,-9.83527e-46,-9.83527e-46,14.1421,0.0,-9.83527e-46,-9.83527e-46,-9.83527e-46,-9.83527e-46,-9.83527e-46,-9.83527e-46,-9.83527e-46,-9.83527e-46,7.34684e-40,-9.83527e-46,-9.83527e-46,-9.83527e-46,-9.83527e-46,-9.83527e-46,-9.83527e-46,-9.83527e-46,-9.83527e-46,-9.83527e-46,-9.83527e-46,7.07107]
