#SOLVERNAME# BONMIN_BB
#SOLVER# ConicNonlinearBridge.ConicNLPWrapper(AmplNLWriter.AmplNLSolver("/home/ubuntu/.julia/v0.5/CoinOptServices/deps/usr/lib/../bin/bonmin",String["bonmin.algorithm=\"B-BB\"","bonmin.time_limit=3600.0","halt_on_ampl_error=yes","bonmin.allowable_fraction_gap=1.0e-5","bonmin.oa_log_level=1","bonmin.bb_log_level=1"],""),false,false,false)
#FILENAME# robust_100_1.cbf.gz
#INSTANCE# robust_100_1
#TIMELIMIT# 3600.0
#STATUS# Optimal
#OBJVAL# -0.0720898754787411
#OBJBOUND# NaN
#TIMESOLVER# 960.3485498428345
#TIMEALL# 969.4548420906067
#SOLUTION# [0.0720899,0.0,3.57006e-9,0.0,0.0,0.0,2.75765e-9,0.0,0.0,0.0,4.03643e-9,0.0,0.0,0.0,0.0,0.0,0.0,0.0,2.11334e-9,0.0,0.0,0.0,0.0,0.0,0.0,0.0,0.0,0.0,0.0771588,1.0,5.26732e-10,0.0,0.0,0.0,0.0,0.0,0.0,0.0,0.0,0.0,0.0,0.0,0.0,0.0,0.0,0.0,0.0,0.0,0.0,0.0,0.0,0.0,0.0953461,1.0,0.0,0.0,0.0,0.0,8.46333e-9,0.0,0.0,0.0,0.0,0.0,0.0,0.0,0.0,0.0,0.0,0.0,0.0,0.0,0.0,0.0,0.0,0.0,0.101651,1.0,0.0,0.0,0.0435371,1.0,0.0,0.0,0.223037,1.0,0.0,0.0,0.0,0.0,5.50311e-9,0.0,0.0,0.0,8.03311e-9,0.0,0.0,0.0,0.0,0.0,0.0,0.0,0.0,0.0,0.117157,1.0,0.0,0.0,0.0135082,1.0,0.0,0.0,3.45801e-9,0.0,0.0,0.0,0.0,0.0,0.195371,1.0,0.0,0.0,0.0,0.0,0.0,0.0,0.0,0.0,0.0,0.0,0.0,0.0,0.0,0.0,0.0,0.0,0.0,0.0,0.0,0.0,0.0,0.0,0.0,0.0,0.0,0.0,0.0,0.0,0.0,0.0,0.0,0.0,0.0,0.0,0.12536,1.0,0.0,0.0,0.0,0.0,0.0,0.0,0.0,0.0,0.0,0.0,2.15181e-9,0.0,0.0,0.0,0.0,0.0,0.0,0.0,0.0,0.0,0.0,0.0,0.0,0.0,0.0,0.0,0.0,0.0,3.53324e-9,0.0,0.00787475,1.0,0.0,0.0,0.0,0.0,0.0,0.0,0.0,0.0,0.0,0.0,0.0,0.0,0.0,0.0,1.0,0.00373,0.0105689,0.00414045,0.0125774,0.0175585,0.015122,0.0044947,0.0195921,0.0127796,0.00453491,-0.000687351,0.0105408,0.0271478,0.0598488,0.0180086,0.0147715,0.0152101,0.00820138,0.0180991,0.0284077,0.0173546,0.0141538,0.0107556,0.0216107,0.0176543,0.0212858,0.0140711,0.0142052,0.0151666,0.00786463,0.0110836,0.0102558,0.0132047,0.00557822,0.0126951,0.00486691,0.0264494,0.0513638,0.00407889,0.0435765,0.0152698,0.0416366,0.0127014,0.0274194,0.00965485,0.00896277,0.0135993,0.00810705,0.0079431,0.00458131,0.00482549,0.0612147,0.0292726,0.0357882,0.0122045,0.0026991,0.0135309,0.00708384,0.0762268,0.0117245,0.013291,0.00320543,0.0124201,0.00675489,0.0117691,0.0115919,0.0151628,0.0150539,0.00574969,0.00130093,0.00334622,0.011319,0.00129237,0.0181975,0.0168484,0.00656747,0.0313902,0.0113969,0.0126156,0.0189312,0.0106529,0.0150354,0.0159697,0.0153001,0.0200385,0.0204665,0.00787723,0.00922729,0.00811474,0.00343678,0.0100551,0.000131171,0.0386865,0.0131178,0.0181083,0.00915674,0.00697808,0.00802931,0.0162917,0.0102327,0.0,0.2,0.000969083,0.00274588,0.00107572,0.0032677,0.00456183,0.00392881,0.00116776,0.00509019,0.00332024,0.0011782,-0.000178579,0.00273858,0.00705319,0.0155492,0.00467877,0.00383775,0.0039517,0.00213078,0.00470229,0.00738053,0.00450885,0.00367725,0.00279439,0.00561463,0.00458671,0.0055302,0.00365578,0.00369061,0.00394041,0.00204329,0.00287961,0.00266454,0.00343069,0.00144926,0.00329829,0.00126446,0.00687176,0.0133447,0.00105973,0.0113215,0.00396721,0.0108175,0.00329991,0.00712378,0.0025084,0.0023286,0.0035332,0.00210627,0.00206368,0.00119026,0.0012537,0.015904,0.00760525,0.00929804,0.00317083,0.000701247,0.00351543,0.00184043,0.0198043,0.00304611,0.00345311,0.000832795,0.00322684,0.00175497,0.0030577,0.00301166,0.00393941,0.00391113,0.00149381,0.000337991,0.000869373,0.00294077,0.000335768,0.00472785,0.00437735,0.00170628,0.00815542,0.00296101,0.00327763,0.00491846,0.0027677,0.00390631,0.00414904,0.00397509,0.00520614,0.00531737,0.00204656,0.00239732,0.00210827,0.000892903,0.0026124,3.40792e-5,0.010051,0.0034081,0.00470467,0.00237899,0.00181296,0.00208608,0.00423272,0.00265853,0.0,0.0519615,0.2,0.00373,0.0105689,0.00414045,0.0125774,0.0175585,0.015122,0.0044947,0.0195921,0.0127796,0.00453491,-0.000687351,0.0105408,0.0271478,0.0598488,0.0180086,0.0147715,0.0152101,0.00820138,0.0180991,0.0284077,0.0173546,0.0141538,0.0107556,0.0216107,0.0176543,0.0212858,0.0140711,0.0142052,0.0151666,0.00786463,0.0110836,0.0102558,0.0132047,0.00557822,0.0126951,0.00486691,0.0264494,0.0513638,0.00407889,0.0435765,0.0152698,0.0416366,0.0127014,0.0274194,0.00965485,0.00896277,0.0135993,0.00810705,0.0079431,0.00458131,0.00482549,0.0612147,0.0292726,0.0357882,0.0122045,0.0026991,0.0135309,0.00708384,0.0762268,0.0117245,0.013291,0.00320543,0.0124201,0.00675489,0.0117691,0.0115919,0.0151628,0.0150539,0.00574969,0.00130093,0.00334622,0.011319,0.00129237,0.0181975,0.0168484,0.00656747,0.0313902,0.0113969,0.0126156,0.0189312,0.0106529,0.0150354,0.0159697,0.0153001,0.0200385,0.0204665,0.00787723,0.00922729,0.00811474,0.00343678,0.0100551,0.000131171,0.0386865,0.0131178,0.0181083,0.00915674,0.00697808,0.00802931,0.0162917,0.0102327,0.0,0.0519615,0.000969083,0.00274588,0.00107572,0.0032677,0.00456183,0.00392881,0.00116776,0.00509019,0.00332024,0.0011782,-0.000178579,0.00273858,0.00705319,0.0155492,0.00467877,0.00383775,0.0039517,0.00213078,0.00470229,0.00738053,0.00450885,0.00367725,0.00279439,0.00561463,0.00458671,0.0055302,0.00365578,0.00369061,0.00394041,0.00204329,0.00287961,0.00266454,0.00343069,0.00144926,0.00329829,0.00126446,0.00687176,0.0133447,0.00105973,0.0113215,0.00396721,0.0108175,0.00329991,0.00712378,0.0025084,0.0023286,0.0035332,0.00210627,0.00206368,0.00119026,0.0012537,0.015904,0.00760525,0.00929804,0.00317083,0.000701247,0.00351543,0.00184043,0.0198043,0.00304611,0.00345311,0.000832795,0.00322684,0.00175497,0.0030577,0.00301166,0.00393941,0.00391113,0.00149381,0.000337991,0.000869373,0.00294077,0.000335768,0.00472785,0.00437735,0.00170628,0.00815542,0.00296101,0.00327763,0.00491846,0.0027677,0.00390631,0.00414904,0.00397509,0.00520614,0.00531737,0.00204656,0.00239732,0.00210827,0.000892903,0.0026124,3.40792e-5,0.010051,0.0034081,0.00470467,0.00237899,0.00181296,0.00208608,0.00423272,0.00265853,0.0]
