#SOLVERNAME# PAJ_CBC_CIP
#SOLVER# Pajarito.PajaritoSolver(2,3600.0,1.0e-5,false,Cbc.CbcMathProgSolverInterface.CbcSolver(Any[(:logLevel,0),(:ratioGap,0.0),(:seconds,3600.0)]),MathProgBase.DefaultMIPSolver(),0,false,true,ConicIP.ConicIPSolver(true,Any[(:verbose,false)]),true,false,false,true,false,true,false,true,true,true,true,false,false,true,false,false,false,false,1.0e-10,0.0001,1.0e-6,0.01,1.0e-6)
#FILENAME# classical_50_3.cbf.gz
#INSTANCE# classical_50_3
#TIMELIMIT# 3600.0
#STATUS# Optimal
#OBJVAL# -0.08804082506240372
#OBJBOUND# -0.08804087312000058
#TIMESOLVER# 225.32245707511902
#TIMEALL# 225.3226809501648
#SOLUTION# [9.408e-11,9.06036e-11,0.0429591,8.22993e-11,0.0739097,9.5425e-11,9.82962e-11,9.19683e-11,9.20935e-11,9.78843e-11,8.99836e-11,9.15513e-11,0.11316,9.32552e-11,9.44178e-11,0.0698484,9.24809e-11,8.76462e-11,9.82612e-11,9.59373e-11,8.77701e-11,0.165058,7.96815e-11,8.98503e-11,0.194332,9.76443e-11,9.57016e-11,9.43287e-11,8.71717e-11,9.66961e-11,9.63976e-11,0.0442912,9.8524e-11,9.71591e-11,9.47767e-11,8.28606e-11,9.23785e-11,9.54047e-11,5.79649e-11,0.0441202,9.35168e-11,0.0945422,9.02577e-11,9.0787e-11,8.68434e-11,9.0586e-11,9.85235e-11,9.17409e-11,0.157779,9.58272e-11,0.0,0.0,0.0,1.0,0.0,1.0,0.0,0.0,0.0,0.0,0.0,0.0,0.0,1.0,0.0,0.0,1.0,0.0,0.0,0.0,0.0,0.0,1.0,0.0,0.0,1.0,0.0,0.0,0.0,0.0,0.0,0.0,1.0,0.0,0.0,0.0,0.0,0.0,0.0,0.0,1.0,0.0,1.0,0.0,0.0,0.0,0.0,0.0,0.0,1.0,0.0,0.0133815,0.0152669,0.0407926,0.01717,0.0438046,0.0110613,0.00912523,0.0156175,0.0124378,0.008071,0.0189895,0.0140934,0.0451324,0.0212921,0.0136136,0.062124,0.0166908,0.0208657,0.00773498,0.0103506,0.0190517,0.076091,0.0247184,0.0154086,0.0515964,0.0101776,0.0156826,0.0104431,0.0140003,0.00892482,0.0120015,0.054045,0.011874,0.0093734,0.0114452,0.0269081,0.0152089,0.0126686,0.0362628,0.0520866,0.0147146,0.0660937,0.0190861,0.0145317,0.0214909,0.0160648,0.00921598,0.0233445,0.0390685,0.00792495,0.2]
