#SOLVERNAME# PAJ_CBC_ECOS
#SOLVER# Pajarito.PajaritoSolver(2,3600.0,1.0e-5,false,Cbc.CbcMathProgSolverInterface.CbcSolver(Any[(:logLevel,0),(:ratioGap,0.0),(:seconds,3600.0)]),MathProgBase.DefaultMIPSolver(),0,false,true,ECOS.ECOSSolver(Any[(:verbose,false)]),true,false,false,true,false,true,false,true,true,true,true,false,false,true,false,false,false,false,1.0e-10,0.0001,1.0e-6,0.01,1.0e-6)
#FILENAME# sssd-strong-20-8.cbf.gz
#INSTANCE# sssd-strong-20-8
#TIMELIMIT# 3600.0
#STATUS# Optimal
#OBJVAL# 600350.3054762011
#OBJBOUND# 600350.3054750806
#TIMESOLVER# 1379.9754769802094
#TIMEALL# 1379.9758009910583
#SOLUTION# [0.0,0.0,0.0,0.0,0.0,0.0,0.0,1.0,0.0,0.0,0.0,0.0,0.0,1.0,0.0,0.0,0.0,0.0,0.0,0.0,0.0,0.0,1.0,0.0,0.0,0.0,0.0,0.0,1.0,0.0,0.0,0.0,0.0,1.0,0.0,0.0,0.0,0.0,0.0,0.0,0.0,0.0,0.0,1.0,0.0,0.0,0.0,0.0,0.0,1.0,0.0,0.0,0.0,0.0,0.0,0.0,0.0,0.0,0.0,0.0,0.0,1.0,0.0,0.0,0.0,0.0,0.0,0.0,0.0,0.0,0.0,1.0,0.0,0.0,0.0,0.0,0.0,0.0,1.0,0.0,1.0,0.0,0.0,0.0,0.0,0.0,0.0,0.0,0.0,0.0,0.0,0.0,0.0,0.0,0.0,1.0,0.0,0.0,0.0,0.0,1.0,0.0,0.0,0.0,1.0,0.0,0.0,0.0,0.0,0.0,0.0,0.0,1.0,0.0,0.0,0.0,0.0,0.0,0.0,0.0,0.0,0.0,0.0,1.0,0.0,0.0,0.0,0.0,0.0,0.0,0.0,0.0,0.0,1.0,0.0,0.0,0.0,0.0,1.0,0.0,0.0,0.0,0.0,0.0,0.0,1.0,0.0,0.0,0.0,0.0,0.0,0.0,0.0,0.0,1.0,0.0,0.0,0.0,0.0,0.0,0.0,0.0,1.0,0.0,0.0,1.0,0.0,0.0,1.0,0.0,0.0,1.0,0.0,0.0,1.0,0.0,0.0,1.0,0.0,0.0,1.0,0.0,0.0,1.0,0.739676,0.698003,0.699852,0.721829,0.743257,0.73883,0.816648,0.771312,-2.1945e-9,-2.47996e-9,0.42518,-1.11648e-8,-1.25464e-8,0.411071,-7.42302e-9,-8.50892e-9,0.411712,-5.275e-9,-5.93996e-9,0.419222,-2.28315e-9,-2.61874e-9,0.426361,-2.37846e-9,-2.68104e-9,0.4249,1.72245e-8,1.90536e-8,0.449538,8.88112e-9,9.83671e-9,0.435448,0.0,0.369838,0.369838,0.157248,0.349002,0.349002,0.143466,0.349926,0.349926,0.14407,0.360915,0.360915,0.151304,0.371628,0.371628,0.158448,0.369415,0.369415,0.156965,0.408324,0.408324,0.183555,0.385656,0.385656,0.167932,0.739676,0.739676,1.73968,0.698003,0.698003,1.698,0.699852,0.699852,1.69985,0.721829,0.721829,1.72183,0.743257,0.743257,1.74326,0.73883,0.73883,1.73883,0.816648,0.816648,1.81665,0.771312,0.771312,1.77131,0.739676,0.739676,0.739676,0.698003,0.698003,0.698003,0.699852,0.699852,0.699852,0.721829,0.721829,0.721829,0.743257,0.743257,0.743257,0.73883,0.73883,0.73883,0.816648,0.816648,0.816648,0.771312,0.771312,0.771312]
