WARNING: Method definition require(Symbol) in module Base at loading.jl:345 overwritten in module ConicBenchmarkUtilities at /home/ubuntu/.julia/v0.5/Requires/src/require.jl:12.
#SOLVERNAME# PAJ_NEW_MSD_CPLEX_tols_MOSEK
#SOLVER# Pajarito.PajaritoSolver(2,3600.0,1.0e-5,true,CPLEX.CplexSolver(Any[(:CPX_PARAM_THREADS,1),(:CPX_PARAM_TILIM,3600.0),(:CPX_PARAM_EPINT,1.0e-8),(:CPX_PARAM_EPRHS,1.0e-8),(:CPX_PARAM_SCRIND,0),(:CPX_PARAM_EPGAP,1.0e-5)]),CPLEX.CplexSolver(Any[]),0,false,true,Mosek.MosekMathProgSolverInterface.MosekSolver(Any[(:LOG,0),(:NUM_THREADS,1),(:OPTIMIZER_MAX_TIME,120.0)]),true,false,false,true,false,true,false,true,true,true,true,false,false,true,false,false,false,true,1.0e-8,1.0e-6,1.0e-6,0.01,1.0e-6)
#INSTANCE# uflquad-nopsc-10-100.cbf.gz
#TIMELIMIT# 3600.0

Transforming original data......Done     0.01s

Creating conic model data......Done     0.00s

Creating MIP model......Done     0.05s

Cone types summary:
Cone       | Count    | Min dim  | Max dim 
       SOC |     1000 |        3 |        3

Solving conic relaxation......Done     0.10s
 - Relaxation status    =        Optimal
 - Relaxation objective =     272.311330

Creating conic subproblem model......Done

Starting MIP-solver-driven outer approximation algorithm

Pajarito MICP solve summary:
 - Total time (s)       =       3.63e+01
 - Status               =        Optimal
 - Best feasible obj.   =  +5.402875e+02
 - Final OA obj. bound  =  +5.402875e+02
 - Relative opt. gap    =      0.000e+00
 - Conic solve count    =              7
 - Feas. solution count =              7
 - Integer repeat count =           1803

Timers (s):
 - Setup                =       2.46e-01
 -- Transform data      =       1.01e-02
 -- Create conic data   =       1.11e-03
 -- Create MIP data     =       5.48e-02
 -- Load/solve relax    =       1.02e-01
 - MIP-driven algorithm =       3.61e+01
 -- Solve conic model   =       1.99e-01

#STATUS# Optimal
#OBJVAL# 540.2875190389259
#OBJBOUND# 540.2875190389259
#TIMESOLVER# 36.299440145492554
#TIMEALL# 36.302749156951904
#SOLUTION# [0.0,0.0,0.0,0.0,0.0,0.0,0.0,0.0,0.0,0.0,0.0,0.0,0.0,0.0,0.0,0.0,0.0,0.0,0.0,0.0,0.0,0.0,0.0,0.0,0.0,0.0,0.0,0.0,0.0,0.0,0.0,0.0,0.0,0.0,0.0,0.0,0.0,0.0,0.0,0.0,0.0,0.0,0.0,0.0,0.0,0.0,0.0,0.0,0.0,0.0,0.0,0.0,0.0,0.0,0.0,0.0,0.0,0.0,0.0,0.0,0.0,0.0,0.0,0.0,0.0,0.0,0.0,0.0,0.0,0.0,0.0,0.0,0.0,0.0,0.0,0.0,0.0,0.0,0.0,0.0,0.0,0.0,0.0,0.0,0.0,0.0,0.0,0.0,0.0,0.0,0.0,0.0,0.0,0.0,0.0,0.0,0.0,0.0,0.0,0.0,0.0,0.0,0.0,0.0,0.0,0.0,0.0,0.0,0.0,0.0,0.0,0.0,0.0,0.0,0.0,0.0,0.0,0.0,0.0,0.0,0.0,0.0,0.0,0.0,0.0,0.0,0.0,0.0,0.0,0.0,0.0,0.0,0.0,0.0,0.0,0.0,0.0,0.0,0.0,0.0,0.0,0.0,0.0,0.0,0.0,0.0,0.0,0.0,0.0,0.0,0.0,0.0,0.0,0.0,0.0,0.0,0.0,0.0,0.0,0.0,0.0,0.0,0.0,0.0,0.0,0.0,0.0,0.0,0.0,0.0,0.0,0.0,0.0,0.0,0.0,0.0,0.0,0.0,0.0,0.0,0.0,0.0,0.0,0.0,0.0,0.0,0.0,0.0,0.0,0.0,0.0,0.0,0.0,0.0,0.0,0.0,0.0,0.0,0.0,0.0,0.07793538201097863,0.28363042425528867,0.34577958405298387,0.3973181566017892,0.1072089789979853,0.3976968531063044,0.13930193449424433,0.10573097051196077,0.2366633740011383,0.0991447920231743,0.05183276947787085,0.11905429068201212,0.10349789666580513,0.15820807013026522,0.20725048894467404,0.07478380338128057,0.12397451863008123,0.10522404897842973,0.09209252326346203,0.12506733612141185,0.16415967270165868,0.07043702037096589,0.13097916086776248,0.11952273610231842,0.13418262260913155,0.11774201100829221,0.19070092656273593,0.14935104691825601,0.08019673399387556,0.21349992462277906,0.2887398790582223,0.1113822985320721,0.10023894530418177,0.1816119970094622,0.12216742651110948,0.10414121427425421,0.20948354946481865,0.22255865295416732,0.15601674476855285,0.11329074319308179,0.08680075170317203,0.115479801219462,0.26146700376163123,0.13613743389348373,0.09327547518934447,0.32930819223380425,0.11475188233184963,0.0949457690689605,0.07574927585580826,0.08845904110190966,0.2162616846032758,0.18177088697681495,0.19488320072268683,0.27589878298940707,0.10982825505160292,0.5418834395366854,0.057936414313868395,0.12020240064616367,0.10918348163702249,0.13434622081917458,0.12315416414020251,0.20137858293098804,0.13124114336733403,0.5298318204177374,0.15914981539457018,0.31850839666706954,0.10183952815000427,0.33703613617998707,0.07709692142758004,0.12157368886998791,0.1707361996773931,0.5559443732987611,0.10817343718811252,0.08617107484746563,0.13244853782642763,0.1713700881364566,0.12652375946507113,0.07514164647469929,0.13550212741705056,0.4039329587640023,0.16461972302937,0.11148225539893879,0.11003832647947197,0.04121203037886831,0.4014142198172358,0.27380039038965975,0.3528099389839049,0.1310296895924985,0.6422445326798149,0.07582205869820141,0.06527509079600292,0.1466562562368227,0.19920998324140146,0.282334722550199,0.3275561560065514,0.08767626138628477,0.1294350377183263,0.3086492484405735,0.09820130809394982,0.08302176421552325,0.0,0.0,0.0,0.0,0.0,0.0,0.0,0.0,0.0,0.0,0.0,0.0,0.0,0.0,0.0,0.0,0.0,0.0,0.0,0.0,0.0,0.0,0.0,0.0,0.0,0.0,0.0,0.0,0.0,0.0,0.0,0.0,0.0,0.0,0.0,0.0,0.0,0.0,0.0,0.0,0.0,0.0,0.0,0.0,0.0,0.0,0.0,0.0,0.0,0.0,0.0,0.0,0.0,0.0,0.0,0.0,0.0,0.0,0.0,0.0,0.0,0.0,0.0,0.0,0.0,0.0,0.0,0.0,0.0,0.0,0.0,0.0,0.0,0.0,0.0,0.0,0.0,0.0,0.0,0.0,0.0,0.0,0.0,0.0,0.0,0.0,0.0,0.0,0.0,0.0,0.0,0.0,0.0,0.0,0.0,0.0,0.0,0.0,0.0,0.0,0.076150008153965,0.15526959310671748,0.1316511510820592,0.10032544236679448,0.34056888623784115,0.12673639685108493,0.08952017687267665,0.08169360965849905,0.1658859238758069,0.1845568416802288,0.6548841248120844,0.182353813163252,0.07531678240795384,0.09460054395233894,0.1286325827647738,0.5466445140049627,0.11244705660596213,0.10707056729158326,0.3711407595853473,0.2542466680191874,0.10606341368241048,0.5699839943334298,0.16637405801445984,0.10979472989246383,0.14848149753603734,0.33424968191409926,0.10941063841543569,0.1540634174607642,0.0934684720972729,0.1284078007119329,0.15226595850534128,0.19016060205267996,0.14624004663048432,0.1736521337998073,0.2166574561783259,0.25910045916944985,0.16552131744601467,0.10510940403182877,0.1537040981392379,0.1628543428748393,0.42330194150359374,0.18467210345445906,0.15244981672520297,0.0918357364940485,0.4539367220442098,0.146218623310856,0.19963028915436476,0.34540283007353895,0.20457187913714903,0.43879831598341124,0.12355141328474664,0.15876632182668132,0.17664601699641427,0.15414197370141614,0.1481746662732238,0.08495334142212076,0.6054439357674194,0.20450857554943078,0.15133850720299674,0.08782839304423477,0.27223691151635593,0.10204223496362366,0.09552829559960668,0.08662811674798875,0.17011446213361642,0.10573271315751974,0.3123258919468541,0.10316889535830286,0.5016035758144036,0.0851972995377068,0.11980878808125749,0.08645869326614784,0.2574671316241471,0.13530923874955234,0.10060201058746526,0.16092683603210947,0.16720059815798272,0.1237577662633485,0.17983234485971364,0.10347623062747834,0.18558793440113666,0.1807835963379432,0.21902803047047426,0.08114516312551893,0.11791721463681609,0.11575527648645743,0.1386980118600391,0.09753953632249505,0.06544655242787988,0.1422112872848317,0.07348862592914024,0.20665162082463479,0.16583337967956385,0.1184096161111871,0.1043783577132521,0.46580133393984974,0.17138739988793972,0.15043419826777313,0.1426613537679845,0.06541628759594606,0.19577071060749246,0.16297518118704085,0.1635149120137164,0.20584330016898034,0.20415679592869676,0.15638105677883343,0.30673092552188663,0.4795867563416598,0.15905910759983588,0.33823448527522443,0.09439064303054495,0.2592812351929274,0.23969613004759702,0.29614599358843274,0.22949537923994048,0.11859028958991745,0.23028334652947705,0.22906163540638505,0.18700265520983772,0.22831390609362803,0.24006439308984967,0.11150849300868458,0.12321241749245716,0.22878868321611476,0.12469212732353803,0.14710426416923722,0.24251420142063992,0.13287742188601323,0.2525389988045105,0.22850401543590362,0.16233820561769655,0.1600974948250543,0.10252996750349393,0.1467025951154583,0.2482853858299837,0.28204570570189086,0.15335379381735936,0.260340509929156,0.15462609636234417,0.2664693879297569,0.18680174946503927,0.2656443982350108,0.16173915164623506,0.39917937597182535,0.14479947778298718,0.16492402385208277,0.26570269318679285,0.22779363418633247,0.10591526016621504,0.17282888641942395,0.23044404459717652,0.2504478105968599,0.15170661447933767,0.16198559352237432,0.26590272535286374,0.13817472546723705,0.09896666921616867,0.29581978468005693,0.2696631212811691,0.28070533422064436,0.14030392683148066,0.27856768411975913,0.23019441047998337,0.14098508725134357,0.13743820387808411,0.22507951990050984,0.23671454483741608,0.22862432332889338,0.11211652032510776,0.23913324856061502,0.2343954526063904,0.12421341203908386,0.1974474400015453,0.46046551997177926,0.45080542871000523,0.1416503915352695,0.34755588038759383,0.09271745996626075,0.1282225692711684,0.19799157382792362,0.1430800880403807,0.274363805138296,0.31096815305670455,0.049743995754652784,0.16000894005095528,0.2230402074140522,0.1607842254707433,0.22881636844815764,0.11010546192931875,0.08596182290904565,0.6511719986162215,0.14052135117409645,0.150866677678762,0.21752369442027703,0.23790156308435392,0.1536604777925898,0.12340009109915281,0.1639793702383539,0.10093150253252006,0.19662026135935876,0.0,0.0,0.0,0.0,0.0,0.0,0.0,0.0,0.0,0.0,0.0,0.0,0.0,0.0,0.0,0.0,0.0,0.0,0.0,0.0,0.0,0.0,0.0,0.0,0.0,0.0,0.0,0.0,0.0,0.0,0.0,0.0,0.0,0.0,0.0,0.0,0.0,0.0,0.0,0.0,0.0,0.0,0.0,0.0,0.0,0.0,0.0,0.0,0.0,0.0,0.0,0.0,0.0,0.0,0.0,0.0,0.0,0.0,0.0,0.0,0.0,0.0,0.0,0.0,0.0,0.0,0.0,0.0,0.0,0.0,0.0,0.0,0.0,0.0,0.0,0.0,0.0,0.0,0.0,0.0,0.0,0.0,0.0,0.0,0.0,0.0,0.0,0.0,0.0,0.0,0.0,0.0,0.0,0.0,0.0,0.0,0.0,0.0,0.0,0.0,0.5806348675903087,0.13372979930837706,0.12732344179997843,0.16379168210038086,0.1748089121101736,0.13693007917010594,0.3686598495743926,0.24559884813145785,0.12790073182920042,0.2449162252386652,0.06745375531573418,0.30150021172859975,0.5051719033144042,0.34865187104508244,0.30113321050120195,0.09443807695353244,0.42898278397118034,0.46299429157818245,0.12070924686644374,0.2241711551411584,0.3807696168786181,0.08818868450945223,0.09442026713097473,0.4404063166942684,0.09230484137835573,0.1202266925944827,0.34137540635492714,0.09895165061137043,0.4937402874415484,0.29496100514957574,0.13215845658126993,0.10390638503926175,0.07673542282760468,0.11522005838217614,0.260225275613365,0.15987780783139593,0.12049763095727799,0.29397942051054465,0.10752618380106331,0.33056729379752803,0.13350073792067438,0.2971814862844727,0.12659861818726223,0.27186000823613354,0.11917864225757357,0.14208860342315754,0.2774944591038307,0.14915122625126656,0.0743055772126146,0.13448983829169425,0.29897225513487247,0.1506588705366422,0.12126443058785735,0.13046522894455298,0.3574161259902549,0.10874925269729407,0.07046521180854431,0.1553812299014149,0.34988590253223506,0.40456620176682434,0.1120540876102458,0.3038842975756024,0.4477304555608175,0.13145914613826254,0.10646587115282223,0.22495628856869623,0.1841882314703905,0.20412504226035097,0.08653902356612764,0.4672943237862774,0.3548754828871376,0.10085684303086938,0.12251977367421885,0.20533069556855027,0.20056063884610442,0.10793821193121926,0.16526981903371427,0.06431221444661414,0.09959751993361753,0.15019715363467792,0.11352103590043985,0.29959281526909054,0.16202329451640546,0.035858095514568096,0.12434046290129992,0.2568518968121849,0.1373879245752067,0.44608096087656646,0.08926192754519381,0.06393912850731391,0.13577742118233935,0.1119274833323729,0.11785553546176532,0.24793333953433402,0.19960872243112202,0.12399827543649916,0.09498227795200467,0.13735459235573177,0.07524671214674662,0.5904714355065238,0.06950903163725518,0.26439500214257583,0.2317309110512621,0.13272141876205495,0.17325642672530317,0.18225561409367114,0.09578711353679988,0.08738981535642262,0.3104908626940186,0.13314765578270735,0.13143870736376576,0.13781044923320862,0.07631728756423982,0.10239352128388092,0.1334883385494097,0.16554331607030703,0.1043122942632993,0.0956494567454194,0.2290548150749092,0.16820093462461436,0.10894290364746301,0.15988180777746724,0.4850140964943457,0.10148753409483471,0.5003389111529373,0.2806773503138887,0.1159988272462613,0.46475646312359625,0.08005550766279243,0.1346272540798087,0.26449750023746993,0.43445321955093197,0.5742556177342353,0.38281321569309595,0.15266445586721594,0.19483481302300895,0.35114370831452935,0.11801201257430322,0.42812687692880164,0.12681823220479407,0.1695948194075206,0.13702221080659552,0.29774540967966856,0.10098744540450884,0.18880968272588486,0.21746055718009946,0.14242067622316212,0.18270654041990148,0.5394580076282129,0.16542391820356092,0.13077060237992846,0.2583561100630016,0.355499737213704,0.27750842084224947,0.1186782273320546,0.1262392408766626,0.16718776889399917,0.22408800922293373,0.1199289873465766,0.0925538501491219,0.35225090990171504,0.11412720041002673,0.09530569499225827,0.11109582944466767,0.4268316474409072,0.12572308170620464,0.16493180359533502,0.12704560287246577,0.22264395886678084,0.08680143924541284,0.12018407674782124,0.1325266783651377,0.31439221751197616,0.11272347086265247,0.11558338402999752,0.41811447236494514,0.19344994295563794,0.6440709128490771,0.4568454385184499,0.14440208314591788,0.3931912186286727,0.13377752785573138,0.19794219547694378,0.792040715226392,0.19631916259369295,0.13055222889764567,0.21031989911010593,0.09653344476028237,0.09294152541779274,0.6320657026006073,0.07428686347629587,0.3942432884320732,0.3662344239385073,0.1337986273840029,0.1305552007647204,0.16886365144477639,0.48079519334257653,0.23958259069756777,0.5829591234587991,0.06447025132264819,0.0,0.0,0.0,0.0,0.0,0.0,0.0,0.0,0.0,0.0,0.0,0.0,0.0,0.0,0.0,0.0,0.0,0.0,0.0,0.0,0.0,0.0,0.0,0.0,0.0,0.0,0.0,0.0,0.0,0.0,0.0,0.0,0.0,0.0,0.0,0.0,0.0,0.0,0.0,0.0,0.0,0.0,0.0,0.0,0.0,0.0,0.0,0.0,0.0,0.0,0.0,0.0,0.0,0.0,0.0,0.0,0.0,0.0,0.0,0.0,0.0,0.0,0.0,0.0,0.0,0.0,0.0,0.0,0.0,0.0,0.0,0.0,0.0,0.0,0.0,0.0,0.0,0.0,0.0,0.0,0.0,0.0,0.0,0.0,0.0,0.0,0.0,0.0,0.0,0.0,0.0,0.0,0.0,0.0,0.0,0.0,0.0,0.0,0.0,0.0,0.0,0.0,1.0,0.0,1.0,1.0,0.0,1.0,1.0,0.0,0.0,0.0,0.0,0.0,0.0,0.0,0.0,0.0,0.0,0.0,0.0,0.0,0.0,0.0,0.0,0.0,0.0,0.0,0.0,0.0,-2.220446049250313e-16,0.0,0.0,0.0,0.0,0.0,0.0,0.0,0.0,0.0,0.0,0.0,0.0,0.0,0.0,0.0,0.0,0.0,0.0,0.0,0.0,0.0,0.0,0.0,0.0,0.0,0.0,0.0,0.0,0.0,0.0,0.0,0.0,0.0,0.0,0.0,0.0,0.0,0.0,-5.551115123125783e-17,0.0,0.0,-1.6653345369377348e-16,0.0,0.0,0.0,0.0,0.0,0.0,0.0,0.0,0.0,0.0,0.0,0.0,0.0,0.0,0.0,0.0,0.0,0.0,0.0,0.0,0.0,0.0,0.0,0.0,0.0,0.0,0.0,0.0,0.0,0.0,0.0,0.0,0.0,0.0,0.0,0.0,0.0,0.0,0.0,0.0,0.0,0.0,0.0,0.0,0.0,0.0,0.0,0.0,0.0,0.0,0.0,0.0,0.0,0.0,0.0,0.0,0.0,0.0,0.0,0.0,0.0,0.0,0.0,0.0,0.0,0.0,0.0,0.0,-5.551115123125783e-17,0.0,0.0,0.0,-1.1102230246251565e-16,0.0,0.0,1.1102230246251565e-16,0.0,0.0,0.0,0.0,0.0,0.0,0.0,0.0,0.0,0.0,0.0,0.0,-5.551115123125783e-17,0.0,0.0,0.0,0.0,0.0,0.0,0.0,0.0,0.0,0.0,0.0,0.0,0.0,0.0,0.0,0.0,0.0,0.0,0.0,0.0,0.0,0.0,0.0,0.0,0.0,0.0,0.0,0.0,0.0,0.0,0.0,0.0,0.0,0.0,0.0,0.0,0.0,0.0,0.0,0.0,0.0,0.0,0.0,0.0,0.0,0.0,0.0,0.0,0.00607392124195294,0.08044584889183348,0.11956317433104402,0.15786145667978912,0.01149349560016466,0.15816252666298125,0.0194050289493527,0.011179005774701212,0.05600938667284794,0.009829481690896147,0.0026865005865470692,0.014173626541696294,0.010711634000427517,0.02502979314915088,0.04295275536379295,0.005592578470681175,0.015369678774483031,0.01107184705044384,0.008480847505048628,0.015641433955847495,0.02694837858222654,0.00496135085498739,0.017155533569529036,0.014285656422239335,0.01800497620832664,0.013862834395457102,0.036366837690908205,0.022305734459545756,0.006431164326414995,0.04558221781393135,0.08337037162646177,0.012405870599002888,0.010047685073036217,0.032982612719326676,0.014924512542570545,0.010845142952828679,0.04388309027533244,0.04953234398923223,0.024341035941311207,0.012834564770493051,0.007534218717310193,0.013335308743913532,0.06836476909729039,0.018533400885258455,0.008700220305405182,0.10844350850032658,0.013167704844754269,0.009014501763468297,0.005737528148730409,0.007824853876916893,0.046769108642206736,0.03304064923633532,0.037979085894154996,0.07611985484476491,0.01206206444783664,0.29363752115960673,0.003356609667766408,0.014448254556797324,0.01192084796422499,0.018048899536000973,0.015166582902116588,0.04055333321701626,0.01722421106129779,0.2807215209775614,0.025328663355509762,0.10144720076713676,0.010371054749382602,0.11359299467042028,0.0059437160410723555,0.014780155195225131,0.029150848328663104,0.3090737937010426,0.011701255120362797,0.007424965426263919,0.017542583822485525,0.02936753434598882,0.01600786430074308,0.0056458711969755715,0.018360826367114447,0.16316158428862826,0.027099649987156305,0.012427854260378846,0.012108168568869093,0.0016982061346898503,0.16113313877966995,0.07496629822474554,0.12447463609141185,0.017168733407247783,0.412477801185164,0.00574857050644384,0.0042605186172905984,0.021508054277029842,0.03968441730319627,0.07971241871990864,0.1072926550119725,0.007686818346999469,0.016753428511545265,0.09526421519070172,0.009643020895082843,0.0068926090367456005,0.0,0.0,0.0,0.0,0.0,0.0,0.0,0.0,0.0,0.0,0.0,0.0,0.0,0.0,0.0,0.0,0.0,0.0,0.0,0.0,0.0,0.0,0.0,0.0,0.0,-5.551115123125783e-17,0.0,0.0,0.0,0.0,0.0,0.0,0.0,0.0,0.0,0.0,0.0,0.0,0.0,0.0,0.0,0.0,0.0,0.0,0.0,0.0,0.0,0.0,-5.551115123125783e-17,0.0,0.0,0.0,0.0,0.0,0.0,0.0,0.0,0.0,0.0,0.0,0.0,0.0,0.0,0.0,0.0,0.0,0.0,-3.885780586188048e-16,0.0,0.0,0.0,0.0,0.0,0.0,0.0,0.0,0.0,0.0,0.0,0.0,0.0,0.0,0.0,0.0,0.0,-5.551115123125783e-17,0.0,0.0,0.0,0.0,0.0,0.0,0.0,0.0,-6.106226635438361e-16,0.0,0.0,0.0,0.0,0.0,0.0057985664502624434,0.0241082807114934,0.017331680634631197,0.010065009342653863,0.11598695491486133,0.016061952998681628,0.008013470937447309,0.006673564718187142,0.027518121025745357,0.03406122321916161,0.42887306909561695,0.03325289977826207,0.005672168485825413,0.008949117852068644,0.016546201438336405,0.29882020664231046,0.0126441231514558,0.011464104019620391,0.13774499280141939,0.0646410972684417,0.011249379533260662,0.3248817422375042,0.027680043655113673,0.012054748043309416,0.02204650975733191,0.11172256819837678,0.011970475459175067,0.02373528449561957,0.008736038374415833,0.016488184966237163,0.0231845252903764,0.03616105454634555,0.021385889927123425,0.030155058942803792,0.04694044507531092,0.06713279155148355,0.027397303346505586,0.011047732417170053,0.023624746627285198,0.02652153667550894,0.17918431551152236,0.03410377305180534,0.023240751070868426,0.008433641903905609,0.20605852462902086,0.021379425496382387,0.03985222618070583,0.11930286032668691,0.041849546759496814,0.1925437874282636,0.015264694516500255,0.025206405068873727,0.03120374703820672,0.023759432435956684,0.021955728304718702,0.0072167358604042775,0.36656231669915784,0.04182361803135626,0.022903341918240838,0.007713496607340664,0.07411255740038447,0.010412393526777142,0.009125479750834997,0.00750428976839268,0.028938759689752014,0.011179143830229776,0.09754716752256876,0.010643584266557427,0.25160598874491824,0.007258417349759294,0.014354003177771135,0.0074748793716881146,0.06628911886511202,0.01830858895104681,0.010120289184429088,0.025897434858215718,0.027956036923306282,0.015315857308871195,0.03233930297206966,0.010707140410372906,0.034442649502232636,0.03268267962923144,0.04797302218822419,0.006584523203976955,0.013904309792975633,0.013398920855402618,0.01923695313817031,0.009513782966138362,0.004283124831097718,0.020223910779826215,0.005400378343726753,0.04270470842471763,0.027500705224810185,0.014020450535527917,0.01089459250198388,0.21697055481243344,0.02937334290799165,0.022629959794382648,0.020351898051275685,0.004279027359134435,0.038325776224719,0.026560904666936502,0.026737117048253656,0.0423710809589235,0.04167969558624118,0.02445502715050596,0.09408343683227605,0.23000302345416546,0.025299650821835717,0.11440236825861883,0.0089095903724834,0.06722659865889757,0.05745404600773829,0.08770230670028845,0.052667792805072056,0.014063655934984265,0.05303008592112246,0.052469016750141595,0.03496996936331631,0.05212702101248823,0.057630610792627546,0.012434143570333789,0.015180927452820181,0.052343954311294016,0.015547781679360217,0.021639664422790306,0.05881301263586303,0.017656252831992014,0.06377580110657433,0.05221371859113222,0.0263536906673264,0.02563120783032824,0.010512382394678221,0.02152151604717667,0.06164520848531685,0.07954947659044098,0.02351709285269943,0.0677768751486072,0.02390919229760824,0.0710057481105737,0.03489472439162178,0.07056678872168842,0.026159544099982,0.15934401766430561,0.020966886427470577,0.027199903793040936,0.07059778379193571,0.051889495916849326,0.011218029971770682,0.029869715956560405,0.053103996155512534,0.06272389124264055,0.023014699391078475,0.026239332266251192,0.07070405974300709,0.019092093199073235,0.009794400475581333,0.08750921632496089,0.07271800210069801,0.07879520312383792,0.019685184564164793,0.07759975134079289,0.05298931685703101,0.01987652733494638,0.018888993709034407,0.050660590759884494,0.056033605636198414,0.05226880791558264,0.012570108104690947,0.05718458288299122,0.05494099842235589,0.015428960562125504,0.038985485478349347,0.21202812759989864,0.20322539589930566,0.020064475608851717,0.12079474484171793,0.008596500793292106,0.016440598072839818,0.03920037678113775,0.020471606333339887,0.07527533222128713,0.09670106362394049,0.002474178070081434,0.025602850912960884,0.04974693226790816,0.025851563926281296,0.05235679123923498,0.012123012973400016,0.0073894283058942856,0.42402482237197514,0.019746112717192732,0.022760533734892063,0.047316551514532845,0.056596894842598666,0.023611506707267305,0.015227237253740755,0.026889152623384316,0.010187168126686963,0.03865935895029604,0.0,0.0,0.0,0.0,0.0,0.0,0.0,0.0,0.0,0.0,0.0,0.0,0.0,0.0,0.0,0.0,0.0,0.0,0.0,0.0,0.0,-5.551115123125783e-17,0.0,0.0,0.0,0.0,0.0,0.0,0.0,0.0,0.0,0.0,0.0,0.0,0.0,0.0,0.0,0.0,0.0,0.0,0.0,0.0,0.0,0.0,0.0,0.0,0.0,0.0,0.0,0.0,0.0,0.0,0.0,0.0,0.0,0.0,0.0,0.0,0.0,0.0,0.0,0.0,0.0,0.0,0.0,0.0,0.0,0.0,0.0,0.0,0.0,0.0,0.0,0.0,0.0,0.0,0.0,0.0,0.0,0.0,0.0,0.0,0.0,0.0,0.0,0.0,0.0,0.0,0.0,0.0,0.0,0.0,0.0,0.0,0.0,-2.220446049250313e-16,0.0,0.0,0.0,0.0,0.33713664575156,0.017883389358685275,0.016210936568372025,0.026827707473433327,0.030558155307086943,0.01874965754289437,0.13590993404625928,0.06031831711772173,0.016358212274702355,0.0599835387143437,0.004549993902817739,0.09090216165812681,0.2551983680312876,0.1215579325026056,0.09068106799777398,0.00891854983954854,0.18402594793284555,0.2143635002383909,0.01457047207923623,0.05025270521043912,0.14498531800146708,0.007777243798530176,0.008914968328287531,0.19395744807994664,0.008519994865953895,0.014454342133971898,0.11653692765357848,0.009791080637320593,0.2437793369079828,0.08700184417920642,0.017465560329042007,0.010796393732857568,0.005888107477889704,0.013275327032201134,0.0677167282405744,0.025560480923559004,0.014519498671639486,0.08642351537076498,0.011561480592747753,0.10927445014209991,0.017822272495191083,0.08831663901548747,0.01602707592358743,0.07390756411317256,0.01420354718587924,0.02018873710538771,0.07700302511112977,0.022245698114222834,0.005521312720481508,0.01808708495491096,0.08938421852957867,0.022697901024234413,0.014704936288529202,0.01702095113176605,0.12774592955905817,0.011826263379665858,0.004965327955334997,0.02414287960472339,0.12241981576193872,0.16367365242190202,0.0125558019094959,0.09234535614655837,0.20046242595752117,0.017281500463660393,0.011334822235294695,0.05060532816399066,0.03392529760809715,0.041667026437740784,0.007488999010464736,0.21836383985106766,0.12593648002831315,0.010171794342512808,0.015010913218242883,0.042160396422378454,0.040224107547252475,0.01165045022181077,0.027313903005894202,0.004136048135678028,0.009919407220537857,0.022559178235173616,0.012886833728496416,0.08975565817539521,0.026251152357612773,0.0012858002159554793,0.015460372904877895,0.06597248231644592,0.01887526004440243,0.19898809743904444,0.007967516410629316,0.00408816464636208,0.018435037971831436,0.012527411386097032,0.01388979297280779,0.061470562247786575,0.03984363336586905,0.015375410739521977,0.009021428732854053,0.018865878668815284,0.0056618687230645115,0.34865617125183046,0.0048312521525487595,0.06990453209490255,0.053699002346028646,0.017614625052650212,0.030017546134612605,0.033216941643837816,0.009175029534411072,0.00763661520130432,0.09640438018616027,0.017727987099573905,0.017276127738580782,0.01899151788714659,0.0058238561061635385,0.010484248023884257,0.01781888259361042,0.027404587839412353,0.010880714556846804,0.009148622303770781,0.052465929705282965,0.028291377627265968,0.011868227617347182,0.02556219154822048,0.23523843353004958,0.010299437662003585,0.25033871245006245,0.07877961198596306,0.013455514329757778,0.21599833423355386,0.006408425158545783,0.01812433900800403,0.06995854529978884,0.1887495998390447,0.32976927788159827,0.14654575527252223,0.02330599798411792,0.037960593015866184,0.12330166247715935,0.01392651245761345,0.1832923926090626,0.01608260088323843,0.028762400906621632,0.018774891626211043,0.08865215781180624,0.010198210588647783,0.03564909231198787,0.04728878707632167,0.02028349154048037,0.03338167220812305,0.29101465010017535,0.027364973740102716,0.01710065697132057,0.0667476513979024,0.1263798788125038,0.07701070299203505,0.014084208509533735,0.015936307284304396,0.02795174681255208,0.0502151399305274,0.014382666004276401,0.008566051365827998,0.1240803000523526,0.01302476169750244,0.009082954385973507,0.01234200918350159,0.18218501911438645,0.015806035563753373,0.027202186242825888,0.016140279398155766,0.04957027261164537,0.007534347547680009,0.014444023580685639,0.01756298880987006,0.0988421594572737,0.01270642469246841,0.013359249416485697,0.17481942285204133,0.03742267141858102,0.41482701283091816,0.20870744587246004,0.020851714568911883,0.15459914162038524,0.017896292011993498,0.03918103016055252,0.6273284906707977,0.038541017304910885,0.01704351435561846,0.044234263825349784,0.00931845946352694,0.008638100050165742,0.3995068853471708,0.005518537145819069,0.15542755320628454,0.13412745521514913,0.017901683856145656,0.017044382034747674,0.028514889633521445,0.23116377016010814,0.05739937748038648,0.33984104778491975,0.004156135900014624,0.0,0.0,0.0,0.0,0.0,0.0,0.0,0.0,0.0,0.0,0.0,0.0,0.0,0.0,0.0,0.0,0.0,0.0,0.0,0.0,0.0,0.0,0.0,0.0,0.0,0.0,0.0,0.0,0.0,0.0,0.0,0.0,0.0,0.0,0.0,0.0,0.0,0.0,0.0,0.0,0.0,0.0,0.0,0.0,0.0,0.0,0.0,0.0,0.0,0.0,0.0,0.0,0.0,0.0,0.0,0.0,0.0,0.0,0.0,0.0,0.0,0.0,0.0,0.0,0.0,0.0,0.0,0.0,0.0,0.0,0.0,0.0,0.0,0.0,0.0,0.0,0.0,0.0,0.0,0.0,0.0,0.0,0.0,0.0,0.0,0.0,0.0,0.0,0.0,0.0,0.0,0.0,0.0,0.0,0.0,0.0,0.0,0.0,0.0,0.0,0.5,0.5,0.5,0.5,0.5,0.5,0.5,0.5,0.5,0.5,0.5,0.5,0.5,0.5,0.5,0.5,0.5,0.5,0.5,0.5,0.5,0.5,0.5,0.5,0.5,0.5,0.5,0.5,0.5,0.5,0.5,0.5,0.5,0.5,0.5,0.5,0.5,0.5,0.5,0.5,0.5,0.5,0.5,0.5,0.5,0.5,0.5,0.5,0.5,0.5,0.5,0.5,0.5,0.5,0.5,0.5,0.5,0.5,0.5,0.5,0.5,0.5,0.5,0.5,0.5,0.5,0.5,0.5,0.5,0.5,0.5,0.5,0.5,0.5,0.5,0.5,0.5,0.5,0.5,0.5,0.5,0.5,0.5,0.5,0.5,0.5,0.5,0.5,0.5,0.5,0.5,0.5,0.5,0.5,0.5,0.5,0.5,0.5,0.5,0.5,0.5,0.5,0.5,0.5,0.5,0.5,0.5,0.5,0.5,0.5,0.5,0.5,0.5,0.5,0.5,0.5,0.5,0.5,0.5,0.5,0.5,0.5,0.5,0.5,0.5,0.5,0.5,0.5,0.5,0.5,0.5,0.5,0.5,0.5,0.5,0.5,0.5,0.5,0.5,0.5,0.5,0.5,0.5,0.5,0.5,0.5,0.5,0.5,0.5,0.5,0.5,0.5,0.5,0.5,0.5,0.5,0.5,0.5,0.5,0.5,0.5,0.5,0.5,0.5,0.5,0.5,0.5,0.5,0.5,0.5,0.5,0.5,0.5,0.5,0.5,0.5,0.5,0.5,0.5,0.5,0.5,0.5,0.5,0.5,0.5,0.5,0.5,0.5,0.5,0.5,0.5,0.5,0.5,0.5,0.5,0.5,0.5,0.5,0.5,0.5,0.5,0.5,0.5,0.5,0.5,0.5,0.5,0.5,0.5,0.5,0.5,0.5,0.5,0.5,0.5,0.5,0.5,0.5,0.5,0.5,0.5,0.5,0.5,0.5,0.5,0.5,0.5,0.5,0.5,0.5,0.5,0.5,0.5,0.5,0.5,0.5,0.5,0.5,0.5,0.5,0.5,0.5,0.5,0.5,0.5,0.5,0.5,0.5,0.5,0.5,0.5,0.5,0.5,0.5,0.5,0.5,0.5,0.5,0.5,0.5,0.5,0.5,0.5,0.5,0.5,0.5,0.5,0.5,0.5,0.5,0.5,0.5,0.5,0.5,0.5,0.5,0.5,0.5,0.5,0.5,0.5,0.5,0.5,0.5,0.5,0.5,0.5,0.5,0.5,0.5,0.5,0.5,0.5,0.5,0.5,0.5,0.5,0.5,0.5,0.5,0.5,0.5,0.5,0.5,0.5,0.5,0.5,0.5,0.5,0.5,0.5,0.5,0.5,0.5,0.5,0.5,0.5,0.5,0.5,0.5,0.5,0.5,0.5,0.5,0.5,0.5,0.5,0.5,0.5,0.5,0.5,0.5,0.5,0.5,0.5,0.5,0.5,0.5,0.5,0.5,0.5,0.5,0.5,0.5,0.5,0.5,0.5,0.5,0.5,0.5,0.5,0.5,0.5,0.5,0.5,0.5,0.5,0.5,0.5,0.5,0.5,0.5,0.5,0.5,0.5,0.5,0.5,0.5,0.5,0.5,0.5,0.5,0.5,0.5,0.5,0.5,0.5,0.5,0.5,0.5,0.5,0.5,0.5,0.5,0.5,0.5,0.5,0.5,0.5,0.5,0.5,0.5,0.5,0.5,0.5,0.5,0.5,0.5,0.5,0.5,0.5,0.5,0.5,0.5,0.5,0.5,0.5,0.5,0.5,0.5,0.5,0.5,0.5,0.5,0.5,0.5,0.5,0.5,0.5,0.5,0.5,0.5,0.5,0.5,0.5,0.5,0.5,0.5,0.5,0.5,0.5,0.5,0.5,0.5,0.5,0.5,0.5,0.5,0.5,0.5,0.5,0.5,0.5,0.5,0.5,0.5,0.5,0.5,0.5,0.5,0.5,0.5,0.5,0.5,0.5,0.5,0.5,0.5,0.5,0.5,0.5,0.5,0.5,0.5,0.5,0.5,0.5,0.5,0.5,0.5,0.5,0.5,0.5,0.5,0.5,0.5,0.5,0.5,0.5,0.5,0.5,0.5,0.5,0.5,0.5,0.5,0.5,0.5,0.5,0.5,0.5,0.5,0.5,0.5,0.5,0.5,0.5,0.5,0.5,0.5,0.5,0.5,0.5,0.5,0.5,0.5,0.5,0.5,0.5,0.5,0.5,0.5,0.5,0.5,0.5,0.5,0.5,0.5,0.5,0.5,0.5,0.5,0.5,0.5,0.5,0.5,0.5,0.5,0.5,0.5,0.5,0.5,0.5,0.5,0.5,0.5,0.5,0.5,0.5,0.5,0.5,0.5,0.5,0.5,0.5,0.5,0.5,0.5,0.5,0.5,0.5,0.5,0.5,0.5,0.5,0.5,0.5,0.5,0.5,0.5,0.5,0.5,0.5,0.5,0.5,0.5,0.5,0.5,0.5,0.5,0.5,0.5,0.5,0.5,0.5,0.5,0.5,0.5,0.5,0.5,0.5,0.5,0.5,0.5,0.5,0.5,0.5,0.5,0.5,0.5,0.5,0.5,0.5,0.5,0.5,0.5,0.5,0.5,0.5,0.5,0.5,0.5,0.5,0.5,0.5,0.5,0.5,0.5,0.5,0.5,0.5,0.5,0.5,0.5,0.5,0.5,0.5,0.5,0.5,0.5,0.5,0.5,0.5,0.5,0.5,0.5,0.5,0.5,0.5,0.5,0.5,0.5,0.5,0.5,0.5,0.5,0.5,0.5,0.5,0.5,0.5,0.5,0.5,0.5,0.5,0.5,0.5,0.5,0.5,0.5,0.5,0.5,0.5,0.5,0.5,0.5,0.5,0.5,0.5,0.5,0.5,0.5,0.5,0.5,0.5,0.5,0.5,0.5,0.5,0.5,0.5,0.5,0.5,0.5,0.5,0.5,0.5,0.5,0.5,0.5,0.5,0.5,0.5,0.5,0.5,0.5,0.5,0.5,0.5,0.5,0.5,0.5,0.5,0.5,0.5,0.5,0.5,0.5,0.5,0.5,0.5,0.5,0.5,0.5,0.5,0.5,0.5,0.5,0.5,0.5,0.5,0.5,0.5,0.5,0.5,0.5,0.5,0.5,0.5,0.5,0.5,0.5,0.5,0.5,0.5,0.5,0.5,0.5,0.5,0.5,0.5,0.5,0.5,0.5,0.5,0.5,0.5,0.5,0.5,0.5,0.5,0.5,0.5,0.5,0.5,0.5,0.5,0.5,0.5,0.5,0.5,0.5,0.5,0.5,0.5,0.5,0.5,0.5,0.5,0.5,0.5,0.5,0.5,0.5,0.5,0.5,0.5,0.5,0.5,0.5,0.5,0.5,0.5,0.5,0.5,0.5,0.5,0.5,0.5,0.5,0.5,0.5,0.5,0.5,0.5,0.5,0.5,0.5,0.5,0.5,0.5,0.5,0.5,0.5,0.5,0.5,0.5,0.5,0.5,0.5,0.5,0.5,0.5,0.5,0.5,0.5,0.5,0.5,0.5,0.5,0.5,0.5,0.5,0.5,0.5,0.5,0.5,0.5,0.5,0.5,0.5,0.5,0.5,0.5,0.5,0.5,0.5,0.5,0.5,0.5,0.5,0.5,0.5,0.5,0.5,0.5,0.5,0.5,0.5,0.5,0.5,0.5,0.5,0.5,0.5,0.5,0.5,0.5,0.5,0.5,0.5,0.5,0.5,0.5,0.5,0.5,0.5,0.5,0.5,0.5,0.5,0.5,0.5,0.5,0.5,0.5,0.5,0.5,0.5,0.5,0.5,0.5,0.5,0.5,0.5,0.5,0.5,0.5,0.5,0.5,0.5,0.5,0.5,0.5,0.5,0.5,0.5,0.5,0.5,0.5,0.5,0.5,0.5,0.5,0.5,0.5,0.5,0.5,0.5,0.5,0.5,0.5,0.5,0.5,0.5,0.5,0.5,0.5,0.5,0.5,0.5,0.5,0.5,0.5,0.5,0.5,0.5,0.5,0.5,0.5,0.5,0.5,0.5,0.5,0.5,0.5,0.5,0.5,0.5,0.5,0.5,0.5,0.5,0.5,0.5,0.5,0.5,0.5,0.5,0.5,0.5,0.5,0.5,0.5,0.5,0.5,0.5,0.5,0.5,0.5,0.5,0.5,0.5,0.5,0.5,0.5,0.5,0.5,0.5,0.5,0.5,0.5,0.5,0.5,0.5,0.5,0.5,0.5,0.5,0.5,0.5,0.5,0.5,0.5,0.5,0.5,0.5,0.5,0.5,0.5,0.5,0.5,0.5,0.5,0.5,0.5,0.5,0.5,0.5,0.5,0.5,0.5,0.5,0.5,0.5,0.5,0.5,0.5,0.5,0.5,0.0]
WARNING: For the MIP-solver-driven algorithm, optimality tolerance must be specified as MIP solver option, not Pajarito option
WARNING: When using primal cuts, primal cut zero tolerance should be at least 1e-5 to avoid numerical issues
WARNING: For the MIP-solver-driven algorithm, optimality tolerance must be specified as MIP solver option, not Pajarito option
WARNING: When using primal cuts, primal cut zero tolerance should be at least 1e-5 to avoid numerical issues
