WARNING: Method definition require(Symbol) in module Base at loading.jl:345 overwritten in module ConicBenchmarkUtilities at /home/ubuntu/.julia/v0.5/Requires/src/require.jl:12.
#SOLVERNAME# PAJ_NEW_MSD_CPLEX_tols_MOSEK
#SOLVER# Pajarito.PajaritoSolver(2,3600.0,1.0e-5,true,CPLEX.CplexSolver(Any[(:CPX_PARAM_THREADS,1),(:CPX_PARAM_TILIM,3600.0),(:CPX_PARAM_EPINT,1.0e-8),(:CPX_PARAM_EPRHS,1.0e-8),(:CPX_PARAM_SCRIND,0),(:CPX_PARAM_EPGAP,1.0e-5)]),CPLEX.CplexSolver(Any[]),0,false,true,Mosek.MosekMathProgSolverInterface.MosekSolver(Any[(:LOG,0),(:NUM_THREADS,1),(:OPTIMIZER_MAX_TIME,120.0)]),true,false,false,true,false,true,false,true,true,true,true,false,false,true,false,false,false,true,1.0e-8,1.0e-6,1.0e-6,0.01,1.0e-6)
#INSTANCE# pp-n1000-d10000.cbf.gz
#TIMELIMIT# 3600.0

Transforming original data......Done     0.01s

Creating conic model data......Done     0.00s

Creating MIP model......Done     0.05s

Cone types summary:
Cone       | Count    | Min dim  | Max dim 
       SOC |     1000 |        3 |        3

Solving conic relaxation......Done     0.11s
 - Relaxation status    =        Optimal
 - Relaxation objective =  216112.214355

Creating conic subproblem model......Done

Starting MIP-solver-driven outer approximation algorithm

Pajarito MICP solve summary:
 - Total time (s)       =       3.60e+03
 - Status               =      UserLimit
 - Best feasible obj.   =  +2.161297e+05
 - Final OA obj. bound  =  +2.161124e+05
 - Relative opt. gap    =      8.003e-05
 - Conic solve count    =           1055
 - Feas. solution count =           1055
 - Integer repeat count =           4809

Timers (s):
 - Setup                =       2.18e-01
 -- Transform data      =       9.80e-03
 -- Create conic data   =       1.23e-03
 -- Create MIP data     =       5.03e-02
 -- Load/solve relax    =       1.10e-01
 - MIP-driven algorithm =       3.60e+03
 -- Solve conic model   =       3.61e+01

#STATUS# UserLimit
#OBJVAL# 216129.6824734129
#OBJBOUND# 216112.38542269226
#TIMESOLVER# 3600.332580089569
#TIMEALL# 3600.3364248275757
#SOLUTION# [103.0,300.0,70.0,159.0,133.0,52.0,218.0,145.0,32.0,180.0,53.0,147.0,136.0,164.0,356.0,202.0,278.0,59.0,226.0,38.0,221.0,72.0,123.0,41.0,163.0,235.0,238.0,275.0,60.0,214.0,365.0,120.0,27.0,203.0,178.0,170.0,131.0,122.0,55.0,41.0,116.0,162.0,191.0,158.0,156.0,174.0,93.0,132.0,82.0,170.0,212.0,178.0,197.0,131.0,252.0,89.0,227.0,170.0,182.0,228.0,239.0,408.0,200.0,144.0,162.0,149.0,157.0,99.0,131.0,186.0,48.0,79.0,60.0,180.0,208.0,80.0,263.0,75.0,86.0,169.0,144.0,105.0,77.0,95.0,93.0,190.0,140.0,171.0,486.0,88.0,125.0,182.0,108.0,136.0,119.0,196.0,135.0,286.0,114.0,179.0,53.0,260.0,101.0,213.0,356.0,133.0,190.0,79.0,133.0,257.0,151.0,73.0,92.0,97.0,123.0,179.0,154.0,88.0,233.0,99.0,161.0,83.0,114.0,227.0,238.0,214.0,156.0,208.0,270.0,123.0,235.0,237.0,220.0,84.0,30.0,108.0,198.0,145.0,163.0,200.0,318.0,242.0,257.0,105.0,142.0,84.0,170.0,198.0,149.0,187.0,88.0,244.0,321.0,217.0,114.0,161.0,354.0,87.0,184.0,41.0,187.0,295.0,216.0,42.0,179.0,235.0,133.0,60.0,33.0,218.0,125.0,297.0,137.0,80.0,93.0,237.0,128.0,114.0,61.0,289.0,94.0,258.0,71.0,131.0,86.0,98.0,287.0,58.0,145.0,126.0,261.0,48.0,130.0,282.0,142.0,132.0,140.0,236.0,126.0,236.0,183.0,83.0,122.0,97.0,101.0,131.0,103.0,102.0,168.0,64.0,100.0,125.0,233.0,75.0,89.0,151.0,227.0,358.0,143.0,68.0,45.0,215.0,302.0,199.0,352.0,221.0,219.0,111.0,170.0,177.0,236.0,71.0,164.0,160.0,13.0,88.0,331.0,310.0,146.0,52.0,330.0,201.0,167.0,227.0,62.0,319.0,160.0,186.0,184.0,112.0,210.0,233.0,97.0,246.0,21.0,124.0,49.0,117.0,124.0,78.0,65.0,73.0,69.0,111.0,137.0,132.0,243.0,32.0,182.0,167.0,122.0,150.0,76.0,252.0,232.0,194.0,84.0,249.0,102.0,18.0,349.0,63.0,116.0,209.0,173.0,59.0,345.0,207.0,166.0,236.0,180.0,90.0,268.0,86.0,145.0,156.0,210.0,248.0,194.0,118.0,150.0,140.0,109.0,98.0,236.0,103.0,223.0,342.0,169.0,84.0,66.0,89.0,159.0,247.0,82.0,209.0,208.0,133.0,150.0,230.0,191.0,315.0,148.0,296.0,49.0,127.0,103.0,151.0,278.0,364.0,89.0,152.0,220.0,139.0,216.0,198.0,60.0,133.0,372.0,62.0,71.0,133.0,206.0,105.0,136.0,206.0,42.0,178.0,117.0,152.0,40.0,159.0,155.0,214.0,61.0,48.0,95.0,286.0,208.0,230.0,166.0,79.0,193.0,186.0,161.0,111.0,240.0,207.0,287.0,43.0,76.0,321.0,185.0,196.0,124.0,164.0,142.0,103.0,276.0,25.0,242.0,381.0,111.0,209.0,77.0,170.0,206.0,146.0,184.0,137.0,62.0,257.0,339.0,86.0,52.0,228.0,49.0,221.0,26.0,287.0,349.0,106.0,328.0,105.0,101.0,242.0,116.0,15.0,126.0,112.0,204.0,204.0,78.0,163.0,115.0,112.0,265.0,22.0,185.0,95.0,45.0,168.0,238.0,169.0,179.0,223.0,144.0,119.0,175.0,136.0,284.0,219.0,73.0,254.0,259.0,43.0,286.0,160.0,185.0,134.0,235.0,229.0,175.0,37.0,236.0,195.0,237.0,119.0,136.0,193.0,392.0,60.0,95.0,94.0,202.0,201.0,191.0,92.0,75.0,244.0,33.0,227.0,240.0,242.0,255.0,209.0,122.0,63.0,389.0,58.0,208.0,217.0,184.0,275.0,174.0,168.0,236.0,80.0,132.0,270.0,64.0,132.0,259.0,165.0,325.0,109.0,167.0,256.0,23.0,187.0,104.0,242.0,119.0,345.0,74.0,173.0,188.0,207.0,181.0,82.0,101.0,22.0,322.0,343.0,155.0,106.0,171.0,113.0,354.0,238.0,135.0,281.0,78.0,68.0,156.0,217.0,312.0,260.0,241.0,358.0,159.0,110.0,96.0,258.0,176.0,120.0,104.0,137.0,177.0,321.0,182.0,258.0,301.0,24.0,226.0,62.0,45.0,319.0,163.0,152.0,213.0,296.0,131.0,45.0,152.0,349.0,118.0,236.0,90.0,192.0,302.0,286.0,99.0,160.0,29.0,213.0,229.0,133.0,136.0,270.0,203.0,48.0,132.0,237.0,75.0,271.0,319.0,247.0,124.0,101.0,119.0,120.0,287.0,187.0,375.0,260.0,187.0,59.0,84.0,168.0,54.0,215.0,234.0,130.0,83.0,76.0,325.0,300.0,153.0,111.0,132.0,212.0,152.0,125.0,87.0,66.0,38.0,202.0,169.0,151.0,212.0,101.0,195.0,122.0,27.0,278.0,243.0,187.0,52.0,107.0,65.0,226.0,99.0,245.0,246.0,44.0,132.0,293.0,86.0,206.0,35.0,106.0,141.0,140.0,120.0,66.0,213.0,173.0,221.0,142.0,180.0,241.0,197.0,39.0,145.0,69.0,119.0,187.0,157.0,235.0,209.0,304.0,68.0,183.0,268.0,245.0,363.0,22.0,22.0,98.0,168.0,105.0,132.0,123.0,135.0,136.0,184.0,163.0,150.0,269.0,340.0,107.0,77.0,85.0,147.0,280.0,254.0,211.0,76.0,262.0,101.0,125.0,38.0,101.0,133.0,174.0,73.0,57.0,187.0,187.0,202.0,116.0,137.0,65.0,135.0,82.0,105.0,239.0,112.0,91.0,37.0,243.0,111.0,302.0,113.0,157.0,187.0,62.0,125.0,284.0,262.0,122.0,124.0,94.0,220.0,177.0,120.0,287.0,97.0,357.0,446.0,64.0,315.0,58.0,81.0,74.0,195.0,368.0,65.0,158.0,292.0,269.0,357.0,177.0,170.0,175.0,155.0,80.0,332.0,177.0,54.0,112.0,77.0,69.0,97.0,116.0,364.0,92.0,104.0,158.0,174.0,155.0,103.0,184.0,14.0,152.0,202.0,216.0,100.0,215.0,52.0,76.0,247.0,275.0,146.0,189.0,407.0,158.0,275.0,121.0,231.0,64.0,169.0,188.0,121.0,135.0,139.0,136.0,262.0,117.0,207.0,276.0,187.0,236.0,69.0,309.0,245.0,160.0,286.0,138.0,159.0,88.0,279.0,168.0,128.0,86.0,147.0,148.0,51.0,291.0,173.0,139.0,187.0,168.0,172.0,107.0,304.0,266.0,245.0,103.0,120.0,201.0,250.0,236.0,87.0,186.0,193.0,156.0,280.0,117.0,120.0,49.0,160.0,279.0,44.0,90.0,173.0,65.0,127.0,137.0,188.0,280.0,287.0,127.0,159.0,157.0,78.0,164.0,291.0,187.0,159.0,223.0,163.0,97.0,37.0,110.0,111.0,248.0,51.0,113.0,129.0,135.0,54.0,256.0,290.0,107.0,113.0,175.0,178.0,48.0,123.0,113.0,113.0,173.0,177.0,116.0,178.0,116.0,281.0,103.0,280.0,192.0,297.0,124.0,322.0,90.0,135.0,221.0,198.0,50.0,64.0,159.0,82.0,216.0,42.0,379.0,123.0,249.0,181.0,146.0,100.0,50.0,161.0,62.0,62.0,221.0,74.0,260.0,48.0,324.0,165.0,184.0,127.0,344.0,296.0,119.0,169.0,117.0,94.0,124.0,231.0,19.0,270.0,49.0,148.0,61.0,40.0,193.0,190.0,192.0,78.0,208.0,105.0,119.0,252.0,20.0,211.0,115.0,278.0,81.0,169.0,116.0,179.0,209.0,65.0,148.0,55.0,215.0,232.0,99.0,276.0,108.0,225.0,120.0,268.0,184.0,345.0,167.0,241.0,248.0,273.0,146.0,39.0,220.0,203.0,215.0,161.0,220.0,142.0,218.0,281.0,98.0,39.0,210.0,56.0,143.0,156.0,262.0,196.0,142.0,146.0,178.0,149.0,103.0,261.0,196.0,194.0,144.0,294.0,192.0,76.0,21.0,105.0,333.0,142.0,131.0,45.0,168.0,93.0,153.0,214.0,27.0,231.0,85.0,436.0,170.0,97.0,405.0,220.0,174.0,249.0,267.0,144.0,302.0,175.0,182.0,147.0,265.0,92.0,93.0,0.009708818798216612,0.003333479629930025,0.014285755756304752,0.006289378589713124,0.007518859932986288,0.019231094079998456,0.004587253794682056,0.006896616963501856,0.03125042974761172,0.005555643267683763,0.01886798055767258,0.006802786602321476,0.007352999580461983,0.006097637708535331,0.002809181846203046,0.004950585014711351,0.0035972576320659755,0.016949210519285884,0.004424883460615092,0.026317690171602237,0.0045250030730130675,0.013888922390322023,0.008130129007483333,0.024390381718035314,0.006135036505526159,0.004255427122018318,0.004201800930644595,0.003636495557145736,0.01666676887217733,0.00467299352436612,0.0027399082416650344,0.008333383536694328,0.03703738728694361,0.004926195766785213,0.005618051869134888,0.005882420617780326,0.007633638381150831,0.008196771479902054,0.018181856968006116,0.024390394905822177,0.008620739690258006,0.006172917387573307,0.005235691484045901,0.006329181904050074,0.0064103252105383035,0.005747201782469347,0.010752752274456157,0.007575820085094165,0.012195170265883348,0.005882422363271189,0.004717073597703347,0.0056180505839051875,0.005076237212989554,0.007633644613775914,0.003968373601821895,0.01123601398792573,0.004405388897993134,0.005882467056068208,0.005494580759489054,0.004386076920354753,0.004184210729050619,0.0024511923251679946,0.005000087058448344,0.006944499711124763,0.0061729211502949966,0.006711485262314909,0.006369507487562487,0.010101048342448848,0.007633658306531288,0.0053764311276722765,0.02083366575507739,0.012658257889597735,0.016666710946623198,0.005555631774541325,0.004807784344365018,0.012500029091839338,0.003802405698934308,0.01333336305125954,0.011627961677703524,0.005917269863545016,0.006944532571594664,0.009523924931357897,0.012987067692904475,0.01052649579033016,0.010752844870012268,0.0052632622957276,0.007142913055645295,0.005848024250553863,0.0020578771145665087,0.011363726676520969,0.008000072087270382,0.005494609739827183,0.00925931186412754,0.007353048738451662,0.008403417111225053,0.0051021300708100625,0.007407458378452247,0.0034966468228390113,0.008772017832214374,0.005586667849570404,0.018867984249268943,0.0038462770459659623,0.009901099116177647,0.004694932550108888,0.0028091770360560986,0.007518860244971393,0.005263246778810071,0.012658564175978881,0.0075188970845943,0.0038911904102292283,0.006622576734997665,0.013698717964942375,0.010869622678754354,0.010309316780606537,0.008130159207937027,0.005586671780292818,0.006493568789352366,0.011363759566705767,0.004291950674740974,0.010101059116280453,0.006211244704218188,0.01204822701426167,0.008771972274075779,0.004405391101784062,0.0042017964347564885,0.004672996787917327,0.006410321793055118,0.00480778819292027,0.003703831493623966,0.008130145807399458,0.0042554511864238975,0.004219522779322915,0.004545553148034287,0.011904944158501962,0.033333524153967176,0.009259320904135393,0.005050599987583837,0.006896610179296658,0.0061350374719779666,0.005000091791345085,0.0031448113498413477,0.004132343565999008,0.0038911730334802996,0.00952386552189921,0.007042312361477343,0.011904959999228026,0.005882441820091344,0.00505058939677383,0.00671146887998475,0.00534767513519796,0.011363673736553892,0.004098486564629411,0.0031154333955214497,0.004608416853130848,0.00877197626377324,0.006211254179902426,0.0028250387326238524,0.011494340864189212,0.005434866336969435,0.024390552679001587,0.005347674589671669,0.003389972020897858,0.004629727061171707,0.023809724162425994,0.0055866907962069945,0.004255437433073439,0.007518906663591451,0.016666721679129637,0.030303782662272738,0.004587257549218293,0.00800027692474714,0.0033671556710714867,0.007299332854017848,0.01250011825305819,0.010752735407038472,0.0042195192637564105,0.00781256995166757,0.008771983879441336,0.01639346844994094,0.0034603483870228047,0.010638361631649218,0.003876092785617402,0.01408462751675188,0.00763366931940368,0.011627961269979892,0.010204121334609795,0.0034844663184685487,0.017241444829600994,0.006896606727735843,0.007936553835776294,0.0038315427197517238,0.020833701974638075,0.007692362647418349,0.0035462363393889973,0.007042313456878446,0.0075758112536163935,0.007142910490927079,0.004237396953243433,0.007936558714746411,0.004237401306426136,0.005464558282483267,0.012048228418464646,0.008196774332134282,0.010309373082947104,0.009901057191441964,0.007633650850010554,0.009708790453871075,0.009803974764338363,0.005952469501323776,0.015625154922183526,0.010000094347304866,0.008000088474133804,0.004291957152787518,0.013333368127774747,0.011236005922910408,0.006622575625470972,0.004405392579656109,0.002793478042917741,0.006993109210640114,0.014705919240654453,0.02222231020476073,0.004651259642997729,0.0033114178028768038,0.005025221258563306,0.0028410882542857507,0.0045249973767340634,0.004566330462125734,0.009009229350056103,0.0058824357775222325,0.005649798999598943,0.004237396675392802,0.014084581647267669,0.0060976272377786245,0.006250107439512931,0.07692456825560434,0.011363671188235003,0.0030213270485432986,0.003225968044091587,0.006849375108799904,0.019230816964793007,0.0030304726016083805,0.004975222379698607,0.005988092403185874,0.004405396056881727,0.016129090170949212,0.003134955926498151,0.006250062837040105,0.0053764283500470356,0.005434858809650223,0.008928614960794334,0.004761996002571323,0.004291952983294323,0.010309318316089389,0.004065160980928795,0.047619606558978234,0.008064579735020061,0.02040822365310646,0.008547065144739463,0.008064575743702562,0.012820564128077194,0.01538470880511511,0.013698692101513643,0.014492907405113442,0.00900905657074702,0.007299325135136314,0.007575807445704186,0.004115347670648362,0.03125117992769333,0.005494583534300546,0.005988092441469917,0.008196764481979812,0.006666728324461246,0.013157949520561374,0.003968369219364831,0.004310460259176807,0.005154721396024797,0.011905001883917521,0.004016181624820092,0.009803960826658908,0.055556367063967826,0.0028655065389102674,0.01587304470615436,0.008620736586379962,0.0047847807217920035,0.005780421292143956,0.016949308203884073,0.002898723907776457,0.004831012213287522,0.0060241722757155,0.004237399778531881,0.0055556280538837655,0.011111145236725406,0.003731475224640235,0.011627973823294724,0.006896605240797271,0.006410324755336205,0.004762039583027899,0.004032375153627754,0.005154735931824916,0.008474733676109736,0.006666758371693504,0.007142924815980223,0.009174443796126752,0.010204125172691647,0.004237403321525335,0.009708856007137001,0.004484404180061574,0.0029241544933142904,0.005917308227196827,0.011904807831569997,0.01515154783386663,0.011235983290291074,0.006289369735554828,0.004048703872825854,0.01219515032866525,0.004784785230697253,0.004807783046317127,0.007518903035929725,0.00666673774040305,0.0043479300467765825,0.0052357186138465295,0.0031747645464292873,0.006756813428978603,0.0033785243415422883,0.020408340538736525,0.007874069607638035,0.009708804300316842,0.006622573948845911,0.003597258774107104,0.002747437537152564,0.011236177350269827,0.0065790135383565485,0.004545555129652712,0.007194313892597393,0.0046297252107478926,0.005050645456350367,0.016666712748182988,0.007518856857217315,0.0026883605924012954,0.016129523299198922,0.01408477657045637,0.007518850672198596,0.004854534921207687,0.009523869657456885,0.007353014187373219,0.004854460704422081,0.023809916845408452,0.0056180554717570885,0.008547153695417364,0.006579008521271135,0.02500013940252188,0.006289383269859172,0.006451683337047598,0.004672990319591008,0.016393468184560334,0.020834767315982106,0.010526373476025697,0.0034966438759056473,0.004807784751363897,0.004347930893487728,0.006024166894434302,0.012658290653149606,0.005181430242544138,0.005376421621548388,0.006211243276140976,0.009009048417496501,0.00416678309588292,0.004831052826972382,0.003484467540715741,0.02325592035884938,0.013158001516984541,0.0031154267940110003,0.005405493615825208,0.005102126396621998,0.008064571459570402,0.006097626291108327,0.007042306847893087,0.009708893758443082,0.0036233235670124486,0.04000097183140383,0.004132345381208324,0.0026248640392054767,0.009009080779264877,0.0047847804991647536,0.01298705476961004,0.005882428285730157,0.004854457051294503,0.006849370518750675,0.005434875649996229,0.007299323764328847,0.01612907344870962,0.003891178485105229,0.002950021977085271,0.011627954369416216,0.01923085417883641,0.004386069607136278,0.020408205710310767,0.004524989224421461,0.03846232670077043,0.003484458911486854,0.002865508757054158,0.009434000589550351,0.0030489477440482915,0.009523990489356038,0.00990103868268477,0.004132387884141053,0.008620736504312276,0.06666793966609497,0.007936571050734642,0.008928620020839162,0.004902049967000721,0.004902050581961248,0.012820549572836626,0.006135039317200608,0.008695770901411493,0.00892863499124985,0.0037737086480547077,0.04548271969620643,0.0054055630740776905,0.010526374213895906,0.022222281605934313,0.005952458499251634,0.004201791114780917,0.0059172311637780695,0.005586665452426587,0.004484407529645296,0.006944504089460679,0.008403415610530374,0.005714359392669621,0.007352992326758567,0.0035212614246233898,0.004566330218665371,0.013698711440270017,0.003937132159990142,0.003861122909029291,0.02325601006654665,0.003496643786036202,0.006250064576931891,0.005405492451899363,0.00746274126944968,0.004255425099046306,0.004366916310232227,0.005714358773957429,0.027027525161678057,0.0042373942848428214,0.005128292126613587,0.004219526996507739,0.008403402901961954,0.007353005076822683,0.005181435409980395,0.002551229636139851,0.01666671162352884,0.01052635800087387,0.010638332256988292,0.004950586919505895,0.004975223194406908,0.0052356854820629906,0.010869604212587092,0.013333405870852744,0.004098475204870056,0.030303118501507242,0.004405390155483246,0.004166779253324648,0.004132342658124344,0.003921690227230101,0.004784780320250093,0.008196763693277376,0.015873125154378442,0.002570894020777814,0.01724145275485256,0.004807783735856219,0.0046083914646146695,0.005434872229699295,0.0036364964794870502,0.00574721899485553,0.00595245345323292,0.004237402360388387,0.012500027747250897,0.007575807036630522,0.0037038299428218124,0.01562527109950196,0.00757581712784372,0.0038611445383480714,0.006060698268811393,0.0030770840376703745,0.009174447527982466,0.005988103204856543,0.003906372198827057,0.0434788311995824,0.005347687001034274,0.009615419011481663,0.004132343861385834,0.00840341996509153,0.002898721534620563,0.013513558415567672,0.005780417670933957,0.0053192290364449946,0.0048310093305872215,0.005524949380429689,0.01219516627389794,0.009901049600927081,0.045455032390783856,0.0031057504984914885,0.002915627658524045,0.006451788892348986,0.00943400367373215,0.005848025444265659,0.008849596452336073,0.0028250428241562986,0.004201791378505959,0.007407464833818267,0.0035588549441740724,0.012820569692337358,0.014706046202348944,0.006410328656926367,0.004608391239798948,0.0032052844950385406,0.003846276764079448,0.004149492817617784,0.002793478665296334,0.006289376934688562,0.009090953023431325,0.010416735798727927,0.0038760980540359924,0.005681908029373517,0.00833338460981281,0.009615424163001762,0.007299321344163445,0.005649790616587325,0.0031154275263247655,0.005494590799003163,0.003876112318550895,0.003322414770252635,0.04166689985188299,0.004424882614472381,0.016129261367673564,0.022222314957119238,0.0031349547455192806,0.0061350393550014815,0.00657905254479374,0.0046949342736297695,0.003378554790799626,0.0076336590585697195,0.022223264317780433,0.006579031769405219,0.0028655099460479505,0.008474627638079824,0.004237398744834309,0.011111176862655725,0.005208414907940551,0.0033114065128643233,0.0034966451437412616,0.010101366131792133,0.0062500653889117075,0.03448308842783021,0.004694941317552548,0.004366919407061687,0.007518861066927229,0.007352990425488315,0.003703844235133147,0.004926199875683324,0.020833559027025217,0.007575809698693092,0.004219519076428924,0.013333420496465465,0.0036901726921882982,0.003134965455217298,0.004048698902238357,0.008064585276443381,0.009901190193517095,0.008403405712556378,0.00833337850225746,0.003484463145355221,0.005347688148646057,0.002666855493316689,0.003846281228618409,0.005347680987995318,0.016949298093116738,0.011904820110117953,0.005952451602325937,0.018518577638793943,0.004651262018910529,0.004273609690386593,0.007692379875493316,0.012048313788909581,0.013157945391228054,0.003077087800136269,0.0033334903484956158,0.006536012543620018,0.009009057518639452,0.0075758180737750536,0.004717079766095367,0.006579051536220959,0.008000049184602176,0.011494461830764635,0.015151564854292587,0.02631971543175382,0.004950592090381178,0.005917232653530391,0.006622581058650212,0.004717076041544033,0.009901033580604235,0.005128293989628219,0.008196772428746613,0.037037587691699514,0.0035972564222106485,0.0041153399919835465,0.005347691387470377,0.019231057908385196,0.009345830122668985,0.01538467750604866,0.004424897302271802,0.010101057661330515,0.004081747366626587,0.0040651558308582025,0.02272770231461152,0.007575830265665218,0.0034131123893530457,0.011628004311717177,0.0048544630002709255,0.028571523537458177,0.009434017186634946,0.007092264639624091,0.007142909529306962,0.008333396386490222,0.015151555735329225,0.004694932111107164,0.005780418290072475,0.004524987891244336,0.007042356439797004,0.00555567681010416,0.004149488283928804,0.00507625879419038,0.02564121307580791,0.006896660027791768,0.014492915608627754,0.008403434926265163,0.005347673832943656,0.0063694961050089205,0.004255428073690837,0.004784782633691975,0.0032896226426828434,0.014705908987281191,0.005464570229094079,0.003731468018600026,0.004081745356444344,0.0027550042992174895,0.04545600217164747,0.04548437468464783,0.010204150566622161,0.005952453514765921,0.009524073097225028,0.0075758264754028914,0.008130155788649063,0.007407459154563867,0.007353005569484594,0.0054348614613957125,0.006135035334324357,0.006666732192201152,0.0037176005285459723,0.00294136669629097,0.009345922129568862,0.012987037780476385,0.011764828034927177,0.006802776262247789,0.0035715652716135082,0.00393713551383712,0.004739427040220789,0.013157927628213884,0.0038169198437003615,0.009901132458139728,0.008000050393476954,0.02631593149234135,0.009901045313938539,0.0075188545347089075,0.005747201656731704,0.013698661126696265,0.017544075038387064,0.005347686294413734,0.005347703656639169,0.00495058544748872,0.008620737760367092,0.007299367125511935,0.015384654911770212,0.007407468726313482,0.01219517439575668,0.00952393094352999,0.004184213174880824,0.008928631505256135,0.010989078684133347,0.02702721141891118,0.004115345717764285,0.009009051112869315,0.003311410561025241,0.008849610398996788,0.0063694983363404845,0.00534767141419934,0.016129300816523084,0.008000045886561225,0.0035212634119261566,0.003816926713625435,0.008196765337402212,0.008064566305819199,0.010638336029941797,0.0045455537596126305,0.00564980316181618,0.00833338431932873,0.0034844615173028615,0.010309375039284419,0.0028013072538328743,0.0022423864941742977,0.015625040679829283,0.003174759520106818,0.01724190879173193,0.012345707421800967,0.013513561262740836,0.005128290824956139,0.00271758680480616,0.015384689467111912,0.006329180289014857,0.003424809376497251,0.003717598410730716,0.0028013126058112903,0.005649824429042383,0.005882427670258039,0.0057143696076309425,0.006451757407916148,0.01250010177029992,0.003012215231137816,0.005649797796053235,0.018519037566591123,0.008928661066804011,0.012987152680082659,0.014492853758028446,0.010309386096480466,0.008620737045703208,0.0027474390867610055,0.010869624263889932,0.009615460318357805,0.006329180435216131,0.00574720883878399,0.00645167963421045,0.00970880283267661,0.005434866073613875,0.07143047145437187,0.006579013396475375,0.004950591198621623,0.004629726712465754,0.010000047110295895,0.004651264049243764,0.019231626643346544,0.013158088512824406,0.004048703948541288,0.003636495467617351,0.006849386596229579,0.005291096148539509,0.002457217137759926,0.006329195634634743,0.003636495845000809,0.00826450849113769,0.004329115995858501,0.015625142567110117,0.005917292002010299,0.00531923079711305,0.008264506933599591,0.007407458592183502,0.007194303818948811,0.007353004667578489,0.003816921800819273,0.00854715176301113,0.004831011355207693,0.0036233261025699903,0.005347682749004434,0.004237399787882623,0.01449285041320536,0.0032363969285142957,0.004081757937854036,0.006250073235378295,0.0034966405000318446,0.007246457368950132,0.006289374429542249,0.011363690442649954,0.0035843732660509886,0.00595245389965271,0.007812692413153854,0.011627973606991304,0.006802785760186225,0.006756844816749208,0.019607981315068912,0.0034365673971592514,0.005780448823969664,0.007194300734084891,0.0053476802850696,0.005952460739450771,0.005814030360028255,0.009345842681142358,0.0032896233639689854,0.0037595323606751663,0.004081747804832503,0.009708808132714353,0.008333376673931525,0.0049752118194987816,0.00400011783113996,0.004237419785113161,0.011494302619340147,0.005376429112345704,0.005181473703743222,0.006410335300188308,0.003571567790515928,0.008547083585426662,0.008333376512922541,0.020408302132508993,0.006250063565886421,0.003584365059737138,0.02272760424351361,0.011111274536403926,0.0057804183333018955,0.01538471990325263,0.007874070775812925,0.007299323627449894,0.005319229731924224,0.0035715605062023315,0.0034844679164507397,0.007874101164631497,0.006289373424124278,0.006369506956872328,0.012820540690668736,0.006097640168547969,0.0034365708524433103,0.005347675697208842,0.006289373994206926,0.004484408648096405,0.006135042004984825,0.01030933970002934,0.02702737304535674,0.009091008369026099,0.009009127653143878,0.004032384974635761,0.019608168746998444,0.008849604162435298,0.007751990467141923,0.007407492404951199,0.0185188671643175,0.00390637162826124,0.0034484202382145668,0.009345876907715933,0.008849598219981658,0.0057143580841909625,0.005618059388410757,0.020833534798271103,0.008130135691516216,0.008849609117078217,0.008849641033137345,0.005780437813655226,0.005649789566291474,0.00862079747346911,0.005618054291460339,0.008620729408690408,0.0035588559860002533,0.009708778500495896,0.0035715641033107204,0.005208426546374767,0.0033671440374973827,0.008064573646720419,0.003105751178736682,0.011111174791665235,0.0074074726534831825,0.0045249882794564655,0.0050505901402289055,0.02000007647161084,0.01562505659099145,0.006289372066589749,0.012195286416613271,0.0046297481665646956,0.023810238143539664,0.002638723893255701,0.008130132267297085,0.004016185041081144,0.005524939403017015,0.0068493717833177925,0.010000049276584377,0.020000231972993276,0.006211248215322485,0.016129079695240023,0.016129076864530134,0.004524988245918848,0.013513542924115995,0.0038462783175532422,0.02083338757827846,0.0030865831574828917,0.006060683072576012,0.005434873209537727,0.007874061324670834,0.002907149278428278,0.003378525704818003,0.008403415145224358,0.0059172461873799875,0.008547053514718073,0.010638381057944457,0.008064571148977961,0.004329117532364535,0.052632419952129084,0.003703831077984887,0.020408418417588337,0.006756836134854893,0.016393476067293022,0.025001742643247837,0.0051814310988902434,0.005263241923074702,0.005208420330006902,0.012820579506808372,0.004807784508102486,0.009523850074074858,0.00840354212671457,0.0039683721913092995,0.05000153885790226,0.004739475046051211,0.008695714717816827,0.003597259502328143,0.012345723481701043,0.005917249416540926,0.008620747265069895,0.005586666047122435,0.004784794180920926,0.015384901308394205,0.006756821632023957,0.018181858886883617,0.004651265655070347,0.004310455000506863,0.010101044012969851,0.003623326873480437,0.009259303563936783,0.004444549747120163,0.008333415731911487,0.00373147070848745,0.005434895290250097,0.002898721507051505,0.005988094569346458,0.004149493816981931,0.004032377037958668,0.0036631392250114914,0.006849373736031339,0.025642042641365492,0.004545552884707149,0.004926204688274538,0.004651257454668212,0.006211280517959494,0.004545551580861229,0.007042308104956874,0.004587259118295606,0.003558855276310169,0.010204112027608403,0.02564110278036935,0.004761999886113699,0.017857187983707945,0.006993065425945133,0.006410318942613458,0.0038169230986682123,0.005102132024404682,0.007042320422101511,0.00684937376249195,0.005618052092188464,0.006711470448209411,0.00970881501351073,0.0038315447489480903,0.005102132554782202,0.005154723041783882,0.006944517068546929,0.0034015064438790432,0.005208416301542229,0.013158024501763066,0.04762315063399214,0.009523848613625319,0.0030031743574454595,0.007042330830586252,0.007633635368506475,0.02222230447691942,0.005952489833475738,0.010752731720458542,0.006536011355649407,0.004673032158962087,0.037037342222625114,0.004329113167045762,0.011764778077832716,0.0022938112834935964,0.005882422958592315,0.010309335116133411,0.002469344983865085,0.004545557218420981,0.005747203718271976,0.0040161797566327095,0.0037454497813769194,0.006944506891443325,0.003311410945229909,0.005714396415896772,0.005494582768534428,0.006802794725842887,0.003773713243617749,0.010869636281697126,0.010752736234962867,103.0,0.009708818798216612,1.41421356,300.0,0.003333479629930025,1.41421356,70.0,0.014285755756304752,1.41421356,159.0,0.006289378589713124,1.41421356,133.0,0.007518859932986288,1.41421356,52.0,0.019231094079998456,1.41421356,218.0,0.004587253794682056,1.41421356,145.0,0.006896616963501856,1.41421356,32.0,0.03125042974761172,1.41421356,180.0,0.005555643267683763,1.41421356,53.0,0.01886798055767258,1.41421356,147.0,0.006802786602321476,1.41421356,136.0,0.007352999580461983,1.41421356,164.0,0.006097637708535331,1.41421356,356.0,0.002809181846203046,1.41421356,202.0,0.004950585014711351,1.41421356,278.0,0.0035972576320659755,1.41421356,59.0,0.016949210519285884,1.41421356,226.0,0.004424883460615092,1.41421356,38.0,0.026317690171602237,1.41421356,221.0,0.0045250030730130675,1.41421356,72.0,0.013888922390322023,1.41421356,123.0,0.008130129007483333,1.41421356,41.0,0.024390381718035314,1.41421356,163.0,0.006135036505526159,1.41421356,235.0,0.004255427122018318,1.41421356,238.0,0.004201800930644595,1.41421356,275.0,0.003636495557145736,1.41421356,60.0,0.01666676887217733,1.41421356,214.0,0.00467299352436612,1.41421356,365.0,0.0027399082416650344,1.41421356,120.0,0.008333383536694328,1.41421356,27.0,0.03703738728694361,1.41421356,203.0,0.004926195766785213,1.41421356,178.0,0.005618051869134888,1.41421356,170.0,0.005882420617780326,1.41421356,131.0,0.007633638381150831,1.41421356,122.0,0.008196771479902054,1.41421356,55.0,0.018181856968006116,1.41421356,41.0,0.024390394905822177,1.41421356,116.0,0.008620739690258006,1.41421356,162.0,0.006172917387573307,1.41421356,191.0,0.005235691484045901,1.41421356,158.0,0.006329181904050074,1.41421356,156.0,0.0064103252105383035,1.41421356,174.0,0.005747201782469347,1.41421356,93.0,0.010752752274456157,1.41421356,132.0,0.007575820085094165,1.41421356,82.0,0.012195170265883348,1.41421356,170.0,0.005882422363271189,1.41421356,212.0,0.004717073597703347,1.41421356,178.0,0.0056180505839051875,1.41421356,197.0,0.005076237212989554,1.41421356,131.0,0.007633644613775914,1.41421356,252.0,0.003968373601821895,1.41421356,89.0,0.01123601398792573,1.41421356,227.0,0.004405388897993134,1.41421356,170.0,0.005882467056068208,1.41421356,182.0,0.005494580759489054,1.41421356,228.0,0.004386076920354753,1.41421356,239.0,0.004184210729050619,1.41421356,408.0,0.0024511923251679946,1.41421356,200.0,0.005000087058448344,1.41421356,144.0,0.006944499711124763,1.41421356,162.0,0.0061729211502949966,1.41421356,149.0,0.006711485262314909,1.41421356,157.0,0.006369507487562487,1.41421356,99.0,0.010101048342448848,1.41421356,131.0,0.007633658306531288,1.41421356,186.0,0.0053764311276722765,1.41421356,48.0,0.02083366575507739,1.41421356,79.0,0.012658257889597735,1.41421356,60.0,0.016666710946623198,1.41421356,180.0,0.005555631774541325,1.41421356,208.0,0.004807784344365018,1.41421356,80.0,0.012500029091839338,1.41421356,263.0,0.003802405698934308,1.41421356,75.0,0.01333336305125954,1.41421356,86.0,0.011627961677703524,1.41421356,169.0,0.005917269863545016,1.41421356,144.0,0.006944532571594664,1.41421356,105.0,0.009523924931357897,1.41421356,77.0,0.012987067692904475,1.41421356,95.0,0.01052649579033016,1.41421356,93.0,0.010752844870012268,1.41421356,190.0,0.0052632622957276,1.41421356,140.0,0.007142913055645295,1.41421356,171.0,0.005848024250553863,1.41421356,486.0,0.0020578771145665087,1.41421356,88.0,0.011363726676520969,1.41421356,125.0,0.008000072087270382,1.41421356,182.0,0.005494609739827183,1.41421356,108.0,0.00925931186412754,1.41421356,136.0,0.007353048738451662,1.41421356,119.0,0.008403417111225053,1.41421356,196.0,0.0051021300708100625,1.41421356,135.0,0.007407458378452247,1.41421356,286.0,0.0034966468228390113,1.41421356,114.0,0.008772017832214374,1.41421356,179.0,0.005586667849570404,1.41421356,53.0,0.018867984249268943,1.41421356,260.0,0.0038462770459659623,1.41421356,101.0,0.009901099116177647,1.41421356,213.0,0.004694932550108888,1.41421356,356.0,0.0028091770360560986,1.41421356,133.0,0.007518860244971393,1.41421356,190.0,0.005263246778810071,1.41421356,79.0,0.012658564175978881,1.41421356,133.0,0.0075188970845943,1.41421356,257.0,0.0038911904102292283,1.41421356,151.0,0.006622576734997665,1.41421356,73.0,0.013698717964942375,1.41421356,92.0,0.010869622678754354,1.41421356,97.0,0.010309316780606537,1.41421356,123.0,0.008130159207937027,1.41421356,179.0,0.005586671780292818,1.41421356,154.0,0.006493568789352366,1.41421356,88.0,0.011363759566705767,1.41421356,233.0,0.004291950674740974,1.41421356,99.0,0.010101059116280453,1.41421356,161.0,0.006211244704218188,1.41421356,83.0,0.01204822701426167,1.41421356,114.0,0.008771972274075779,1.41421356,227.0,0.004405391101784062,1.41421356,238.0,0.0042017964347564885,1.41421356,214.0,0.004672996787917327,1.41421356,156.0,0.006410321793055118,1.41421356,208.0,0.00480778819292027,1.41421356,270.0,0.003703831493623966,1.41421356,123.0,0.008130145807399458,1.41421356,235.0,0.0042554511864238975,1.41421356,237.0,0.004219522779322915,1.41421356,220.0,0.004545553148034287,1.41421356,84.0,0.011904944158501962,1.41421356,30.0,0.033333524153967176,1.41421356,108.0,0.009259320904135393,1.41421356,198.0,0.005050599987583837,1.41421356,145.0,0.006896610179296658,1.41421356,163.0,0.0061350374719779666,1.41421356,200.0,0.005000091791345085,1.41421356,318.0,0.0031448113498413477,1.41421356,242.0,0.004132343565999008,1.41421356,257.0,0.0038911730334802996,1.41421356,105.0,0.00952386552189921,1.41421356,142.0,0.007042312361477343,1.41421356,84.0,0.011904959999228026,1.41421356,170.0,0.005882441820091344,1.41421356,198.0,0.00505058939677383,1.41421356,149.0,0.00671146887998475,1.41421356,187.0,0.00534767513519796,1.41421356,88.0,0.011363673736553892,1.41421356,244.0,0.004098486564629411,1.41421356,321.0,0.0031154333955214497,1.41421356,217.0,0.004608416853130848,1.41421356,114.0,0.00877197626377324,1.41421356,161.0,0.006211254179902426,1.41421356,354.0,0.0028250387326238524,1.41421356,87.0,0.011494340864189212,1.41421356,184.0,0.005434866336969435,1.41421356,41.0,0.024390552679001587,1.41421356,187.0,0.005347674589671669,1.41421356,295.0,0.003389972020897858,1.41421356,216.0,0.004629727061171707,1.41421356,42.0,0.023809724162425994,1.41421356,179.0,0.0055866907962069945,1.41421356,235.0,0.004255437433073439,1.41421356,133.0,0.007518906663591451,1.41421356,60.0,0.016666721679129637,1.41421356,33.0,0.030303782662272738,1.41421356,218.0,0.004587257549218293,1.41421356,125.0,0.00800027692474714,1.41421356,297.0,0.0033671556710714867,1.41421356,137.0,0.007299332854017848,1.41421356,80.0,0.01250011825305819,1.41421356,93.0,0.010752735407038472,1.41421356,237.0,0.0042195192637564105,1.41421356,128.0,0.00781256995166757,1.41421356,114.0,0.008771983879441336,1.41421356,61.0,0.01639346844994094,1.41421356,289.0,0.0034603483870228047,1.41421356,94.0,0.010638361631649218,1.41421356,258.0,0.003876092785617402,1.41421356,71.0,0.01408462751675188,1.41421356,131.0,0.00763366931940368,1.41421356,86.0,0.011627961269979892,1.41421356,98.0,0.010204121334609795,1.41421356,287.0,0.0034844663184685487,1.41421356,58.0,0.017241444829600994,1.41421356,145.0,0.006896606727735843,1.41421356,126.0,0.007936553835776294,1.41421356,261.0,0.0038315427197517238,1.41421356,48.0,0.020833701974638075,1.41421356,130.0,0.007692362647418349,1.41421356,282.0,0.0035462363393889973,1.41421356,142.0,0.007042313456878446,1.41421356,132.0,0.0075758112536163935,1.41421356,140.0,0.007142910490927079,1.41421356,236.0,0.004237396953243433,1.41421356,126.0,0.007936558714746411,1.41421356,236.0,0.004237401306426136,1.41421356,183.0,0.005464558282483267,1.41421356,83.0,0.012048228418464646,1.41421356,122.0,0.008196774332134282,1.41421356,97.0,0.010309373082947104,1.41421356,101.0,0.009901057191441964,1.41421356,131.0,0.007633650850010554,1.41421356,103.0,0.009708790453871075,1.41421356,102.0,0.009803974764338363,1.41421356,168.0,0.005952469501323776,1.41421356,64.0,0.015625154922183526,1.41421356,100.0,0.010000094347304866,1.41421356,125.0,0.008000088474133804,1.41421356,233.0,0.004291957152787518,1.41421356,75.0,0.013333368127774747,1.41421356,89.0,0.011236005922910408,1.41421356,151.0,0.006622575625470972,1.41421356,227.0,0.004405392579656109,1.41421356,358.0,0.002793478042917741,1.41421356,143.0,0.006993109210640114,1.41421356,68.0,0.014705919240654453,1.41421356,45.0,0.02222231020476073,1.41421356,215.0,0.004651259642997729,1.41421356,302.0,0.0033114178028768038,1.41421356,199.0,0.005025221258563306,1.41421356,352.0,0.0028410882542857507,1.41421356,221.0,0.0045249973767340634,1.41421356,219.0,0.004566330462125734,1.41421356,111.0,0.009009229350056103,1.41421356,170.0,0.0058824357775222325,1.41421356,177.0,0.005649798999598943,1.41421356,236.0,0.004237396675392802,1.41421356,71.0,0.014084581647267669,1.41421356,164.0,0.0060976272377786245,1.41421356,160.0,0.006250107439512931,1.41421356,13.0,0.07692456825560434,1.41421356,88.0,0.011363671188235003,1.41421356,331.0,0.0030213270485432986,1.41421356,310.0,0.003225968044091587,1.41421356,146.0,0.006849375108799904,1.41421356,52.0,0.019230816964793007,1.41421356,330.0,0.0030304726016083805,1.41421356,201.0,0.004975222379698607,1.41421356,167.0,0.005988092403185874,1.41421356,227.0,0.004405396056881727,1.41421356,62.0,0.016129090170949212,1.41421356,319.0,0.003134955926498151,1.41421356,160.0,0.006250062837040105,1.41421356,186.0,0.0053764283500470356,1.41421356,184.0,0.005434858809650223,1.41421356,112.0,0.008928614960794334,1.41421356,210.0,0.004761996002571323,1.41421356,233.0,0.004291952983294323,1.41421356,97.0,0.010309318316089389,1.41421356,246.0,0.004065160980928795,1.41421356,21.0,0.047619606558978234,1.41421356,124.0,0.008064579735020061,1.41421356,49.0,0.02040822365310646,1.41421356,117.0,0.008547065144739463,1.41421356,124.0,0.008064575743702562,1.41421356,78.0,0.012820564128077194,1.41421356,65.0,0.01538470880511511,1.41421356,73.0,0.013698692101513643,1.41421356,69.0,0.014492907405113442,1.41421356,111.0,0.00900905657074702,1.41421356,137.0,0.007299325135136314,1.41421356,132.0,0.007575807445704186,1.41421356,243.0,0.004115347670648362,1.41421356,32.0,0.03125117992769333,1.41421356,182.0,0.005494583534300546,1.41421356,167.0,0.005988092441469917,1.41421356,122.0,0.008196764481979812,1.41421356,150.0,0.006666728324461246,1.41421356,76.0,0.013157949520561374,1.41421356,252.0,0.003968369219364831,1.41421356,232.0,0.004310460259176807,1.41421356,194.0,0.005154721396024797,1.41421356,84.0,0.011905001883917521,1.41421356,249.0,0.004016181624820092,1.41421356,102.0,0.009803960826658908,1.41421356,18.0,0.055556367063967826,1.41421356,349.0,0.0028655065389102674,1.41421356,63.0,0.01587304470615436,1.41421356,116.0,0.008620736586379962,1.41421356,209.0,0.0047847807217920035,1.41421356,173.0,0.005780421292143956,1.41421356,59.0,0.016949308203884073,1.41421356,345.0,0.002898723907776457,1.41421356,207.0,0.004831012213287522,1.41421356,166.0,0.0060241722757155,1.41421356,236.0,0.004237399778531881,1.41421356,180.0,0.0055556280538837655,1.41421356,90.0,0.011111145236725406,1.41421356,268.0,0.003731475224640235,1.41421356,86.0,0.011627973823294724,1.41421356,145.0,0.006896605240797271,1.41421356,156.0,0.006410324755336205,1.41421356,210.0,0.004762039583027899,1.41421356,248.0,0.004032375153627754,1.41421356,194.0,0.005154735931824916,1.41421356,118.0,0.008474733676109736,1.41421356,150.0,0.006666758371693504,1.41421356,140.0,0.007142924815980223,1.41421356,109.0,0.009174443796126752,1.41421356,98.0,0.010204125172691647,1.41421356,236.0,0.004237403321525335,1.41421356,103.0,0.009708856007137001,1.41421356,223.0,0.004484404180061574,1.41421356,342.0,0.0029241544933142904,1.41421356,169.0,0.005917308227196827,1.41421356,84.0,0.011904807831569997,1.41421356,66.0,0.01515154783386663,1.41421356,89.0,0.011235983290291074,1.41421356,159.0,0.006289369735554828,1.41421356,247.0,0.004048703872825854,1.41421356,82.0,0.01219515032866525,1.41421356,209.0,0.004784785230697253,1.41421356,208.0,0.004807783046317127,1.41421356,133.0,0.007518903035929725,1.41421356,150.0,0.00666673774040305,1.41421356,230.0,0.0043479300467765825,1.41421356,191.0,0.0052357186138465295,1.41421356,315.0,0.0031747645464292873,1.41421356,148.0,0.006756813428978603,1.41421356,296.0,0.0033785243415422883,1.41421356,49.0,0.020408340538736525,1.41421356,127.0,0.007874069607638035,1.41421356,103.0,0.009708804300316842,1.41421356,151.0,0.006622573948845911,1.41421356,278.0,0.003597258774107104,1.41421356,364.0,0.002747437537152564,1.41421356,89.0,0.011236177350269827,1.41421356,152.0,0.0065790135383565485,1.41421356,220.0,0.004545555129652712,1.41421356,139.0,0.007194313892597393,1.41421356,216.0,0.0046297252107478926,1.41421356,198.0,0.005050645456350367,1.41421356,60.0,0.016666712748182988,1.41421356,133.0,0.007518856857217315,1.41421356,372.0,0.0026883605924012954,1.41421356,62.0,0.016129523299198922,1.41421356,71.0,0.01408477657045637,1.41421356,133.0,0.007518850672198596,1.41421356,206.0,0.004854534921207687,1.41421356,105.0,0.009523869657456885,1.41421356,136.0,0.007353014187373219,1.41421356,206.0,0.004854460704422081,1.41421356,42.0,0.023809916845408452,1.41421356,178.0,0.0056180554717570885,1.41421356,117.0,0.008547153695417364,1.41421356,152.0,0.006579008521271135,1.41421356,40.0,0.02500013940252188,1.41421356,159.0,0.006289383269859172,1.41421356,155.0,0.006451683337047598,1.41421356,214.0,0.004672990319591008,1.41421356,61.0,0.016393468184560334,1.41421356,48.0,0.020834767315982106,1.41421356,95.0,0.010526373476025697,1.41421356,286.0,0.0034966438759056473,1.41421356,208.0,0.004807784751363897,1.41421356,230.0,0.004347930893487728,1.41421356,166.0,0.006024166894434302,1.41421356,79.0,0.012658290653149606,1.41421356,193.0,0.005181430242544138,1.41421356,186.0,0.005376421621548388,1.41421356,161.0,0.006211243276140976,1.41421356,111.0,0.009009048417496501,1.41421356,240.0,0.00416678309588292,1.41421356,207.0,0.004831052826972382,1.41421356,287.0,0.003484467540715741,1.41421356,43.0,0.02325592035884938,1.41421356,76.0,0.013158001516984541,1.41421356,321.0,0.0031154267940110003,1.41421356,185.0,0.005405493615825208,1.41421356,196.0,0.005102126396621998,1.41421356,124.0,0.008064571459570402,1.41421356,164.0,0.006097626291108327,1.41421356,142.0,0.007042306847893087,1.41421356,103.0,0.009708893758443082,1.41421356,276.0,0.0036233235670124486,1.41421356,25.0,0.04000097183140383,1.41421356,242.0,0.004132345381208324,1.41421356,381.0,0.0026248640392054767,1.41421356,111.0,0.009009080779264877,1.41421356,209.0,0.0047847804991647536,1.41421356,77.0,0.01298705476961004,1.41421356,170.0,0.005882428285730157,1.41421356,206.0,0.004854457051294503,1.41421356,146.0,0.006849370518750675,1.41421356,184.0,0.005434875649996229,1.41421356,137.0,0.007299323764328847,1.41421356,62.0,0.01612907344870962,1.41421356,257.0,0.003891178485105229,1.41421356,339.0,0.002950021977085271,1.41421356,86.0,0.011627954369416216,1.41421356,52.0,0.01923085417883641,1.41421356,228.0,0.004386069607136278,1.41421356,49.0,0.020408205710310767,1.41421356,221.0,0.004524989224421461,1.41421356,26.0,0.03846232670077043,1.41421356,287.0,0.003484458911486854,1.41421356,349.0,0.002865508757054158,1.41421356,106.0,0.009434000589550351,1.41421356,328.0,0.0030489477440482915,1.41421356,105.0,0.009523990489356038,1.41421356,101.0,0.00990103868268477,1.41421356,242.0,0.004132387884141053,1.41421356,116.0,0.008620736504312276,1.41421356,15.0,0.06666793966609497,1.41421356,126.0,0.007936571050734642,1.41421356,112.0,0.008928620020839162,1.41421356,204.0,0.004902049967000721,1.41421356,204.0,0.004902050581961248,1.41421356,78.0,0.012820549572836626,1.41421356,163.0,0.006135039317200608,1.41421356,115.0,0.008695770901411493,1.41421356,112.0,0.00892863499124985,1.41421356,265.0,0.0037737086480547077,1.41421356,22.0,0.04548271969620643,1.41421356,185.0,0.0054055630740776905,1.41421356,95.0,0.010526374213895906,1.41421356,45.0,0.022222281605934313,1.41421356,168.0,0.005952458499251634,1.41421356,238.0,0.004201791114780917,1.41421356,169.0,0.0059172311637780695,1.41421356,179.0,0.005586665452426587,1.41421356,223.0,0.004484407529645296,1.41421356,144.0,0.006944504089460679,1.41421356,119.0,0.008403415610530374,1.41421356,175.0,0.005714359392669621,1.41421356,136.0,0.007352992326758567,1.41421356,284.0,0.0035212614246233898,1.41421356,219.0,0.004566330218665371,1.41421356,73.0,0.013698711440270017,1.41421356,254.0,0.003937132159990142,1.41421356,259.0,0.003861122909029291,1.41421356,43.0,0.02325601006654665,1.41421356,286.0,0.003496643786036202,1.41421356,160.0,0.006250064576931891,1.41421356,185.0,0.005405492451899363,1.41421356,134.0,0.00746274126944968,1.41421356,235.0,0.004255425099046306,1.41421356,229.0,0.004366916310232227,1.41421356,175.0,0.005714358773957429,1.41421356,37.0,0.027027525161678057,1.41421356,236.0,0.0042373942848428214,1.41421356,195.0,0.005128292126613587,1.41421356,237.0,0.004219526996507739,1.41421356,119.0,0.008403402901961954,1.41421356,136.0,0.007353005076822683,1.41421356,193.0,0.005181435409980395,1.41421356,392.0,0.002551229636139851,1.41421356,60.0,0.01666671162352884,1.41421356,95.0,0.01052635800087387,1.41421356,94.0,0.010638332256988292,1.41421356,202.0,0.004950586919505895,1.41421356,201.0,0.004975223194406908,1.41421356,191.0,0.0052356854820629906,1.41421356,92.0,0.010869604212587092,1.41421356,75.0,0.013333405870852744,1.41421356,244.0,0.004098475204870056,1.41421356,33.0,0.030303118501507242,1.41421356,227.0,0.004405390155483246,1.41421356,240.0,0.004166779253324648,1.41421356,242.0,0.004132342658124344,1.41421356,255.0,0.003921690227230101,1.41421356,209.0,0.004784780320250093,1.41421356,122.0,0.008196763693277376,1.41421356,63.0,0.015873125154378442,1.41421356,389.0,0.002570894020777814,1.41421356,58.0,0.01724145275485256,1.41421356,208.0,0.004807783735856219,1.41421356,217.0,0.0046083914646146695,1.41421356,184.0,0.005434872229699295,1.41421356,275.0,0.0036364964794870502,1.41421356,174.0,0.00574721899485553,1.41421356,168.0,0.00595245345323292,1.41421356,236.0,0.004237402360388387,1.41421356,80.0,0.012500027747250897,1.41421356,132.0,0.007575807036630522,1.41421356,270.0,0.0037038299428218124,1.41421356,64.0,0.01562527109950196,1.41421356,132.0,0.00757581712784372,1.41421356,259.0,0.0038611445383480714,1.41421356,165.0,0.006060698268811393,1.41421356,325.0,0.0030770840376703745,1.41421356,109.0,0.009174447527982466,1.41421356,167.0,0.005988103204856543,1.41421356,256.0,0.003906372198827057,1.41421356,23.0,0.0434788311995824,1.41421356,187.0,0.005347687001034274,1.41421356,104.0,0.009615419011481663,1.41421356,242.0,0.004132343861385834,1.41421356,119.0,0.00840341996509153,1.41421356,345.0,0.002898721534620563,1.41421356,74.0,0.013513558415567672,1.41421356,173.0,0.005780417670933957,1.41421356,188.0,0.0053192290364449946,1.41421356,207.0,0.0048310093305872215,1.41421356,181.0,0.005524949380429689,1.41421356,82.0,0.01219516627389794,1.41421356,101.0,0.009901049600927081,1.41421356,22.0,0.045455032390783856,1.41421356,322.0,0.0031057504984914885,1.41421356,343.0,0.002915627658524045,1.41421356,155.0,0.006451788892348986,1.41421356,106.0,0.00943400367373215,1.41421356,171.0,0.005848025444265659,1.41421356,113.0,0.008849596452336073,1.41421356,354.0,0.0028250428241562986,1.41421356,238.0,0.004201791378505959,1.41421356,135.0,0.007407464833818267,1.41421356,281.0,0.0035588549441740724,1.41421356,78.0,0.012820569692337358,1.41421356,68.0,0.014706046202348944,1.41421356,156.0,0.006410328656926367,1.41421356,217.0,0.004608391239798948,1.41421356,312.0,0.0032052844950385406,1.41421356,260.0,0.003846276764079448,1.41421356,241.0,0.004149492817617784,1.41421356,358.0,0.002793478665296334,1.41421356,159.0,0.006289376934688562,1.41421356,110.0,0.009090953023431325,1.41421356,96.0,0.010416735798727927,1.41421356,258.0,0.0038760980540359924,1.41421356,176.0,0.005681908029373517,1.41421356,120.0,0.00833338460981281,1.41421356,104.0,0.009615424163001762,1.41421356,137.0,0.007299321344163445,1.41421356,177.0,0.005649790616587325,1.41421356,321.0,0.0031154275263247655,1.41421356,182.0,0.005494590799003163,1.41421356,258.0,0.003876112318550895,1.41421356,301.0,0.003322414770252635,1.41421356,24.0,0.04166689985188299,1.41421356,226.0,0.004424882614472381,1.41421356,62.0,0.016129261367673564,1.41421356,45.0,0.022222314957119238,1.41421356,319.0,0.0031349547455192806,1.41421356,163.0,0.0061350393550014815,1.41421356,152.0,0.00657905254479374,1.41421356,213.0,0.0046949342736297695,1.41421356,296.0,0.003378554790799626,1.41421356,131.0,0.0076336590585697195,1.41421356,45.0,0.022223264317780433,1.41421356,152.0,0.006579031769405219,1.41421356,349.0,0.0028655099460479505,1.41421356,118.0,0.008474627638079824,1.41421356,236.0,0.004237398744834309,1.41421356,90.0,0.011111176862655725,1.41421356,192.0,0.005208414907940551,1.41421356,302.0,0.0033114065128643233,1.41421356,286.0,0.0034966451437412616,1.41421356,99.0,0.010101366131792133,1.41421356,160.0,0.0062500653889117075,1.41421356,29.0,0.03448308842783021,1.41421356,213.0,0.004694941317552548,1.41421356,229.0,0.004366919407061687,1.41421356,133.0,0.007518861066927229,1.41421356,136.0,0.007352990425488315,1.41421356,270.0,0.003703844235133147,1.41421356,203.0,0.004926199875683324,1.41421356,48.0,0.020833559027025217,1.41421356,132.0,0.007575809698693092,1.41421356,237.0,0.004219519076428924,1.41421356,75.0,0.013333420496465465,1.41421356,271.0,0.0036901726921882982,1.41421356,319.0,0.003134965455217298,1.41421356,247.0,0.004048698902238357,1.41421356,124.0,0.008064585276443381,1.41421356,101.0,0.009901190193517095,1.41421356,119.0,0.008403405712556378,1.41421356,120.0,0.00833337850225746,1.41421356,287.0,0.003484463145355221,1.41421356,187.0,0.005347688148646057,1.41421356,375.0,0.002666855493316689,1.41421356,260.0,0.003846281228618409,1.41421356,187.0,0.005347680987995318,1.41421356,59.0,0.016949298093116738,1.41421356,84.0,0.011904820110117953,1.41421356,168.0,0.005952451602325937,1.41421356,54.0,0.018518577638793943,1.41421356,215.0,0.004651262018910529,1.41421356,234.0,0.004273609690386593,1.41421356,130.0,0.007692379875493316,1.41421356,83.0,0.012048313788909581,1.41421356,76.0,0.013157945391228054,1.41421356,325.0,0.003077087800136269,1.41421356,300.0,0.0033334903484956158,1.41421356,153.0,0.006536012543620018,1.41421356,111.0,0.009009057518639452,1.41421356,132.0,0.0075758180737750536,1.41421356,212.0,0.004717079766095367,1.41421356,152.0,0.006579051536220959,1.41421356,125.0,0.008000049184602176,1.41421356,87.0,0.011494461830764635,1.41421356,66.0,0.015151564854292587,1.41421356,38.0,0.02631971543175382,1.41421356,202.0,0.004950592090381178,1.41421356,169.0,0.005917232653530391,1.41421356,151.0,0.006622581058650212,1.41421356,212.0,0.004717076041544033,1.41421356,101.0,0.009901033580604235,1.41421356,195.0,0.005128293989628219,1.41421356,122.0,0.008196772428746613,1.41421356,27.0,0.037037587691699514,1.41421356,278.0,0.0035972564222106485,1.41421356,243.0,0.0041153399919835465,1.41421356,187.0,0.005347691387470377,1.41421356,52.0,0.019231057908385196,1.41421356,107.0,0.009345830122668985,1.41421356,65.0,0.01538467750604866,1.41421356,226.0,0.004424897302271802,1.41421356,99.0,0.010101057661330515,1.41421356,245.0,0.004081747366626587,1.41421356,246.0,0.0040651558308582025,1.41421356,44.0,0.02272770231461152,1.41421356,132.0,0.007575830265665218,1.41421356,293.0,0.0034131123893530457,1.41421356,86.0,0.011628004311717177,1.41421356,206.0,0.0048544630002709255,1.41421356,35.0,0.028571523537458177,1.41421356,106.0,0.009434017186634946,1.41421356,141.0,0.007092264639624091,1.41421356,140.0,0.007142909529306962,1.41421356,120.0,0.008333396386490222,1.41421356,66.0,0.015151555735329225,1.41421356,213.0,0.004694932111107164,1.41421356,173.0,0.005780418290072475,1.41421356,221.0,0.004524987891244336,1.41421356,142.0,0.007042356439797004,1.41421356,180.0,0.00555567681010416,1.41421356,241.0,0.004149488283928804,1.41421356,197.0,0.00507625879419038,1.41421356,39.0,0.02564121307580791,1.41421356,145.0,0.006896660027791768,1.41421356,69.0,0.014492915608627754,1.41421356,119.0,0.008403434926265163,1.41421356,187.0,0.005347673832943656,1.41421356,157.0,0.0063694961050089205,1.41421356,235.0,0.004255428073690837,1.41421356,209.0,0.004784782633691975,1.41421356,304.0,0.0032896226426828434,1.41421356,68.0,0.014705908987281191,1.41421356,183.0,0.005464570229094079,1.41421356,268.0,0.003731468018600026,1.41421356,245.0,0.004081745356444344,1.41421356,363.0,0.0027550042992174895,1.41421356,22.0,0.04545600217164747,1.41421356,22.0,0.04548437468464783,1.41421356,98.0,0.010204150566622161,1.41421356,168.0,0.005952453514765921,1.41421356,105.0,0.009524073097225028,1.41421356,132.0,0.0075758264754028914,1.41421356,123.0,0.008130155788649063,1.41421356,135.0,0.007407459154563867,1.41421356,136.0,0.007353005569484594,1.41421356,184.0,0.0054348614613957125,1.41421356,163.0,0.006135035334324357,1.41421356,150.0,0.006666732192201152,1.41421356,269.0,0.0037176005285459723,1.41421356,340.0,0.00294136669629097,1.41421356,107.0,0.009345922129568862,1.41421356,77.0,0.012987037780476385,1.41421356,85.0,0.011764828034927177,1.41421356,147.0,0.006802776262247789,1.41421356,280.0,0.0035715652716135082,1.41421356,254.0,0.00393713551383712,1.41421356,211.0,0.004739427040220789,1.41421356,76.0,0.013157927628213884,1.41421356,262.0,0.0038169198437003615,1.41421356,101.0,0.009901132458139728,1.41421356,125.0,0.008000050393476954,1.41421356,38.0,0.02631593149234135,1.41421356,101.0,0.009901045313938539,1.41421356,133.0,0.0075188545347089075,1.41421356,174.0,0.005747201656731704,1.41421356,73.0,0.013698661126696265,1.41421356,57.0,0.017544075038387064,1.41421356,187.0,0.005347686294413734,1.41421356,187.0,0.005347703656639169,1.41421356,202.0,0.00495058544748872,1.41421356,116.0,0.008620737760367092,1.41421356,137.0,0.007299367125511935,1.41421356,65.0,0.015384654911770212,1.41421356,135.0,0.007407468726313482,1.41421356,82.0,0.01219517439575668,1.41421356,105.0,0.00952393094352999,1.41421356,239.0,0.004184213174880824,1.41421356,112.0,0.008928631505256135,1.41421356,91.0,0.010989078684133347,1.41421356,37.0,0.02702721141891118,1.41421356,243.0,0.004115345717764285,1.41421356,111.0,0.009009051112869315,1.41421356,302.0,0.003311410561025241,1.41421356,113.0,0.008849610398996788,1.41421356,157.0,0.0063694983363404845,1.41421356,187.0,0.00534767141419934,1.41421356,62.0,0.016129300816523084,1.41421356,125.0,0.008000045886561225,1.41421356,284.0,0.0035212634119261566,1.41421356,262.0,0.003816926713625435,1.41421356,122.0,0.008196765337402212,1.41421356,124.0,0.008064566305819199,1.41421356,94.0,0.010638336029941797,1.41421356,220.0,0.0045455537596126305,1.41421356,177.0,0.00564980316181618,1.41421356,120.0,0.00833338431932873,1.41421356,287.0,0.0034844615173028615,1.41421356,97.0,0.010309375039284419,1.41421356,357.0,0.0028013072538328743,1.41421356,446.0,0.0022423864941742977,1.41421356,64.0,0.015625040679829283,1.41421356,315.0,0.003174759520106818,1.41421356,58.0,0.01724190879173193,1.41421356,81.0,0.012345707421800967,1.41421356,74.0,0.013513561262740836,1.41421356,195.0,0.005128290824956139,1.41421356,368.0,0.00271758680480616,1.41421356,65.0,0.015384689467111912,1.41421356,158.0,0.006329180289014857,1.41421356,292.0,0.003424809376497251,1.41421356,269.0,0.003717598410730716,1.41421356,357.0,0.0028013126058112903,1.41421356,177.0,0.005649824429042383,1.41421356,170.0,0.005882427670258039,1.41421356,175.0,0.0057143696076309425,1.41421356,155.0,0.006451757407916148,1.41421356,80.0,0.01250010177029992,1.41421356,332.0,0.003012215231137816,1.41421356,177.0,0.005649797796053235,1.41421356,54.0,0.018519037566591123,1.41421356,112.0,0.008928661066804011,1.41421356,77.0,0.012987152680082659,1.41421356,69.0,0.014492853758028446,1.41421356,97.0,0.010309386096480466,1.41421356,116.0,0.008620737045703208,1.41421356,364.0,0.0027474390867610055,1.41421356,92.0,0.010869624263889932,1.41421356,104.0,0.009615460318357805,1.41421356,158.0,0.006329180435216131,1.41421356,174.0,0.00574720883878399,1.41421356,155.0,0.00645167963421045,1.41421356,103.0,0.00970880283267661,1.41421356,184.0,0.005434866073613875,1.41421356,14.0,0.07143047145437187,1.41421356,152.0,0.006579013396475375,1.41421356,202.0,0.004950591198621623,1.41421356,216.0,0.004629726712465754,1.41421356,100.0,0.010000047110295895,1.41421356,215.0,0.004651264049243764,1.41421356,52.0,0.019231626643346544,1.41421356,76.0,0.013158088512824406,1.41421356,247.0,0.004048703948541288,1.41421356,275.0,0.003636495467617351,1.41421356,146.0,0.006849386596229579,1.41421356,189.0,0.005291096148539509,1.41421356,407.0,0.002457217137759926,1.41421356,158.0,0.006329195634634743,1.41421356,275.0,0.003636495845000809,1.41421356,121.0,0.00826450849113769,1.41421356,231.0,0.004329115995858501,1.41421356,64.0,0.015625142567110117,1.41421356,169.0,0.005917292002010299,1.41421356,188.0,0.00531923079711305,1.41421356,121.0,0.008264506933599591,1.41421356,135.0,0.007407458592183502,1.41421356,139.0,0.007194303818948811,1.41421356,136.0,0.007353004667578489,1.41421356,262.0,0.003816921800819273,1.41421356,117.0,0.00854715176301113,1.41421356,207.0,0.004831011355207693,1.41421356,276.0,0.0036233261025699903,1.41421356,187.0,0.005347682749004434,1.41421356,236.0,0.004237399787882623,1.41421356,69.0,0.01449285041320536,1.41421356,309.0,0.0032363969285142957,1.41421356,245.0,0.004081757937854036,1.41421356,160.0,0.006250073235378295,1.41421356,286.0,0.0034966405000318446,1.41421356,138.0,0.007246457368950132,1.41421356,159.0,0.006289374429542249,1.41421356,88.0,0.011363690442649954,1.41421356,279.0,0.0035843732660509886,1.41421356,168.0,0.00595245389965271,1.41421356,128.0,0.007812692413153854,1.41421356,86.0,0.011627973606991304,1.41421356,147.0,0.006802785760186225,1.41421356,148.0,0.006756844816749208,1.41421356,51.0,0.019607981315068912,1.41421356,291.0,0.0034365673971592514,1.41421356,173.0,0.005780448823969664,1.41421356,139.0,0.007194300734084891,1.41421356,187.0,0.0053476802850696,1.41421356,168.0,0.005952460739450771,1.41421356,172.0,0.005814030360028255,1.41421356,107.0,0.009345842681142358,1.41421356,304.0,0.0032896233639689854,1.41421356,266.0,0.0037595323606751663,1.41421356,245.0,0.004081747804832503,1.41421356,103.0,0.009708808132714353,1.41421356,120.0,0.008333376673931525,1.41421356,201.0,0.0049752118194987816,1.41421356,250.0,0.00400011783113996,1.41421356,236.0,0.004237419785113161,1.41421356,87.0,0.011494302619340147,1.41421356,186.0,0.005376429112345704,1.41421356,193.0,0.005181473703743222,1.41421356,156.0,0.006410335300188308,1.41421356,280.0,0.003571567790515928,1.41421356,117.0,0.008547083585426662,1.41421356,120.0,0.008333376512922541,1.41421356,49.0,0.020408302132508993,1.41421356,160.0,0.006250063565886421,1.41421356,279.0,0.003584365059737138,1.41421356,44.0,0.02272760424351361,1.41421356,90.0,0.011111274536403926,1.41421356,173.0,0.0057804183333018955,1.41421356,65.0,0.01538471990325263,1.41421356,127.0,0.007874070775812925,1.41421356,137.0,0.007299323627449894,1.41421356,188.0,0.005319229731924224,1.41421356,280.0,0.0035715605062023315,1.41421356,287.0,0.0034844679164507397,1.41421356,127.0,0.007874101164631497,1.41421356,159.0,0.006289373424124278,1.41421356,157.0,0.006369506956872328,1.41421356,78.0,0.012820540690668736,1.41421356,164.0,0.006097640168547969,1.41421356,291.0,0.0034365708524433103,1.41421356,187.0,0.005347675697208842,1.41421356,159.0,0.006289373994206926,1.41421356,223.0,0.004484408648096405,1.41421356,163.0,0.006135042004984825,1.41421356,97.0,0.01030933970002934,1.41421356,37.0,0.02702737304535674,1.41421356,110.0,0.009091008369026099,1.41421356,111.0,0.009009127653143878,1.41421356,248.0,0.004032384974635761,1.41421356,51.0,0.019608168746998444,1.41421356,113.0,0.008849604162435298,1.41421356,129.0,0.007751990467141923,1.41421356,135.0,0.007407492404951199,1.41421356,54.0,0.0185188671643175,1.41421356,256.0,0.00390637162826124,1.41421356,290.0,0.0034484202382145668,1.41421356,107.0,0.009345876907715933,1.41421356,113.0,0.008849598219981658,1.41421356,175.0,0.0057143580841909625,1.41421356,178.0,0.005618059388410757,1.41421356,48.0,0.020833534798271103,1.41421356,123.0,0.008130135691516216,1.41421356,113.0,0.008849609117078217,1.41421356,113.0,0.008849641033137345,1.41421356,173.0,0.005780437813655226,1.41421356,177.0,0.005649789566291474,1.41421356,116.0,0.00862079747346911,1.41421356,178.0,0.005618054291460339,1.41421356,116.0,0.008620729408690408,1.41421356,281.0,0.0035588559860002533,1.41421356,103.0,0.009708778500495896,1.41421356,280.0,0.0035715641033107204,1.41421356,192.0,0.005208426546374767,1.41421356,297.0,0.0033671440374973827,1.41421356,124.0,0.008064573646720419,1.41421356,322.0,0.003105751178736682,1.41421356,90.0,0.011111174791665235,1.41421356,135.0,0.0074074726534831825,1.41421356,221.0,0.0045249882794564655,1.41421356,198.0,0.0050505901402289055,1.41421356,50.0,0.02000007647161084,1.41421356,64.0,0.01562505659099145,1.41421356,159.0,0.006289372066589749,1.41421356,82.0,0.012195286416613271,1.41421356,216.0,0.0046297481665646956,1.41421356,42.0,0.023810238143539664,1.41421356,379.0,0.002638723893255701,1.41421356,123.0,0.008130132267297085,1.41421356,249.0,0.004016185041081144,1.41421356,181.0,0.005524939403017015,1.41421356,146.0,0.0068493717833177925,1.41421356,100.0,0.010000049276584377,1.41421356,50.0,0.020000231972993276,1.41421356,161.0,0.006211248215322485,1.41421356,62.0,0.016129079695240023,1.41421356,62.0,0.016129076864530134,1.41421356,221.0,0.004524988245918848,1.41421356,74.0,0.013513542924115995,1.41421356,260.0,0.0038462783175532422,1.41421356,48.0,0.02083338757827846,1.41421356,324.0,0.0030865831574828917,1.41421356,165.0,0.006060683072576012,1.41421356,184.0,0.005434873209537727,1.41421356,127.0,0.007874061324670834,1.41421356,344.0,0.002907149278428278,1.41421356,296.0,0.003378525704818003,1.41421356,119.0,0.008403415145224358,1.41421356,169.0,0.0059172461873799875,1.41421356,117.0,0.008547053514718073,1.41421356,94.0,0.010638381057944457,1.41421356,124.0,0.008064571148977961,1.41421356,231.0,0.004329117532364535,1.41421356,19.0,0.052632419952129084,1.41421356,270.0,0.003703831077984887,1.41421356,49.0,0.020408418417588337,1.41421356,148.0,0.006756836134854893,1.41421356,61.0,0.016393476067293022,1.41421356,40.0,0.025001742643247837,1.41421356,193.0,0.0051814310988902434,1.41421356,190.0,0.005263241923074702,1.41421356,192.0,0.005208420330006902,1.41421356,78.0,0.012820579506808372,1.41421356,208.0,0.004807784508102486,1.41421356,105.0,0.009523850074074858,1.41421356,119.0,0.00840354212671457,1.41421356,252.0,0.0039683721913092995,1.41421356,20.0,0.05000153885790226,1.41421356,211.0,0.004739475046051211,1.41421356,115.0,0.008695714717816827,1.41421356,278.0,0.003597259502328143,1.41421356,81.0,0.012345723481701043,1.41421356,169.0,0.005917249416540926,1.41421356,116.0,0.008620747265069895,1.41421356,179.0,0.005586666047122435,1.41421356,209.0,0.004784794180920926,1.41421356,65.0,0.015384901308394205,1.41421356,148.0,0.006756821632023957,1.41421356,55.0,0.018181858886883617,1.41421356,215.0,0.004651265655070347,1.41421356,232.0,0.004310455000506863,1.41421356,99.0,0.010101044012969851,1.41421356,276.0,0.003623326873480437,1.41421356,108.0,0.009259303563936783,1.41421356,225.0,0.004444549747120163,1.41421356,120.0,0.008333415731911487,1.41421356,268.0,0.00373147070848745,1.41421356,184.0,0.005434895290250097,1.41421356,345.0,0.002898721507051505,1.41421356,167.0,0.005988094569346458,1.41421356,241.0,0.004149493816981931,1.41421356,248.0,0.004032377037958668,1.41421356,273.0,0.0036631392250114914,1.41421356,146.0,0.006849373736031339,1.41421356,39.0,0.025642042641365492,1.41421356,220.0,0.004545552884707149,1.41421356,203.0,0.004926204688274538,1.41421356,215.0,0.004651257454668212,1.41421356,161.0,0.006211280517959494,1.41421356,220.0,0.004545551580861229,1.41421356,142.0,0.007042308104956874,1.41421356,218.0,0.004587259118295606,1.41421356,281.0,0.003558855276310169,1.41421356,98.0,0.010204112027608403,1.41421356,39.0,0.02564110278036935,1.41421356,210.0,0.004761999886113699,1.41421356,56.0,0.017857187983707945,1.41421356,143.0,0.006993065425945133,1.41421356,156.0,0.006410318942613458,1.41421356,262.0,0.0038169230986682123,1.41421356,196.0,0.005102132024404682,1.41421356,142.0,0.007042320422101511,1.41421356,146.0,0.00684937376249195,1.41421356,178.0,0.005618052092188464,1.41421356,149.0,0.006711470448209411,1.41421356,103.0,0.00970881501351073,1.41421356,261.0,0.0038315447489480903,1.41421356,196.0,0.005102132554782202,1.41421356,194.0,0.005154723041783882,1.41421356,144.0,0.006944517068546929,1.41421356,294.0,0.0034015064438790432,1.41421356,192.0,0.005208416301542229,1.41421356,76.0,0.013158024501763066,1.41421356,21.0,0.04762315063399214,1.41421356,105.0,0.009523848613625319,1.41421356,333.0,0.0030031743574454595,1.41421356,142.0,0.007042330830586252,1.41421356,131.0,0.007633635368506475,1.41421356,45.0,0.02222230447691942,1.41421356,168.0,0.005952489833475738,1.41421356,93.0,0.010752731720458542,1.41421356,153.0,0.006536011355649407,1.41421356,214.0,0.004673032158962087,1.41421356,27.0,0.037037342222625114,1.41421356,231.0,0.004329113167045762,1.41421356,85.0,0.011764778077832716,1.41421356,436.0,0.0022938112834935964,1.41421356,170.0,0.005882422958592315,1.41421356,97.0,0.010309335116133411,1.41421356,405.0,0.002469344983865085,1.41421356,220.0,0.004545557218420981,1.41421356,174.0,0.005747203718271976,1.41421356,249.0,0.0040161797566327095,1.41421356,267.0,0.0037454497813769194,1.41421356,144.0,0.006944506891443325,1.41421356,302.0,0.003311410945229909,1.41421356,175.0,0.005714396415896772,1.41421356,182.0,0.005494582768534428,1.41421356,147.0,0.006802794725842887,1.41421356,265.0,0.003773713243617749,1.41421356,92.0,0.010869636281697126,1.41421356,93.0,0.010752736234962867,1.41421356]
WARNING: For the MIP-solver-driven algorithm, optimality tolerance must be specified as MIP solver option, not Pajarito option
WARNING: When using primal cuts, primal cut zero tolerance should be at least 1e-5 to avoid numerical issues
WARNING: For the MIP-solver-driven algorithm, optimality tolerance must be specified as MIP solver option, not Pajarito option
WARNING: When using primal cuts, primal cut zero tolerance should be at least 1e-5 to avoid numerical issues
WARNING: Not solved to optimality, status: UserLimit
