WARNING: Method definition require(Symbol) in module Base at loading.jl:345 overwritten in module ConicBenchmarkUtilities at /home/ubuntu/.julia/v0.5/Requires/src/require.jl:12.
#SOLVERNAME# PAJ_NEW_MSD_CPLEX_tols_MOSEK
#SOLVER# Pajarito.PajaritoSolver(2,3600.0,1.0e-5,true,CPLEX.CplexSolver(Any[(:CPX_PARAM_THREADS,1),(:CPX_PARAM_TILIM,3600.0),(:CPX_PARAM_EPINT,1.0e-8),(:CPX_PARAM_EPRHS,1.0e-8),(:CPX_PARAM_SCRIND,0),(:CPX_PARAM_EPGAP,1.0e-5)]),CPLEX.CplexSolver(Any[]),0,false,true,Mosek.MosekMathProgSolverInterface.MosekSolver(Any[(:LOG,0),(:NUM_THREADS,1),(:OPTIMIZER_MAX_TIME,120.0)]),true,false,false,true,false,true,false,true,true,true,true,false,false,true,false,false,false,true,1.0e-8,1.0e-6,1.0e-6,0.01,1.0e-6)
#INSTANCE# shortfall_200_0.cbf.gz
#TIMELIMIT# 3600.0

Transforming original data......Done     0.01s

Creating conic model data......Done     0.01s

Creating MIP model......Done     0.05s

Cone types summary:
Cone       | Count    | Min dim  | Max dim 
       SOC |        2 |      201 |      201

Solving conic relaxation......Done     0.13s
 - Relaxation status    =        Optimal
 - Relaxation objective =      -1.148459

Creating conic subproblem model......Done

Starting MIP-solver-driven outer approximation algorithm

Pajarito MICP solve summary:
 - Total time (s)       =       3.60e+03
 - Status               =      UserLimit
 - Best feasible obj.   =  -1.129615e+00
 - Final OA obj. bound  =  -1.142461e+00
 - Relative opt. gap    =      1.137e-02
 - Conic solve count    =             26
 - Feas. solution count =             18
 - Integer repeat count =             32

Timers (s):
 - Setup                =       3.01e-01
 -- Transform data      =       1.15e-02
 -- Create conic data   =       6.38e-03
 -- Create MIP data     =       4.96e-02
 -- Load/solve relax    =       1.32e-01
 - MIP-driven algorithm =       3.60e+03
 -- Solve conic model   =       3.94e-01

#STATUS# UserLimit
#OBJVAL# -1.129615151736207
#OBJBOUND# -1.142461324897178
#TIMESOLVER# 3600.0113961696625
#TIMEALL# 3600.0116691589355
#SOLUTION# [0.0,0.0,0.0,0.0,0.0,0.0,0.0,0.0,0.0,0.0,0.08936064106581013,0.0,0.0,0.0,0.0,0.0,0.0,0.0,0.0,0.06628677027908088,0.11856675167039031,0.0,0.0,0.0,0.0,0.06390567070502066,0.0,0.0,0.0,0.0,0.0,0.0,0.0,0.0,0.0,0.0,0.0,0.0,0.0,0.0,0.0,0.0,0.0,0.0,0.0,0.0,0.0,0.0,0.0,0.0,0.0,0.06399357779342472,0.0,0.0,0.0,0.0,0.0,0.0,0.0,0.0,0.0,0.0,0.0,0.0,0.0,0.0,0.0,0.0,0.0,0.0,0.0,0.0,0.0,0.0,0.0,0.0,0.0,0.0,0.0,0.0,0.0,0.0,0.0,0.0,0.0,0.0,0.0,0.0,0.0,0.0,0.0,0.0,0.0,0.04040717137680938,0.0,0.0,0.0,0.0,0.0,0.0,0.0,0.14709874354475103,0.0,0.0,0.0,0.0,0.0,0.0,0.0,0.08371012072011631,0.0,0.0,0.0,0.0,0.0,0.0,0.0,0.0,0.0,0.0,0.0,0.0,0.0,0.0,0.0,0.0,0.0,0.0,0.0,0.0,0.0,0.0,0.0,0.0,0.0,0.0,0.0,0.0,0.0,0.0,0.0,0.0,0.0,0.0,0.0,0.0,0.0,0.0,0.0,0.0,0.0,0.0,0.0,0.0,0.0,0.0,0.0,0.0,0.0,0.0,0.0,0.0,0.28575143680186676,0.04091911604272974,0.0,0.0,0.0,0.0,0.0,0.0,0.0,0.0,0.0,0.0,0.0,0.0,0.0,0.0,0.0,0.0,0.0,0.0,0.0,0.0,0.0,0.0,0.0,0.0,0.0,0.0,0.0,0.0,0.0,0.0,0.0,0.0,0.0,0.0,0.0,0.0,0.0,0.0,0.0,0.0,0.0,0.0,0.0,0.0,0.0,0.0,0.0,0.0,1.0,0.0,0.0,0.0,0.0,0.0,0.0,0.0,0.0,1.0,1.0,0.0,0.0,0.0,0.0,1.0,0.0,0.0,0.0,0.0,0.0,0.0,0.0,0.0,0.0,0.0,0.0,0.0,0.0,0.0,0.0,0.0,0.0,0.0,0.0,0.0,0.0,0.0,0.0,0.0,0.0,1.0,0.0,0.0,0.0,0.0,0.0,0.0,0.0,0.0,0.0,0.0,0.0,0.0,0.0,0.0,0.0,0.0,0.0,0.0,0.0,0.0,0.0,0.0,0.0,0.0,0.0,0.0,0.0,0.0,0.0,0.0,0.0,0.0,0.0,0.0,0.0,0.0,0.0,0.0,0.0,0.0,0.0,1.0,0.0,0.0,0.0,0.0,0.0,0.0,0.0,1.0,0.0,0.0,0.0,0.0,0.0,0.0,0.0,1.0,0.0,0.0,0.0,0.0,0.0,0.0,0.0,0.0,0.0,0.0,0.0,0.0,0.0,0.0,0.0,0.0,0.0,0.0,0.0,0.0,0.0,0.0,0.0,0.0,0.0,0.0,0.0,0.0,0.0,0.0,0.0,0.0,0.0,0.0,0.0,0.0,0.0,0.0,0.0,0.0,0.0,0.0,0.0,0.0,0.0,0.0,0.0,0.0,0.0,0.0,0.0,0.0,1.0,1.0,0.0,0.0,0.0,0.0,0.0,0.0,0.0,0.0,0.0,0.0,0.0,0.0,0.0,0.0,0.0,0.0,0.0,0.0,0.0,0.0,0.0,0.0,0.0,0.0,0.0,0.0,0.0,0.0,0.0,0.0,0.0,0.0,0.0,0.0,0.0,0.0,0.0,0.008318536216791546,0.0038990274883407994,0.008716166974191655,0.006544818035211028,0.012143527235268344,0.010765843213522296,0.019250424063506518,-0.00032208570844484137,0.008179148820907707,0.00759318091609753,0.052487958182377156,0.011068636833571656,0.00241829828541774,0.010512438855800329,0.007828477007544072,0.005167259679995959,0.00541943819704111,0.004630138814119752,0.010226317337560707,0.054881929556646926,0.03614970137370417,0.010402932229484716,0.009669723598055383,0.006610743157907845,0.0056671326032646935,0.04827249914336285,0.006188616216724212,0.008535813118792002,0.0016117143653770261,0.013506877358061279,0.00864017582063975,0.01163166108111159,0.006539097622699283,0.006837405526283048,0.01484394631507051,0.014401623262256247,0.006249808241623705,0.002277596788172074,0.0025691097693305385,0.0052371238330853765,0.004048417604298924,0.005007427179024886,0.008979598727071986,0.008875085800643613,0.002081913577412272,0.01125760851083669,0.008222522457704622,0.0030281394116136546,0.0006011028586151122,0.00943578948077807,0.004924805846536412,0.07037277541875447,0.0013052818008962882,0.003239606254790497,0.005617565461957786,0.0022649018453810886,0.0044478996069429065,0.003146432743575572,0.017999937481791146,0.007029866561869956,0.00440363110667094,0.00457712482327102,0.005525670800033155,0.004974124682940073,0.014157201682013898,0.005889787356455468,0.0027679897853810816,0.002926991213653766,0.009064601333212042,0.008607328094691143,0.007098428094400945,0.00981536684987602,0.004251993636118593,0.006055774454192731,0.010073102802566975,0.002907366654660873,0.01093725887446282,0.0057776397824799465,0.0031844534495996304,0.006003523224559108,0.008246593555211953,0.006020657666842542,-0.0015978874474014367,0.0034457562473584865,0.014377628269294587,0.009940538501026115,0.002683707406378722,0.01533263340992791,0.004707429356657246,0.002368774591789814,0.01127263742676393,0.005273354393023273,0.0025877789272072686,0.04316430362098694,0.007088161624478408,0.008202105983392842,0.0010792216631338304,0.015366134697514956,0.009586122104724317,0.0036160831646356324,0.012876351207439254,0.03795846219426515,0.004528894005246476,0.006212873735054444,0.015566390531021093,0.0021012975695930674,0.0018525130905950142,0.0007290960883032374,0.007887295946408052,0.04243017722332612,-0.0038568345391612737,0.008230301085629972,0.025293271844869413,0.004255535288381967,0.00040929909713703367,0.0008727525063981483,0.003582964357731074,0.0162489553971948,0.0019289643686079799,0.00841875282928994,0.0050147870041571665,0.013958872341613558,0.0071047047793431125,0.005852907729240749,0.010844443399928488,0.009306023496137239,0.008790534319359408,0.0041900339376291,0.014624851898156509,0.006303882084275222,0.00812973812666068,0.014533990448619203,0.005212039028592305,0.010434599850058637,0.011696246676083183,0.01234866294650289,-0.004660638745598934,0.007727594500584216,0.00943993065423493,0.011275345535807479,0.01979952033159832,0.018243686308507742,0.0017400128801291826,0.007887524477058663,0.0031639655118832193,0.006403931529143599,0.006423626829007082,0.00433527515710736,0.015949895850206394,0.0016795984248759036,0.01057733466491691,0.007438784506982583,0.004923771374522777,0.008683855383491002,0.0004531330405234199,0.0067321094453379,0.005017658626753839,0.002820158970468919,0.018619783971344086,0.009172940025626748,0.010232048449489755,0.002858752211128706,0.037109953139912506,0.035953929125379265,0.009691024520052802,0.007844807822367794,0.017787012860479956,-0.0004742237844630897,0.01592664000570973,0.007147032719384315,0.00038400348859594826,0.020802635161903404,0.006680084361579358,0.002640378096102656,0.008617407066673313,0.0010278140650638317,0.0011334649015598665,0.003310111522640592,0.0024693440936749585,0.002282109362411266,9.722762648817218e-5,0.002268181961414253,0.0022627211176649256,0.012435713114851227,0.004947744129725982,0.007708406776870248,0.00806723616488169,0.003435998942305417,0.0055712473758933725,0.011467069605447635,0.006681867444526322,0.019579236684539616,0.005730728029567081,0.011506831211184202,0.0036010297527240176,0.02310193572596429,0.008083562227542114,0.00415288062896175,0.008467881435605085,0.0047045945123125035,0.22961515173620695,0.018589626127650544,0.008713247304661473,0.01947822081838492,0.014625856902863088,0.027137422413200673,0.02405867992547783,0.04301936985222855,-0.0007197724148826854,0.01827813387602611,0.01696865778680319,0.11729605947312766,0.024735339862257705,0.0054042273567684864,0.023492391320559643,0.017494479428411133,0.011547395245056399,0.012110944435337199,0.01034707876848166,0.022852988916995626,0.1226459229164268,0.08078457743645777,0.023247674318835367,0.021609155957356782,0.014773181306029075,0.012664472878996857,0.10787567523130408,0.013829844424334362,0.019075179868008066,0.0036017355332833355,0.03018413260394894,0.01930840162222788,0.025993543227585653,0.014613073364134902,0.015279708966123576,0.03317211166299487,0.03218364206147298,0.013966591663900307,0.005089798452303517,0.0057412492832987615,0.011703522290946467,0.009047092867204332,0.011190213842142974,0.020066917876205237,0.019833360411625315,0.0046525006353943426,0.02515763925935379,0.01837506194976869,0.006767053488409694,0.0013432985220838338,0.021086377951064095,0.011005578031093824,0.15726367602500288,0.002916943562848035,0.0072396233553433135,0.012553704036847435,0.005061428768738311,0.009939824578690588,0.0070314063453615,0.04022487843860614,0.015709806113321092,0.00984089673275221,0.010228607171588995,0.01234834490108298,0.011115791980507685,0.031637427478063085,0.013162044628339717,0.006185691075254616,0.006541015260702691,0.02025687517480182,0.019234996045980515,0.015863022162788634,0.021934628315569957,0.009502028954690397,0.01353297985162102,0.022510596836390673,0.006497159802832419,0.024441746485057966,0.012911425839529263,0.0071163721003545555,0.013416212814935167,0.01842885419055261,0.013454503551148054,-0.003570836198476683,0.00770031153270816,0.03213001989328524,0.022214352312198593,0.005997343284973906,0.03426419206633187,0.010519801739390263,0.005293555608156603,0.02519122472690595,0.011784487564894672,0.005782969684100276,0.09646027203137304,0.01584007944395726,0.01832943678033869,0.0024117617214939654,0.03433905817195529,0.021422329758103043,0.008080945051531483,0.02877508116769867,0.08482665726063378,0.010120824642122193,0.013884053264061896,0.034786574535140086,0.004695818493021152,0.004139854038409439,0.0016293279658181467,0.01762592347748549,0.09481970271637646,-0.008618957740965522,0.018392445030295086,0.056523462167783194,0.009509943567277829,0.0009146702006061676,0.0019503603005492595,0.008006933684374582,0.03631191809792063,0.004310701485388571,0.018813582519685436,0.011206661014338691,0.031194216293775143,0.015877048816439605,0.013079628868669764,0.024234329587963593,0.02079638689065504,0.01964441125222394,0.00936356617711948,0.03268249627983829,0.01408743173623758,0.018167714649755813,0.03247944608779788,0.011647464695612559,0.023318442686187504,0.02613787415702614,0.027595843952507297,-0.010415237673887679,0.01726903494655409,0.02109563232758986,0.025197276601096427,0.044246448038329333,0.040769589604083445,0.003888447204642191,0.017626434180239244,0.007070587229994075,0.014311014554886333,0.014355028099023434,0.009688140104317667,0.03564360278095457,0.0037534376180280056,0.023637415492756303,0.01662362454464388,0.01100326627245363,0.019406013356030823,0.0010126269321773496,0.015044401367951932,0.011213078296064785,0.006302274765088108,0.04161006378817095,0.020498982167505973,0.022865796365960298,0.006388519976531902,0.08293047436555892,0.08034708064523352,0.021656757622576073,0.01753097427967111,0.039749050841010464,-0.0010597589076084672,0.03559163240501224,0.015971640047350102,0.0008581415165690714,0.046488132052499055,0.014928139704706581,0.0059005142687372425,0.01925751975880891,0.002296879967861315,0.0025329803465036875,0.007397183115282532,0.005518300610301964,0.005099882806785345,0.0002172768355621778,0.005068758920236437,0.005056555445851544,0.02779037698593669,0.01105683874540598,0.01722615569462952,0.018028040063814744,0.0076785066564387106,0.012450195933925703,0.025625726833372546,0.014932124401590093,0.04375417505494194,0.012806591055510103,0.02571458301739522,0.00804730484223401,0.05162643243697148,0.018064524295305046,0.009280538815149566,0.018923371357501405,0.010513466646878147,0.429615151736207]
WARNING: For the MIP-solver-driven algorithm, optimality tolerance must be specified as MIP solver option, not Pajarito option
WARNING: When using primal cuts, primal cut zero tolerance should be at least 1e-5 to avoid numerical issues
WARNING: For the MIP-solver-driven algorithm, optimality tolerance must be specified as MIP solver option, not Pajarito option
WARNING: When using primal cuts, primal cut zero tolerance should be at least 1e-5 to avoid numerical issues
WARNING: Not solved to optimality, status: UserLimit
