WARNING: Method definition require(Symbol) in module Base at loading.jl:345 overwritten in module ConicBenchmarkUtilities at /home/ubuntu/.julia/v0.5/Requires/src/require.jl:12.
#SOLVERNAME# PAJ_NEW_MSD_CPLEX_tols_MOSEK
#SOLVER# Pajarito.PajaritoSolver(2,3600.0,1.0e-5,true,CPLEX.CplexSolver(Any[(:CPX_PARAM_THREADS,1),(:CPX_PARAM_TILIM,3600.0),(:CPX_PARAM_EPINT,1.0e-8),(:CPX_PARAM_EPRHS,1.0e-8),(:CPX_PARAM_SCRIND,0),(:CPX_PARAM_EPGAP,1.0e-5)]),CPLEX.CplexSolver(Any[]),0,false,true,Mosek.MosekMathProgSolverInterface.MosekSolver(Any[(:LOG,0),(:NUM_THREADS,1),(:OPTIMIZER_MAX_TIME,120.0)]),true,false,false,true,false,true,false,true,true,true,true,false,false,true,false,false,false,true,1.0e-8,1.0e-6,1.0e-6,0.01,1.0e-6)
#INSTANCE# classical_200_1.cbf.gz
#TIMELIMIT# 3600.0

Transforming original data......Done     0.01s

Creating conic model data......Done     0.00s

Creating MIP model......Done     0.01s

Cone types summary:
Cone       | Count    | Min dim  | Max dim 
       SOC |        1 |      201 |      201

Solving conic relaxation......Done     0.10s
 - Relaxation status    =        Optimal
 - Relaxation objective =      -0.128347

Creating conic subproblem model......Done

Starting MIP-solver-driven outer approximation algorithm

Pajarito MICP solve summary:
 - Total time (s)       =       3.60e+03
 - Status               =      UserLimit
 - Best feasible obj.   =  -1.166789e-01
 - Final OA obj. bound  =  -1.237003e-01
 - Relative opt. gap    =      6.018e-02
 - Conic solve count    =             38
 - Feas. solution count =             32
 - Integer repeat count =             18

Timers (s):
 - Setup                =       1.31e-01
 -- Transform data      =       1.23e-02
 -- Create conic data   =       9.65e-04
 -- Create MIP data     =       1.12e-02
 -- Load/solve relax    =       1.01e-01
 - MIP-driven algorithm =       3.60e+03
 -- Solve conic model   =       2.73e-01

#STATUS# UserLimit
#OBJVAL# -0.11667888490971766
#OBJBOUND# -0.12370031070002303
#TIMESOLVER# 3600.0050139427185
#TIMEALL# 3600.005252122879
#SOLUTION# [0.0,0.0,0.0,0.0,0.0,0.0,0.0,0.0,0.0,0.0,0.0,0.0,0.0,0.0,0.0,0.0,0.0,0.0,0.0,0.0,0.06256765903346675,0.0,0.0,0.0,0.0,0.0,0.0,0.0,0.0,0.0,0.0,0.0,0.0,0.0,0.0,0.0,0.0,0.0,0.0,0.0,0.0,0.0,0.0,0.0,0.0,0.0,0.0,0.0,0.0,0.0,0.0,0.0,0.0,0.0,0.0,0.0,0.0,0.0,0.0,0.0,0.07135264015274881,0.0,0.0,0.0,0.0,0.0,0.0,0.0,0.0,0.0,0.0,0.0,0.0,0.028069398106923656,0.0,0.0,0.0,0.0,0.0,0.0,0.24169373204929967,0.0,0.0,0.0,0.0,0.0,0.16263427654959522,0.0,0.0,0.0,0.0,0.0,0.0,0.0,0.0,0.0,0.0,0.0,0.0,0.0,0.0,0.0,0.0,0.0,0.0,0.0,0.0,0.0,0.0,0.0,0.0,0.0,0.0,0.0,0.0,0.0,0.0,0.0,0.0,0.0,0.0,0.0,0.0,0.0,0.0,0.0,0.0,0.0,0.0,0.0,0.0,0.0,0.08236215091117133,0.0,0.0,0.0,0.0,0.0,0.0,0.0,0.0,0.0,0.0,0.0,0.0,0.0,0.0,0.0,0.0,0.0,0.0,0.0,0.08511054189444876,0.0,0.0,0.0,0.0,0.0,0.0,0.0,0.0,0.0,0.0,0.0,0.0,0.0,0.0,0.0,0.0,0.008386370738725866,0.15272983672638757,0.0,0.0,0.0,0.0,0.0,0.0,0.0,0.0,0.0,0.0,0.0,0.0,0.0,0.0,0.0,0.0,0.0,0.0,0.0,0.0,0.0,0.0,0.0,0.0,0.0,0.1050933938372322,0.0,0.0,0.0,0.0,0.0,0.0,0.0,0.0,0.0,0.0,0.0,0.0,0.0,0.0,0.0,0.0,0.0,0.0,0.0,0.0,0.0,0.0,0.0,0.0,1.0,0.0,0.0,0.0,0.0,0.0,0.0,0.0,0.0,0.0,0.0,0.0,0.0,0.0,0.0,0.0,0.0,0.0,0.0,0.0,0.0,0.0,0.0,0.0,0.0,0.0,0.0,0.0,0.0,0.0,0.0,0.0,0.0,0.0,0.0,0.0,0.0,0.0,0.0,0.0,1.0,0.0,0.0,0.0,0.0,0.0,0.0,0.0,0.0,0.0,0.0,0.0,0.0,1.0,0.0,0.0,0.0,0.0,0.0,0.0,1.0,0.0,0.0,0.0,0.0,0.0,1.0,0.0,0.0,0.0,0.0,0.0,0.0,0.0,0.0,0.0,0.0,0.0,0.0,0.0,0.0,0.0,0.0,0.0,0.0,0.0,0.0,0.0,0.0,0.0,0.0,0.0,0.0,0.0,0.0,0.0,0.0,0.0,0.0,0.0,0.0,0.0,0.0,0.0,0.0,0.0,0.0,0.0,0.0,0.0,0.0,0.0,1.0,0.0,0.0,0.0,0.0,0.0,0.0,0.0,0.0,0.0,0.0,0.0,0.0,0.0,0.0,0.0,0.0,0.0,0.0,0.0,1.0,0.0,0.0,0.0,0.0,0.0,0.0,0.0,0.0,0.0,0.0,0.0,0.0,0.0,0.0,0.0,0.0,1.0,1.0,0.0,0.0,0.0,0.0,0.0,0.0,0.0,0.0,0.0,0.0,0.0,0.0,0.0,0.0,0.0,0.0,0.0,0.0,0.0,0.0,0.0,0.0,0.0,0.0,0.0,1.0,0.0,0.0,0.0,0.0072933405301713414,0.005144048565799202,0.004441189430647618,0.015357355422069058,0.006978365465190134,0.006922327599576483,0.0038336303558784025,0.007515183961814909,0.0024881411544429867,0.002217278995842501,0.01841443192111543,0.0040817503166589416,0.01904304115831442,0.008095206304098644,0.01369940009053068,0.01365102274710886,0.006061417103348085,0.009006444357430253,0.01964648836555061,0.004327072604907354,0.07280717810332316,0.005118299342050759,0.007701307746920687,0.009873184857959575,0.0018748112295317039,0.005361968627713994,0.002849100550928781,0.0033764173333945048,0.003886009637151832,0.0025431734197848173,0.0011593230035972274,0.002597619536697766,0.0039886756263131954,0.00560473434025065,0.004083124487482193,0.0016876157646189052,0.0073029388527872585,0.011188392099957032,0.006516600083251151,0.003025166952650286,0.016476963065406355,0.007059118465494014,0.006939684733028463,0.011533370222113122,0.0013368709309146297,0.020962565950308418,0.010088102701252832,0.01119749204825254,0.006072640490860139,0.009126022471683742,-0.0002541419142142975,0.009566487697995708,0.008355946181394912,0.004888257619265349,0.008044054069593446,0.003093387835755577,0.00903076394952132,0.01248458677999083,0.004673772937848066,0.004421892101979656,0.04704142159899963,0.007161758009952637,0.0031360885249882508,0.01133224494840409,0.016189803874304024,0.0053744200216434,0.0018809335348478414,0.006318963639798385,0.022583771514956382,0.010758756043538872,0.004767553084521774,0.01957096453717503,0.003833502520534417,0.03445201821619516,0.0025759986157398774,0.02174055546360845,0.0039554162257326,-0.004966921523570703,0.003749926111763224,0.01627085597846688,0.03372081724772591,0.009057389621352802,0.004595445464287664,-0.00457650999191995,0.017403673733112635,0.01555696125815456,0.07090228299147068,0.006011613883993841,0.0025972996391477854,0.011164771856500336,0.008984866104249265,0.003378708524780844,0.0034602894705460627,0.012787535278709515,0.006769043128053758,0.005996063822254386,0.005016844585172231,0.017642562012019403,0.004391501079233995,0.00523078558316121,0.003752520070181018,0.006472818064331682,0.020245016312450927,0.007987432851312551,0.0083970038566935,0.005977868364664116,0.00010376654056381044,0.019429072581015217,0.007157960197411783,0.002205969710261111,0.01041064627584981,0.01178932634499409,0.006787819577637083,0.015675805837742612,0.0011868259197749952,0.009087641186243563,0.009064079321143947,0.018266039395281274,0.008237341795110285,0.007815658039523428,0.005118303402101792,0.004694322843515715,0.006438052333228464,0.013179052531420874,0.005180954646777812,0.019705157784598436,0.010347834324739073,0.019684370856781416,0.005189350732355285,0.0070379947831527845,0.008266740390736946,0.009871346977579706,0.035973618612701846,0.007816959763485721,0.01294684649975639,0.0052544308733221134,0.0021286518952029656,0.0036070057408087016,0.009285193214761588,0.00317347470544345,0.0057076789952751885,0.0005725505838943165,0.004806325001420358,0.007076835034661571,0.010150561944063047,0.008738418150900058,0.0038382540904312117,0.00835942412621958,0.007650862975737656,0.007325301896887935,-0.00013526159719416523,0.006187746471317358,0.05508494183563492,0.008731404071317958,0.003145999440067204,0.005005026835235703,0.0020405350904345865,0.007099786794649331,0.012394464184450166,0.007356835999798914,0.0009600026890033584,0.00660009695013058,0.006650595474054809,0.003202928593029809,0.008378622881651324,0.004866137668910994,0.014243244553029739,0.005640510619094493,0.0074563768529282695,0.02524854914167279,0.03621794035551499,0.007068601372565768,0.008403664946055779,0.010650143219635127,0.007627744697183706,0.012484594274405668,0.009119252218894898,0.00026475412895906605,0.007924592754493233,0.00841525164756611,0.007571708399547711,-0.00048738242952238377,0.007953149837097563,-0.006628223958788364,0.009762618873620649,0.00280625985262035,0.009853366638471495,0.012861394852762262,0.015001631029184281,0.0031830539570176465,0.005152506218823124,0.012344145264199123,0.009862083044992677,0.008371794691808737,0.0015128206533997785,0.00483898870126788,0.055059358137683256,0.005392924581696077,0.00464730204824292,0.007062395562149299,0.2]
WARNING: For the MIP-solver-driven algorithm, optimality tolerance must be specified as MIP solver option, not Pajarito option
WARNING: When using primal cuts, primal cut zero tolerance should be at least 1e-5 to avoid numerical issues
WARNING: For the MIP-solver-driven algorithm, optimality tolerance must be specified as MIP solver option, not Pajarito option
WARNING: When using primal cuts, primal cut zero tolerance should be at least 1e-5 to avoid numerical issues
WARNING: Not solved to optimality, status: UserLimit
