WARNING: Method definition require(Symbol) in module Base at loading.jl:345 overwritten in module ConicBenchmarkUtilities at /home/ubuntu/.julia/v0.5/Requires/src/require.jl:12.
error in running finalizer: CPLEX.CplexError(code=1804, msg="CPLEX Error  1804: Calling routines not allowed in informational callback.
")
#SOLVERNAME# PAJ_PRAS_MSD_CPLEX_tols_0GAP_MOSEK
#SOLVER# Pajarito.PajaritoSolver(2,3600.0,1.0e-5,true,CPLEX.CplexSolver(Any[(:CPX_PARAM_THREADS,1),(:CPX_PARAM_TILIM,3600.0),(:CPX_PARAM_EPINT,1.0e-8),(:CPX_PARAM_EPRHS,1.0e-8),(:CPX_PARAM_SCRIND,0),(:CPX_PARAM_EPGAP,0.0)]),MathProgBase.DefaultMIPSolver(),0,false,true,Mosek.MosekMathProgSolverInterface.MosekSolver(Any[(:LOG,0),(:NUM_THREADS,1),(:OPTIMIZER_MAX_TIME,120.0)]),true,false,false,true,false,true,false,true,true,true,true,false,false,true,false,false,false,true,1.0e-10,0.0001,1.0e-6,0.01,1.0e-6)
#INSTANCE# 20_0_5_w.cbf.gz
#TIMELIMIT# 3600.0

Transforming original data......Done     0.01s

Creating conic model data......Done     0.00s

Creating MIP model......Done     0.04s

Cone types summary:
Cone       | Count    | Min dim  | Max dim 
       SOC |      480 |        3 |        3

Solving conic relaxation......Done     0.28s
 - Relaxation status    =        Optimal
 - Relaxation objective = 3716060.492144

Creating conic subproblem model......Done     0.00s

Starting MIP-solver-driven outer approximation algorithm

Pajarito MICP solve summary:
 - Total time (s)       =       2.93e+01
 - Status               =        Optimal
 - Best feasible obj.   =  +3.776676e+06
 - Final OA obj. bound  =  +3.776676e+06
 - Relative opt. gap    =      1.233e-16
 - Conic solve count    =              9
 - Feas. solution count =              9
 - Integer repeat count =             39

Timers (s):
 - Setup                =       3.53e-01
 -- Transform data      =       1.17e-02
 -- Create conic data   =       1.49e-03
 -- Create MIP data     =       4.40e-02
 -- Load/solve relax    =       2.75e-01
 - MIP-driven algorithm =       2.89e+01
 -- Solve conic model   =       3.42e-01
 -- Process conic data  =       3.68e-02
 -- Add conic solution  =       4.42e-03
 -- Add dual cuts       =       5.44e-02
 -- Use outer inf/cuts  =       2.05e-02

WARNING: For the MIP-solver-driven algorithm, optimality tolerance must be specified as MIP solver option, not Pajarito option
WARNING: For the MIP-solver-driven algorithm, optimality tolerance must be specified as MIP solver option, not Pajarito option
#STATUS# Optimal
#OBJVAL# 3.776676118368071e6
#OBJBOUND# 3.7766761183680706e6
#TIMESOLVER# 29.294713020324707
#TIMEALL# 29.296955108642578
#SOLUTION# [0.0,0.0,0.0,0.0,0.0,-0.0,0.0,-0.0,1.0,1.0,1.0,1.0,1.0,1.0,1.0,1.0,1.0,1.0,1.0,1.0,1.0,1.0,1.0,1.0,1.0,1.0,1.0,1.0,1.0,1.0,1.0,1.0,1.0,1.0,1.0,1.0,1.0,1.0,1.0,1.0,1.0,1.0,1.0,1.0,1.0,1.0,1.0,1.0,1.0,1.0,1.0,1.0,1.0,1.0,1.0,1.0,1.0,1.0,1.0,1.0,1.0,1.0,1.0,1.0,1.0,1.0,1.0,1.0,1.0,1.0,1.0,1.0,1.0,1.0,1.0,1.0,1.0,1.0,1.0,1.0,1.0,1.0,1.0,1.0,1.0,0.0,0.0,0.0,0.0,0.0,0.0,0.0,0.0,0.0,0.0,0.0,1.0,1.0,1.0,1.0,1.0,1.0,1.0,1.0,1.0,1.0,1.0,1.0,1.0,1.0,1.0,1.0,1.0,1.0,1.0,1.0,1.0,1.0,1.0,-0.0,1.0,1.0,1.0,1.0,1.0,1.0,1.0,1.0,1.0,1.0,1.0,1.0,1.0,1.0,1.0,1.0,1.0,1.0,1.0,1.0,1.0,1.0,1.0,1.0,1.0,1.0,1.0,1.0,1.0,1.0,1.0,1.0,1.0,1.0,1.0,1.0,1.0,1.0,1.0,1.0,1.0,1.0,1.0,1.0,1.0,1.0,1.0,-0.0,1.0,1.0,1.0,0.0,0.0,0.0,0.0,0.0,0.0,0.0,0.0,0.0,0.0,0.0,0.0,-0.0,0.0,0.0,0.0,0.0,0.0,0.0,0.0,0.0,1.0,1.0,0.0,0.0,0.0,0.0,0.0,0.0,0.0,0.0,0.0,0.0,0.0,0.0,0.0,0.0,0.0,0.0,0.0,0.0,0.0,0.0,0.0,0.0,1.0,1.0,1.0,1.0,1.0,1.0,1.0,1.0,1.0,1.0,1.0,1.0,1.0,1.0,1.0,1.0,1.0,1.0,1.0,1.0,1.0,1.0,0.0,-0.0,1.0,1.0,1.0,1.0,1.0,1.0,1.0,1.0,1.0,1.0,1.0,1.0,1.0,1.0,1.0,1.0,1.0,1.0,1.0,1.0,1.0,1.0,1.0,1.0,1.0,0.0,0.0,0.0,0.0,-0.0,1.0,1.0,1.0,1.0,1.0,1.0,1.0,1.0,1.0,1.0,1.0,1.0,1.0,1.0,1.0,1.0,1.0,1.0,1.0,1.0,1.0,1.0,1.0,1.0,1.0,1.0,1.0,1.0,1.0,1.0,1.0,1.0,1.0,1.0,1.0,1.0,1.0,1.0,1.0,1.0,1.0,1.0,1.0,1.0,1.0,1.0,1.0,1.0,1.0,1.0,1.0,1.0,1.0,1.0,1.0,1.0,1.0,1.0,1.0,1.0,1.0,1.0,1.0,1.0,1.0,1.0,1.0,1.0,1.0,1.0,1.0,1.0,1.0,1.0,1.0,1.0,1.0,1.0,1.0,1.0,1.0,1.0,1.0,1.0,1.0,1.0,1.0,1.0,1.0,1.0,1.0,1.0,1.0,1.0,1.0,1.0,1.0,1.0,1.0,1.0,1.0,1.0,1.0,1.0,1.0,1.0,1.0,1.0,1.0,1.0,1.0,1.0,1.0,1.0,1.0,1.0,1.0,1.0,1.0,1.0,1.0,1.0,1.0,1.0,1.0,1.0,1.0,1.0,1.0,1.0,1.0,1.0,1.0,1.0,1.0,1.0,1.0,1.0,1.0,0.0,0.0,0.0,0.0,1.0,1.0,1.0,1.0,1.0,1.0,1.0,1.0,1.0,1.0,1.0,1.0,1.0,1.0,1.0,1.0,1.0,1.0,1.0,1.0,1.0,1.0,1.0,1.0,1.0,1.0,1.0,1.0,1.0,1.0,1.0,1.0,1.0,1.0,1.0,1.0,1.0,1.0,1.0,1.0,1.0,1.0,1.0,1.0,0.0,0.0,0.0,0.0,-0.0,1.0,1.0,1.0,1.0,1.0,1.0,1.0,1.0,1.0,1.0,1.0,1.0,1.0,1.0,1.0,1.0,1.0,1.0,-0.0,0.0,0.0,0.0,0.0,0.0,0.0,0.0,1.0,0.0,0.0,0.0,0.0,0.0,0.0,0.0,0.0,0.0,0.0,0.0,0.0,0.0,0.0,-0.0,1.0,0.0,0.0,0.0,0.0,0.0,0.0,0.0,0.0,0.0,0.0,0.0,0.0,0.0,0.0,0.0,0.0,0.0,0.0,0.0,0.0,0.0,0.0,-0.0,-0.0,0.0,0.0,0.0,0.0,0.0,0.0,0.0,0.0,0.0,0.0,0.0,0.0,0.0,0.0,0.0,0.0,0.0,0.0,0.0,0.0,0.0,0.0,-0.0,1.0,0.0,0.0,0.0,0.0,0.0,0.0,0.0,0.0,0.0,0.0,0.0,-0.0,-0.0,0.0,0.0,0.0,0.0,0.0,0.0,0.0,0.0,0.0,0.0,1.0,0.0,0.0,0.0,0.0,0.0,0.0,0.0,0.0,0.0,0.0,0.0,0.0,0.0,0.0,0.0,0.0,0.0,0.0,0.0,0.0,0.0,0.0,-0.0,1.0,0.0,0.0,0.0,0.0,0.0,0.0,0.0,0.0,0.0,0.0,0.0,0.0,0.0,0.0,0.0,0.0,0.0,0.0,0.0,0.0,0.0,0.0,-0.0,0.0,0.0,0.0,0.0,0.0,0.0,0.0,0.0,0.0,0.0,0.0,0.0,0.0,0.0,0.0,0.0,0.0,0.0,0.0,0.0,0.0,0.0,0.0,-0.0,-0.0,0.0,0.0,-0.0,0.0,0.0,0.0,0.0,0.0,0.0,0.0,0.0,0.0,0.0,0.0,0.0,0.0,0.0,0.0,0.0,0.0,0.0,0.0,0.0,-0.0,0.0,-0.0,0.0,0.0,0.0,0.0,0.0,0.0,0.0,0.0,0.0,0.0,0.0,0.0,0.0,0.0,0.0,0.0,0.0,0.0,0.0,0.0,0.0,-0.0,0.0,0.0,0.0,0.0,0.0,0.0,0.0,0.0,0.0,0.0,0.0,0.0,0.0,0.0,0.0,0.0,0.0,0.0,0.0,0.0,0.0,-0.0,0.0,0.0,0.0,0.0,0.0,0.0,0.0,0.0,0.0,0.0,0.0,0.0,0.0,0.0,0.0,0.0,0.0,0.0,0.0,0.0,0.0,0.0,0.0,0.0,0.0,1.0,-0.0,-0.0,-0.0,-0.0,-0.0,1.0,0.0,0.0,0.0,0.0,0.0,0.0,0.0,0.0,0.0,0.0,0.0,0.0,0.0,0.0,0.0,0.0,0.0,1.0,0.0,0.0,0.0,0.0,0.0,0.0,0.0,0.0,0.0,0.0,0.0,0.0,0.0,0.0,0.0,0.0,0.0,0.0,0.0,0.0,0.0,0.0,0.0,0.0,0.0,0.0,0.0,0.0,0.0,0.0,0.0,0.0,0.0,0.0,0.0,0.0,0.0,0.0,0.0,0.0,0.0,0.0,0.0,0.0,0.0,0.0,0.0,1.0,0.0,0.0,0.0,0.0,0.0,0.0,0.0,0.0,0.0,0.0,0.0,0.0,0.0,0.0,0.0,0.0,0.0,0.0,0.0,0.0,0.0,0.0,0.0,1.0,0.0,0.0,0.0,0.0,0.0,0.0,0.0,0.0,0.0,0.0,0.0,0.0,0.0,0.0,0.0,0.0,0.0,0.0,0.0,0.0,0.0,0.0,0.0,0.0,0.0,0.0,0.0,0.0,0.0,0.0,0.0,0.0,0.0,0.0,0.0,0.0,0.0,0.0,0.0,0.0,0.0,0.0,0.0,0.0,0.0,0.0,0.0,1.0,-0.0,-0.0,-0.0,-0.0,1.0,0.0,0.0,0.0,0.0,0.0,0.0,0.0,0.0,0.0,0.0,0.0,0.0,0.0,0.0,0.0,0.0,0.0,0.0,0.0,0.0,0.0,0.0,0.0,0.0,0.0,0.0,0.0,0.0,0.0,0.0,0.0,0.0,0.0,0.0,0.0,0.0,0.0,0.0,0.0,0.0,0.0,0.0,1.0,-0.0,-0.0,-0.0,-0.0,-0.0,1.0,0.0,0.0,0.0,0.0,0.0,0.0,0.0,0.0,0.0,0.0,0.0,0.0,0.0,0.0,0.0,0.0,0.0,0.0,0.0,0.0,0.0,0.0,0.0,0.0,0.0,0.0,0.49090962406770994,0.9818192477153813,0.9999999994390211,0.9999999994352365,0.9999999990307977,0.9999999991988695,0.9999999992564493,0.9999999992275072,0.999999999109401,0.9999999989786924,0.999999999013597,0.9999999993196554,0.9999999992138285,0.9999999993632006,0.9999999945677472,0.0,0.417268511958601,0.44133067067258647,0.7369663668930638,0.8069764605627775,0.9899785174469098,0.9999999947003003,0.9999999992166847,0.9999999993497668,0.9999999993000052,0.9999999990822989,0.9999999994004406,0.999999999396412,0.9999999989772123,0.999999999147846,0.9999999992068883,0.9999999991788221,0.9999999990636834,0.9999999989314088,0.9999999989633062,0.9999999992725976,0.9999999992185018,0.9999999993224896,0.9999999956801787,0.9685267781978251,0.5615471923708578,0.1545676066824306,1.1668690477626256e-9,1.2194390173128362e-9,1.560734100202346e-9,0.219739053428788,0.7180190084268206,0.9999999985214916,0.9999999980670565,0.9925501076762177,0.9999999989153072,0.9999999988267005,0.8000429476403502,0.9999999920279518,0.999999996008685,0.9999999946250211,0.9521587207801995,0.7264171907202693,0.7696639401442849,0.9999999977611844,0.9999999964909456,0.8707400035872653,0.4637604185681755,0.0,4.687590306317449e-8,1.2844856990089213e-9,1.6453466423743494e-9,1.7306926346815921e-9,2.1425722471492327e-9,0.1898423987378881,0.5949211998279287,0.9999999952549824,0.9999999958363905,0.7277374135959158,0.36386871653510616,0.0,0.0,0.0,0.0,0.0,0.0,0.0,0.0,0.0,0.0,0.0,0.0,0.0,0.44809595432656146,1.452147234178918e-9,2.1614783467169563e-9,2.356543900914619e-9,3.4886892172823094e-9,0.4323590326363074,0.9056772290123337,0.999999998317859,0.9999999979079573,0.9999999880840017,0.9999999987269342,0.9999999986416204,0.9522677264802236,0.9999999945003353,0.9999999963431726,0.9999999956029971,0.9999999838754577,0.8892997251763715,0.9262911389340622,0.9556735481029895,0.47783677461001633,0.0,0.0,0.0,0.3481848306400635,0.022438772654254167,0.35580371573872793,0.43473146821909103,0.6410769306508677,0.8933007730471973,0.9999999988073722,0.9999999990508686,0.9999999989634781,0.9999999985240116,0.9999999991512751,0.9999999991394926,0.9999999983037022,0.9999999986637169,0.9999999987785863,0.9999999987219351,0.9999999984753403,0.9999999981919793,0.9999999982635023,0.9999999989110127,0.9999999987957003,0.9999999990045473,0.9390431412217484,0.8681417696618828,0.4429697835671064,0.0177977977221817,8.79660090785098e-10,9.001953701733651e-10,1.0263224522650412e-9,3.545349749986849e-9,0.3481457405288721,0.6849169076909712,0.7238536289644355,0.4696711135047946,0.8178168491377741,0.7652071485662556,0.34003516547165674,0.24280946153207741,0.3844064663516251,0.3064153134531963,0.061294227658486064,1.039946919888057e-8,0.09166721389558061,0.4398129464223279,0.3827438515978067,0.0,0.0,0.8895924059400665,0.4447962029305416,0.0,0.0,0.0,0.0,0.0,0.0,0.0,0.0,0.0,0.0,0.0,0.0,0.0,0.0,0.0,0.0,0.0,0.0,0.0,0.0,0.0,0.0,0.35181850515060364,0.0,0.0,0.0,0.0,0.0,0.0,0.0,0.0,0.0,0.0,0.0,0.0,0.0,0.0,0.0,0.0,0.0,0.0,0.0,0.0,0.0,0.0,0.0,0.9999999988416872,0.6221361373635742,0.24427227612630845,1.6171908423457679e-9,1.6561671194795262e-9,2.122233262993022e-9,0.24162909402366933,0.6208145484819497,0.9999999964689885,0.9999999963504199,0.8355603628299149,0.9999999982636935,0.9999999980594194,0.6509534193091593,0.9884990086473279,0.9999999875072733,0.9999999685016439,0.7968242642677824,0.5803522162427404,0.6218302017784295,0.3778638605288992,0.0,0.0,0.0,0.8910880620335313,0.9999999986560907,0.9999999969254899,0.9999999976234881,0.9999999977228896,0.9999999979705783,0.9999999982050239,0.9999999990166178,0.9999999991388778,0.9999999990872699,0.9999999989258109,0.9999999991867198,0.9999999991797109,0.9999999988553042,0.9999999989574051,0.9999999990026676,0.9999999989803787,0.9999999989027013,0.9999999988302114,0.9999999988481335,0.9999999990596982,0.9999999990411799,0.9999999991145169,0.999999998263829,0.0,0.0,0.0,0.0,0.0,0.0,0.0,0.49243866136422354,0.9848773222391211,0.9999999989197165,0.9999999987113509,0.9999999990403724,0.9999999990289257,0.9999999986224811,0.9999999987552063,0.9999999988119143,0.9999999987831498,0.9999999986831795,0.9999999985894216,0.9999999986121959,0.999999998882889,0.9999999988547855,0.9999999989506375,0.9999999978226355,0.0,0.46473142958239594,0.9294628562248758,0.9999999962339235,0.9999999966277019,0.9999999972309843,0.9999999977111745,0.9999999989860215,0.999999999121918,0.9999999990666159,0.9999999988465668,0.9999999991817909,0.9999999991596429,0.9999999987630918,0.9999999988972179,0.9999999989574153,0.9999999989255087,0.9999999988323819,0.9999999987379128,0.9999999987610347,0.9999999990353093,0.9999999989961433,0.9999999990924238,0.9999999977715096,0.9493981184867597,0.999999997092208,0.8773813473756881,0.9528057039270901,0.9706662338352667,0.9999999604530108,0.9999999913507167,0.9999999985186487,0.9999999987695627,0.9999999986809163,0.9999999982198322,0.9999999988980711,0.9999999988736035,0.9999999980089342,0.9999999983336504,0.9999999984492293,0.9999999983923332,0.9999999981682729,0.9999999979238177,0.9999999979816762,0.9999999986062672,0.9999999985049365,0.9999999987332967,0.9999999923569565,0.0,0.45637655185875425,0.9127531030923619,0.9999999988957001,0.9999999989094256,0.9999999989527796,0.9999999990001759,0.9999999992520838,0.9999999993170747,0.9999999992920328,0.9999999992194069,0.9999999993357384,0.9999999993316179,0.9999999991887768,0.9999999992296801,0.9999999992502587,0.9999999992395865,0.9999999992076942,0.9999999991796342,0.9999999991867723,0.99999999927694,0.9999999992854275,0.9999999993029661,0.9999999990233169,0.0,0.4712436615179989,0.9424873227223659,0.9999999993181086,0.9999999993308827,0.9999999993401313,0.9999999993514455,0.9999999994496273,0.9999999994835662,0.9999999994701905,0.9999999994356804,0.9999999994933486,0.9999999994895845,0.999999999421006,0.9999999994387162,0.999999999448693,0.999999999443403,0.9999999994294614,0.9999999994168173,0.9999999994202178,0.9999999994615173,0.999999999474489,0.9999999994774186,0.9999999993580786,0.8495501892558345,0.9999999992768973,0.9999999990994399,0.9999999991496249,0.9999999991556769,0.9999999991793955,0.9999999992064481,0.9999999993650831,0.9999999994116977,0.9999999993903571,0.9999999993428684,0.9999999994177309,0.9999999994213479,0.9999999993201134,0.9999999993465231,0.9999999993609712,0.9999999993536851,0.9999999993337845,0.9999999993158706,0.9999999993201402,0.9999999993818192,0.9999999993977956,0.9999999993940824,0.9999999992178765,0.0,0.0,0.0,0.0,0.0,0.0,0.3497538242323157,0.6995076482063569,0.9999999992448907,0.999999999230348,0.9999999991523086,0.9999999992799978,0.9999999992853087,0.9999999991162796,0.9999999991631142,0.9999999991864574,0.9999999991748397,0.9999999991385096,0.999999999105992,0.9999999991141116,0.999999999219455,0.9999999992303527,0.9999999992410621,0.9999999989158324,0.9917800399805107,0.9999999982455401,0.9999999937418245,0.9999999960217384,0.9999999962989529,0.9999999969079991,0.9999999974187503,0.9999999988093677,0.9999999989755619,0.99999999890614,0.9999999986721633,0.9999999990418841,0.9999999990279499,0.999999998570226,0.999999998724798,0.9999999987889835,0.9999999987565132,0.9999999986412658,0.9999999985311208,0.9999999985577754,0.9999999988680988,0.99999999882928,0.9999999989416574,0.999999997523817,0.0,0.0,0.0,0.0,0.0,0.0,0.0,0.44158277317687467,0.8831655458971321,0.9999999988423848,0.9999999986741038,0.9999999989716184,0.9999999989777865,0.9999999985996696,0.9999999987147409,0.9999999987652868,0.9999999987399376,0.9999999986517099,0.9999999985702563,0.9999999985897623,0.9999999988357264,0.9999999988240877,0.9999999988831229,0.9999999979781268,-0.0,-0.0,-0.0,-0.0,-0.0,-0.0,-0.0,-0.0,1.0,1.0,1.0,1.0,1.0,1.0,1.0,1.0,1.0,1.0,1.0,1.0,1.0,1.0,1.0,1.0,1.0,1.0,1.0,1.0,1.0,1.0,1.0,1.0,1.0,1.0,1.0,1.0,1.0,1.0,1.0,1.0,1.0,1.0,1.0,1.0,1.0,1.0,1.0,1.0,1.0,1.0,1.0,1.0,1.0,1.0,1.0,1.0,1.0,1.0,1.0,1.0,1.0,1.0,1.0,1.0,1.0,1.0,1.0,1.0,1.0,1.0,1.0,1.0,1.0,1.0,1.0,1.0,1.0,1.0,1.0,1.0,1.0,1.0,1.0,1.0,1.0,-0.0,-0.0,-0.0,-0.0,-0.0,-0.0,-0.0,-0.0,-0.0,-0.0,-0.0,1.0,1.0,1.0,1.0,1.0,1.0,1.0,1.0,1.0,1.0,1.0,1.0,1.0,1.0,1.0,1.0,1.0,1.0,1.0,1.0,1.0,1.0,1.0,-0.0,1.0,1.0,1.0,1.0,1.0,1.0,1.0,1.0,1.0,1.0,1.0,1.0,1.0,1.0,1.0,1.0,1.0,1.0,1.0,1.0,1.0,1.0,1.0,1.0,1.0,1.0,1.0,1.0,1.0,1.0,1.0,1.0,1.0,1.0,1.0,1.0,1.0,1.0,1.0,1.0,1.0,1.0,1.0,1.0,1.0,1.0,1.0,-0.0,1.0,1.0,1.0,-0.0,-0.0,-0.0,-0.0,-0.0,-0.0,-0.0,-0.0,-0.0,-0.0,-0.0,-0.0,-0.0,-0.0,-0.0,-0.0,-0.0,-0.0,-0.0,-0.0,-0.0,1.0,1.0,-0.0,-0.0,-0.0,-0.0,-0.0,-0.0,-0.0,-0.0,-0.0,-0.0,-0.0,-0.0,-0.0,-0.0,-0.0,-0.0,-0.0,-0.0,-0.0,-0.0,-0.0,-0.0,1.0,1.0,1.0,1.0,1.0,1.0,1.0,1.0,1.0,1.0,1.0,1.0,1.0,1.0,1.0,1.0,1.0,1.0,1.0,1.0,1.0,1.0,-0.0,-0.0,1.0,1.0,1.0,1.0,1.0,1.0,1.0,1.0,1.0,1.0,1.0,1.0,1.0,1.0,1.0,1.0,1.0,1.0,1.0,1.0,1.0,1.0,1.0,1.0,1.0,-0.0,-0.0,-0.0,-0.0,-0.0,1.0,1.0,1.0,1.0,1.0,1.0,1.0,1.0,1.0,1.0,1.0,1.0,1.0,1.0,1.0,1.0,1.0,1.0,1.0,1.0,1.0,1.0,1.0,1.0,1.0,1.0,1.0,1.0,1.0,1.0,1.0,1.0,1.0,1.0,1.0,1.0,1.0,1.0,1.0,1.0,1.0,1.0,1.0,1.0,1.0,1.0,1.0,1.0,1.0,1.0,1.0,1.0,1.0,1.0,1.0,1.0,1.0,1.0,1.0,1.0,1.0,1.0,1.0,1.0,1.0,1.0,1.0,1.0,1.0,1.0,1.0,1.0,1.0,1.0,1.0,1.0,1.0,1.0,1.0,1.0,1.0,1.0,1.0,1.0,1.0,1.0,1.0,1.0,1.0,1.0,1.0,1.0,1.0,1.0,1.0,1.0,1.0,1.0,1.0,1.0,1.0,1.0,1.0,1.0,1.0,1.0,1.0,1.0,1.0,1.0,1.0,1.0,1.0,1.0,1.0,1.0,1.0,1.0,1.0,1.0,1.0,1.0,1.0,1.0,1.0,1.0,1.0,1.0,1.0,1.0,1.0,1.0,1.0,1.0,1.0,1.0,1.0,1.0,1.0,-0.0,-0.0,-0.0,-0.0,1.0,1.0,1.0,1.0,1.0,1.0,1.0,1.0,1.0,1.0,1.0,1.0,1.0,1.0,1.0,1.0,1.0,1.0,1.0,1.0,1.0,1.0,1.0,1.0,1.0,1.0,1.0,1.0,1.0,1.0,1.0,1.0,1.0,1.0,1.0,1.0,1.0,1.0,1.0,1.0,1.0,1.0,1.0,1.0,-0.0,-0.0,-0.0,-0.0,-0.0,1.0,1.0,1.0,1.0,1.0,1.0,1.0,1.0,1.0,1.0,1.0,1.0,1.0,1.0,1.0,1.0,1.0,1.0,-0.0,-0.0,-0.0,-0.0,-0.0,-0.0,-0.0,-0.0,485.359049,-0.0,-0.0,-0.0,-0.0,-0.0,-0.0,-0.0,-0.0,-0.0,-0.0,-0.0,-0.0,-0.0,-0.0,-0.0,410.624038,-0.0,-0.0,-0.0,-0.0,-0.0,-0.0,-0.0,-0.0,-0.0,-0.0,-0.0,-0.0,-0.0,-0.0,-0.0,-0.0,-0.0,-0.0,-0.0,-0.0,-0.0,-0.0,-0.0,-0.0,-0.0,-0.0,-0.0,-0.0,-0.0,-0.0,-0.0,-0.0,-0.0,-0.0,-0.0,-0.0,-0.0,-0.0,-0.0,-0.0,-0.0,-0.0,-0.0,-0.0,-0.0,-0.0,-0.0,267.625298,-0.0,-0.0,-0.0,-0.0,-0.0,-0.0,-0.0,-0.0,-0.0,-0.0,-0.0,-0.0,0.0,-0.0,-0.0,-0.0,-0.0,-0.0,-0.0,-0.0,-0.0,-0.0,-0.0,281.49402,-0.0,-0.0,-0.0,-0.0,-0.0,-0.0,-0.0,-0.0,-0.0,-0.0,-0.0,-0.0,-0.0,-0.0,-0.0,-0.0,-0.0,-0.0,-0.0,-0.0,-0.0,-0.0,0.0,299.379893,-0.0,-0.0,-0.0,-0.0,-0.0,-0.0,-0.0,-0.0,-0.0,-0.0,-0.0,-0.0,-0.0,-0.0,-0.0,-0.0,-0.0,-0.0,-0.0,-0.0,-0.0,-0.0,-0.0,-0.0,-0.0,-0.0,-0.0,-0.0,-0.0,-0.0,-0.0,-0.0,-0.0,-0.0,-0.0,-0.0,-0.0,-0.0,-0.0,-0.0,-0.0,-0.0,-0.0,-0.0,-0.0,-0.0,0.0,-0.0,-0.0,-0.0,0.0,-0.0,-0.0,-0.0,-0.0,-0.0,-0.0,-0.0,-0.0,-0.0,-0.0,-0.0,-0.0,-0.0,-0.0,-0.0,-0.0,-0.0,-0.0,-0.0,-0.0,-0.0,-0.0,0.0,-0.0,-0.0,-0.0,-0.0,-0.0,-0.0,-0.0,-0.0,-0.0,-0.0,-0.0,-0.0,-0.0,-0.0,-0.0,-0.0,-0.0,-0.0,-0.0,-0.0,-0.0,-0.0,-0.0,-0.0,-0.0,-0.0,-0.0,-0.0,-0.0,-0.0,-0.0,-0.0,-0.0,-0.0,-0.0,-0.0,-0.0,-0.0,-0.0,-0.0,-0.0,-0.0,-0.0,0.0,-0.0,-0.0,-0.0,-0.0,-0.0,-0.0,-0.0,-0.0,-0.0,-0.0,-0.0,-0.0,-0.0,-0.0,-0.0,-0.0,-0.0,-0.0,-0.0,-0.0,-0.0,-0.0,-0.0,-0.0,-0.0,151.65798,0.0,-0.0,-0.0,-0.0,-0.0,151.65798,-0.0,-0.0,-0.0,-0.0,-0.0,-0.0,-0.0,-0.0,-0.0,-0.0,-0.0,-0.0,-0.0,-0.0,-0.0,-0.0,-0.0,172.72319,-0.0,-0.0,-0.0,-0.0,-0.0,-0.0,-0.0,-0.0,-0.0,-0.0,-0.0,-0.0,-0.0,-0.0,-0.0,-0.0,-0.0,-0.0,-0.0,-0.0,-0.0,-0.0,-0.0,-0.0,-0.0,-0.0,-0.0,-0.0,-0.0,-0.0,-0.0,-0.0,-0.0,-0.0,-0.0,-0.0,-0.0,-0.0,-0.0,-0.0,-0.0,-0.0,-0.0,-0.0,-0.0,-0.0,-0.0,133.838604,-0.0,-0.0,-0.0,-0.0,-0.0,-0.0,-0.0,-0.0,-0.0,-0.0,-0.0,-0.0,-0.0,-0.0,-0.0,-0.0,-0.0,-0.0,-0.0,-0.0,-0.0,-0.0,-0.0,163.934523,-0.0,-0.0,-0.0,-0.0,-0.0,-0.0,-0.0,-0.0,-0.0,-0.0,-0.0,-0.0,-0.0,-0.0,-0.0,-0.0,-0.0,-0.0,-0.0,-0.0,-0.0,-0.0,-0.0,-0.0,-0.0,-0.0,-0.0,-0.0,-0.0,-0.0,-0.0,-0.0,-0.0,-0.0,-0.0,-0.0,-0.0,-0.0,-0.0,-0.0,-0.0,-0.0,-0.0,-0.0,-0.0,-0.0,-0.0,154.301319,0.0,-0.0,-0.0,-0.0,154.301319,-0.0,-0.0,-0.0,-0.0,-0.0,-0.0,-0.0,-0.0,-0.0,-0.0,-0.0,-0.0,-0.0,-0.0,-0.0,-0.0,-0.0,-0.0,-0.0,-0.0,-0.0,-0.0,-0.0,-0.0,-0.0,-0.0,-0.0,-0.0,-0.0,-0.0,-0.0,-0.0,-0.0,-0.0,-0.0,-0.0,-0.0,-0.0,-0.0,-0.0,-0.0,-0.0,132.203713,0.0,-0.0,-0.0,-0.0,-0.0,132.203713,-0.0,-0.0,-0.0,-0.0,-0.0,-0.0,-0.0,-0.0,-0.0,-0.0,-0.0,-0.0,-0.0,-0.0,-0.0,-0.0,-0.0,7.717548401426165e-9,7.717548401426165e-9,7.717548401426165e-9,7.717548401426165e-9,7.717548401426165e-9,7.717548401426165e-9,7.717548401426165e-9,7.717548401426165e-9,7.71754845367404e-9,0.12049613088636621,0.48198451771313244,0.49999999950899265,0.4999999995017595,0.4999999991061072,0.4999999992712019,0.4999999993273479,0.499999999298826,0.49999999918350835,0.4999999990621414,0.4999999990907911,0.49999999939007267,0.4999999992787989,0.4999999994278248,0.49999999459416805,-2.392495829599042e-9,0.08705650265960649,0.09738637730518411,0.2715597095502946,0.3256055003853321,0.49002872845653517,0.49999999056654604,0.49999999506726434,0.49999999520118965,0.4999999951503403,0.49999999493097486,0.4999999952514319,0.49999999524686034,0.49999999482716306,0.4999999949987439,0.49999999505736126,0.49999999503024206,0.4999999949151614,0.4999999947827446,0.4999999948133943,0.49999999512278837,0.4999999950701428,0.49999999517153254,0.4999999915199445,0.4690220560281723,0.15766762156500036,0.011945569896725097,-2.3278587044509318e-9,-2.329516228972816e-9,-2.3267631177754286e-9,0.024142623120669653,0.25777564485328136,0.4999999944024715,0.4999999939395466,0.4925778539365516,0.49999999479625457,0.49999999470682494,0.32003435547218806,0.4999999878843161,0.4999999918760507,0.4999999904875762,0.453303110836765,0.2638409641059367,0.29619128688668545,0.499999993634355,0.4999999923627842,0.3790940731642932,0.10753685997387503,-8.917829788981638e-10,-8.811423546583592e-10,-8.887783792069617e-10,-8.856438469419282e-10,-8.85189112092096e-10,-8.784834683287991e-10,0.01802006628352647,0.17696561454981605,0.4999999918231189,0.49999999240271514,0.2648008688076065,0.0662002193572458,-8.917829788981638e-10,-8.917831287332896e-10,-8.917831287332896e-10,-8.917831287332896e-10,-8.917831287332896e-10,-8.917831287332896e-10,-8.917831287332896e-10,-8.917831287332896e-10,-8.917831287332896e-10,-8.917831287332896e-10,-8.917831287332896e-10,-8.917831287332896e-10,-2.1582136638247098e-9,0.10039498928604201,-2.1559740419273967e-9,-2.149499760921665e-9,-2.1490322055149966e-9,-2.135784365854199e-9,0.09346716381152159,0.4101256178949709,0.4999999943004331,0.49999999388296673,0.49999998401959356,0.49999999471132517,0.4999999946226441,0.453406907587183,0.49999999045844457,0.49999999230952574,0.49999999156831587,0.4999999798397369,0.3954269969604964,0.4290076332775529,0.4566559613724889,0.11416398875647943,-2.1582136638247098e-9,-2.1582135521756563e-9,-1.624777207234211e-9,0.060616335759847914,0.00025174613838892327,0.06329813956259779,0.09449572223519437,0.20548981255587437,0.3989931321070094,0.4999999950892311,0.4999999953308321,0.49999999524284033,0.49999999479679463,0.49999999543209844,0.4999999954183615,0.4999999945748165,0.4999999949410256,0.4999999950552979,0.4999999949996278,0.49999999475072493,0.4999999944673539,0.49999999453691524,0.4999999951887231,0.4999999950775374,0.4999999952806746,0.4409010069137447,0.3768350625781073,0.09811111185134723,0.0001583781929659505,-1.9971497876659755e-9,-1.997822082444758e-9,-1.9999695573462455e-9,-1.991330287982048e-9,0.060602725697796754,0.23455558196146495,0.2619820348020066,0.11029547467566893,0.3344121958169964,0.29277098671455565,0.05781195427629697,0.02947821482246795,0.07388416310847723,0.04694516966602149,0.001878488852754601,-1.9390649986320096e-9,0.0042014367266704575,0.09671771118742525,0.07324642529371511,-2.0009203892693952e-9,-2.000920804367472e-9,0.3956873214640651,0.09892182908461344,-4.921473330193123e-10,-4.921472218342185e-10,-4.921472218342185e-10,-4.921472218342185e-10,-4.921472218342185e-10,-4.921472218342185e-10,-4.921472218342185e-10,-4.921472218342185e-10,-4.921472218342185e-10,-4.921472218342185e-10,-4.921472218342185e-10,-4.921472218342185e-10,-4.921472218342185e-10,-4.921472218342185e-10,-4.921472218342185e-10,-4.921472218342185e-10,-4.921472218342185e-10,-4.921472218342185e-10,-4.921472218342185e-10,-4.921472218342185e-10,-4.921472218342185e-10,-4.921472218342185e-10,0.0618881277191363,-8.609913158988365e-10,-8.609915186226021e-10,-8.609915186226021e-10,-8.609915186226021e-10,-8.609915186226021e-10,-8.609915186226021e-10,-8.609915186226021e-10,-8.609915186226021e-10,-8.609915186226021e-10,-8.609915186226021e-10,-8.609915186226021e-10,-8.609915186226021e-10,-8.609915186226021e-10,-8.609915186226021e-10,-8.609915186226021e-10,-8.609915186226021e-10,-8.609915186226021e-10,-8.609915186226021e-10,-8.609915186226021e-10,-8.609915186226021e-10,-8.609915186226021e-10,-8.609915186226021e-10,-8.609915186226021e-10,0.49999999506198833,0.19352668384803753,0.02983447007702813,-1.7290982802260442e-9,-1.7331367825491506e-9,-1.723844801888071e-9,0.029192307176902445,0.19270534891425858,0.49999999265368444,0.4999999925390048,0.34908055645946867,0.4999999944750672,0.4999999942641975,0.21187017405434602,0.48856514110440175,0.49999998364560394,0.49999996457735185,0.31746445081934765,0.1684043446556277,0.1933363970744707,0.07139054606503498,-1.7399427791527392e-9,-1.739942832360753e-9,-1.739942832360753e-9,0.3970189631594381,0.4999999943487733,0.4999999926341852,0.4999999933175478,0.499999993416944,0.49999999366411735,0.4999999939018164,0.4999999947108094,0.49999999483101026,0.4999999947787776,0.4999999946195927,0.4999999948799656,0.49999999487052227,0.4999999945496413,0.4999999946514366,0.49999999469522227,0.4999999946739621,0.4999999945970986,0.4999999945251658,0.4999999945427427,0.4999999947515836,0.499999994731743,0.49999999480612173,0.4999999939579722,-2.4552385671030956e-9,-2.455238607826101e-9,-2.455238607826101e-9,-2.455238607826101e-9,-2.455238607826101e-9,-2.455238607826101e-9,-2.4552385671030956e-9,0.12124791458265788,0.4849916657885127,0.4999999947289546,0.4999999945210723,0.4999999948522898,0.4999999948351889,0.49999999443289594,0.4999999945651236,0.4999999946204398,0.49999999459265054,0.4999999944924699,0.4999999943984503,0.4999999944213952,0.4999999946907841,0.4999999946650171,0.49999999475953666,0.4999999936299118,-2.7189770720664192e-9,0.10798764748511247,0.4319505963490467,0.4999999918204531,0.4999999922124403,0.4999999928106715,0.49999999328933187,0.4999999945486047,0.4999999946749329,0.499999994620534,0.49999999440600285,0.4999999947342049,0.49999999471052103,0.49999999432804937,0.49999999445878374,0.4999999945164718,0.49999999448582383,0.49999999439594545,0.4999999943045818,0.49999999432599124,0.49999999459111655,0.4999999945451127,0.49999999464609574,0.4999999933403198,0.45067838945289934,0.4999999927170247,0.38489901034361196,0.4539193505268843,0.47109646452293547,0.49999995607500247,0.4999999869911275,0.49999999414143315,0.49999999438347087,0.4999999942974753,0.4999999938388615,0.49999999451392707,0.49999999448604354,0.4999999936307056,0.4999999939519501,0.49999999406562456,0.499999994009574,0.49999999378869375,0.49999999354706165,0.4999999936039298,0.499999994222242,0.49999999411889,0.4999999943490545,0.49999998798232065,-1.5378218794611537e-9,0.10413977606315893,0.4165591101872174,0.4999999952287856,0.49999999524403455,0.49999999528515027,0.4999999953294414,0.49999999558016733,0.49999999564266784,0.49999999561754066,0.4999999955459178,0.49999999566232434,0.4999999956540883,0.4999999955147909,0.4999999955548009,0.4999999955738221,0.4999999955644354,0.49999999553273194,0.4999999955052982,0.4999999955120327,0.49999999560097874,0.4999999956119462,0.4999999956270116,0.49999999534664674,2.360785357660597e-9,0.11103529346655745,0.44414117489555877,0.4999999972906561,0.4999999972980794,0.499999997309772,0.49999999732220257,0.49999999741485157,0.4999999974412708,0.49999999742801815,0.49999999739652484,0.4999999974511844,0.49999999744598356,0.49999999738581363,0.4999999974013262,0.4999999974088811,0.49999999740524054,0.4999999973931503,0.49999999738332757,0.49999999738487755,0.4999999974201482,0.4999999974300304,0.49999999743498796,0.499999997321176,0.3608677613660355,0.4999999981791159,0.49999999801376405,0.49999999806161466,0.4999999980683427,0.4999999980912427,0.49999999811508006,0.499999998263608,0.4999999982975957,0.4999999982756633,0.4999999982340503,0.49999999830219266,0.49999999830435005,0.49999999821614605,0.4999999982387957,0.49999999824869984,0.4999999982444066,0.49999999822858804,0.4999999982140376,0.49999999821571195,0.49999999826792096,0.4999999982822799,0.499999998273003,0.4999999981123036,5.395298795636203e-10,5.395298153384742e-10,5.395298153384742e-10,5.395298153384742e-10,5.395298153384742e-10,5.395298795636203e-10,0.06116386737527384,0.24465547296054052,0.4999999964728998,0.4999999964561616,0.49999999638300513,0.4999999965056168,0.49999999650898197,0.4999999963508473,0.4999999963942303,0.499999996412962,0.49999999640445425,0.4999999963714747,0.49999999634182446,0.49999999634774545,0.49999999644563486,0.49999999645613735,0.4999999964609917,0.4999999961495786,0.49181381970797894,0.49999999406933954,0.4999999895882953,0.4999999918453329,0.49999999212267865,0.49999999273083856,0.49999999324509375,0.49999999463691436,0.4999999948025643,0.4999999947316778,0.49999999449846066,0.49999999487119257,0.49999999485060237,0.4999999943975086,0.4999999945514452,0.49999999461411515,0.4999999945827213,0.499999994467689,0.4999999943576348,0.4999999943840721,0.4999999946926775,0.4999999946570258,0.499999994767261,0.4999999933466872,-1.7266980879615056e-9,-1.7266979189306131e-9,-1.7266979189306131e-9,-1.7266979189306131e-9,-1.7266979189306131e-9,-1.7266979189306131e-9,-1.7266980879615056e-9,0.09749767022740534,0.389990687293859,0.4999999950525717,0.49999999489392205,0.49999999519010385,0.49999999519330046,0.49999999481817453,0.49999999493135927,0.4999999949787521,0.4999999949560999,0.49999999486922725,0.4999999947877636,0.4999999948071846,0.4999999950530569,0.4999999950518703,0.49999999509066584,0.4999999941917188]
