WARNING: Method definition require(Symbol) in module Base at loading.jl:345 overwritten in module ConicBenchmarkUtilities at /home/ubuntu/.julia/v0.5/Requires/src/require.jl:12.
#SOLVERNAME# PAJ_NEW_MSD_CPLEX_tols_MOSEK
#SOLVER# Pajarito.PajaritoSolver(2,3600.0,1.0e-5,true,CPLEX.CplexSolver(Any[(:CPX_PARAM_THREADS,1),(:CPX_PARAM_TILIM,3600.0),(:CPX_PARAM_EPINT,1.0e-8),(:CPX_PARAM_EPRHS,1.0e-8),(:CPX_PARAM_SCRIND,0),(:CPX_PARAM_EPGAP,1.0e-5)]),CPLEX.CplexSolver(Any[]),0,false,true,Mosek.MosekMathProgSolverInterface.MosekSolver(Any[(:LOG,0),(:NUM_THREADS,1),(:OPTIMIZER_MAX_TIME,120.0)]),true,false,false,true,false,true,false,true,true,true,true,false,false,true,false,false,false,true,1.0e-8,1.0e-6,1.0e-6,0.01,1.0e-6)
#INSTANCE# robust_200_0.cbf.gz
#TIMELIMIT# 3600.0

Transforming original data......Done     0.01s

Creating conic model data......Done     0.03s

Creating MIP model......Done     0.11s

Cone types summary:
Cone       | Count    | Min dim  | Max dim 
       SOC |        2 |      202 |      202

Solving conic relaxation......Done     0.13s
 - Relaxation status    =        Optimal
 - Relaxation objective =      -0.148436

Creating conic subproblem model......Done

Starting MIP-solver-driven outer approximation algorithm

Pajarito MICP solve summary:
 - Total time (s)       =       5.88e+02
 - Status               =        Optimal
 - Best feasible obj.   =  -1.410895e-01
 - Final OA obj. bound  =  -1.410898e-01
 - Relative opt. gap    =      1.911e-06
 - Conic solve count    =             14
 - Feas. solution count =             12
 - Integer repeat count =             13

Timers (s):
 - Setup                =       2.96e-01
 -- Transform data      =       1.23e-02
 -- Create conic data   =       2.80e-02
 -- Create MIP data     =       1.07e-01
 -- Load/solve relax    =       1.35e-01
 - MIP-driven algorithm =       5.88e+02
 -- Solve conic model   =       2.25e-01

#STATUS# Optimal
#OBJVAL# -0.14108950590762043
#OBJBOUND# -0.14108977558050573
#TIMESOLVER# 587.9515721797943
#TIMEALL# 587.951868057251
#SOLUTION# [0.14108950590762043,0.0,0.0,-0.0,0.0,-0.0,0.0,-0.0,0.0,-0.0,0.0,-0.0,0.0,-0.0,0.0,-0.0,0.0,-0.0,0.0,-0.0,0.0,-0.0,0.0,-0.0,0.0,-0.0,0.0,-0.0,0.0,-0.0,0.0,-0.0,0.0,-0.0,0.0,-0.0,0.0,-0.0,0.0,-0.0,0.0,-0.0,0.0,-0.0,0.0,-0.0,0.0,-0.0,0.0,-0.0,0.0,-0.0,0.0,-0.0,0.09651250157604728,1.0,0.0,-0.0,0.0,-0.0,0.0,-0.0,0.0,-0.0,0.0,-0.0,0.0,-0.0,0.0,-0.0,0.0,-0.0,0.0,-0.0,0.0,-0.0,0.0,-0.0,0.0,-0.0,0.0,-0.0,0.0,-0.0,0.0,-0.0,0.0,-0.0,0.0,-0.0,0.0,-0.0,0.0,-0.0,0.0,-0.0,0.0,-0.0,0.0,-0.0,0.0,-0.0,0.0,-0.0,0.0,-0.0,0.0,-0.0,0.0,-0.0,0.0,-0.0,0.0,-0.0,0.0,-0.0,0.0,-0.0,0.0,-0.0,0.0,-0.0,0.0,-0.0,0.0,-0.0,0.0,-0.0,0.0,-0.0,0.0,-0.0,0.0,-0.0,0.0,-0.0,0.0,-0.0,0.0,-0.0,0.0,-0.0,0.0,-0.0,0.0,-0.0,0.0,-0.0,0.0,-0.0,0.0,-0.0,0.0,-0.0,0.0,-0.0,0.0,-0.0,0.0,-0.0,0.0,-0.0,0.0,-0.0,0.0,-0.0,0.0,-0.0,0.0,-0.0,0.0,-0.0,0.0,-0.0,0.0,-0.0,0.029592604537990397,1.0,0.0,-0.0,0.0,-0.0,0.0,-0.0,0.0,-0.0,0.0,-0.0,0.0,-0.0,0.23959800183876942,1.0,0.0,-0.0,0.0,-0.0,0.0,-0.0,0.0,-0.0,0.0,-0.0,0.0,-0.0,0.0,-0.0,0.0,-0.0,0.0,-0.0,0.0,-0.0,0.0,-0.0,0.0,-0.0,0.0,-0.0,0.0,-0.0,0.0,-0.0,0.0,-0.0,0.0,-0.0,0.0,-0.0,0.0,-0.0,0.0,-0.0,0.0,-0.0,0.0,-0.0,0.0,-0.0,0.0,-0.0,0.0,-0.0,0.0,-0.0,0.0,-0.0,0.0,-0.0,0.0,-0.0,0.1137587815912728,1.0,0.0,-0.0,0.0,-0.0,0.0,-0.0,0.0,-0.0,0.0,-0.0,0.04746807076920306,1.0,0.0,-0.0,0.0,-0.0,0.0,-0.0,0.0,-0.0,0.0,-0.0,0.0,-0.0,0.0,-0.0,0.0,-0.0,0.0,-0.0,0.11840485186932614,1.0,0.0,-0.0,0.0,-0.0,0.0,-0.0,0.0,-0.0,0.0,-0.0,0.0,-0.0,0.0,0.0,0.0,-0.0,0.0,-0.0,0.0,-0.0,0.09251387946154217,1.0,0.0,-0.0,0.0,-0.0,0.0,-0.0,0.0,-0.0,0.0,-0.0,0.0,-0.0,0.0,-0.0,0.0,-0.0,0.0,-0.0,0.0,-0.0,0.0,-0.0,0.0,-0.0,0.0,-0.0,0.0864685642728301,1.0,0.0,-0.0,0.0,-0.0,0.09901734986468783,1.0,0.0,-0.0,0.0,-0.0,0.0,-0.0,0.0,-0.0,0.0,-0.0,0.0,-0.0,0.0,-0.0,0.0,-0.0,0.0,-0.0,0.0,-0.0,0.0,-0.0,0.0,-0.0,0.0,-0.0,0.0,-0.0,0.0,-0.0,0.0,0.0,0.0,-0.0,0.0,-0.0,0.0,-0.0,0.0,-0.0,0.0,-0.0,0.0,-0.0,0.0,-0.0,0.0,-0.0,0.07666539421833081,1.0,0.0,-0.0,0.0,-0.0,0.0,-0.0,0.0,-0.0,0.0,-0.0,0.0,-0.0,1.0,0.018103387462973502,0.0030208705387158715,0.028167221381406444,0.007591335259534434,0.004108973878883352,-0.00439762606659191,0.012596137775911398,0.011114335148014253,0.015381728971792383,0.014725389333410128,0.00901690223760221,0.00806096965399163,0.0070347563025113195,-0.004947800686293349,0.010658202827908555,0.0027538361917813967,0.027209240702443134,0.0031489329402935888,0.005614642633024725,-0.0006398764796699517,0.010931858828261715,0.008383710663672255,0.019286061030664204,0.004619957209091475,0.006269318456251154,0.004510904173718679,0.04554209456801625,0.0017848657947943886,0.005121912752537986,0.0051614269804702,0.007797416865764007,-0.00011110472688337716,0.003325081339536136,0.007327196232657914,0.006602910400379411,0.0069262516703716345,0.004686102767445187,0.013340720096064965,0.005409873085151543,0.01638027795868619,-0.002484079865469874,0.01090039326575241,0.008589280172961709,0.008355386809736763,0.01495447673412534,0.0039730920333706865,0.007200056170400947,-0.0021320440060920405,0.01658333532853284,0.003920308445856017,0.0077598758111676915,-0.0038904962085656073,0.012554186991121147,0.006731288393973271,0.004926649669040205,0.005167174204805566,0.016424504934173016,0.00962746932647648,0.009693108250288476,0.0011159015938497845,0.0027196696882813313,0.0112243897022955,-0.0007083224960755736,0.005481197258729712,0.002489343112308298,0.005440517718325111,0.0060537757612567425,-0.002022439214033101,0.005143090095134218,0.0035025181851373673,0.007996997093162051,0.0030138168128496607,0.01623360122171365,0.018632768901223926,0.008545692776273478,0.005755151767585598,-0.00471828565780295,0.011548778510734195,0.0020611387001119863,-9.205109895541429e-6,0.007578667891983037,0.001252315717652439,0.015177594705804147,0.009626055715816829,-0.0008110760954989267,0.009041043999302998,0.011833826646199865,0.02756896693623372,0.011005553718027913,0.002864477010445237,0.010946699642369407,0.00929426629081721,0.01419199538840556,0.0039013177086700455,0.09936304259131157,0.019879433642946837,0.0044210955182242915,-0.0010988488678939212,0.00939623705630622,0.0008595105421147673,0.01969450791274599,0.005639921763524856,0.006501692722559853,0.006620033823211281,0.012259657874494735,0.009224817781517236,0.007451571598990956,0.006136134373141875,0.002075777268661415,0.006126493598832715,0.010672431040261965,0.008255078688441247,0.009594139157710287,0.01056073542950552,0.00558357935166276,0.011440041934221924,0.014365935525155225,0.01286709559586748,0.0076644258058937535,0.006785969456080236,0.03023571293333434,0.005548235961881239,0.0035991238585118676,0.014683743592357502,0.012489271944502554,0.029096207263827153,0.024914908189675882,0.010121757828124866,0.02059506756357892,0.005101946965915841,0.03577362663581085,0.029713110147843946,0.004476972397723371,0.00971382488888104,0.004798484553022549,0.008882483781234284,-0.005236849629243147,0.013065194576085667,0.0036155839612912197,0.00013022235789438832,0.011482740356495881,0.011753960706866875,0.01901309657632012,0.0038968720669937205,0.01751127031354858,-0.0018988425936278083,0.004484947271536014,0.008180480473144387,0.006352271877493977,0.011306428763810107,-0.002831795354007553,0.024012574721407973,0.008181474043168024,0.010514971446217132,0.008594144834926033,0.00324298708683392,0.006540536580085226,0.007697461669557873,0.006717069903092492,-0.005714918836304405,0.004233001026810793,0.0025115165765441363,0.00849440535940567,0.016167003597862117,0.022481255131879728,0.035165208131855565,0.0023939025312993308,0.00963057638097746,0.049458025650372266,0.006707260248797324,0.023790750786160178,0.004064141041630316,0.011548137696968122,0.012241396058558545,0.003696764205180104,0.0199700014072446,0.0028283648039852034,0.010606464713137932,0.011980148014396012,-0.00997609766576831,-0.0034217794040841457,0.008460325197815411,-0.0006831402738033004,0.0010118417089071763,0.002642879043811105,0.010727896474415856,0.006963673222644989,-0.004130419898734442,0.00375214886957874,0.006856322503142719,0.008460013573494135,0.006617655388114971,0.006207572951269975,0.0327483131999681,0.005977180591807344,0.01075307664527852,0.008058055054798006,-0.0001105000646176356,0.008095762140443856,0.0035888952869138086,0.0,0.2,0.0047033980312430855,0.0007848451884223584,0.007318058781069531,0.001972286755020613,0.0010675427287826385,-0.0011425367670013888,0.003272572591053848,0.0028875889753073045,0.0039962904131177245,0.0038257683730017374,0.002342659920363331,0.002094301349851777,0.0018276833002239413,-0.0012854763261569901,0.0027690823222926405,0.0007154676299798392,0.007069168099801934,0.0008181167763301846,0.0014587269460095318,-0.0001662447859999147,0.002840180236761559,0.0021781519238135696,0.005010665637445597,0.0012003000922401245,0.0016288167142602566,0.0011719672825460418,0.011832183251230616,0.00046372173619144445,0.0013307119678973175,0.0013409780654555993,0.0020258283268984327,-2.886585478584832e-5,0.0008638814729115535,0.0019036614227949398,0.0017154864436966562,0.001799492969863544,0.0012174852124072603,0.0034660207523911895,0.0014055262569024384,0.004255721049980574,-0.0006453828805562373,0.0028320052438143596,0.0022315604490033615,0.00217079317070141,0.0038852870256141743,0.0010322395897426795,0.0018706294656775043,-0.0005539212813798131,0.0043084769022005654,0.001018526011435775,0.002016074874804627,-0.0010107805649831436,0.0032616734574515247,0.0017488400248106357,0.001279981130680282,0.0013424712381429954,0.004267211555272288,0.002501289903262359,0.0025183433959113147,0.00028991973852191964,0.0007065909119835345,0.0029161819872576982,-0.00018402758270115303,0.0014240568207634068,0.0006467503121985533,0.0014134879661423902,0.0015728170794231159,-0.000525445121087641,0.001336214002901746,0.0009099809176644598,0.0020776807909955296,0.0007830125766790244,0.004217613315868509,0.004840935363402051,0.0022202361111561216,0.0014952322900046973,-0.0012258465725897626,0.00300046067188855,0.0005354995425013463,-2.3915577100628357e-6,0.0019689956763934867,0.0003253611675155906,0.003943254775070571,0.002500922636442422,-0.0002107237509252748,0.002348932134041984,0.003074518349890553,0.007162627716932569,0.0028593267307589505,0.0007442129578786728,0.002844035993368694,0.002414721215214758,0.003687188561024456,0.001013592073186138,0.025815275724430257,0.0051648283643001384,0.0011486343093979714,-0.0002854893103541805,0.002441213997223723,0.00022330738928898647,0.005116783250242611,0.001465294656770293,0.001689189319600209,0.0017199352394408585,0.003185152548310061,0.002396677963225248,0.0019359750908543283,0.0015942144744597979,0.0005393027541659641,0.0015917097278145393,0.002772778920303001,0.00214473235632679,0.0024926304714029276,0.002743759549386158,0.001450656468775482,0.0029722100806210796,0.0037323795341720678,0.003342969497684068,0.0019912762359954317,0.0017630465814857097,0.007855468650532571,0.001441473986751732,0.0009350798078537886,0.003814948492086792,0.0032448080336046395,0.007559416393276964,0.006473083027564223,0.002629709823034909,0.005350755510800777,0.001325524704372453,0.00929426083563145,0.007719692464049854,0.0011631515485389416,0.002523725736501985,0.0012466828567750032,0.0023077369809740853,-0.00136057344441371,0.0033944371224796893,0.0009393562679969948,3.383276101844241e-5,0.002983303456167152,0.003053768570164335,0.0049397473919107,0.0010124370615890376,0.004549561483222631,-0.0004933337771600594,0.001165223481531831,0.0021253511714666314,0.001650368645298259,0.002937496360653432,-0.0007357220144691384,0.00623864991571541,0.002125609308534101,0.0027318697177476643,0.0022328243252591933,0.0008425527604031258,0.0016992812498174107,0.0019998592051487627,0.0017451459525205906,-0.0014847794678433477,0.0010997659270419874,0.0006525111471951931,0.002206911249388413,0.004200310745644542,0.005840801415954648,0.009136189071459204,0.000621954121887361,0.0025020971397060323,0.012849571990264786,0.0017425973295720795,0.006181018366786443,0.0010558948159843768,0.003000294183591245,0.0031804079893489865,0.0009604475140466481,0.0051883585596846655,0.0007348307314250938,0.0027556403657774914,0.003112533756465691,-0.002591866202753425,-0.000889004367022716,0.0021980569636708856,-0.00017748504943716336,0.00026288418735635006,0.0006866401173267311,0.0027871892628137654,0.0018092153743397015,-0.0010731145681786938,0.0009748368719542113,0.0017813248392787163,0.002197976001301519,0.0017193173038797772,0.001612774761499704,0.008508261348670927,0.0015529170706545825,0.0027937312630976264,0.0020935441147617246,-2.8708758924859707e-5,0.0021033407029872123,0.000932422346999709,0.0,0.05196148730099066]
WARNING: For the MIP-solver-driven algorithm, optimality tolerance must be specified as MIP solver option, not Pajarito option
WARNING: When using primal cuts, primal cut zero tolerance should be at least 1e-5 to avoid numerical issues
WARNING: For the MIP-solver-driven algorithm, optimality tolerance must be specified as MIP solver option, not Pajarito option
WARNING: When using primal cuts, primal cut zero tolerance should be at least 1e-5 to avoid numerical issues
