WARNING: Method definition require(Symbol) in module Base at loading.jl:345 overwritten in module ConicBenchmarkUtilities at /home/ubuntu/.julia/v0.5/Requires/src/require.jl:12.
error in running finalizer: CPLEX.CplexError(code=1804, msg="CPLEX Error  1804: Calling routines not allowed in informational callback.
")
#SOLVERNAME# PAJ_MSD_CPLEX_0GAP_MOSEK
#SOLVER# Pajarito.PajaritoSolver(2,3600.0,1.0e-5,true,CPLEX.CplexSolver(Any[(:CPX_PARAM_THREADS,1),(:CPX_PARAM_TILIM,3600.0),(:CPX_PARAM_SCRIND,0),(:CPX_PARAM_EPGAP,0.0)]),MathProgBase.DefaultMIPSolver(),0,false,true,Mosek.MosekMathProgSolverInterface.MosekSolver(Any[(:LOG,0),(:NUM_THREADS,1),(:OPTIMIZER_MAX_TIME,120.0)]),true,false,false,true,false,true,false,true,true,true,true,false,false,true,false,false,false,false,1.0e-10,0.0001,1.0e-6,0.01,1.0e-6)
#INSTANCE# pp-n1000-d10.cbf.gz
#TIMELIMIT# 3600.0

Transforming original data......Done     0.01s

Creating conic model data......Done     0.00s

Creating MIP model......Done     0.06s

Cone types summary:
Cone       | Count    | Min dim  | Max dim 
       SOC |     1000 |        3 |        3

Solving conic relaxation......Done     0.10s
 - Relaxation status    =        Optimal
 - Relaxation objective =    7330.100925

Creating conic subproblem model......Done     0.00s

Starting MIP-solver-driven outer approximation algorithm

Pajarito MICP solve summary:
 - Total time (s)       =       3.60e+03
 - Status               =     Suboptimal
 - Best feasible obj.   =  +7.345847e+03
 - Final OA obj. bound  =  +7.331477e+03
 - Relative opt. gap    =      1.956e-03
 - Conic solve count    =             53
 - Feas. solution count =             53
 - Integer repeat count =             49

Timers (s):
 - Setup                =       2.08e-01
 -- Transform data      =       1.36e-02
 -- Create conic data   =       1.71e-03
 -- Create MIP data     =       6.30e-02
 -- Load/solve relax    =       9.60e-02
 - MIP-driven algorithm =       3.60e+03
 -- Solve conic model   =       1.74e+00
 -- Process conic data  =       1.09e-01
 -- Add conic solution  =       4.50e-02
 -- Add dual cuts       =       1.53e+00
 -- Use outer inf/cuts  =       5.39e-01

#STATUS# Suboptimal
#OBJVAL# 7345.8473111910625
#OBJBOUND# 7331.477018175604
#TIMESOLVER# 3600.060534954071
#TIMEALL# 3600.0641391277313
#SOLUTION# [5.0,3.0,6.0,9.0,6.0,7.0,9.0,3.0,2.0,7.0,4.0,4.0,7.0,3.0,4.0,4.0,2.0,10.0,7.0,4.0,8.0,7.0,5.0,3.0,4.0,5.0,4.0,2.0,5.0,4.0,8.0,8.0,3.0,5.0,3.0,5.0,3.0,7.0,4.0,3.0,4.0,3.0,4.0,7.0,4.0,5.0,4.0,4.0,4.0,5.0,4.0,6.0,9.0,2.0,2.0,4.0,6.0,3.0,5.0,4.0,4.0,7.0,7.0,3.0,7.0,7.0,15.0,5.0,7.0,9.0,8.0,5.0,7.0,3.0,6.0,4.0,7.0,7.0,5.0,8.0,3.0,9.0,6.0,6.0,1.0,6.0,7.0,2.0,13.0,10.0,8.0,11.0,4.0,11.0,8.0,8.0,8.0,10.0,7.0,3.0,9.0,4.0,9.0,10.0,4.0,6.0,7.0,15.0,5.0,7.0,2.0,6.0,6.0,3.0,4.0,8.0,2.0,7.0,6.0,4.0,4.0,5.0,9.0,7.0,5.0,7.0,7.0,4.0,4.0,7.0,3.0,7.0,5.0,6.0,4.0,5.0,5.0,5.0,6.0,6.0,4.0,4.0,2.0,3.0,7.0,2.0,10.0,3.0,9.0,3.0,3.0,4.0,4.0,3.0,12.0,10.0,3.0,9.0,8.0,10.0,3.0,4.0,5.0,3.0,4.0,9.0,2.0,9.0,5.0,6.0,10.0,7.0,4.0,6.0,9.0,4.0,4.0,9.0,9.0,7.0,2.0,6.0,6.0,5.0,8.0,2.0,2.0,5.0,3.0,3.0,7.0,7.0,7.0,6.0,2.0,5.0,6.0,5.0,2.0,8.0,3.0,10.0,7.0,9.0,10.0,3.0,3.0,10.0,3.0,8.0,2.0,6.0,13.0,4.0,6.0,6.0,2.0,5.0,7.0,5.0,7.0,4.0,4.0,3.0,4.0,5.0,8.0,4.0,7.0,6.0,6.0,10.0,7.0,4.0,7.0,9.0,3.0,3.0,3.0,2.0,5.0,3.0,5.0,10.0,2.0,5.0,4.0,1.0,8.0,7.0,4.0,7.0,10.0,9.0,5.0,5.0,4.0,7.0,7.0,7.0,7.0,4.0,5.0,7.0,8.0,3.0,4.0,7.0,3.0,9.0,6.0,2.0,5.0,8.0,4.0,5.0,10.0,2.0,3.0,4.0,3.0,3.0,6.0,6.0,11.0,7.0,6.0,6.0,2.0,5.0,7.0,4.0,12.0,4.0,7.0,4.0,6.0,1.0,5.0,2.0,3.0,6.0,4.0,3.0,3.0,4.0,4.0,11.0,6.0,5.0,6.0,8.0,6.0,8.0,8.0,6.0,4.0,3.0,6.0,3.0,8.0,4.0,3.0,6.0,3.0,5.0,7.0,5.0,8.0,6.0,6.0,3.0,4.0,6.0,5.0,9.0,6.0,9.0,3.0,3.0,8.0,5.0,9.0,8.0,6.0,11.0,7.0,7.0,10.0,2.0,4.0,4.0,7.0,7.0,3.0,9.0,8.0,5.0,4.0,8.0,10.0,3.0,8.0,3.0,2.0,12.0,4.0,5.0,7.0,9.0,6.0,5.0,7.0,2.0,3.0,5.0,8.0,6.0,8.0,9.0,7.0,5.0,6.0,2.0,6.0,4.0,5.0,5.0,3.0,10.0,3.0,5.0,13.0,9.0,2.0,10.0,7.0,7.0,3.0,9.0,3.0,4.0,3.0,9.0,2.0,8.0,6.0,7.0,5.0,4.0,3.0,8.0,4.0,8.0,7.0,7.0,11.0,2.0,4.0,4.0,6.0,6.0,13.0,6.0,5.0,4.0,3.0,5.0,4.0,6.0,3.0,7.0,3.0,4.0,3.0,6.0,8.0,4.0,3.0,7.0,3.0,7.0,9.0,3.0,2.0,6.0,2.0,6.0,3.0,4.0,4.0,4.0,6.0,2.0,6.0,5.0,5.0,6.0,5.0,5.0,7.0,5.0,8.0,2.0,2.0,4.0,5.0,9.0,12.0,2.0,3.0,5.0,5.0,6.0,7.0,4.0,5.0,5.0,10.0,4.0,8.0,3.0,6.0,4.0,9.0,3.0,3.0,3.0,12.0,8.0,9.0,4.0,8.0,8.0,4.0,6.0,8.0,4.0,4.0,2.0,4.0,7.0,5.0,5.0,3.0,4.0,5.0,7.0,3.0,2.0,2.0,5.0,8.0,5.0,6.0,7.0,9.0,5.0,3.0,3.0,8.0,7.0,4.0,8.0,6.0,3.0,6.0,5.0,7.0,8.0,5.0,2.0,3.0,6.0,7.0,6.0,5.0,5.0,2.0,10.0,3.0,2.0,4.0,12.0,8.0,7.0,5.0,7.0,5.0,6.0,5.0,8.0,5.0,8.0,3.0,5.0,3.0,3.0,4.0,7.0,2.0,7.0,4.0,6.0,9.0,11.0,3.0,5.0,6.0,4.0,6.0,3.0,4.0,8.0,3.0,9.0,2.0,4.0,5.0,11.0,4.0,3.0,2.0,4.0,5.0,10.0,5.0,12.0,5.0,5.0,4.0,10.0,5.0,8.0,4.0,7.0,7.0,3.0,5.0,6.0,9.0,8.0,6.0,8.0,4.0,4.0,6.0,2.0,5.0,2.0,7.0,7.0,5.0,9.0,7.0,4.0,10.0,7.0,8.0,10.0,8.0,5.0,2.0,6.0,4.0,7.0,3.0,3.0,7.0,12.0,2.0,6.0,8.0,6.0,8.0,5.0,7.0,7.0,8.0,11.0,4.0,9.0,7.0,6.0,5.0,7.0,5.0,7.0,4.0,7.0,7.0,5.0,3.0,11.0,6.0,6.0,6.0,6.0,8.0,5.0,3.0,6.0,5.0,6.0,6.0,9.0,3.0,4.0,5.0,9.0,3.0,3.0,2.0,4.0,9.0,5.0,6.0,5.0,4.0,6.0,5.0,6.0,8.0,5.0,7.0,4.0,7.0,8.0,3.0,13.0,8.0,4.0,4.0,8.0,4.0,10.0,4.0,3.0,7.0,8.0,4.0,7.0,8.0,8.0,6.0,4.0,7.0,3.0,2.0,6.0,5.0,4.0,11.0,8.0,5.0,11.0,5.0,4.0,3.0,4.0,4.0,3.0,8.0,3.0,6.0,7.0,4.0,7.0,6.0,7.0,9.0,5.0,8.0,6.0,7.0,2.0,5.0,2.0,5.0,6.0,9.0,7.0,3.0,11.0,3.0,7.0,1.0,2.0,8.0,6.0,5.0,4.0,3.0,4.0,6.0,3.0,8.0,5.0,4.0,5.0,6.0,6.0,6.0,3.0,4.0,4.0,15.0,4.0,6.0,6.0,7.0,6.0,6.0,5.0,6.0,4.0,5.0,10.0,8.0,2.0,5.0,4.0,4.0,6.0,6.0,6.0,3.0,3.0,5.0,6.0,6.0,5.0,5.0,8.0,5.0,5.0,5.0,10.0,4.0,8.0,8.0,9.0,7.0,4.0,3.0,4.0,4.0,4.0,9.0,8.0,3.0,4.0,4.0,2.0,5.0,4.0,7.0,4.0,3.0,5.0,4.0,6.0,9.0,13.0,6.0,8.0,8.0,4.0,4.0,4.0,5.0,5.0,3.0,2.0,3.0,5.0,7.0,6.0,5.0,4.0,4.0,5.0,9.0,7.0,8.0,4.0,6.0,8.0,12.0,5.0,5.0,6.0,3.0,3.0,9.0,3.0,5.0,5.0,2.0,7.0,2.0,10.0,13.0,5.0,3.0,3.0,5.0,3.0,5.0,2.0,6.0,6.0,3.0,2.0,6.0,3.0,8.0,5.0,6.0,6.0,6.0,9.0,4.0,4.0,6.0,5.0,2.0,7.0,6.0,5.0,7.0,4.0,9.0,4.0,6.0,5.0,3.0,3.0,6.0,12.0,4.0,6.0,9.0,5.0,8.0,4.0,7.0,6.0,5.0,3.0,8.0,5.0,11.0,3.0,3.0,9.0,3.0,5.0,6.0,4.0,8.0,3.0,8.0,10.0,5.0,3.0,5.0,5.0,3.0,3.0,7.0,8.0,10.0,5.0,7.0,6.0,5.0,7.0,3.0,9.0,5.0,4.0,7.0,5.0,7.0,3.0,9.0,2.0,8.0,6.0,9.0,3.0,4.0,8.0,8.0,4.0,2.0,6.0,6.0,5.0,5.0,2.0,6.0,6.0,2.0,4.0,8.0,3.0,3.0,3.0,4.0,4.0,5.0,5.0,5.0,7.0,6.0,10.0,6.0,7.0,3.0,3.0,3.0,3.0,4.0,4.0,6.0,6.0,11.0,7.0,5.0,9.0,8.0,4.0,4.0,9.0,5.0,7.0,12.0,5.0,0.20000002031667474,0.33333337478453684,0.16666667623196485,0.11111112786201893,0.1666666821115328,0.14285715374080077,0.11111112905564013,0.3333333325365371,0.5000000495711094,0.14285717547244214,0.25000000246013165,0.2500000101053663,0.14285715823635492,0.3333333465292525,0.2500000170591594,0.25000000322437765,0.5000000436322631,0.10000002729852753,0.1428571546023818,0.25000000200716466,0.12500001419169937,0.1428571560880174,0.2000000128334234,0.333333403982786,0.25000000495326535,0.20000000946470742,0.2500000048381361,0.5000000124252015,0.2000000082574216,0.2500000032918619,0.12500001334003308,0.12500001670994987,0.33333353907997054,0.20000000584912936,0.33333334272730575,0.20000000591565836,0.33333334098384704,0.14285715531341037,0.25000000962005053,0.33333341082454826,0.25000001496285096,0.3333333528603002,0.25000000153145185,0.14285715299030155,0.25000000183919324,0.2000000068035357,0.25000000783732546,0.25000005959254157,0.25000000701075864,0.20000001134281664,0.25000000259645594,0.1666667023139512,0.11111112699866155,0.5000000066332833,0.5000000607942028,0.250000002350955,0.16666667437821658,0.3333333506322713,0.20000000530151674,0.250000004606302,0.25000000885754625,0.1428571528829714,0.1428571551352693,0.33333336537855107,0.14285715214500172,0.14285715288050138,0.06666670145727238,0.2000000569440301,0.142857153959981,0.11111112764056763,0.12500001328138843,0.20000000921242478,0.14285715487519912,0.33333341947063255,0.16666667369065635,0.25000000689944146,0.14285715620841977,0.14285715305110536,0.20000003405802413,0.12500001348613043,0.33333334279686344,0.11111112691808778,0.16666667396476686,0.16666667482726005,1.0000000201782016,0.1666666727858077,0.14285715365297058,0.5000000104824229,0.07692310916221423,0.10000002110640516,0.125000012577412,0.09090911261265866,0.25000003481380917,0.09090911324800466,0.12500001516553194,0.12500002114807618,0.12500001397713056,0.10000001923879509,0.14285715325666448,0.3333333569359036,0.11111112669986412,0.250000002327988,0.1111111277951391,0.10000001882600529,0.25000001181783116,0.1666666780481787,0.14285715966721746,0.06666670436079158,0.20000000461177425,0.14285716001621118,0.5000000618063039,0.16666667409773694,0.16666667528357948,0.3333333496267161,0.25000000875239214,0.12500001362121882,0.5000000143051615,0.1428571532981131,0.16666668405868812,0.25000004318711566,0.2500000088554324,0.200000006967457,0.11111112765692965,0.14285715288283374,0.2000000127860737,0.1428571535310459,0.1428571556528162,0.2500000066647696,0.2500000044696695,0.14285715287286305,0.3333333475701936,0.14285715361126705,0.2000000088391385,0.16666667614903563,0.2500000101298636,0.20000000977459287,0.20000000555280906,0.20000000395286133,0.16666667501465948,0.16666667421279513,0.250000005119686,0.2500000065665966,0.5000000045321689,0.3333333385513102,0.14285715639229668,0.500000058561153,0.10000002005084951,0.3333333662061144,0.11111112762041842,0.33333333761643935,0.3333333346311651,0.250000049645255,0.25000003526464987,0.3333333806516703,0.08333336931850965,0.1000000187150647,0.3333333456642218,0.11111112676708679,0.1250000145468979,0.10000001966470151,0.333333342697121,0.25000000253817367,0.2000000044422494,0.33333334500176504,0.2500000057585874,0.11111112666505996,0.500000031820093,0.11111112725184391,0.2000000059043403,0.16666667396532997,0.10000001984431961,0.14285715383510578,0.2500000071575941,0.1666666733761213,0.11111112675700952,0.2500000037018979,0.2500000017350277,0.11111112788540467,0.11111113984304843,0.14285716204621846,0.5000002987379089,0.16666668672088747,0.16666667400607604,0.2000000035700431,0.125000014165094,0.5000000140674827,0.5000000110850171,0.2000000304235865,0.3333333415952504,0.33333341262021676,0.14285715290616974,0.14285715834956036,0.1428571526983351,0.16666669014418467,0.5000000130675215,0.20000001689938518,0.16666669197782635,0.20000000852770672,0.5000000769824529,0.12500001354703016,0.3333333455336205,0.10000001877257247,0.14285715588405168,0.11111113464816214,0.1000000186484229,0.3333333529813838,0.3333333436030226,0.1000000245269792,0.3333333418868949,0.12500001376529024,0.5000000467707078,0.16666668113110994,0.07692310611822961,0.2500000065621042,0.16666668252624106,0.16666667415226843,0.5000000136056393,0.20000000487375935,0.1428571530606444,0.20000002473774714,0.14285715309525493,0.25000001445433373,0.2500000066717303,0.3333333542463417,0.2500000019515469,0.20000002045617027,0.12500001564064522,0.2500000378973044,0.14285715372962393,0.1666666827445571,0.1666666751167254,0.10000002039382494,0.14285715512306663,0.25000000256045496,0.14285715377238795,0.11111113135308237,0.3333333965862444,0.33333335069717274,0.33333333560698053,0.5000001339628566,0.2000000086118625,0.3333333667991756,0.20000001272983603,0.10000002559456256,0.5000000281403889,0.20000000677089513,0.2500000103835527,1.0000000981912007,0.12500001848926345,0.14285715214150763,0.25000000222798846,0.14285716721982578,0.10000001999096853,0.11111112726820238,0.2000000102384023,0.20000000478287117,0.25000001471114697,0.14285715416429579,0.1428571543208914,0.14285715436080704,0.14285715578888247,0.25000001181513554,0.20000001112716426,0.14285715603473825,0.12500001346266032,0.33333334091217415,0.2500000142491534,0.1428571684245865,0.3333334422460008,0.11111113021981112,0.1666666836220898,0.5000001698940404,0.20000002034334674,0.12500001365273583,0.25000000428421965,0.20000000740396207,0.1000000255903899,0.5000000130643765,0.3333333577725681,0.250000002970181,0.33333333566947454,0.33333338474061813,0.1666666840793969,0.16666667925904033,0.09090912899160841,0.14285715214895767,0.16666667495396048,0.1666666741796714,0.5000000226263193,0.20000000482505165,0.14285715286343237,0.25000000249041454,0.083333359865982,0.25000000547349144,0.1428571528598157,0.25000002352782147,0.16666669987720883,1.0000000013628336,0.2000000046168644,0.5000000115020247,0.3333333385848185,0.16666668447390975,0.25000000462494887,0.33333333863875314,0.33333334493863154,0.2500000152975126,0.25000000983726656,0.09090911990054273,0.16666667315697836,0.20000003119956578,0.16666667662854895,0.12500001258425986,0.1666666790182756,0.1250000204488213,0.1250000207650288,0.16666669613339558,0.2500000192838505,0.3333333743795004,0.16666668042779875,0.3333333807117538,0.1250000133572886,0.25000000155744795,0.3333333755383179,0.16666667427572968,0.33333334281243854,0.200000003623515,0.14285715964969725,0.20000003416916368,0.12500001740753408,0.16666667834188686,0.16666667660836154,0.3333333430310548,0.25000000263551225,0.16666667349734787,0.2000000083471063,0.11111112946921153,0.16666668126273976,0.11111113778565951,0.3333333505442857,0.3333333416895745,0.1250000125308972,0.2000000136661777,0.1111111303825627,0.12500001335845567,0.16666668195575607,0.09090911393494139,0.14285715501814877,0.14285715467384108,0.10000001979172701,0.5000000596255945,0.25000001023408913,0.25000002595955806,0.14285715464579596,0.14285715464942683,0.33333334740405673,0.11111112683750513,0.12500001338787392,0.20000000884690117,0.25000003788824143,0.1250000138326408,0.10000002098148286,0.3333333413694879,0.1250000164101035,0.3333333681369073,0.5000000327954985,0.0833333582226281,0.2500000134256286,0.20000000696608033,0.14285715600211457,0.11111113621079838,0.1666666753637669,0.20000005145349586,0.14285715288212497,0.5000000622611405,0.3333334773174701,0.20000000635326298,0.12500001623289325,0.16666668056958933,0.1250000270675624,0.11111112750072749,0.14285715583614156,0.20000000584557664,0.1666666806459718,0.5000000645921299,0.1666666745873968,0.250000053363292,0.20000000776608484,0.20000000485678004,0.33333333971498513,0.10000002411263864,0.3333333327394832,0.20000000827107645,0.07692310610467779,0.11111112720678484,0.5000000080211944,0.10000001989791585,0.14285715239331687,0.14285715303645485,0.33333335708093603,0.11111112685648905,0.3333333419349498,0.2500000043217119,0.3333333412704911,0.11111112680793056,0.500000019896782,0.12500002489088935,0.16666667747199515,0.14285715288632517,0.2000000208656454,0.25000000687221124,0.33333335155997146,0.12500001951142803,0.2500000023853959,0.12500001562651963,0.14285716427644335,0.14285715711433777,0.09090911746113584,0.5000000069327954,0.2500000090657166,0.2500000011277774,0.16666667399440271,0.16666667339843055,0.07692310472013197,0.16666667391489565,0.20000000431100684,0.25000002541088673,0.3333333388456272,0.20000000533337392,0.25000000410450474,0.16666667383696154,0.3333333378445431,0.1428571527799667,0.3333333398789802,0.25000001194340715,0.3333333356764334,0.1666666738050404,0.12500001519131754,0.2500000030063534,0.3333333536674088,0.14285715323651882,0.33333333466288995,0.14285715291877654,0.11111112664878142,0.3333333402850509,0.5000000096370207,0.1666666861988899,0.50000001957201,0.16666667357602183,0.33333334173254414,0.25000001078667866,0.25000001270234096,0.2500000018926465,0.1666666737120126,0.5000000218284701,0.16666667550562764,0.20000000427989484,0.20000000507199367,0.16666667563027726,0.20000000364334714,0.20000000502167747,0.1428571585731575,0.200000003999798,0.12500001337011923,0.5000000320539175,0.500000015409646,0.2500000041968966,0.20000001041880378,0.11111112803192569,0.08333336004385927,0.5000000176133743,0.33333335284705257,0.20000000778709737,0.20000000392248563,0.16666669828554337,0.14285717238667406,0.25000000156026303,0.2000000380626279,0.20000001273362678,0.10000002027413935,0.2500000111611711,0.12500001602094457,0.3333333417855293,0.1666666790767497,0.25000001167124,0.11111112774043086,0.33333333505883633,0.33333334234555556,0.3333333409769468,0.0833333591030847,0.12500001363369329,0.11111112760500497,0.2500000115122041,0.1250000124612125,0.12500001327865018,0.25000001544707695,0.16666667483783115,0.12500001326594834,0.2500000098505737,0.25000000436783765,0.5000000022116713,0.2500000102062274,0.14285715214785633,0.20000000380998628,0.20000001105523424,0.33333344879070737,0.25000000155256874,0.20000003257826382,0.14285715563453483,0.3333333447735747,0.5000000373635125,0.5000001015497428,0.20000000845527932,0.12500001280659223,0.20000003008828315,0.16666667424249315,0.1428571550740827,0.11111112928107403,0.2000000046649486,0.3333333496790898,0.333333371470109,0.12500001496219326,0.14285715381563335,0.2500000038216146,0.12500001457546528,0.16666668101803683,0.3333333471225437,0.16666669252064636,0.20000000652033822,0.1428571580516529,0.1250000184150979,0.20000000944456975,0.5000000232423516,0.3333333622143382,0.16666667762675225,0.14285715531717091,0.16666667435609384,0.20000001125460276,0.2000000080861506,0.5000000417231407,0.10000001999156005,0.33333334014965255,0.5000000621182783,0.25000000687323753,0.08333335809277109,0.12500001337893352,0.14285715220577622,0.20000001073482565,0.14285717318810587,0.20000001978272675,0.16666667335720664,0.200000003949512,0.12500001275754613,0.20000000619415026,0.12500002293795376,0.3333333452056637,0.20000000422494946,0.3333333742498148,0.33333333800562803,0.25000000284106516,0.14285716181522723,0.5000000108987139,0.1428571538794694,0.2500000024193989,0.1666666806093291,0.1111111276130412,0.09090911374793542,0.3333333750008083,0.20000000429798082,0.16666667383556621,0.25000000598513017,0.1666666746169012,0.3333333448087785,0.2500000372767941,0.12500002753096862,0.3333333433630612,0.11111113241166493,0.5000000170546703,0.25000000279004153,0.2000000076940074,0.09090911775136057,0.2500000031096259,0.333333365760883,0.5000000400727622,0.2500000299932026,0.20000002824552965,0.10000002843095324,0.200000008213725,0.08333336140767678,0.20000001466987705,0.200000015609187,0.2500000068516828,0.10000002051459767,0.20000001398147305,0.1250000133559972,0.25000000394018107,0.1428571540549184,0.14285715296374768,0.33333333747583094,0.2000000096856578,0.16666667336092011,0.11111113657844385,0.12500001396418892,0.16666667798411527,0.12500002216339112,0.25000000288522894,0.25000000643476383,0.1666666735012159,0.5000000771426059,0.20000003182647585,0.5000000263351962,0.14285715586984793,0.14285716066419063,0.20000000957836583,0.11111113138992046,0.1428571534652061,0.25000000766814257,0.10000002316609091,0.1428571530025451,0.12500001876435896,0.10000002403601549,0.12500001798561744,0.20000000540797114,0.5000000445441766,0.16666667352408115,0.2500000274589089,0.142857156989753,0.3333333432435257,0.333333338154838,0.14285715316508352,0.08333337184056155,0.5000000122667072,0.16666667390431922,0.12500001377960235,0.16666668317517708,0.12500001649181858,0.2000000046153838,0.14285715350839379,0.14285715413664324,0.12500001329199506,0.09090911578129202,0.2500000102378075,0.11111112876184848,0.14285715213760408,0.16666667774878885,0.20000002898150449,0.14285715219370587,0.200000016460665,0.14285716827914996,0.2500000021037767,0.1428571716767877,0.1428571613406966,0.20000000334914514,0.33333333944223265,0.0909091127781192,0.16666668453450129,0.16666667920951284,0.16666667906187715,0.16666667286422054,0.12500001449562248,0.20000000660885853,0.3333333430262053,0.16666669055609518,0.2000000125147361,0.16666667782117273,0.16666667553074,0.11111112826433356,0.3333333633931317,0.2500000011342922,0.20000000356719028,0.11111112793389033,0.3333333575390003,0.3333333913114491,0.5000000072842674,0.2500000265623479,0.11111112967844505,0.20000001547669477,0.1666666817410718,0.20000001218358143,0.25000000311917336,0.1666666734733706,0.20000000380921268,0.16666667591751416,0.12500001283272866,0.20000001363062836,0.1428571656260127,0.25000000434337943,0.14285715330331072,0.12500001554724172,0.33333339268357376,0.07692310613708742,0.12500002298696256,0.25000000156903335,0.2500000032003262,0.12500001394553006,0.25000000818221757,0.10000001863571129,0.2500000231834143,0.3333333409397725,0.1428571625046633,0.1250000145456882,0.2500000015870816,0.14285715508009122,0.1250000124790427,0.1250000174756547,0.1666666776231791,0.2500000091783754,0.14285716363930767,0.3333333895064672,0.5000002678271278,0.16666668233562287,0.20000000919883476,0.2500000146808947,0.09090911259781542,0.12500001330485588,0.2000000043217547,0.09090911570960714,0.2000000310661223,0.2500000271484084,0.3333333701343637,0.25000001630582425,0.25000000578320813,0.3333333356616044,0.12500003440218066,0.33333335168662215,0.16666667555652914,0.14285715459374337,0.2500000197128336,0.1428571531280607,0.1666666762317348,0.14285715221281148,0.11111112768129239,0.20000000801227813,0.12500001266984828,0.1666666808941164,0.14285715938664278,0.5000000668449185,0.20000000622940384,0.5000000286737412,0.20000000556704833,0.16666667952416958,0.11111112827446235,0.14285715321358072,0.33333353050181014,0.09090911465651352,0.33333333411481236,0.14285715530989584,1.000000034323631,0.5000000669359921,0.12500001317874077,0.1666666745654899,0.20000001733053008,0.2500000022614177,0.33333333857805325,0.25000001012553463,0.1666666904623355,0.33333338629308074,0.12500001643256287,0.20000000643201687,0.25000004530527997,0.20000000883035085,0.16666667450013595,0.1666666761892115,0.16666668000843732,0.3333333637216085,0.25000001473449585,0.25000000965553326,0.0666667025813279,0.25000002985245295,0.1666666779988022,0.16666667415987924,0.14285715298094281,0.16666667329709473,0.16666669320956728,0.20000001474216766,0.16666667720958284,0.25000003165579665,0.20000000651744898,0.10000002173994105,0.12500001930729354,0.5000000082307099,0.20000000808463447,0.2500000365845012,0.25000000216325535,0.16666667704646443,0.16666667492272946,0.16666668245648442,0.33333333552476496,0.33333334554672245,0.2000000114855407,0.16666668501448,0.1666666781961359,0.20000000766403936,0.2000000086032676,0.12500001403109096,0.20000001336308415,0.2000000050400823,0.20000003580319525,0.1000000340362952,0.2500000208224842,0.12500001347766876,0.12500001509460645,0.11111112896514364,0.14285715615430572,0.25000000719967064,0.33333335552945265,0.25000000782701415,0.2500000044873336,0.2500000402692466,0.11111112937990342,0.12500001612715383,0.3333333411276458,0.25000001164932506,0.25000001204645717,0.5000000202393913,0.20000000576724286,0.2500000076346067,0.14285715395318554,0.2500000128696165,0.333333335844872,0.20000001133191603,0.2500000417827253,0.16666667342292651,0.11111112691983926,0.07692310611565745,0.1666666813840907,0.12500001254764825,0.12500002803539978,0.25000003819684746,0.25000000393188637,0.2500000083873557,0.20000000658044392,0.20000000788333416,0.3333333532698326,0.5000000608270989,0.3333333429851151,0.20000001047916172,0.14285715316609515,0.16666667996285156,0.20000001516153443,0.25000000397147293,0.25000000294586444,0.20000001217511176,0.11111112757799546,0.14285715385892583,0.12500001329550425,0.25000001631763347,0.16666667911162758,0.12500001576758457,0.08333335817978416,0.20000000403476825,0.2000000127070365,0.1666666757541897,0.3333333724046641,0.33333335349280757,0.11111112840933757,0.3333333496281119,0.2000000280379437,0.20000001068203854,0.5000000092520187,0.14285715472786364,0.5000000089467473,0.10000002122790796,0.07692310845294159,0.2000000109896698,0.33333336574016936,0.33333334193409403,0.2000000061557312,0.333333351820825,0.20000002970008524,0.5000000043341208,0.1666666761117419,0.16666667370636823,0.33333340092654407,0.5000003141907259,0.16666667382206235,0.3333333520869646,0.12500001437972674,0.20000000994564449,0.1666666748989396,0.16666667441200467,0.1666666727186774,0.11111112764281472,0.2500000017027424,0.2500000065192163,0.16666667744813157,0.20000000352092684,0.5000000555057196,0.14285715343033356,0.1666666733338964,0.2000000091878933,0.14285715276100053,0.2500000062627872,0.11111112844344362,0.2500000145302077,0.16666667400385382,0.20000000522413153,0.3333333436965358,0.333333350490046,0.1666666750704513,0.0833333597208874,0.2500000021109461,0.1666666765244713,0.11111112767947695,0.2000000042357417,0.12500001330260258,0.25000000208472706,0.14285716010624583,0.16666668072688484,0.20000001628482167,0.33333333980953883,0.12500001571835906,0.2000000064073788,0.09090911561310122,0.3333334892264723,0.33333333501428397,0.11111112756362829,0.3333333465505177,0.2000000057676159,0.16666667554467018,0.2500000115672383,0.125000030225209,0.333333370510994,0.12500001325216203,0.10000002338207281,0.20000001088181474,0.3333333724500611,0.20000001113277666,0.20000001257267375,0.3333333412551056,0.33333338620751274,0.14285715253348563,0.12500003011532712,0.10000002079964965,0.20000001200133966,0.14285715446221126,0.16666667424704595,0.2000000239153188,0.1428571531647549,0.33333339020612796,0.11111113330304079,0.200000008861835,0.2500000069112902,0.1428571534125469,0.20000000699613985,0.14285715410061695,0.3333334365717535,0.11111113358112767,0.5000000553069055,0.12500001385807824,0.16666668386138994,0.11111112713604321,0.333333343917785,0.250000002668775,0.12500001486897006,0.1250000133205056,0.250000035018183,0.5000000349930007,0.16666667413928415,0.1666666785776405,0.20000001065425455,0.20000000417920738,0.5000000423721662,0.1666666760155664,0.1666666755004922,0.5000000268539364,0.250000005336783,0.1250000135923397,0.33333334745299537,0.3333333485534711,0.3333333455379912,0.2500000023358786,0.25000001237890324,0.2000000074485655,0.20000001089962893,0.20000001137569257,0.1428571565814316,0.1666666768979912,0.10000001979871342,0.16666667436604765,0.142857153021267,0.333333347415564,0.3333333400272367,0.33333334171975926,0.33333334077051546,0.25000003698025175,0.25000000792699506,0.1666666991549004,0.1666666767808529,0.0909091163353466,0.1428571557085654,0.20000000517419103,0.11111113074337986,0.12500001245848846,0.25000000364931374,0.25000001243085057,0.11111113899864122,0.200000018629523,0.14285715649970143,0.08333335808664799,0.2000000052676434,5.0,0.20000002031667474,1.41421356,3.0,0.33333337478453684,1.41421356,6.0,0.16666667623196485,1.41421356,9.0,0.11111112786201893,1.41421356,6.0,0.1666666821115328,1.41421356,7.0,0.14285715374080077,1.41421356,9.0,0.11111112905564013,1.41421356,3.0,0.3333333325365371,1.41421356,2.0,0.5000000495711094,1.41421356,7.0,0.14285717547244214,1.41421356,4.0,0.25000000246013165,1.41421356,4.0,0.2500000101053663,1.41421356,7.0,0.14285715823635492,1.41421356,3.0,0.3333333465292525,1.41421356,4.0,0.2500000170591594,1.41421356,4.0,0.25000000322437765,1.41421356,2.0,0.5000000436322631,1.41421356,10.0,0.10000002729852753,1.41421356,7.0,0.1428571546023818,1.41421356,4.0,0.25000000200716466,1.41421356,8.0,0.12500001419169937,1.41421356,7.0,0.1428571560880174,1.41421356,5.0,0.2000000128334234,1.41421356,3.0,0.333333403982786,1.41421356,4.0,0.25000000495326535,1.41421356,5.0,0.20000000946470742,1.41421356,4.0,0.2500000048381361,1.41421356,2.0,0.5000000124252015,1.41421356,5.0,0.2000000082574216,1.41421356,4.0,0.2500000032918619,1.41421356,8.0,0.12500001334003308,1.41421356,8.0,0.12500001670994987,1.41421356,3.0,0.33333353907997054,1.41421356,5.0,0.20000000584912936,1.41421356,3.0,0.33333334272730575,1.41421356,5.0,0.20000000591565836,1.41421356,3.0,0.33333334098384704,1.41421356,7.0,0.14285715531341037,1.41421356,4.0,0.25000000962005053,1.41421356,3.0,0.33333341082454826,1.41421356,4.0,0.25000001496285096,1.41421356,3.0,0.3333333528603002,1.41421356,4.0,0.25000000153145185,1.41421356,7.0,0.14285715299030155,1.41421356,4.0,0.25000000183919324,1.41421356,5.0,0.2000000068035357,1.41421356,4.0,0.25000000783732546,1.41421356,4.0,0.25000005959254157,1.41421356,4.0,0.25000000701075864,1.41421356,5.0,0.20000001134281664,1.41421356,4.0,0.25000000259645594,1.41421356,6.0,0.1666667023139512,1.41421356,9.0,0.11111112699866155,1.41421356,2.0,0.5000000066332833,1.41421356,2.0,0.5000000607942028,1.41421356,4.0,0.250000002350955,1.41421356,6.0,0.16666667437821658,1.41421356,3.0,0.3333333506322713,1.41421356,5.0,0.20000000530151674,1.41421356,4.0,0.250000004606302,1.41421356,4.0,0.25000000885754625,1.41421356,7.0,0.1428571528829714,1.41421356,7.0,0.1428571551352693,1.41421356,3.0,0.33333336537855107,1.41421356,7.0,0.14285715214500172,1.41421356,7.0,0.14285715288050138,1.41421356,15.0,0.06666670145727238,1.41421356,5.0,0.2000000569440301,1.41421356,7.0,0.142857153959981,1.41421356,9.0,0.11111112764056763,1.41421356,8.0,0.12500001328138843,1.41421356,5.0,0.20000000921242478,1.41421356,7.0,0.14285715487519912,1.41421356,3.0,0.33333341947063255,1.41421356,6.0,0.16666667369065635,1.41421356,4.0,0.25000000689944146,1.41421356,7.0,0.14285715620841977,1.41421356,7.0,0.14285715305110536,1.41421356,5.0,0.20000003405802413,1.41421356,8.0,0.12500001348613043,1.41421356,3.0,0.33333334279686344,1.41421356,9.0,0.11111112691808778,1.41421356,6.0,0.16666667396476686,1.41421356,6.0,0.16666667482726005,1.41421356,1.0,1.0000000201782016,1.41421356,6.0,0.1666666727858077,1.41421356,7.0,0.14285715365297058,1.41421356,2.0,0.5000000104824229,1.41421356,13.0,0.07692310916221423,1.41421356,10.0,0.10000002110640516,1.41421356,8.0,0.125000012577412,1.41421356,11.0,0.09090911261265866,1.41421356,4.0,0.25000003481380917,1.41421356,11.0,0.09090911324800466,1.41421356,8.0,0.12500001516553194,1.41421356,8.0,0.12500002114807618,1.41421356,8.0,0.12500001397713056,1.41421356,10.0,0.10000001923879509,1.41421356,7.0,0.14285715325666448,1.41421356,3.0,0.3333333569359036,1.41421356,9.0,0.11111112669986412,1.41421356,4.0,0.250000002327988,1.41421356,9.0,0.1111111277951391,1.41421356,10.0,0.10000001882600529,1.41421356,4.0,0.25000001181783116,1.41421356,6.0,0.1666666780481787,1.41421356,7.0,0.14285715966721746,1.41421356,15.0,0.06666670436079158,1.41421356,5.0,0.20000000461177425,1.41421356,7.0,0.14285716001621118,1.41421356,2.0,0.5000000618063039,1.41421356,6.0,0.16666667409773694,1.41421356,6.0,0.16666667528357948,1.41421356,3.0,0.3333333496267161,1.41421356,4.0,0.25000000875239214,1.41421356,8.0,0.12500001362121882,1.41421356,2.0,0.5000000143051615,1.41421356,7.0,0.1428571532981131,1.41421356,6.0,0.16666668405868812,1.41421356,4.0,0.25000004318711566,1.41421356,4.0,0.2500000088554324,1.41421356,5.0,0.200000006967457,1.41421356,9.0,0.11111112765692965,1.41421356,7.0,0.14285715288283374,1.41421356,5.0,0.2000000127860737,1.41421356,7.0,0.1428571535310459,1.41421356,7.0,0.1428571556528162,1.41421356,4.0,0.2500000066647696,1.41421356,4.0,0.2500000044696695,1.41421356,7.0,0.14285715287286305,1.41421356,3.0,0.3333333475701936,1.41421356,7.0,0.14285715361126705,1.41421356,5.0,0.2000000088391385,1.41421356,6.0,0.16666667614903563,1.41421356,4.0,0.2500000101298636,1.41421356,5.0,0.20000000977459287,1.41421356,5.0,0.20000000555280906,1.41421356,5.0,0.20000000395286133,1.41421356,6.0,0.16666667501465948,1.41421356,6.0,0.16666667421279513,1.41421356,4.0,0.250000005119686,1.41421356,4.0,0.2500000065665966,1.41421356,2.0,0.5000000045321689,1.41421356,3.0,0.3333333385513102,1.41421356,7.0,0.14285715639229668,1.41421356,2.0,0.500000058561153,1.41421356,10.0,0.10000002005084951,1.41421356,3.0,0.3333333662061144,1.41421356,9.0,0.11111112762041842,1.41421356,3.0,0.33333333761643935,1.41421356,3.0,0.3333333346311651,1.41421356,4.0,0.250000049645255,1.41421356,4.0,0.25000003526464987,1.41421356,3.0,0.3333333806516703,1.41421356,12.0,0.08333336931850965,1.41421356,10.0,0.1000000187150647,1.41421356,3.0,0.3333333456642218,1.41421356,9.0,0.11111112676708679,1.41421356,8.0,0.1250000145468979,1.41421356,10.0,0.10000001966470151,1.41421356,3.0,0.333333342697121,1.41421356,4.0,0.25000000253817367,1.41421356,5.0,0.2000000044422494,1.41421356,3.0,0.33333334500176504,1.41421356,4.0,0.2500000057585874,1.41421356,9.0,0.11111112666505996,1.41421356,2.0,0.500000031820093,1.41421356,9.0,0.11111112725184391,1.41421356,5.0,0.2000000059043403,1.41421356,6.0,0.16666667396532997,1.41421356,10.0,0.10000001984431961,1.41421356,7.0,0.14285715383510578,1.41421356,4.0,0.2500000071575941,1.41421356,6.0,0.1666666733761213,1.41421356,9.0,0.11111112675700952,1.41421356,4.0,0.2500000037018979,1.41421356,4.0,0.2500000017350277,1.41421356,9.0,0.11111112788540467,1.41421356,9.0,0.11111113984304843,1.41421356,7.0,0.14285716204621846,1.41421356,2.0,0.5000002987379089,1.41421356,6.0,0.16666668672088747,1.41421356,6.0,0.16666667400607604,1.41421356,5.0,0.2000000035700431,1.41421356,8.0,0.125000014165094,1.41421356,2.0,0.5000000140674827,1.41421356,2.0,0.5000000110850171,1.41421356,5.0,0.2000000304235865,1.41421356,3.0,0.3333333415952504,1.41421356,3.0,0.33333341262021676,1.41421356,7.0,0.14285715290616974,1.41421356,7.0,0.14285715834956036,1.41421356,7.0,0.1428571526983351,1.41421356,6.0,0.16666669014418467,1.41421356,2.0,0.5000000130675215,1.41421356,5.0,0.20000001689938518,1.41421356,6.0,0.16666669197782635,1.41421356,5.0,0.20000000852770672,1.41421356,2.0,0.5000000769824529,1.41421356,8.0,0.12500001354703016,1.41421356,3.0,0.3333333455336205,1.41421356,10.0,0.10000001877257247,1.41421356,7.0,0.14285715588405168,1.41421356,9.0,0.11111113464816214,1.41421356,10.0,0.1000000186484229,1.41421356,3.0,0.3333333529813838,1.41421356,3.0,0.3333333436030226,1.41421356,10.0,0.1000000245269792,1.41421356,3.0,0.3333333418868949,1.41421356,8.0,0.12500001376529024,1.41421356,2.0,0.5000000467707078,1.41421356,6.0,0.16666668113110994,1.41421356,13.0,0.07692310611822961,1.41421356,4.0,0.2500000065621042,1.41421356,6.0,0.16666668252624106,1.41421356,6.0,0.16666667415226843,1.41421356,2.0,0.5000000136056393,1.41421356,5.0,0.20000000487375935,1.41421356,7.0,0.1428571530606444,1.41421356,5.0,0.20000002473774714,1.41421356,7.0,0.14285715309525493,1.41421356,4.0,0.25000001445433373,1.41421356,4.0,0.2500000066717303,1.41421356,3.0,0.3333333542463417,1.41421356,4.0,0.2500000019515469,1.41421356,5.0,0.20000002045617027,1.41421356,8.0,0.12500001564064522,1.41421356,4.0,0.2500000378973044,1.41421356,7.0,0.14285715372962393,1.41421356,6.0,0.1666666827445571,1.41421356,6.0,0.1666666751167254,1.41421356,10.0,0.10000002039382494,1.41421356,7.0,0.14285715512306663,1.41421356,4.0,0.25000000256045496,1.41421356,7.0,0.14285715377238795,1.41421356,9.0,0.11111113135308237,1.41421356,3.0,0.3333333965862444,1.41421356,3.0,0.33333335069717274,1.41421356,3.0,0.33333333560698053,1.41421356,2.0,0.5000001339628566,1.41421356,5.0,0.2000000086118625,1.41421356,3.0,0.3333333667991756,1.41421356,5.0,0.20000001272983603,1.41421356,10.0,0.10000002559456256,1.41421356,2.0,0.5000000281403889,1.41421356,5.0,0.20000000677089513,1.41421356,4.0,0.2500000103835527,1.41421356,1.0,1.0000000981912007,1.41421356,8.0,0.12500001848926345,1.41421356,7.0,0.14285715214150763,1.41421356,4.0,0.25000000222798846,1.41421356,7.0,0.14285716721982578,1.41421356,10.0,0.10000001999096853,1.41421356,9.0,0.11111112726820238,1.41421356,5.0,0.2000000102384023,1.41421356,5.0,0.20000000478287117,1.41421356,4.0,0.25000001471114697,1.41421356,7.0,0.14285715416429579,1.41421356,7.0,0.1428571543208914,1.41421356,7.0,0.14285715436080704,1.41421356,7.0,0.14285715578888247,1.41421356,4.0,0.25000001181513554,1.41421356,5.0,0.20000001112716426,1.41421356,7.0,0.14285715603473825,1.41421356,8.0,0.12500001346266032,1.41421356,3.0,0.33333334091217415,1.41421356,4.0,0.2500000142491534,1.41421356,7.0,0.1428571684245865,1.41421356,3.0,0.3333334422460008,1.41421356,9.0,0.11111113021981112,1.41421356,6.0,0.1666666836220898,1.41421356,2.0,0.5000001698940404,1.41421356,5.0,0.20000002034334674,1.41421356,8.0,0.12500001365273583,1.41421356,4.0,0.25000000428421965,1.41421356,5.0,0.20000000740396207,1.41421356,10.0,0.1000000255903899,1.41421356,2.0,0.5000000130643765,1.41421356,3.0,0.3333333577725681,1.41421356,4.0,0.250000002970181,1.41421356,3.0,0.33333333566947454,1.41421356,3.0,0.33333338474061813,1.41421356,6.0,0.1666666840793969,1.41421356,6.0,0.16666667925904033,1.41421356,11.0,0.09090912899160841,1.41421356,7.0,0.14285715214895767,1.41421356,6.0,0.16666667495396048,1.41421356,6.0,0.1666666741796714,1.41421356,2.0,0.5000000226263193,1.41421356,5.0,0.20000000482505165,1.41421356,7.0,0.14285715286343237,1.41421356,4.0,0.25000000249041454,1.41421356,12.0,0.083333359865982,1.41421356,4.0,0.25000000547349144,1.41421356,7.0,0.1428571528598157,1.41421356,4.0,0.25000002352782147,1.41421356,6.0,0.16666669987720883,1.41421356,1.0,1.0000000013628336,1.41421356,5.0,0.2000000046168644,1.41421356,2.0,0.5000000115020247,1.41421356,3.0,0.3333333385848185,1.41421356,6.0,0.16666668447390975,1.41421356,4.0,0.25000000462494887,1.41421356,3.0,0.33333333863875314,1.41421356,3.0,0.33333334493863154,1.41421356,4.0,0.2500000152975126,1.41421356,4.0,0.25000000983726656,1.41421356,11.0,0.09090911990054273,1.41421356,6.0,0.16666667315697836,1.41421356,5.0,0.20000003119956578,1.41421356,6.0,0.16666667662854895,1.41421356,8.0,0.12500001258425986,1.41421356,6.0,0.1666666790182756,1.41421356,8.0,0.1250000204488213,1.41421356,8.0,0.1250000207650288,1.41421356,6.0,0.16666669613339558,1.41421356,4.0,0.2500000192838505,1.41421356,3.0,0.3333333743795004,1.41421356,6.0,0.16666668042779875,1.41421356,3.0,0.3333333807117538,1.41421356,8.0,0.1250000133572886,1.41421356,4.0,0.25000000155744795,1.41421356,3.0,0.3333333755383179,1.41421356,6.0,0.16666667427572968,1.41421356,3.0,0.33333334281243854,1.41421356,5.0,0.200000003623515,1.41421356,7.0,0.14285715964969725,1.41421356,5.0,0.20000003416916368,1.41421356,8.0,0.12500001740753408,1.41421356,6.0,0.16666667834188686,1.41421356,6.0,0.16666667660836154,1.41421356,3.0,0.3333333430310548,1.41421356,4.0,0.25000000263551225,1.41421356,6.0,0.16666667349734787,1.41421356,5.0,0.2000000083471063,1.41421356,9.0,0.11111112946921153,1.41421356,6.0,0.16666668126273976,1.41421356,9.0,0.11111113778565951,1.41421356,3.0,0.3333333505442857,1.41421356,3.0,0.3333333416895745,1.41421356,8.0,0.1250000125308972,1.41421356,5.0,0.2000000136661777,1.41421356,9.0,0.1111111303825627,1.41421356,8.0,0.12500001335845567,1.41421356,6.0,0.16666668195575607,1.41421356,11.0,0.09090911393494139,1.41421356,7.0,0.14285715501814877,1.41421356,7.0,0.14285715467384108,1.41421356,10.0,0.10000001979172701,1.41421356,2.0,0.5000000596255945,1.41421356,4.0,0.25000001023408913,1.41421356,4.0,0.25000002595955806,1.41421356,7.0,0.14285715464579596,1.41421356,7.0,0.14285715464942683,1.41421356,3.0,0.33333334740405673,1.41421356,9.0,0.11111112683750513,1.41421356,8.0,0.12500001338787392,1.41421356,5.0,0.20000000884690117,1.41421356,4.0,0.25000003788824143,1.41421356,8.0,0.1250000138326408,1.41421356,10.0,0.10000002098148286,1.41421356,3.0,0.3333333413694879,1.41421356,8.0,0.1250000164101035,1.41421356,3.0,0.3333333681369073,1.41421356,2.0,0.5000000327954985,1.41421356,12.0,0.0833333582226281,1.41421356,4.0,0.2500000134256286,1.41421356,5.0,0.20000000696608033,1.41421356,7.0,0.14285715600211457,1.41421356,9.0,0.11111113621079838,1.41421356,6.0,0.1666666753637669,1.41421356,5.0,0.20000005145349586,1.41421356,7.0,0.14285715288212497,1.41421356,2.0,0.5000000622611405,1.41421356,3.0,0.3333334773174701,1.41421356,5.0,0.20000000635326298,1.41421356,8.0,0.12500001623289325,1.41421356,6.0,0.16666668056958933,1.41421356,8.0,0.1250000270675624,1.41421356,9.0,0.11111112750072749,1.41421356,7.0,0.14285715583614156,1.41421356,5.0,0.20000000584557664,1.41421356,6.0,0.1666666806459718,1.41421356,2.0,0.5000000645921299,1.41421356,6.0,0.1666666745873968,1.41421356,4.0,0.250000053363292,1.41421356,5.0,0.20000000776608484,1.41421356,5.0,0.20000000485678004,1.41421356,3.0,0.33333333971498513,1.41421356,10.0,0.10000002411263864,1.41421356,3.0,0.3333333327394832,1.41421356,5.0,0.20000000827107645,1.41421356,13.0,0.07692310610467779,1.41421356,9.0,0.11111112720678484,1.41421356,2.0,0.5000000080211944,1.41421356,10.0,0.10000001989791585,1.41421356,7.0,0.14285715239331687,1.41421356,7.0,0.14285715303645485,1.41421356,3.0,0.33333335708093603,1.41421356,9.0,0.11111112685648905,1.41421356,3.0,0.3333333419349498,1.41421356,4.0,0.2500000043217119,1.41421356,3.0,0.3333333412704911,1.41421356,9.0,0.11111112680793056,1.41421356,2.0,0.500000019896782,1.41421356,8.0,0.12500002489088935,1.41421356,6.0,0.16666667747199515,1.41421356,7.0,0.14285715288632517,1.41421356,5.0,0.2000000208656454,1.41421356,4.0,0.25000000687221124,1.41421356,3.0,0.33333335155997146,1.41421356,8.0,0.12500001951142803,1.41421356,4.0,0.2500000023853959,1.41421356,8.0,0.12500001562651963,1.41421356,7.0,0.14285716427644335,1.41421356,7.0,0.14285715711433777,1.41421356,11.0,0.09090911746113584,1.41421356,2.0,0.5000000069327954,1.41421356,4.0,0.2500000090657166,1.41421356,4.0,0.2500000011277774,1.41421356,6.0,0.16666667399440271,1.41421356,6.0,0.16666667339843055,1.41421356,13.0,0.07692310472013197,1.41421356,6.0,0.16666667391489565,1.41421356,5.0,0.20000000431100684,1.41421356,4.0,0.25000002541088673,1.41421356,3.0,0.3333333388456272,1.41421356,5.0,0.20000000533337392,1.41421356,4.0,0.25000000410450474,1.41421356,6.0,0.16666667383696154,1.41421356,3.0,0.3333333378445431,1.41421356,7.0,0.1428571527799667,1.41421356,3.0,0.3333333398789802,1.41421356,4.0,0.25000001194340715,1.41421356,3.0,0.3333333356764334,1.41421356,6.0,0.1666666738050404,1.41421356,8.0,0.12500001519131754,1.41421356,4.0,0.2500000030063534,1.41421356,3.0,0.3333333536674088,1.41421356,7.0,0.14285715323651882,1.41421356,3.0,0.33333333466288995,1.41421356,7.0,0.14285715291877654,1.41421356,9.0,0.11111112664878142,1.41421356,3.0,0.3333333402850509,1.41421356,2.0,0.5000000096370207,1.41421356,6.0,0.1666666861988899,1.41421356,2.0,0.50000001957201,1.41421356,6.0,0.16666667357602183,1.41421356,3.0,0.33333334173254414,1.41421356,4.0,0.25000001078667866,1.41421356,4.0,0.25000001270234096,1.41421356,4.0,0.2500000018926465,1.41421356,6.0,0.1666666737120126,1.41421356,2.0,0.5000000218284701,1.41421356,6.0,0.16666667550562764,1.41421356,5.0,0.20000000427989484,1.41421356,5.0,0.20000000507199367,1.41421356,6.0,0.16666667563027726,1.41421356,5.0,0.20000000364334714,1.41421356,5.0,0.20000000502167747,1.41421356,7.0,0.1428571585731575,1.41421356,5.0,0.200000003999798,1.41421356,8.0,0.12500001337011923,1.41421356,2.0,0.5000000320539175,1.41421356,2.0,0.500000015409646,1.41421356,4.0,0.2500000041968966,1.41421356,5.0,0.20000001041880378,1.41421356,9.0,0.11111112803192569,1.41421356,12.0,0.08333336004385927,1.41421356,2.0,0.5000000176133743,1.41421356,3.0,0.33333335284705257,1.41421356,5.0,0.20000000778709737,1.41421356,5.0,0.20000000392248563,1.41421356,6.0,0.16666669828554337,1.41421356,7.0,0.14285717238667406,1.41421356,4.0,0.25000000156026303,1.41421356,5.0,0.2000000380626279,1.41421356,5.0,0.20000001273362678,1.41421356,10.0,0.10000002027413935,1.41421356,4.0,0.2500000111611711,1.41421356,8.0,0.12500001602094457,1.41421356,3.0,0.3333333417855293,1.41421356,6.0,0.1666666790767497,1.41421356,4.0,0.25000001167124,1.41421356,9.0,0.11111112774043086,1.41421356,3.0,0.33333333505883633,1.41421356,3.0,0.33333334234555556,1.41421356,3.0,0.3333333409769468,1.41421356,12.0,0.0833333591030847,1.41421356,8.0,0.12500001363369329,1.41421356,9.0,0.11111112760500497,1.41421356,4.0,0.2500000115122041,1.41421356,8.0,0.1250000124612125,1.41421356,8.0,0.12500001327865018,1.41421356,4.0,0.25000001544707695,1.41421356,6.0,0.16666667483783115,1.41421356,8.0,0.12500001326594834,1.41421356,4.0,0.2500000098505737,1.41421356,4.0,0.25000000436783765,1.41421356,2.0,0.5000000022116713,1.41421356,4.0,0.2500000102062274,1.41421356,7.0,0.14285715214785633,1.41421356,5.0,0.20000000380998628,1.41421356,5.0,0.20000001105523424,1.41421356,3.0,0.33333344879070737,1.41421356,4.0,0.25000000155256874,1.41421356,5.0,0.20000003257826382,1.41421356,7.0,0.14285715563453483,1.41421356,3.0,0.3333333447735747,1.41421356,2.0,0.5000000373635125,1.41421356,2.0,0.5000001015497428,1.41421356,5.0,0.20000000845527932,1.41421356,8.0,0.12500001280659223,1.41421356,5.0,0.20000003008828315,1.41421356,6.0,0.16666667424249315,1.41421356,7.0,0.1428571550740827,1.41421356,9.0,0.11111112928107403,1.41421356,5.0,0.2000000046649486,1.41421356,3.0,0.3333333496790898,1.41421356,3.0,0.333333371470109,1.41421356,8.0,0.12500001496219326,1.41421356,7.0,0.14285715381563335,1.41421356,4.0,0.2500000038216146,1.41421356,8.0,0.12500001457546528,1.41421356,6.0,0.16666668101803683,1.41421356,3.0,0.3333333471225437,1.41421356,6.0,0.16666669252064636,1.41421356,5.0,0.20000000652033822,1.41421356,7.0,0.1428571580516529,1.41421356,8.0,0.1250000184150979,1.41421356,5.0,0.20000000944456975,1.41421356,2.0,0.5000000232423516,1.41421356,3.0,0.3333333622143382,1.41421356,6.0,0.16666667762675225,1.41421356,7.0,0.14285715531717091,1.41421356,6.0,0.16666667435609384,1.41421356,5.0,0.20000001125460276,1.41421356,5.0,0.2000000080861506,1.41421356,2.0,0.5000000417231407,1.41421356,10.0,0.10000001999156005,1.41421356,3.0,0.33333334014965255,1.41421356,2.0,0.5000000621182783,1.41421356,4.0,0.25000000687323753,1.41421356,12.0,0.08333335809277109,1.41421356,8.0,0.12500001337893352,1.41421356,7.0,0.14285715220577622,1.41421356,5.0,0.20000001073482565,1.41421356,7.0,0.14285717318810587,1.41421356,5.0,0.20000001978272675,1.41421356,6.0,0.16666667335720664,1.41421356,5.0,0.200000003949512,1.41421356,8.0,0.12500001275754613,1.41421356,5.0,0.20000000619415026,1.41421356,8.0,0.12500002293795376,1.41421356,3.0,0.3333333452056637,1.41421356,5.0,0.20000000422494946,1.41421356,3.0,0.3333333742498148,1.41421356,3.0,0.33333333800562803,1.41421356,4.0,0.25000000284106516,1.41421356,7.0,0.14285716181522723,1.41421356,2.0,0.5000000108987139,1.41421356,7.0,0.1428571538794694,1.41421356,4.0,0.2500000024193989,1.41421356,6.0,0.1666666806093291,1.41421356,9.0,0.1111111276130412,1.41421356,11.0,0.09090911374793542,1.41421356,3.0,0.3333333750008083,1.41421356,5.0,0.20000000429798082,1.41421356,6.0,0.16666667383556621,1.41421356,4.0,0.25000000598513017,1.41421356,6.0,0.1666666746169012,1.41421356,3.0,0.3333333448087785,1.41421356,4.0,0.2500000372767941,1.41421356,8.0,0.12500002753096862,1.41421356,3.0,0.3333333433630612,1.41421356,9.0,0.11111113241166493,1.41421356,2.0,0.5000000170546703,1.41421356,4.0,0.25000000279004153,1.41421356,5.0,0.2000000076940074,1.41421356,11.0,0.09090911775136057,1.41421356,4.0,0.2500000031096259,1.41421356,3.0,0.333333365760883,1.41421356,2.0,0.5000000400727622,1.41421356,4.0,0.2500000299932026,1.41421356,5.0,0.20000002824552965,1.41421356,10.0,0.10000002843095324,1.41421356,5.0,0.200000008213725,1.41421356,12.0,0.08333336140767678,1.41421356,5.0,0.20000001466987705,1.41421356,5.0,0.200000015609187,1.41421356,4.0,0.2500000068516828,1.41421356,10.0,0.10000002051459767,1.41421356,5.0,0.20000001398147305,1.41421356,8.0,0.1250000133559972,1.41421356,4.0,0.25000000394018107,1.41421356,7.0,0.1428571540549184,1.41421356,7.0,0.14285715296374768,1.41421356,3.0,0.33333333747583094,1.41421356,5.0,0.2000000096856578,1.41421356,6.0,0.16666667336092011,1.41421356,9.0,0.11111113657844385,1.41421356,8.0,0.12500001396418892,1.41421356,6.0,0.16666667798411527,1.41421356,8.0,0.12500002216339112,1.41421356,4.0,0.25000000288522894,1.41421356,4.0,0.25000000643476383,1.41421356,6.0,0.1666666735012159,1.41421356,2.0,0.5000000771426059,1.41421356,5.0,0.20000003182647585,1.41421356,2.0,0.5000000263351962,1.41421356,7.0,0.14285715586984793,1.41421356,7.0,0.14285716066419063,1.41421356,5.0,0.20000000957836583,1.41421356,9.0,0.11111113138992046,1.41421356,7.0,0.1428571534652061,1.41421356,4.0,0.25000000766814257,1.41421356,10.0,0.10000002316609091,1.41421356,7.0,0.1428571530025451,1.41421356,8.0,0.12500001876435896,1.41421356,10.0,0.10000002403601549,1.41421356,8.0,0.12500001798561744,1.41421356,5.0,0.20000000540797114,1.41421356,2.0,0.5000000445441766,1.41421356,6.0,0.16666667352408115,1.41421356,4.0,0.2500000274589089,1.41421356,7.0,0.142857156989753,1.41421356,3.0,0.3333333432435257,1.41421356,3.0,0.333333338154838,1.41421356,7.0,0.14285715316508352,1.41421356,12.0,0.08333337184056155,1.41421356,2.0,0.5000000122667072,1.41421356,6.0,0.16666667390431922,1.41421356,8.0,0.12500001377960235,1.41421356,6.0,0.16666668317517708,1.41421356,8.0,0.12500001649181858,1.41421356,5.0,0.2000000046153838,1.41421356,7.0,0.14285715350839379,1.41421356,7.0,0.14285715413664324,1.41421356,8.0,0.12500001329199506,1.41421356,11.0,0.09090911578129202,1.41421356,4.0,0.2500000102378075,1.41421356,9.0,0.11111112876184848,1.41421356,7.0,0.14285715213760408,1.41421356,6.0,0.16666667774878885,1.41421356,5.0,0.20000002898150449,1.41421356,7.0,0.14285715219370587,1.41421356,5.0,0.200000016460665,1.41421356,7.0,0.14285716827914996,1.41421356,4.0,0.2500000021037767,1.41421356,7.0,0.1428571716767877,1.41421356,7.0,0.1428571613406966,1.41421356,5.0,0.20000000334914514,1.41421356,3.0,0.33333333944223265,1.41421356,11.0,0.0909091127781192,1.41421356,6.0,0.16666668453450129,1.41421356,6.0,0.16666667920951284,1.41421356,6.0,0.16666667906187715,1.41421356,6.0,0.16666667286422054,1.41421356,8.0,0.12500001449562248,1.41421356,5.0,0.20000000660885853,1.41421356,3.0,0.3333333430262053,1.41421356,6.0,0.16666669055609518,1.41421356,5.0,0.2000000125147361,1.41421356,6.0,0.16666667782117273,1.41421356,6.0,0.16666667553074,1.41421356,9.0,0.11111112826433356,1.41421356,3.0,0.3333333633931317,1.41421356,4.0,0.2500000011342922,1.41421356,5.0,0.20000000356719028,1.41421356,9.0,0.11111112793389033,1.41421356,3.0,0.3333333575390003,1.41421356,3.0,0.3333333913114491,1.41421356,2.0,0.5000000072842674,1.41421356,4.0,0.2500000265623479,1.41421356,9.0,0.11111112967844505,1.41421356,5.0,0.20000001547669477,1.41421356,6.0,0.1666666817410718,1.41421356,5.0,0.20000001218358143,1.41421356,4.0,0.25000000311917336,1.41421356,6.0,0.1666666734733706,1.41421356,5.0,0.20000000380921268,1.41421356,6.0,0.16666667591751416,1.41421356,8.0,0.12500001283272866,1.41421356,5.0,0.20000001363062836,1.41421356,7.0,0.1428571656260127,1.41421356,4.0,0.25000000434337943,1.41421356,7.0,0.14285715330331072,1.41421356,8.0,0.12500001554724172,1.41421356,3.0,0.33333339268357376,1.41421356,13.0,0.07692310613708742,1.41421356,8.0,0.12500002298696256,1.41421356,4.0,0.25000000156903335,1.41421356,4.0,0.2500000032003262,1.41421356,8.0,0.12500001394553006,1.41421356,4.0,0.25000000818221757,1.41421356,10.0,0.10000001863571129,1.41421356,4.0,0.2500000231834143,1.41421356,3.0,0.3333333409397725,1.41421356,7.0,0.1428571625046633,1.41421356,8.0,0.1250000145456882,1.41421356,4.0,0.2500000015870816,1.41421356,7.0,0.14285715508009122,1.41421356,8.0,0.1250000124790427,1.41421356,8.0,0.1250000174756547,1.41421356,6.0,0.1666666776231791,1.41421356,4.0,0.2500000091783754,1.41421356,7.0,0.14285716363930767,1.41421356,3.0,0.3333333895064672,1.41421356,2.0,0.5000002678271278,1.41421356,6.0,0.16666668233562287,1.41421356,5.0,0.20000000919883476,1.41421356,4.0,0.2500000146808947,1.41421356,11.0,0.09090911259781542,1.41421356,8.0,0.12500001330485588,1.41421356,5.0,0.2000000043217547,1.41421356,11.0,0.09090911570960714,1.41421356,5.0,0.2000000310661223,1.41421356,4.0,0.2500000271484084,1.41421356,3.0,0.3333333701343637,1.41421356,4.0,0.25000001630582425,1.41421356,4.0,0.25000000578320813,1.41421356,3.0,0.3333333356616044,1.41421356,8.0,0.12500003440218066,1.41421356,3.0,0.33333335168662215,1.41421356,6.0,0.16666667555652914,1.41421356,7.0,0.14285715459374337,1.41421356,4.0,0.2500000197128336,1.41421356,7.0,0.1428571531280607,1.41421356,6.0,0.1666666762317348,1.41421356,7.0,0.14285715221281148,1.41421356,9.0,0.11111112768129239,1.41421356,5.0,0.20000000801227813,1.41421356,8.0,0.12500001266984828,1.41421356,6.0,0.1666666808941164,1.41421356,7.0,0.14285715938664278,1.41421356,2.0,0.5000000668449185,1.41421356,5.0,0.20000000622940384,1.41421356,2.0,0.5000000286737412,1.41421356,5.0,0.20000000556704833,1.41421356,6.0,0.16666667952416958,1.41421356,9.0,0.11111112827446235,1.41421356,7.0,0.14285715321358072,1.41421356,3.0,0.33333353050181014,1.41421356,11.0,0.09090911465651352,1.41421356,3.0,0.33333333411481236,1.41421356,7.0,0.14285715530989584,1.41421356,1.0,1.000000034323631,1.41421356,2.0,0.5000000669359921,1.41421356,8.0,0.12500001317874077,1.41421356,6.0,0.1666666745654899,1.41421356,5.0,0.20000001733053008,1.41421356,4.0,0.2500000022614177,1.41421356,3.0,0.33333333857805325,1.41421356,4.0,0.25000001012553463,1.41421356,6.0,0.1666666904623355,1.41421356,3.0,0.33333338629308074,1.41421356,8.0,0.12500001643256287,1.41421356,5.0,0.20000000643201687,1.41421356,4.0,0.25000004530527997,1.41421356,5.0,0.20000000883035085,1.41421356,6.0,0.16666667450013595,1.41421356,6.0,0.1666666761892115,1.41421356,6.0,0.16666668000843732,1.41421356,3.0,0.3333333637216085,1.41421356,4.0,0.25000001473449585,1.41421356,4.0,0.25000000965553326,1.41421356,15.0,0.0666667025813279,1.41421356,4.0,0.25000002985245295,1.41421356,6.0,0.1666666779988022,1.41421356,6.0,0.16666667415987924,1.41421356,7.0,0.14285715298094281,1.41421356,6.0,0.16666667329709473,1.41421356,6.0,0.16666669320956728,1.41421356,5.0,0.20000001474216766,1.41421356,6.0,0.16666667720958284,1.41421356,4.0,0.25000003165579665,1.41421356,5.0,0.20000000651744898,1.41421356,10.0,0.10000002173994105,1.41421356,8.0,0.12500001930729354,1.41421356,2.0,0.5000000082307099,1.41421356,5.0,0.20000000808463447,1.41421356,4.0,0.2500000365845012,1.41421356,4.0,0.25000000216325535,1.41421356,6.0,0.16666667704646443,1.41421356,6.0,0.16666667492272946,1.41421356,6.0,0.16666668245648442,1.41421356,3.0,0.33333333552476496,1.41421356,3.0,0.33333334554672245,1.41421356,5.0,0.2000000114855407,1.41421356,6.0,0.16666668501448,1.41421356,6.0,0.1666666781961359,1.41421356,5.0,0.20000000766403936,1.41421356,5.0,0.2000000086032676,1.41421356,8.0,0.12500001403109096,1.41421356,5.0,0.20000001336308415,1.41421356,5.0,0.2000000050400823,1.41421356,5.0,0.20000003580319525,1.41421356,10.0,0.1000000340362952,1.41421356,4.0,0.2500000208224842,1.41421356,8.0,0.12500001347766876,1.41421356,8.0,0.12500001509460645,1.41421356,9.0,0.11111112896514364,1.41421356,7.0,0.14285715615430572,1.41421356,4.0,0.25000000719967064,1.41421356,3.0,0.33333335552945265,1.41421356,4.0,0.25000000782701415,1.41421356,4.0,0.2500000044873336,1.41421356,4.0,0.2500000402692466,1.41421356,9.0,0.11111112937990342,1.41421356,8.0,0.12500001612715383,1.41421356,3.0,0.3333333411276458,1.41421356,4.0,0.25000001164932506,1.41421356,4.0,0.25000001204645717,1.41421356,2.0,0.5000000202393913,1.41421356,5.0,0.20000000576724286,1.41421356,4.0,0.2500000076346067,1.41421356,7.0,0.14285715395318554,1.41421356,4.0,0.2500000128696165,1.41421356,3.0,0.333333335844872,1.41421356,5.0,0.20000001133191603,1.41421356,4.0,0.2500000417827253,1.41421356,6.0,0.16666667342292651,1.41421356,9.0,0.11111112691983926,1.41421356,13.0,0.07692310611565745,1.41421356,6.0,0.1666666813840907,1.41421356,8.0,0.12500001254764825,1.41421356,8.0,0.12500002803539978,1.41421356,4.0,0.25000003819684746,1.41421356,4.0,0.25000000393188637,1.41421356,4.0,0.2500000083873557,1.41421356,5.0,0.20000000658044392,1.41421356,5.0,0.20000000788333416,1.41421356,3.0,0.3333333532698326,1.41421356,2.0,0.5000000608270989,1.41421356,3.0,0.3333333429851151,1.41421356,5.0,0.20000001047916172,1.41421356,7.0,0.14285715316609515,1.41421356,6.0,0.16666667996285156,1.41421356,5.0,0.20000001516153443,1.41421356,4.0,0.25000000397147293,1.41421356,4.0,0.25000000294586444,1.41421356,5.0,0.20000001217511176,1.41421356,9.0,0.11111112757799546,1.41421356,7.0,0.14285715385892583,1.41421356,8.0,0.12500001329550425,1.41421356,4.0,0.25000001631763347,1.41421356,6.0,0.16666667911162758,1.41421356,8.0,0.12500001576758457,1.41421356,12.0,0.08333335817978416,1.41421356,5.0,0.20000000403476825,1.41421356,5.0,0.2000000127070365,1.41421356,6.0,0.1666666757541897,1.41421356,3.0,0.3333333724046641,1.41421356,3.0,0.33333335349280757,1.41421356,9.0,0.11111112840933757,1.41421356,3.0,0.3333333496281119,1.41421356,5.0,0.2000000280379437,1.41421356,5.0,0.20000001068203854,1.41421356,2.0,0.5000000092520187,1.41421356,7.0,0.14285715472786364,1.41421356,2.0,0.5000000089467473,1.41421356,10.0,0.10000002122790796,1.41421356,13.0,0.07692310845294159,1.41421356,5.0,0.2000000109896698,1.41421356,3.0,0.33333336574016936,1.41421356,3.0,0.33333334193409403,1.41421356,5.0,0.2000000061557312,1.41421356,3.0,0.333333351820825,1.41421356,5.0,0.20000002970008524,1.41421356,2.0,0.5000000043341208,1.41421356,6.0,0.1666666761117419,1.41421356,6.0,0.16666667370636823,1.41421356,3.0,0.33333340092654407,1.41421356,2.0,0.5000003141907259,1.41421356,6.0,0.16666667382206235,1.41421356,3.0,0.3333333520869646,1.41421356,8.0,0.12500001437972674,1.41421356,5.0,0.20000000994564449,1.41421356,6.0,0.1666666748989396,1.41421356,6.0,0.16666667441200467,1.41421356,6.0,0.1666666727186774,1.41421356,9.0,0.11111112764281472,1.41421356,4.0,0.2500000017027424,1.41421356,4.0,0.2500000065192163,1.41421356,6.0,0.16666667744813157,1.41421356,5.0,0.20000000352092684,1.41421356,2.0,0.5000000555057196,1.41421356,7.0,0.14285715343033356,1.41421356,6.0,0.1666666733338964,1.41421356,5.0,0.2000000091878933,1.41421356,7.0,0.14285715276100053,1.41421356,4.0,0.2500000062627872,1.41421356,9.0,0.11111112844344362,1.41421356,4.0,0.2500000145302077,1.41421356,6.0,0.16666667400385382,1.41421356,5.0,0.20000000522413153,1.41421356,3.0,0.3333333436965358,1.41421356,3.0,0.333333350490046,1.41421356,6.0,0.1666666750704513,1.41421356,12.0,0.0833333597208874,1.41421356,4.0,0.2500000021109461,1.41421356,6.0,0.1666666765244713,1.41421356,9.0,0.11111112767947695,1.41421356,5.0,0.2000000042357417,1.41421356,8.0,0.12500001330260258,1.41421356,4.0,0.25000000208472706,1.41421356,7.0,0.14285716010624583,1.41421356,6.0,0.16666668072688484,1.41421356,5.0,0.20000001628482167,1.41421356,3.0,0.33333333980953883,1.41421356,8.0,0.12500001571835906,1.41421356,5.0,0.2000000064073788,1.41421356,11.0,0.09090911561310122,1.41421356,3.0,0.3333334892264723,1.41421356,3.0,0.33333333501428397,1.41421356,9.0,0.11111112756362829,1.41421356,3.0,0.3333333465505177,1.41421356,5.0,0.2000000057676159,1.41421356,6.0,0.16666667554467018,1.41421356,4.0,0.2500000115672383,1.41421356,8.0,0.125000030225209,1.41421356,3.0,0.333333370510994,1.41421356,8.0,0.12500001325216203,1.41421356,10.0,0.10000002338207281,1.41421356,5.0,0.20000001088181474,1.41421356,3.0,0.3333333724500611,1.41421356,5.0,0.20000001113277666,1.41421356,5.0,0.20000001257267375,1.41421356,3.0,0.3333333412551056,1.41421356,3.0,0.33333338620751274,1.41421356,7.0,0.14285715253348563,1.41421356,8.0,0.12500003011532712,1.41421356,10.0,0.10000002079964965,1.41421356,5.0,0.20000001200133966,1.41421356,7.0,0.14285715446221126,1.41421356,6.0,0.16666667424704595,1.41421356,5.0,0.2000000239153188,1.41421356,7.0,0.1428571531647549,1.41421356,3.0,0.33333339020612796,1.41421356,9.0,0.11111113330304079,1.41421356,5.0,0.200000008861835,1.41421356,4.0,0.2500000069112902,1.41421356,7.0,0.1428571534125469,1.41421356,5.0,0.20000000699613985,1.41421356,7.0,0.14285715410061695,1.41421356,3.0,0.3333334365717535,1.41421356,9.0,0.11111113358112767,1.41421356,2.0,0.5000000553069055,1.41421356,8.0,0.12500001385807824,1.41421356,6.0,0.16666668386138994,1.41421356,9.0,0.11111112713604321,1.41421356,3.0,0.333333343917785,1.41421356,4.0,0.250000002668775,1.41421356,8.0,0.12500001486897006,1.41421356,8.0,0.1250000133205056,1.41421356,4.0,0.250000035018183,1.41421356,2.0,0.5000000349930007,1.41421356,6.0,0.16666667413928415,1.41421356,6.0,0.1666666785776405,1.41421356,5.0,0.20000001065425455,1.41421356,5.0,0.20000000417920738,1.41421356,2.0,0.5000000423721662,1.41421356,6.0,0.1666666760155664,1.41421356,6.0,0.1666666755004922,1.41421356,2.0,0.5000000268539364,1.41421356,4.0,0.250000005336783,1.41421356,8.0,0.1250000135923397,1.41421356,3.0,0.33333334745299537,1.41421356,3.0,0.3333333485534711,1.41421356,3.0,0.3333333455379912,1.41421356,4.0,0.2500000023358786,1.41421356,4.0,0.25000001237890324,1.41421356,5.0,0.2000000074485655,1.41421356,5.0,0.20000001089962893,1.41421356,5.0,0.20000001137569257,1.41421356,7.0,0.1428571565814316,1.41421356,6.0,0.1666666768979912,1.41421356,10.0,0.10000001979871342,1.41421356,6.0,0.16666667436604765,1.41421356,7.0,0.142857153021267,1.41421356,3.0,0.333333347415564,1.41421356,3.0,0.3333333400272367,1.41421356,3.0,0.33333334171975926,1.41421356,3.0,0.33333334077051546,1.41421356,4.0,0.25000003698025175,1.41421356,4.0,0.25000000792699506,1.41421356,6.0,0.1666666991549004,1.41421356,6.0,0.1666666767808529,1.41421356,11.0,0.0909091163353466,1.41421356,7.0,0.1428571557085654,1.41421356,5.0,0.20000000517419103,1.41421356,9.0,0.11111113074337986,1.41421356,8.0,0.12500001245848846,1.41421356,4.0,0.25000000364931374,1.41421356,4.0,0.25000001243085057,1.41421356,9.0,0.11111113899864122,1.41421356,5.0,0.200000018629523,1.41421356,7.0,0.14285715649970143,1.41421356,12.0,0.08333335808664799,1.41421356,5.0,0.2000000052676434,1.41421356]
WARNING: For the MIP-solver-driven algorithm, optimality tolerance must be specified as MIP solver option, not Pajarito option
WARNING: For the MIP-solver-driven algorithm, optimality tolerance must be specified as MIP solver option, not Pajarito option
WARNING: Not solved to optimality, status: UserLimit
