WARNING: Repeated integer solution without converging
#SOLVERNAME# PAJ_GLPK_ECOS
#SOLVER# Pajarito.PajaritoSolver(3, 3600.0, 1.0e-5, false, GLPKMathProgInterface.GLPKInterfaceMIP.GLPKSolverMIP(true, Any[(:msg_lev, 0), (:tol_int, 1.0e-9), (:tol_bnd, 1.0e-8), (:mip_gap, 0.0)]), Pajarito.UnsetSolver(), 0, false, true, ECOS.ECOSSolver(Any[(:verbose, false), (:reltol, 1.0e-10), (:feastol, 1.0e-10), (:reltol_inacc, 1.0e-5), (:feastol_inacc, 1.0e-8)]), true, true, false, false, true, false, false, true, false, true, true, true, true, false, true, 10.0, false, false, false, true, 1.0e-12, 1.0e-8, false, "")
#INSTANCE# pp-n1000-d10.cbf.gz
#TIMELIMIT# 3600.0

Problem dimensions:
       variables |    5000
     constraints |    3001
   nonzeros in A |    5969

Cones summary:
Cone             | Count   | Min dim.  | Max dim. 
    Rotated S.O. |    1000 |         3 |         3

Variable types:
      continuous |    4000
         integer |    1000

Transforming data...               0.00s

Creating conic subproblem...       0.00s

Building MIP model...              0.02s

Solving conic relaxation...        0.07s
 - Relaxation status    =        Optimal
 - Relaxation bound     =    7330.101124

Starting iterative algorithm

Iter. | Best feasible  | Best bound     | Rel. gap    | Time (s)   
    1 |  +7.867758e+03 |  +7.330334e+03 |   6.831e-02 |   3.605e+03

Iterative algorithm summary:
 - Status               =      UserLimit
 - Best feasible        =  +7.867758e+03
 - Best bound           =  +7.330334e+03
 - Relative opt. gap    =      6.831e-02
 - Total time (s)       =       3.61e+03

Timers (s):
 - Setup                =   2.53e-02
 -- Transform data      =   3.06e-03
 -- Create conic data   =   8.92e-04
 -- Create MIP data     =   2.14e-02
 - Algorithm            =   3.61e+03
 -- Solve relaxation    =   7.29e-02
 -- Get relaxation cuts =   3.97e-03
 -- Solve MIP models    =   3.61e+03
 -- Solve subproblems   =   5.21e-02
 -- Get subproblem cuts =   1.94e-02
 -- Get separation cuts =   1.91e-04

Counters:
 - Iterations           =     1
 -- Integer repeats     =     0
 -- Conic subproblems   =     1
 --- Infeasible         =     0
 --- Optimal            =     1
 --- Suboptimal         =     0
 --- UserLimit          =     0
 --- ConicFailure       =     0
 --- Other status       =     0
 -- Feasible solutions  =     1
 --- From subproblems   =     1
 --- From MIP solve     =     0

Solution returned by conic solver

Rounds of full separation/subproblem cuts, and count of cuts added:
Cone             | Subp.  | Sep.   | Total  | Relax. | Viol. 
    Second order |   2000 |      0 |   2009 |   2000 |   1977

9 numerically unstable disaggregated SOC cuts

Distance to feasibility (negative indicates strict feasibility):
Cone             | Variable  | Constraint
          Linear | -1.00e+00 |  1.38e-11
    Rotated S.O. |  9.88e-11 |        NA

Distance to integrality of integer/binary variables:
         integer |  0.00e+00

#STATUS# UserLimit
#OBJVAL# 7867.757522591522
#OBJBOUND# 7330.333917837078
#NODECOUNT# NaN
#TIMESOLVER# 3605.464029073715
#TIMEALL# 3605.5015349388123
#SOLUTION# [4.0,3.0,4.0,11.0,7.0,4.0,5.0,4.0,1.0,4.0,4.0,4.0,4.0,3.0,4.0,4.0,2.0,5.0,8.0,4.0,4.0,9.0,4.0,4.0,4.0,4.0,4.0,2.0,6.0,4.0,10.0,5.0,3.0,4.0,4.0,4.0,3.0,4.0,4.0,3.0,4.0,3.0,4.0,4.0,3.0,4.0,4.0,3.0,4.0,4.0,4.0,4.0,12.0,2.0,2.0,5.0,4.0,3.0,4.0,4.0,4.0,9.0,4.0,3.0,4.0,10.0,5.0,4.0,9.0,5.0,10.0,6.0,9.0,3.0,4.0,3.0,4.0,4.0,4.0,10.0,3.0,11.0,7.0,4.0,1.0,8.0,9.0,2.0,5.0,5.0,4.0,15.0,4.0,5.0,4.0,4.0,4.0,5.0,9.0,3.0,12.0,4.0,12.0,5.0,4.0,9.0,4.0,5.0,6.0,4.0,1.0,8.0,4.0,3.0,3.0,11.0,2.0,4.0,4.0,4.0,4.0,6.0,12.0,9.0,4.0,8.0,4.0,4.0,4.0,9.0,3.0,4.0,4.0,4.0,4.0,4.0,4.0,4.0,7.0,8.0,4.0,5.0,2.0,4.0,4.0,2.0,12.0,3.0,12.0,4.0,4.0,4.0,3.0,3.0,5.0,5.0,3.0,5.0,4.0,5.0,3.0,4.0,4.0,4.0,3.0,11.0,2.0,5.0,4.0,8.0,13.0,10.0,4.0,7.0,11.0,4.0,5.0,5.0,5.0,4.0,1.0,4.0,4.0,7.0,5.0,2.0,2.0,4.0,3.0,3.0,8.0,4.0,4.0,4.0,3.0,4.0,4.0,4.0,2.0,4.0,3.0,13.0,4.0,5.0,5.0,3.0,4.0,5.0,4.0,4.0,3.0,8.0,5.0,4.0,4.0,7.0,2.0,4.0,4.0,4.0,9.0,4.0,3.0,3.0,3.0,4.0,4.0,4.0,9.0,4.0,7.0,5.0,4.0,4.0,10.0,5.0,3.0,3.0,4.0,3.0,4.0,3.0,4.0,5.0,2.0,4.0,3.0,1.0,4.0,9.0,5.0,4.0,5.0,5.0,4.0,6.0,5.0,4.0,4.0,4.0,4.0,5.0,4.0,4.0,5.0,4.0,4.0,4.0,3.0,5.0,4.0,2.0,4.0,4.0,5.0,4.0,5.0,3.0,3.0,5.0,4.0,3.0,4.0,8.0,5.0,4.0,4.0,7.0,1.0,6.0,4.0,4.0,15.0,4.0,9.0,4.0,4.0,2.0,4.0,2.0,3.0,4.0,3.0,3.0,3.0,4.0,5.0,5.0,8.0,4.0,4.0,11.0,4.0,4.0,4.0,4.0,4.0,3.0,4.0,3.0,11.0,5.0,3.0,8.0,4.0,4.0,4.0,4.0,4.0,4.0,8.0,3.0,5.0,8.0,4.0,11.0,4.0,5.0,3.0,3.0,5.0,4.0,5.0,4.0,4.0,5.0,4.0,4.0,5.0,2.0,5.0,4.0,8.0,4.0,3.0,11.0,4.0,4.0,3.0,5.0,5.0,3.0,5.0,3.0,1.0,5.0,4.0,4.0,4.0,5.0,7.0,4.0,9.0,2.0,3.0,4.0,4.0,4.0,4.0,5.0,4.0,7.0,4.0,2.0,4.0,3.0,4.0,6.0,4.0,5.0,4.0,6.0,5.0,11.0,2.0,5.0,9.0,9.0,4.0,5.0,3.0,4.0,4.0,5.0,2.0,4.0,8.0,9.0,4.0,4.0,3.0,4.0,5.0,5.0,4.0,4.0,5.0,3.0,4.0,4.0,7.0,4.0,5.0,4.0,4.0,4.0,3.0,4.0,4.0,8.0,4.0,9.0,3.0,3.0,3.0,7.0,4.0,4.0,3.0,4.0,4.0,4.0,5.0,3.0,2.0,4.0,2.0,8.0,3.0,4.0,4.0,5.0,8.0,2.0,8.0,4.0,6.0,4.0,4.0,7.0,8.0,6.0,10.0,2.0,2.0,4.0,4.0,11.0,5.0,2.0,3.0,4.0,4.0,4.0,4.0,5.0,4.0,4.0,5.0,4.0,4.0,3.0,7.0,4.0,11.0,4.0,3.0,4.0,16.0,11.0,11.0,3.0,4.0,4.0,4.0,7.0,4.0,4.0,5.0,2.0,4.0,9.0,4.0,4.0,3.0,5.0,4.0,4.0,3.0,2.0,2.0,4.0,10.0,4.0,4.0,4.0,11.0,4.0,3.0,3.0,10.0,9.0,5.0,5.0,4.0,3.0,4.0,4.0,8.0,5.0,4.0,2.0,3.0,4.0,4.0,8.0,4.0,4.0,2.0,5.0,3.0,2.0,4.0,15.0,5.0,4.0,4.0,4.0,4.0,8.0,4.0,10.0,6.0,5.0,3.0,4.0,3.0,3.0,4.0,4.0,2.0,4.0,5.0,4.0,5.0,15.0,3.0,4.0,7.0,4.0,4.0,3.0,4.0,4.0,4.0,5.0,2.0,5.0,6.0,5.0,3.0,3.0,2.0,3.0,4.0,5.0,4.0,5.0,4.0,4.0,5.0,5.0,4.0,11.0,4.0,9.0,9.0,4.0,4.0,7.0,5.0,5.0,4.0,4.0,4.0,4.0,8.0,2.0,4.0,1.0,4.0,4.0,6.0,5.0,4.0,4.0,5.0,10.0,5.0,5.0,4.0,4.0,2.0,4.0,3.0,4.0,4.0,4.0,9.0,5.0,2.0,4.0,5.0,4.0,4.0,4.0,4.0,4.0,4.0,5.0,3.0,5.0,9.0,4.0,4.0,9.0,4.0,4.0,5.0,4.0,4.0,6.0,4.0,14.0,4.0,4.0,4.0,8.0,5.0,4.0,3.0,4.0,4.0,7.0,8.0,5.0,3.0,4.0,4.0,5.0,3.0,3.0,2.0,3.0,5.0,4.0,4.0,6.0,4.0,8.0,4.0,8.0,10.0,6.0,4.0,5.0,8.0,4.0,3.0,5.0,5.0,5.0,5.0,10.0,4.0,5.0,5.0,4.0,4.0,5.0,4.0,4.0,11.0,5.0,4.0,4.0,4.0,3.0,2.0,4.0,6.0,4.0,14.0,4.0,4.0,5.0,4.0,3.0,3.0,4.0,4.0,4.0,4.0,3.0,4.0,9.0,4.0,4.0,4.0,9.0,12.0,4.0,10.0,4.0,4.0,2.0,4.0,3.0,7.0,4.0,5.0,9.0,3.0,5.0,3.0,4.0,1.0,2.0,5.0,4.0,4.0,4.0,4.0,4.0,4.0,3.0,5.0,4.0,3.0,4.0,7.0,4.0,4.0,3.0,4.0,4.0,5.0,4.0,4.0,8.0,9.0,8.0,4.0,4.0,7.0,3.0,4.0,5.0,4.0,2.0,6.0,4.0,4.0,4.0,4.0,4.0,4.0,3.0,4.0,4.0,4.0,4.0,6.0,4.0,4.0,4.0,4.0,5.0,4.0,10.0,11.0,5.0,4.0,3.0,3.0,4.0,4.0,3.0,5.0,10.0,4.0,3.0,4.0,2.0,4.0,5.0,9.0,4.0,3.0,4.0,4.0,8.0,12.0,5.0,4.0,11.0,4.0,4.0,3.0,4.0,4.0,4.0,3.0,2.0,3.0,4.0,4.0,4.0,4.0,4.0,4.0,4.0,5.0,4.0,4.0,4.0,7.0,4.0,5.0,4.0,4.0,8.0,3.0,3.0,5.0,3.0,4.0,4.0,2.0,4.0,2.0,5.0,5.0,4.0,3.0,3.0,4.0,3.0,4.0,2.0,4.0,8.0,3.0,2.0,8.0,3.0,5.0,4.0,8.0,4.0,8.0,5.0,4.0,4.0,8.0,7.0,2.0,4.0,4.0,4.0,9.0,4.0,5.0,5.0,8.0,4.0,3.0,3.0,4.0,9.0,4.0,4.0,5.0,6.0,10.0,4.0,4.0,4.0,4.0,3.0,4.0,4.0,5.0,3.0,4.0,5.0,3.0,4.0,4.0,3.0,4.0,3.0,11.0,5.0,4.0,3.0,7.0,4.0,4.0,3.0,8.0,4.0,5.0,4.0,4.0,8.0,4.0,9.0,3.0,5.0,4.0,3.0,8.0,4.0,9.0,3.0,5.0,2.0,10.0,7.0,11.0,3.0,4.0,5.0,10.0,3.0,2.0,8.0,4.0,4.0,7.0,2.0,4.0,8.0,2.0,4.0,10.0,3.0,4.0,3.0,4.0,3.0,4.0,4.0,4.0,4.0,4.0,5.0,4.0,9.0,3.0,4.0,3.0,3.0,4.0,4.0,4.0,7.0,5.0,10.0,4.0,5.0,9.0,5.0,5.0,5.0,4.0,4.0,5.0,4.0,0.24999999916376967,0.33333333222701195,0.24999999915888377,0.09090909060133318,0.14285714237831493,0.24999999915803472,0.1999999993270753,0.2499999991592255,0.999999996656676,0.24999999916691396,0.24999999915915797,0.24999999916305626,0.24999999915974852,0.33333333221824946,0.24999999916465418,0.24999999915964996,0.499999998335369,0.19999999932938806,0.12499999957891074,0.24999999915789525,0.24999999915906285,0.11111111073731204,0.24999999916094276,0.2499999991910969,0.24999999916046706,0.24999999916007531,0.24999999915874965,0.4999999983273988,0.16666666610386716,0.24999999915963517,0.09999999966181651,0.1999999993273443,0.3333333322830053,0.24999999915935878,0.24999999916342958,0.24999999915891477,0.3333333322155621,0.24999999915874455,0.24999999916201202,0.33333333224673445,0.24999999916352175,0.33333333221983497,0.24999999915984103,0.2499999991580181,0.3333333322122041,0.24999999915964402,0.24999999916133864,0.3333333322373245,0.24999999916072846,0.24999999916130436,0.24999999915866747,0.24999999917025403,0.08333333304943862,0.49999999832444836,0.49999999834526065,0.19999999932566345,0.24999999915925106,0.3333333322195141,0.24999999915871415,0.24999999915997284,0.2499999991612787,0.11111111073326332,0.24999999915874815,0.33333333222316586,0.24999999916166368,0.09999999966206342,0.19999999931884327,0.24999999918038077,0.1111111107373313,0.19999999932651577,0.09999999966160446,0.16666666610638894,0.11111111073848916,0.3333333322491918,0.2499999991584151,0.33333333221410016,0.24999999915767668,0.24999999915811813,0.24999999916966237,0.09999999966300512,0.3333333322168537,0.09090909059859238,0.1428571423715023,0.24999999915884577,0.9999999966566959,0.1249999995762139,0.11111111073572105,0.49999999832661807,0.19999999932698137,0.1999999993259485,0.24999999916008214,0.06666666644522648,0.24999999917015125,0.19999999932361046,0.24999999915873472,0.2499999991611018,0.24999999916046248,0.19999999932446466,0.11111111073670354,0.3333333322210817,0.08333333304979308,0.2499999991591607,0.08333333305572672,0.19999999932443527,0.24999999916264565,0.11111111073812345,0.24999999916093107,0.19999999932790136,0.16666666610507877,0.24999999916041196,0.9999999966657059,0.12499999957877929,0.24999999915815913,0.33333333221916917,0.333333332215066,0.09090909060125821,0.49999999832809827,0.24999999915839918,0.2499999991623232,0.2499999991768223,0.2499999991612766,0.16666666610561406,0.08333333305721706,0.11111111073928119,0.24999999916178844,0.1249999995765119,0.24999999915959004,0.24999999916106155,0.2499999991596182,0.11111111073359801,0.3333333322184292,0.24999999915907362,0.24999999916040874,0.2499999991598853,0.24999999916154755,0.2499999991591206,0.24999999916064344,0.24999999915854573,0.1428571423765136,0.12499999957858704,0.24999999916090426,0.19999999932867704,0.49999999832284514,0.24999999916111454,0.24999999916054746,0.4999999983429216,0.08333333304959502,0.3333333322233952,0.08333333305536952,0.24999999916091883,0.24999999915939553,0.2499999991802011,0.3333333322238969,0.3333333322322976,0.19999999932992965,0.19999999932686394,0.33333333221791805,0.19999999932696536,0.24999999915746085,0.19999999932668125,0.3333333322168002,0.24999999915845675,0.24999999915835122,0.24999999916441615,0.3333333322137405,0.090909090599664,0.49999999833225683,0.19999999932588292,0.24999999915740487,0.12499999957545663,0.07692307666067247,0.09999999966187727,0.24999999916092563,0.14285714237508504,0.09090909060261282,0.24999999916054175,0.19999999932711177,0.19999999932849497,0.19999999933090884,0.24999999916142937,0.9999999967446684,0.24999999916268556,0.24999999915810525,0.14285714237793418,0.19999999932588777,0.4999999983278646,0.4999999983268628,0.24999999916731572,0.3333333322163322,0.33333333224726314,0.12499999957922614,0.2499999991606569,0.2499999991644527,0.2499999991636987,0.3333333322209685,0.24999999916308424,0.24999999916433086,0.24999999916015936,0.4999999983583799,0.2499999991582717,0.3333333322177753,0.07692307665887774,0.2499999991592327,0.1999999993289338,0.19999999932784757,0.33333333222001643,0.24999999916382037,0.19999999932731283,0.24999999916342547,0.24999999915810558,0.33333333222954625,0.12499999958210072,0.19999999932789317,0.24999999916141252,0.24999999916158513,0.14285714237495079,0.49999999832784164,0.24999999915823423,0.24999999915816024,0.2499999991649976,0.11111111073888458,0.24999999916369137,0.33333333221393036,0.3333333322204999,0.3333333322122752,0.24999999916415994,0.24999999915880675,0.24999999917243607,0.11111111074052828,0.2499999991623619,0.14285714237587882,0.19999999932697607,0.24999999915800453,0.24999999915980117,0.09999999966361273,0.19999999932784426,0.33333333224188083,0.3333333322194489,0.24999999916041624,0.3333333322701895,0.24999999916042626,0.3333333322235419,0.24999999916189833,0.19999999932890875,0.49999999833146935,0.24999999915799948,0.3333333322154258,0.999999996685182,0.24999999916066087,0.1111111107340314,0.19999999932665818,0.24999999916317858,0.19999999932900925,0.19999999932589718,0.24999999916179041,0.16666666610722708,0.19999999933155746,0.24999999915967322,0.249999999158883,0.24999999915936894,0.24999999915987678,0.19999999933070034,0.2499999991613433,0.2499999991602296,0.1999999993227583,0.24999999916239085,0.24999999916336724,0.24999999916382812,0.3333333322549209,0.19999999932870915,0.24999999916189666,0.49999999838563053,0.2499999991639743,0.24999999915837554,0.19999999932795154,0.2499999991604799,0.19999999932774845,0.33333333222091666,0.33333333222136635,0.19999999932782495,0.2499999991603775,0.3333333322357731,0.2499999991622471,0.12499999958070059,0.19999999933215812,0.24999999916030097,0.24999999915767596,0.14285714237780386,0.9999999966509459,0.16666666610354908,0.24999999915695192,0.2499999991617628,0.06666666644242981,0.24999999916061902,0.111111110732126,0.24999999916611187,0.24999999916858934,0.49999999832649367,0.24999999915702834,0.4999999983270488,0.33333333221503497,0.24999999916154836,0.3333333322135532,0.33333333221494,0.3333333322176472,0.2499999991639701,0.19999999933003115,0.19999999932789456,0.124999999579227,0.24999999916762916,0.2499999991589589,0.09090909060399244,0.24999999915994275,0.24999999916138577,0.24999999916128018,0.2499999991657431,0.24999999916546178,0.3333333322267421,0.2499999991611647,0.333333332232356,0.09090909060144926,0.19999999932784215,0.333333332227512,0.12499999957695461,0.24999999916306848,0.24999999915788568,0.24999999916049606,0.24999999916974178,0.24999999916038662,0.24999999915871549,0.1249999995798668,0.3333333322172126,0.19999999933012108,0.1249999995806098,0.24999999916144308,0.09090909060302955,0.24999999916126955,0.19999999932926457,0.3333333322193248,0.3333333322162302,0.19999999932567836,0.2499999991618479,0.1999999993279145,0.24999999915819507,0.24999999916157603,0.19999999932234966,0.2499999991590062,0.24999999915931265,0.1999999993270213,0.49999999834401426,0.19999999932980986,0.2499999991665873,0.12499999957755319,0.24999999915854448,0.33333333221846,0.09090909059885534,0.2499999991579581,0.2499999991609676,0.33333333222595285,0.19999999932741241,0.19999999932647233,0.33333333221637373,0.1999999993283338,0.33333333222400735,0.999999996651832,0.1999999993241437,0.24999999916312513,0.24999999916168383,0.2499999991597021,0.19999999932922585,0.14285714237668407,0.24999999917872318,0.11111111073348362,0.49999999834692177,0.3333333322632823,0.24999999916034069,0.24999999915949736,0.249999999161337,0.24999999916303267,0.19999999932710585,0.24999999915905705,0.14285714237675987,0.24999999916108617,0.4999999983494946,0.24999999915870413,0.3333333322351845,0.2499999991593549,0.16666666610718828,0.24999999916175122,0.1999999993272565,0.2499999991619,0.16666666610415956,0.1999999993271449,0.09090909059586277,0.4999999983252654,0.1999999993251717,0.11111111073538883,0.11111111073516891,0.24999999916774318,0.19999999932569387,0.33333333221655903,0.2499999991604489,0.2499999991623103,0.19999999932342863,0.49999999832959025,0.24999999916206872,0.12499999957863352,0.11111111073528115,0.2499999991640801,0.24999999916127735,0.3333333322199097,0.24999999916053017,0.1999999993266797,0.19999999932800663,0.24999999916236382,0.24999999915910892,0.19999999932556473,0.333333332217455,0.24999999916143853,0.24999999915742951,0.1428571423740602,0.24999999915797205,0.19999999932319246,0.24999999915972254,0.24999999915804058,0.24999999916679985,0.3333333322149227,0.249999999159787,0.24999999916092477,0.12499999957983761,0.24999999916049032,0.11111111073708368,0.33333333221537964,0.33333333221644174,0.3333333322142136,0.14285714237541572,0.24999999915871038,0.24999999915912827,0.3333333322202486,0.24999999915839177,0.24999999916063081,0.24999999915699028,0.19999999932961457,0.33333333221534056,0.4999999983262206,0.24999999916270443,0.4999999983294837,0.12499999958284436,0.33333333221598316,0.24999999916248827,0.2499999991631892,0.1999999993263307,0.12499999957588712,0.49999999833006636,0.12499999958247322,0.24999999915811227,0.16666666610427638,0.24999999915925455,0.2499999991583453,0.1428571423750219,0.12499999957861559,0.1666666661057902,0.09999999966383002,0.4999999983323523,0.49999999832840797,0.24999999916118096,0.2499999991606454,0.09090909060142868,0.19999999932650694,0.4999999983289721,0.3333333322201457,0.24999999915927684,0.24999999915840185,0.24999999916733393,0.2499999991649012,0.199999999327783,0.24999999917284177,0.24999999916198884,0.1999999993255481,0.24999999916246457,0.24999999915876808,0.3333333322165274,0.14285714237770425,0.24999999916238652,0.09090909060429625,0.24999999916047264,0.3333333322165548,0.24999999916257853,0.062499999787988564,0.09090909060194523,0.09090909060601898,0.3333333322161636,0.24999999915533588,0.249999999157396,0.24999999916419569,0.14285714237440175,0.24999999915717397,0.24999999916214652,0.19999999932661428,0.49999999832212727,0.2499999991614752,0.11111111073375443,0.24999999915784557,0.2499999991597924,0.33333333225648076,0.19999999932590387,0.24999999916849625,0.2499999991574598,0.3333333322177197,0.4999999983336275,0.4999999983680481,0.24999999916007076,0.09999999966268937,0.24999999916707527,0.24999999915977078,0.2499999991584887,0.09090909060218132,0.24999999916120022,0.3333333322191748,0.3333333322252568,0.09999999966308841,0.11111111072898815,0.19999999932720858,0.19999999932999893,0.24999999916071083,0.3333333322186777,0.24999999916463472,0.2499999991597774,0.12499999957859918,0.19999999932610227,0.24999999916237017,0.49999999833036196,0.3333333322223042,0.24999999915827514,0.2499999991610266,0.12499999957663147,0.24999999916058577,0.24999999916048574,0.4999999983347563,0.1999999993295604,0.33333333221552136,0.49999999834679915,0.24999999916151075,0.06666666643357749,0.19999999932382706,0.24999999909196632,0.24999999916008678,0.24999999916534954,0.24999999916369506,0.12499999958095677,0.24999999915813642,0.09999999966525515,0.16666666610467207,0.19999999933000723,0.33333333221777633,0.2499999991578713,0.333333332226713,0.3333333322145665,0.24999999915825405,0.24999999916170376,0.49999999832674097,0.24999999915722323,0.19999999932726384,0.24999999916085328,0.19999999932623394,0.06666666645287943,0.33333333222715383,0.24999999915888577,0.14285714237292285,0.24999999916048496,0.2499999991592922,0.3333333322179165,0.24999999917190432,0.24999999916241805,0.24999999916381996,0.1999999993270625,0.4999999983288467,0.19999999932983578,0.16666666610589043,0.1999999993271007,0.33333333221290534,0.3333333322233048,0.4999999983342781,0.3333333322213307,0.2499999991664026,0.1999999993295452,0.24999999915944107,0.1999999993252015,0.24999999916214866,0.24999999916291607,0.19999999933101079,0.1999999993265199,0.2499999991618088,0.09090909059375259,0.24999999915872156,0.11111111074194571,0.11111111073342532,0.24999999916100415,0.24999999915986204,0.14285714237469246,0.19999999933013957,0.199999999326493,0.24999999916079893,0.24999999916069437,0.24999999916001575,0.249999999160352,0.12499999957753521,0.4999999983584562,0.24999999916803803,0.9999999966511639,0.24999999916005353,0.24999999916223858,0.16666666610565806,0.19999999932762305,0.24999999915873233,0.24999999916145285,0.19999999933004844,0.09999999966394657,0.19999999932830623,0.19999999932732515,0.2499999991606638,0.249999999158014,0.499999998335638,0.2499999991581178,0.33333333222071554,0.24999999915997828,0.24999999916358578,0.24999999916145393,0.1111111107412498,0.19999999933121176,0.4999999983273433,0.24999999915898824,0.19999999932739979,0.24999999916151544,0.24999999915795218,0.24999999915921103,0.24999999915894378,0.2499999991581742,0.249999999156863,0.19999999932674625,0.33333333221556666,0.19999999932827708,0.11111111073388574,0.24999999916083812,0.2499999991668651,0.11111111073373685,0.2499999991625135,0.24999999916276894,0.19999999932698037,0.24999999916474638,0.24999999916164264,0.1666666661111885,0.24999999916166102,0.07142857118484869,0.24999999916219087,0.2499999991603561,0.24999999916132354,0.12499999957464655,0.19999999932665474,0.2499999991588562,0.33333333221710093,0.2499999991643714,0.2499999991623191,0.14285714237711183,0.12499999957947047,0.19999999932872314,0.3333333322226087,0.24999999915685533,0.2499999991582506,0.19999999932646578,0.3333333322211452,0.3333333322395822,0.4999999983247962,0.33333333222050104,0.19999999932787924,0.24999999916281135,0.24999999916194646,0.16666666610913394,0.24999999916009324,0.1249999995777533,0.24999999915892393,0.12499999957451416,0.09999999965860502,0.16666666610844813,0.2499999991623262,0.19999999932736784,0.12499999957939331,0.24999999915750518,0.3333333322402246,0.19999999932452198,0.1999999993303017,0.19999999933112486,0.19999999932759513,0.09999999965979214,0.24999999916185858,0.1999999993256627,0.19999999933372223,0.2499999991624044,0.2499999991614664,0.1999999993273422,0.24999999916018847,0.24999999916032647,0.09090909060343545,0.19999999932727117,0.24999999916030285,0.24999999916125923,0.24999999916162488,0.33333333223865935,0.499999998412146,0.2499999991615881,0.16666666610619035,0.24999999916340096,0.07142857118117531,0.24999999915862647,0.24999999915829027,0.19999999932695708,0.24999999916755575,0.33333333222048656,0.3333333322247466,0.24999999916422788,0.2499999991609487,0.24999999916082555,0.24999999916656107,0.3333333322199108,0.24999999915945076,0.11111111074301065,0.2499999991648213,0.24999999915826498,0.24999999915999807,0.11111111073243364,0.08333333304957173,0.249999999159586,0.09999999965820801,0.2499999991608806,0.2499999991604033,0.49999999835161846,0.24999999915977159,0.33333333222479633,0.14285714237597236,0.24999999916043064,0.19999999932611498,0.11111111073575754,0.3333333322792759,0.19999999932312082,0.3333333322136774,0.24999999916103643,0.999999996660152,0.49999999835170145,0.19999999932536075,0.24999999915861218,0.2499999991634111,0.24999999915999066,0.24999999916129245,0.24999999916208476,0.24999999916391008,0.33333333223681566,0.19999999932823073,0.24999999915910515,0.3333333322315671,0.24999999916054164,0.14285714237592126,0.24999999915840787,0.24999999916083226,0.33333333222269385,0.2499999991636482,0.2499999991620173,0.19999999932784387,0.24999999916787058,0.2499999991610971,0.12499999958108142,0.1111111107313348,0.12499999957890251,0.24999999916513252,0.24999999916209045,0.14285714237628444,0.33333333222191597,0.24999999915989035,0.19999999932653645,0.24999999915924304,0.4999999983254041,0.16666666610729364,0.24999999917129623,0.24999999916049112,0.2499999991603269,0.24999999915956278,0.24999999916167615,0.24999999916035115,0.33333333221809724,0.24999999916142415,0.24999999916354212,0.24999999915934273,0.2499999991586264,0.1666666661047449,0.2499999991592685,0.24999999916216314,0.24999999915911983,0.24999999917118115,0.1999999993316077,0.2499999991653699,0.09999999966298952,0.09090909060343655,0.19999999932858953,0.24999999915870522,0.33333333221422096,0.3333333322205489,0.2499999991612414,0.24999999916017301,0.33333333222807077,0.19999999932801915,0.09999999966328914,0.24999999916307514,0.33333333221587236,0.24999999916185392,0.4999999983296794,0.24999999915861967,0.1999999993274858,0.11111111073406961,0.2499999991632012,0.33333333221411077,0.24999999916119817,0.24999999917582585,0.12499999958036288,0.08333333304270744,0.19999999932621101,0.24999999916160065,0.09090909059785406,0.24999999916280188,0.2499999991727428,0.3333333322129989,0.24999999916132312,0.24999999915844776,0.24999999915909565,0.333333332220452,0.49999999834530057,0.3333333322168219,0.24999999916040186,0.24999999915781546,0.24999999916083837,0.2499999991625314,0.24999999916012355,0.24999999916001825,0.24999999916156418,0.19999999932555407,0.24999999915854687,0.24999999915680243,0.24999999916429005,0.1428571423768404,0.24999999915984697,0.19999999932707524,0.24999999915790436,0.24999999916223709,0.12499999957936644,0.3333333322256999,0.33333333222001743,0.19999999932619966,0.3333333322192558,0.24999999916632484,0.24999999916049354,0.4999999983259959,0.24999999916062426,0.4999999983257404,0.19999999932761356,0.19999999932477827,0.24999999916078708,0.3333333322232325,0.33333333221626993,0.24999999915912277,0.33333333221985323,0.24999999916682974,0.4999999983227492,0.24999999915949603,0.12499999957837912,0.33333333224350287,0.49999999843474496,0.12499999957912276,0.3333333322199269,0.199999999327584,0.2499999991607262,0.12499999957903671,0.24999999915714208,0.12499999957845684,0.19999999932511509,0.2499999991584756,0.24999999916037668,0.12499999957882975,0.14285714237627573,0.4999999983405003,0.24999999915884455,0.24999999916196486,0.24999999915971535,0.1111111107325334,0.24999999916009968,0.19999999933018572,0.19999999933133414,0.12499999958009413,0.24999999915998414,0.33333333221709566,0.3333333322194102,0.24999999915844007,0.11111111073387094,0.24999999915947918,0.2499999991589894,0.1999999993264506,0.1666666661049232,0.09999999966867815,0.24999999916077426,0.24999999916066587,0.2499999991606399,0.24999999916264937,0.333333332215142,0.24999999915955493,0.24999999915969542,0.1999999993298347,0.33333333226628903,0.24999999916165083,0.19999999932650586,0.3333333322185573,0.24999999915870985,0.2499999991587257,0.33333333221616585,0.249999999164262,0.33333333222488615,0.09090909060451562,0.19999999932795637,0.24999999916142485,0.3333333322257375,0.1428571423784211,0.24999999916130144,0.2499999991631084,0.3333333322367669,0.12499999957596586,0.24999999916375118,0.19999999932484872,0.24999999916104854,0.24999999915829976,0.12499999957974552,0.2499999991644754,0.11111111073908835,0.33333333223903583,0.19999999932849466,0.2499999991621589,0.3333333322142294,0.12499999957815791,0.24999999915920776,0.11111111073874003,0.3333333322535452,0.19999999932895293,0.49999999834036435,0.0999999996633246,0.1428571423790573,0.09090909060407433,0.3333333322170307,0.24999999916003166,0.19999999932716236,0.0999999996644638,0.3333333322236745,0.49999999833302733,0.12499999957437487,0.24999999916022286,0.24999999916088858,0.14285714237580732,0.49999999833497916,0.24999999916047314,0.12499999957777733,0.4999999983311597,0.24999999915828663,0.0999999996634885,0.33333333221864964,0.24999999916544835,0.3333333322180363,0.24999999915991694,0.3333333322164082,0.2499999991603959,0.2499999991601606,0.24999999916163568,0.24999999915970267,0.24999999915900595,0.1999999993311388,0.24999999915864513,0.11111111073590997,0.33333333221864836,0.24999999916092724,0.3333333322164698,0.33333333221587297,0.24999999917165147,0.24999999916124055,0.24999999916793333,0.1428571423764692,0.19999999932668,0.09999999966476014,0.24999999915960797,0.1999999993282826,0.1111111107320465,0.1999999993296258,0.19999999933139567,0.19999999933007337,0.2499999991635118,0.24999999915980686,0.1999999993239384,0.24999999915860316,4.000000000000024,0.24999999916376991,1.41421355999993,3.0000000000000027,0.33333333222701206,1.4142135599999945,4.000000000000088,0.24999999915888457,1.4142135599997514,11.000000000000055,0.09090909060133483,1.4142135599995598,7.00000000000003,0.14285714237831532,1.4142135599998455,4.00000000000008,0.24999999915803603,1.4142135599997725,5.000000000000101,0.19999999932707638,1.4142135599996413,4.000000000000081,0.24999999915922616,1.4142135599997696,1.0000000000000024,0.9999999966566762,1.414213559999998,4.0000000000000115,0.24999999916691412,1.4142135599999668,4.000000000000088,0.24999999915915877,1.4142135599997518,4.0000000000000435,0.2499999991630566,1.4142135599998753,4.000000000000074,0.24999999915974908,1.4142135599997918,3.0000000000000178,0.3333333322182497,1.414213559999962,4.000000000000022,0.2499999991646544,1.4142135599999366,4.000000000000083,0.24999999915965068,1.4142135599997643,1.999999999999995,0.49999999833536907,1.4142135600000072,5.000000000000052,0.19999999932938847,1.4142135599998131,8.000000000000068,0.12499999957891172,1.4142135599996133,4.00000000000009,0.2499999991578961,1.4142135599997456,4.000000000000082,0.24999999915906412,1.4142135599997674,9.00000000000005,0.11111111073731281,1.4142135599996808,4.000000000000047,0.24999999916094312,1.4142135599998655,3.9999999999999996,0.24999999919109694,1.4142135600000008,4.000000000000074,0.2499999991604676,1.414213559999791,4.000000000000069,0.24999999916007584,1.4142135599998034,4.000000000000075,0.2499999991587502,1.4142135599997894,1.9999999999999882,0.4999999983273989,1.414213560000016,6.000000000000063,0.16666666610386774,1.4142135599997305,4.000000000000083,0.24999999915963583,1.4142135599997656,10.00000000000006,0.09999999966181838,1.4142135599995629,5.000000000000084,0.199999999327345,1.4142135599996997,2.9999999999999987,0.3333333322830053,1.4142135600000016,4.000000000000089,0.2499999991593596,1.4142135599997478,4.000000000000029,0.24999999916342985,1.414213559999916,4.000000000000089,0.2499999991589156,1.4142135599997487,3.0000000000000298,0.3333333322155624,1.4142135599999364,4.00000000000009,0.2499999991587454,1.414213559999746,4.000000000000047,0.24999999916201238,1.4142135599998666,2.9999999999999987,0.3333333322467345,1.4142135600000016,4.000000000000026,0.24999999916352197,1.4142135599999257,3.000000000000012,0.33333333221983513,1.4142135599999737,4.000000000000091,0.249999999159842,1.414213559999743,3.999999999999984,0.24999999915801993,1.4142135600000438,2.999999999999912,0.333333332212205,1.4142135600001857,4.0000000000000835,0.24999999915964474,1.4142135599997616,4.000000000000059,0.24999999916133905,1.4142135599998338,2.999999999999999,0.33333333223732453,1.4142135600000008,4.000000000000063,0.24999999916072896,1.4142135599998205,4.000000000000057,0.2499999991613048,1.4142135599998382,4.000000000000087,0.24999999915866825,1.414213559999754,4.000000000000005,0.24999999917025414,1.414213559999984,12.00000000000005,0.08333333304944117,1.4142135599995733,1.9999999999999711,0.4999999983244486,1.4142135600000407,1.9999999999999962,0.4999999983452607,1.4142135600000054,5.00000000000009,0.19999999932566426,1.4142135599996808,4.0000000000000835,0.2499999991592523,1.4142135599997618,3.0000000000000138,0.3333333322195143,1.4142135599999703,4.000000000000091,0.24999999915871507,1.4142135599997432,4.0000000000000755,0.24999999915997345,1.414213559999786,4.0000000000000515,0.24999999916127913,1.4142135599998522,9.000000000000066,0.11111111073326539,1.4142135599995762,4.000000000000091,0.24999999915874904,1.4142135599997445,3.000000000000006,0.333333332223166,1.4142135599999868,3.9999999999996807,0.2499999991616665,1.4142135600009027,10.00000000000006,0.09999999966206545,1.4142135599995664,4.999999999999694,0.19999999931884785,1.4142135600010826,4.000000000000001,0.24999999918038082,1.4142135599999983,9.000000000000064,0.11111111073733251,1.4142135599995866,5.000000000000112,0.19999999932651777,1.4142135599996006,10.00000000000006,0.09999999966160653,1.4142135599995678,6.000000000000058,0.16666666610638947,1.4142135599997563,9.000000000000057,0.1111111107384901,1.4142135599996262,2.9999999999999987,0.3333333322491918,1.4142135600000019,4.000000000000034,0.24999999915841675,1.4142135599999048,3.000000000000033,0.3333333322141006,1.4142135599999301,4.000000000000086,0.24999999915767743,1.4142135599997574,4.000000000000002,0.24999999915811988,1.4142135599999937,4.000000000000006,0.24999999916966248,1.4142135599999819,10.00000000000006,0.09999999966300684,1.4142135599995618,3.0000000000000244,0.33333333221685396,1.4142135599999472,11.000000000000048,0.09090909059859564,1.414213559999615,7.0000000000000835,0.14285714237150374,1.4142135599995826,4.00000000000009,0.24999999915884683,1.4142135599997456,1.0000000000000024,0.999999996656696,1.414213559999998,8.000000000000068,0.12499999957621645,1.4142135599996142,9.000000000000066,0.11111111073572238,1.4142135599995753,1.999999999999986,0.49999999832661823,1.4142135600000194,5.000000000000087,0.19999999932698212,1.4142135599996908,5.000000000000101,0.19999999932594958,1.4142135599996404,3.9999999999995888,0.24999999916008475,1.4142135600011618,15.000000000000039,0.06666666644522946,1.4142135599995855,4.000000000000005,0.24999999917015137,1.4142135599999834,4.999999999999822,0.19999999932361476,1.4142135600006236,4.000000000000091,0.24999999915873566,1.414213559999743,4.000000000000057,0.24999999916110222,1.4142135599998402,4.000000000000075,0.24999999916046384,1.4142135599997878,5.000000000000113,0.1999999993244672,1.4142135599995966,9.000000000000066,0.11111111073670513,1.4142135599995669,3.0000000000000098,0.33333333222108186,1.414213559999979,12.000000000000048,0.0833333330497959,1.4142135599995826,4.000000000000089,0.2499999991591615,1.4142135599997496,12.000000000000052,0.08333333305572845,1.4142135599995578,5.000000000000095,0.1999999993244385,1.4142135599996613,4.0000000000000355,0.24999999916264598,1.4142135599998997,9.000000000000039,0.11111111073812407,1.4142135599997385,4.000000000000063,0.24999999916093152,1.41421355999982,5.000000000000093,0.19999999932790222,1.4142135599996672,6.000000000000091,0.1666666661050799,1.4142135599996113,4.000000000000061,0.2499999991604124,1.4142135599998267,0.9999999999999957,0.9999999966657059,1.4142135600000028,8.000000000000075,0.12499999957878066,1.4142135599995775,4.000000000000091,0.2499999991581601,1.414213559999743,3.0000000000000147,0.33333333221916933,1.4142135599999686,3.000000000000034,0.3333333322150664,1.4142135599999273,11.000000000000055,0.0909090906012598,1.4142135599995607,1.9999999999999896,0.4999999983280984,1.4142135600000143,4.000000000000049,0.24999999915840077,1.4142135599998606,4.000000000000043,0.24999999916232354,1.41421355999988,4.000000000000002,0.2499999991768224,1.414213559999996,4.0000000000000515,0.249999999161277,1.4142135599998522,6.000000000000072,0.16666666610561476,1.4142135599996937,12.000000000000052,0.08333333305721903,1.4142135599995582,9.000000000000066,0.11111111073928322,1.4142135599995744,4.000000000000048,0.2499999991617888,1.4142135599998646,8.000000000000075,0.12499999957651328,1.4142135599995764,4.000000000000088,0.24999999915959084,1.4142135599997498,4.000000000000065,0.24999999916106203,1.4142135599998154,4.000000000000076,0.24999999915961882,1.414213559999784,9.000000000000066,0.11111111073360005,1.4142135599995749,3.0000000000000164,0.33333333221842937,1.4142135599999643,4.0000000000000755,0.24999999915907498,1.4142135599997847,4.000000000000073,0.24999999916040933,1.4142135599997931,4.000000000000088,0.2499999991598861,1.41421355999975,4.0000000000000435,0.24999999916154791,1.4142135599998757,4.0000000000000675,0.24999999915912113,1.4142135599998087,4.00000000000009,0.2499999991606443,1.4142135599997447,4.000000000000069,0.24999999915854718,1.4142135599998034,7.000000000000077,0.14285714237651462,1.4142135599996128,8.000000000000075,0.12499999957858836,1.4142135599995802,4.000000000000073,0.24999999916090485,1.4142135599997934,5.00000000000006,0.1999999993286775,1.4142135599997838,1.9999999999999503,0.4999999983228454,1.41421356000007,4.000000000000052,0.24999999916111493,1.414213559999851,4.000000000000084,0.24999999916054821,1.4142135599997603,1.999999999999996,0.4999999983429217,1.4142135600000056,12.000000000000052,0.08333333304959657,1.414213559999561,3.0000000000000058,0.3333333322233953,1.4142135599999874,12.00000000000005,0.0833333330553718,1.4142135599995642,4.000000000000057,0.24999999916091925,1.414213559999839,4.000000000000069,0.24999999915939605,1.4142135599998034,4.000000000000001,0.2499999991802012,1.4142135599999983,3.0000000000000053,0.333333332223897,1.4142135599999885,3.0000000000000004,0.33333333223229766,1.414213559999999,5.00000000000004,0.19999999932992998,1.4142135599998567,5.000000000000105,0.19999999932686696,1.4142135599996277,3.0000000000000187,0.3333333322179183,1.4142135599999592,5.000000000000104,0.1999999993269684,1.4142135599996313,4.000000000000089,0.24999999915746196,1.414213559999749,4.999999999999836,0.19999999932668555,1.4142135600005756,3.0000000000000244,0.3333333322168005,1.4142135599999466,4.000000000000087,0.24999999915845753,1.4142135599997532,4.000000000000087,0.24999999915835242,1.4142135599997545,4.000000000000022,0.2499999991644164,1.414213559999936,3.000000000000029,0.333333332213741,1.4142135599999381,11.000000000000052,0.09090909059966687,1.414213559999593,1.999999999999994,0.49999999833225695,1.4142135600000085,4.999999999999966,0.19999999932588686,1.4142135600001182,4.000000000000089,0.24999999915740567,1.4142135599997485,8.000000000000075,0.12499999957545808,1.4142135599995749,13.000000000000048,0.07692307666067418,1.4142135599995576,10.000000000000059,0.0999999996618785,1.4142135599995809,4.000000000000062,0.24999999916092608,1.414213559999823,7.000000000000082,0.1428571423750871,1.4142135599995935,11.00000000000005,0.09090909060261577,1.4142135599995984,4.00000000000008,0.24999999916054239,1.4142135599997723,5.000000000000096,0.1999999993271127,1.4142135599996593,5.000000000000109,0.1999999993284966,1.4142135599996097,5.000000000000032,0.19999999933090915,1.4142135599998855,4.000000000000049,0.24999999916142973,1.4142135599998598,0.9999999999999959,0.9999999967446684,1.4142135600000025,4.000000000000034,0.24999999916268584,1.4142135599999042,4.000000000000069,0.24999999915810667,1.4142135599998045,7.0000000000000835,0.14285714237793587,1.4142135599995829,5.000000000000106,0.19999999932588902,1.4142135599996255,1.9999999999999896,0.4999999983278648,1.4142135600000145,1.999999999999987,0.499999998326863,1.4142135600000183,4.000000000000011,0.24999999916731588,1.4142135599999694,3.0000000000000275,0.3333333322163325,1.4142135599999401,2.9999999999999987,0.3333333322472632,1.4142135600000016,8.000000000000073,0.1249999995792281,1.4142135599995818,4.000000000000073,0.24999999916065746,1.4142135599997943,3.999999999999698,0.24999999916445503,1.4142135600008534,4.000000000000026,0.24999999916369892,1.4142135599999266,3.00000000000001,0.33333333222096867,1.414213559999978,4.000000000000032,0.24999999916308452,1.4142135599999095,4.000000000000022,0.24999999916433108,1.4142135599999368,4.000000000000075,0.24999999916015997,1.4142135599997883,1.9999999999999971,0.49999999835837994,1.414213560000004,4.000000000000029,0.24999999915827337,1.414213559999917,3.000000000000019,0.3333333322177755,1.4142135599999588,13.000000000000046,0.07692307665888046,1.4142135599995762,4.000000000000087,0.2499999991592335,1.414213559999753,5.000000000000055,0.19999999932893425,1.4142135599998014,5.000000000000108,0.19999999932785048,1.4142135599996144,3.000000000000012,0.3333333322200166,1.414213559999974,4.000000000000026,0.24999999916382062,1.4142135599999253,5.000000000000073,0.1999999993273134,1.4142135599997425,4.000000000000034,0.24999999916342577,1.4142135599999046,4.000000000000059,0.24999999915810706,1.4142135599998336,3.0000000000000013,0.3333333322295463,1.4142135599999972,8.00000000000003,0.12499999958210115,1.4142135599998302,5.000000000000112,0.19999999932789506,1.4142135599996024,4.000000000000066,0.249999999161413,1.4142135599998138,4.000000000000049,0.2499999991615855,1.4142135599998602,7.0000000000000835,0.14285714237495212,1.4142135599995858,1.9999999999999891,0.4999999983278418,1.4142135600000147,4.000000000000091,0.24999999915823523,1.414213559999744,4.000000000000011,0.24999999915816198,1.4142135599999701,4.000000000000018,0.2499999991649978,1.414213559999949,9.000000000000066,0.11111111073888627,1.4142135599995669,4.000000000000027,0.24999999916369162,1.4142135599999226,3.000000000000032,0.33333333221393086,1.4142135599999313,3.000000000000011,0.3333333322205001,1.4142135599999754,2.9999999999999254,0.333333332212276,1.414213560000158,4.000000000000024,0.24999999916416019,1.4142135599999306,4.00000000000009,0.2499999991588076,1.4142135599997454,4.0000000000000036,0.24999999917243618,1.41421355999999,9.000000000000066,0.11111111074052957,1.4142135599995773,4.000000000000048,0.24999999916236226,1.4142135599998638,7.000000000000077,0.14285714237587982,1.4142135599996168,5.000000000000107,0.1999999993269774,1.4142135599996215,4.000000000000091,0.24999999915800541,1.4142135599997445,4.000000000000087,0.24999999915980192,1.4142135599997534,10.000000000000059,0.09999999966361399,1.4142135599995782,5.000000000000082,0.19999999932784496,1.4142135599997094,2.9999999999999987,0.3333333322418809,1.4142135600000014,3.0000000000000138,0.33333333221944905,1.4142135599999706,4.000000000000065,0.2499999991604167,1.4142135599998154,2.9999999999999987,0.3333333322701896,1.4142135600000016,4.000000000000074,0.24999999916042684,1.4142135599997896,3.0000000000000053,0.333333332223542,1.4142135599999879,4.000000000000048,0.2499999991618987,1.4142135599998638,5.000000000000063,0.19999999932890924,1.4142135599997738,1.9999999999999936,0.4999999983314695,1.414213560000009,4.000000000000084,0.2499999991580002,1.4142135599997612,3.0000000000000315,0.3333333322154261,1.414213559999933,0.9999999999999932,0.999999996685182,1.4142135600000048,4.000000000000074,0.24999999916066143,1.4142135599997903,9.000000000000059,0.1111111107340342,1.4142135599996164,5.0000000000000915,0.19999999932665902,1.4142135599996761,4.000000000000032,0.24999999916317883,1.4142135599999104,5.000000000000109,0.19999999932901086,1.4142135599996104,5.000000000000114,0.19999999932589962,1.4142135599995955,4.000000000000065,0.2499999991617909,1.4142135599998167,6.00000000000009,0.16666666610722816,1.4142135599996166,5.000000000000022,0.19999999933155774,1.4142135599999213,4.000000000000089,0.24999999915967433,1.4142135599997492,4.00000000000009,0.24999999915888407,1.4142135599997456,4.00000000000009,0.24999999915937,1.4142135599997452,4.000000000000088,0.24999999915987756,1.4142135599997516,5.00000000000003,0.19999999933070065,1.4142135599998933,4.000000000000059,0.24999999916134374,1.4142135599998338,4.000000000000086,0.24999999916023036,1.4142135599997552,5.00000000000011,0.19999999932276002,1.4142135599996069,4.000000000000039,0.24999999916239118,1.4142135599998886,4.0000000000000275,0.2499999991633675,1.414213559999921,4.000000000000028,0.24999999916382842,1.414213559999919,2.9999999999999987,0.3333333322549209,1.4142135600000019,5.0000000000000915,0.19999999932871,1.4142135599996752,4.000000000000044,0.249999999161897,1.4142135599998749,1.999999999999998,0.49999999838563053,1.4142135600000025,4.000000000000024,0.24999999916397456,1.4142135599999301,4.000000000000047,0.24999999915837712,1.4142135599998649,5.000000000000075,0.19999999932795215,1.414213559999736,4.000000000000081,0.24999999916048055,1.4142135599997712,5.000000000000063,0.19999999932774895,1.414213559999773,3.00000000000001,0.3333333322209168,1.414213559999978,3.0000000000000093,0.3333333322213665,1.4142135599999797,5.000000000000084,0.1999999993278257,1.4142135599997012,4.000000000000065,0.24999999916037796,1.414213559999816,2.999999999999999,0.33333333223577316,1.4142135600000003,4.000000000000042,0.24999999916224744,1.4142135599998802,8.00000000000004,0.12499999958070113,1.41421355999977,5.000000000000019,0.19999999933215834,1.4142135599999346,3.9999999999996048,0.2499999991603037,1.4142135600011163,4.000000000000091,0.249999999157677,1.4142135599997443,7.000000000000083,0.1428571423778052,1.4142135599995862,0.9999999999998247,0.999999996650946,1.4142135600001238,6.00000000000009,0.1666666661035501,1.414213559999618,3.9999999999998246,0.24999999915695406,1.4142135600004953,4.000000000000088,0.24999999916176355,1.4142135599997523,15.00000000000004,0.06666666644243126,1.4142135599995727,4.000000000000071,0.24999999916061955,1.4142135599997983,9.000000000000064,0.11111111073212813,1.4142135599995782,4.000000000000014,0.24999999916611207,1.4142135599999581,4.000000000000008,0.24999999916858948,1.4142135599999766,1.9999999999999858,0.49999999832649383,1.41421356000002,4.000000000000089,0.24999999915702945,1.4142135599997485,1.9999999999999873,0.49999999832704894,1.4142135600000174,3.000000000000034,0.33333333221503536,1.4142135599999275,4.000000000000041,0.2499999991615487,1.4142135599998844,3.0000000000000213,0.3333333322135538,1.4142135599999535,3.000000000000034,0.3333333322149404,1.4142135599999275,3.00000000000002,0.33333333221764744,1.4142135599999568,4.000000000000025,0.2499999991639703,1.4142135599999275,5.00000000000004,0.19999999933003149,1.414213559999858,5.000000000000061,0.19999999932789506,1.4142135599997792,8.000000000000071,0.12499999957922936,1.414213559999601,4.00000000000001,0.24999999916762933,1.4142135599999721,4.000000000000086,0.24999999915895965,1.4142135599997567,11.00000000000005,0.09090909060399552,1.4142135599996042,4.000000000000072,0.24999999915994328,1.4142135599997956,4.00000000000006,0.2499999991613862,1.4142135599998287,4.000000000000059,0.24999999916128063,1.414213559999834,4.000000000000014,0.24999999916574328,1.4142135599999581,4.000000000000019,0.24999999916546198,1.4142135599999452,3.0000000000000027,0.3333333322267422,1.4142135599999943,4.000000000000062,0.24999999916116517,1.414213559999823,3.0000000000000004,0.3333333322323561,1.414213559999999,11.000000000000055,0.09090909060145114,1.4142135599995591,5.000000000000098,0.1999999993278431,1.4142135599996533,3.000000000000002,0.3333333322275121,1.4142135599999952,8.000000000000073,0.12499999957695589,1.4142135599995818,4.000000000000029,0.24999999916306873,1.414213559999917,4.000000000000035,0.24999999915788731,1.4142135599999006,4.000000000000064,0.24999999916049653,1.4142135599998198,4.000000000000006,0.24999999916974192,1.4142135599999823,4.000000000000081,0.24999999916038726,1.4142135599997707,4.000000000000076,0.2499999991587161,1.4142135599997838,8.000000000000057,0.12499999957986753,1.4142135599996766,3.000000000000024,0.33333333221721284,1.4142135599999486,5.000000000000087,0.19999999933012183,1.4142135599996903,8.000000000000075,0.1249999995806116,1.4142135599995764,4.0000000000000755,0.24999999916144366,1.4142135599997854,11.000000000000046,0.09090909060303051,1.4142135599996293,4.000000000000057,0.24999999916126997,1.414213559999839,5.00000000000004,0.19999999932926493,1.414213559999858,3.0000000000000138,0.333333332219325,1.4142135599999701,3.0000000000000275,0.3333333322162305,1.4142135599999408,5.000000000000104,0.19999999932568138,1.4142135599996288,4.000000000000043,0.24999999916184826,1.4142135599998777,5.00000000000009,0.19999999932791535,1.4142135599996801,3.999999999999982,0.24999999915819693,1.41421356000005,4.000000000000052,0.24999999916157642,1.4142135599998513,5.00000000000011,0.19999999932235138,1.414213559999607,4.000000000000091,0.2499999991590071,1.4142135599997439,4.000000000000091,0.24999999915931362,1.414213559999743,5.000000000000111,0.19999999932702311,1.4142135599996046,1.999999999999996,0.4999999983440143,1.4142135600000054,5.000000000000037,0.1999999993298102,1.4142135599998666,4.000000000000012,0.24999999916658747,1.4142135599999643,8.000000000000068,0.12499999957755417,1.414213559999615,4.000000000000091,0.24999999915854548,1.414213559999743,3.0000000000000164,0.33333333221846023,1.4142135599999641,11.000000000000052,0.09090909059885796,1.414213559999582,3.999999999999987,0.24999999915795992,1.4142135600000365,4.000000000000073,0.24999999916096818,1.4142135599997934,3.000000000000003,0.33333333222595296,1.414213559999993,5.0000000000001075,0.19999999932741386,1.4142135599996164,5.000000000000102,0.19999999932647347,1.4142135599996364,3.000000000000029,0.333333332216374,1.4142135599999388,5.000000000000087,0.19999999932833454,1.4142135599996908,3.000000000000005,0.33333333222400746,1.414213559999989,0.9999999999999865,0.9999999966518321,1.4142135600000094,5.000000000000085,0.19999999932414703,1.414213559999696,4.00000000000003,0.24999999916312537,1.414213559999915,4.000000000000083,0.2499999991616845,1.414213559999764,4.000000000000087,0.2499999991597029,1.4142135599997547,5.000000000000047,0.19999999932922627,1.4142135599998327,7.000000000000075,0.142857142376685,1.414213559999626,4.000000000000001,0.24999999917872326,1.4142135599999974,9.000000000000066,0.11111111073348563,1.414213559999574,1.9999999999999962,0.4999999983469218,1.4142135600000052,2.9999999999999987,0.3333333322632824,1.4142135600000019,4.000000000000087,0.24999999916034144,1.4142135599997547,4.000000000000088,0.24999999915949814,1.4142135599997523,4.000000000000061,0.24999999916133744,1.4142135599998258,4.000000000000033,0.24999999916303295,1.4142135599999066,5.000000000000114,0.19999999932710819,1.4142135599995955,4.000000000000088,0.24999999915905782,1.4142135599997523,7.00000000000007,0.1428571423767607,1.414213559999649,4.000000000000061,0.24999999916108662,1.4142135599998271,1.9999999999999964,0.49999999834949466,1.414213560000005,4.000000000000088,0.24999999915870527,1.4142135599997514,2.9999999999999996,0.3333333322351846,1.41421356,4.000000000000079,0.2499999991593555,1.4142135599997765,6.000000000000089,0.16666666610718933,1.414213559999619,4.000000000000046,0.2499999991617516,1.4142135599998682,5.000000000000076,0.19999999932725712,1.41421355999973,4.00000000000008,0.24999999916190063,1.4142135599997736,6.000000000000063,0.16666666610416017,1.414213559999731,5.000000000000113,0.19999999932714704,1.4142135599995975,11.000000000000053,0.09090909059586526,1.4142135599995762,1.9999999999999798,0.49999999832526565,1.4142135600000283,5.00000000000011,0.19999999932517337,1.4142135599996082,9.000000000000053,0.11111111073539216,1.4142135599996535,9.000000000000066,0.11111111073517069,1.4142135599995675,4.00000000000001,0.24999999916774335,1.4142135599999712,5.000000000000095,0.19999999932569706,1.4142135599996613,3.0000000000000266,0.3333333322165593,1.4142135599999421,4.000000000000076,0.24999999916044954,1.4142135599997818,4.000000000000037,0.2499999991623106,1.4142135599998948,5.000000000000113,0.1999999993234313,1.414213559999599,1.9999999999999918,0.49999999832959036,1.4142135600000112,4.00000000000004,0.24999999916206903,1.4142135599998862,8.000000000000052,0.12499999957863418,1.4142135599997094,9.000000000000066,0.11111111073528322,1.4142135599995767,4.000000000000023,0.24999999916408033,1.4142135599999326,4.000000000000064,0.24999999916127782,1.4142135599998185,3.000000000000013,0.33333333221990985,1.414213559999972,4.000000000000067,0.24999999916053067,1.414213559999811,5.00000000000009,0.1999999993266805,1.4142135599996817,5.000000000000093,0.1999999993280075,1.4142135599996681,4.00000000000004,0.24999999916236412,1.4142135599998853,4.00000000000008,0.24999999915910956,1.4142135599997718,5.000000000000082,0.19999999932556542,1.4142135599997094,3.00000000000002,0.3333333322174552,1.4142135599999563,4.000000000000051,0.24999999916143895,1.4142135599998562,4.00000000000009,0.24999999915743057,1.4142135599997465,7.0000000000000835,0.14285714237406164,1.414213559999583,3.999999999999931,0.249999999157974,1.414213560000194,5.000000000000093,0.19999999932319565,1.414213559999667,4.00000000000006,0.249999999159724,1.4142135599998285,4.000000000000084,0.24999999915804177,1.414213559999761,4.000000000000013,0.24999999916680005,1.414213559999963,3.0000000000000338,0.3333333322149231,1.4142135599999277,4.000000000000091,0.24999999915978793,1.4142135599997434,4.000000000000078,0.24999999916092538,1.4142135599997783,8.000000000000075,0.12499999957983915,1.4142135599995735,4.000000000000055,0.24999999916049073,1.4142135599998418,9.000000000000064,0.11111111073708596,1.4142135599995855,3.0000000000000324,0.33333333221538003,1.4142135599999306,3.0000000000000275,0.333333332216442,1.4142135599999406,3.0000000000000324,0.333333332214214,1.414213559999931,7.0000000000000835,0.14285714237541727,1.4142135599995815,4.000000000000091,0.24999999915871132,1.414213559999743,4.000000000000084,0.24999999915912896,1.4142135599997607,3.0000000000000115,0.33333333222024875,1.4142135599999748,4.0000000000000435,0.24999999915839338,1.4142135599998769,4.000000000000069,0.24999999916063134,1.4142135599998038,3.9999999999999423,0.24999999915699223,1.4142135600001617,5.00000000000011,0.19999999932961737,1.4142135599996082,3.0000000000000315,0.3333333322153409,1.4142135599999324,1.9999999999999847,0.49999999832622083,1.4142135600000216,4.0000000000000355,0.2499999991627047,1.4142135599999,1.9999999999999918,0.49999999832948383,1.4142135600000112,8.000000000000075,0.12499999958284609,1.4142135599995749,3.000000000000027,0.33333333221598344,1.414213559999941,4.00000000000004,0.24999999916248858,1.4142135599998862,4.000000000000032,0.2499999991631895,1.4142135599999088,5.000000000000094,0.19999999932633156,1.4142135599996646,8.000000000000075,0.12499999957588874,1.4142135599995735,1.9999999999999922,0.4999999983300665,1.4142135600000105,8.000000000000066,0.12499999958247414,1.4142135599996306,4.0000000000000835,0.2499999991581135,1.4142135599997632,6.000000000000087,0.16666666610427736,1.4142135599996266,4.00000000000009,0.24999999915925544,1.4142135599997447,4.000000000000038,0.24999999915834692,1.414213559999891,7.000000000000077,0.14285714237502292,1.414213559999616,8.00000000000004,0.12499999957861611,1.4142135599997674,6.000000000000095,0.1666666661057916,1.4142135599995949,10.00000000000006,0.09999999966383187,1.4142135599995627,1.999999999999994,0.4999999983323524,1.4142135600000083,1.9999999999999902,0.4999999983284081,1.4142135600000134,4.000000000000077,0.24999999916118157,1.41421355999978,4.000000000000063,0.24999999916064586,1.4142135599998202,11.000000000000055,0.09090909060143021,1.4142135599995629,5.000000000000107,0.1999999993265083,1.4142135599996208,1.9999999999999911,0.49999999832897224,1.414213560000012,3.000000000000012,0.3333333322201459,1.4142135599999737,4.000000000000078,0.24999999915927745,1.4142135599997767,4.0000000000000675,0.24999999915840326,1.4142135599998094,4.000000000000011,0.2499999991673341,1.4142135599999692,4.000000000000019,0.2499999991649014,1.4142135599999466,5.000000000000098,0.19999999932778398,1.4142135599996533,4.0000000000000036,0.24999999917284188,1.4142135599999908,4.000000000000048,0.2499999991619892,1.414213559999864,5.0000000000001075,0.19999999932554952,1.4142135599996173,4.000000000000038,0.2499999991624649,1.4142135599998917,4.000000000000089,0.24999999915876886,1.4142135599997496,3.000000000000027,0.33333333221652767,1.4142135599999412,7.000000000000049,0.1428571423777048,1.4142135599997556,4.0000000000000355,0.2499999991623868,1.414213559999898,11.000000000000055,0.090909090604298,1.4142135599995587,4.0000000000000675,0.24999999916047314,1.414213559999809,3.0000000000000258,0.3333333322165551,1.4142135599999448,4.000000000000039,0.24999999916257887,1.4142135599998897,16.000000000000036,0.06249999978799117,1.414213559999576,11.000000000000055,0.09090909060194681,1.4142135599995609,11.000000000000055,0.09090909060602104,1.4142135599995624,3.000000000000029,0.3333333322161639,1.4142135599999386,3.9999999999997624,0.2499999991553388,1.4142135600006716,3.9999999999998748,0.24999999915739807,1.4142135600003531,4.000000000000025,0.24999999916419594,1.4142135599999284,7.000000000000079,0.14285714237440283,1.4142135599996064,3.9999999999998512,0.24999999915717608,1.41421356000042,4.000000000000045,0.24999999916214688,1.4142135599998709,5.000000000000074,0.19999999932661486,1.4142135599997383,1.9999999999999287,0.4999999983221276,1.4142135600001002,4.0000000000000435,0.24999999916147553,1.4142135599998769,9.000000000000059,0.1111111107337572,1.414213559999616,4.000000000000058,0.24999999915784704,1.4142135599998358,4.0000000000000595,0.24999999915979285,1.4142135599998324,2.9999999999999987,0.33333333225648076,1.4142135600000019,5.000000000000098,0.19999999932590484,1.4142135599996528,4.000000000000008,0.24999999916849638,1.414213559999977,4.000000000000089,0.24999999915746057,1.4142135599997496,3.0000000000000204,0.33333333221771994,1.4142135599999561,1.9999999999999944,0.49999999833362757,1.4142135600000076,1.9999999999999973,0.4999999983680481,1.4142135600000034,4.000000000000075,0.24999999916007135,1.4142135599997872,10.00000000000005,0.09999999966269292,1.4142135599996488,4.000000000000011,0.24999999916707547,1.4142135599999681,4.00000000000008,0.24999999915977208,1.4142135599997714,4.000000000000091,0.24999999915848958,1.414213559999744,11.000000000000048,0.09090909060218233,1.414213559999619,4.000000000000089,0.2499999991612013,1.4142135599997474,3.0000000000000147,0.33333333221917505,1.4142135599999688,3.0000000000000036,0.3333333322252569,1.4142135599999919,10.000000000000053,0.09999999966308941,1.4142135599996153,9.000000000000064,0.1111111107289894,1.4142135599995804,5.000000000000077,0.19999999932720924,1.4142135599997252,5.000000000000102,0.19999999933000004,1.4142135599996366,4.000000000000059,0.2499999991607113,1.4142135599998342,3.000000000000017,0.3333333322186779,1.4142135599999635,4.000000000000021,0.24999999916463497,1.4142135599999397,4.000000000000086,0.24999999915977814,1.4142135599997572,8.000000000000044,0.12499999957859977,1.4142135599997483,5.000000000000071,0.19999999932610282,1.4142135599997485,4.000000000000069,0.24999999916237067,1.4142135599998031,1.9999999999999927,0.49999999833036207,1.41421356000001,3.0000000000000075,0.3333333322223044,1.414213559999984,4.00000000000008,0.24999999915827578,1.4142135599997723,4.00000000000009,0.24999999916102744,1.414213559999746,8.000000000000073,0.12499999957663271,1.4142135599995853,4.000000000000058,0.2499999991605862,1.4142135599998364,4.000000000000077,0.24999999916048637,1.4142135599997816,1.999999999999995,0.49999999833475633,1.4142135600000072,5.000000000000109,0.199999999329562,1.4142135599996108,3.000000000000032,0.3333333322155217,1.4142135599999317,1.9999999999999962,0.4999999983467992,1.4142135600000052,4.000000000000064,0.24999999916151122,1.4142135599998185,15.000000000000039,0.06666666643358057,1.4142135599995889,5.000000000000111,0.1999999993238289,1.4142135599996042,3.9999999999951155,0.2499999990919693,1.4142135600138137,4.000000000000061,0.24999999916008722,1.4142135599998262,4.000000000000017,0.24999999916534973,1.4142135599999521,4.000000000000026,0.2499999991636953,1.4142135599999273,8.000000000000073,0.12499999958095889,1.4142135599995893,4.000000000000069,0.24999999915813784,1.4142135599998025,10.000000000000059,0.09999999966525766,1.4142135599995862,6.000000000000078,0.16666666610467284,1.414213559999668,5.000000000000042,0.1999999993300076,1.4142135599998513,3.0000000000000195,0.3333333322177766,1.4142135599999577,4.000000000000082,0.24999999915787258,1.4142135599997674,3.0000000000000027,0.33333333222671313,1.414213559999994,3.000000000000034,0.33333333221456696,1.414213559999927,4.000000000000085,0.24999999915825477,1.4142135599997578,4.000000000000051,0.24999999916170415,1.4142135599998569,1.9999999999999867,0.49999999832674114,1.4142135600000187,4.000000000000084,0.24999999915722446,1.4142135599997605,5.000000000000089,0.19999999932726462,1.414213559999683,4.000000000000061,0.24999999916085375,1.4142135599998265,5.000000000000113,0.199999999326236,1.414213559999599,15.00000000000004,0.06666666645288184,1.4142135599995675,3.000000000000002,0.33333333222715394,1.4142135599999948,4.0000000000000835,0.249999999158887,1.4142135599997618,7.0000000000000835,0.14285714237292438,1.4142135599995815,4.000000000000068,0.24999999916048546,1.4142135599998054,4.000000000000088,0.24999999915929333,1.4142135599997505,3.00000000000002,0.3333333322179167,1.4142135599999563,4.0000000000000036,0.24999999917190444,1.4142135599999888,4.000000000000032,0.24999999916241833,1.4142135599999106,4.000000000000027,0.2499999991638202,1.4142135599999228,5.000000000000073,0.1999999993270631,1.4142135599997403,1.999999999999991,0.4999999983288468,1.4142135600000125,5.000000000000086,0.1999999993298365,1.4142135599996954,6.000000000000067,0.16666666610589106,1.414213559999715,5.00000000000008,0.19999999932710136,1.4142135599997174,2.9999999999999956,0.33333333221290606,1.4142135600000079,3.0000000000000058,0.33333333222330497,1.414213559999987,1.9999999999999947,0.4999999983342782,1.4142135600000074,3.000000000000009,0.3333333322213308,1.4142135599999803,4.000000000000013,0.24999999916640275,1.414213559999962,5.000000000000046,0.1999999993295456,1.414213559999835,4.000000000000076,0.24999999915944165,1.4142135599997834,5.000000000000096,0.19999999932520243,1.4142135599996601,4.000000000000039,0.24999999916214896,1.4142135599998897,4.0000000000000355,0.2499999991629164,1.414213559999899,5.000000000000059,0.19999999933101129,1.4142135599997896,5.000000000000106,0.19999999932652118,1.4142135599996246,4.000000000000042,0.24999999916180912,1.4142135599998817,11.000000000000055,0.09090909059375447,1.4142135599995593,4.000000000000079,0.24999999915872217,1.4142135599997758,9.000000000000062,0.11111111074194686,1.41421355999959,9.000000000000066,0.11111111073342718,1.4142135599995695,4.000000000000058,0.24999999916100457,1.4142135599998373,4.000000000000068,0.24999999915986254,1.4142135599998071,7.000000000000082,0.14285714237469446,1.4142135599995924,5.000000000000045,0.19999999933013995,1.414213559999839,5.000000000000107,0.19999999932649437,1.414213559999619,4.000000000000078,0.24999999916079957,1.4142135599997778,4.000000000000051,0.24999999916069476,1.414213559999855,4.000000000000085,0.24999999916001647,1.4142135599997587,4.000000000000067,0.2499999991603525,1.414213559999812,8.000000000000075,0.124999999577537,1.4142135599995764,1.9999999999999971,0.4999999983584562,1.414213560000004,4.000000000000009,0.2499999991680382,1.4142135599999743,0.9999999999999335,0.999999996651164,1.414213560000047,4.000000000000087,0.2499999991600543,1.4142135599997527,4.000000000000057,0.249999999162239,1.4142135599998387,6.000000000000054,0.16666666610565856,1.414213559999766,5.000000000000082,0.19999999932762375,1.4142135599997103,4.000000000000066,0.2499999991587338,1.4142135599998127,4.0000000000000595,0.2499999991614533,1.414213559999831,5.000000000000084,0.19999999933004914,1.4142135599997017,10.00000000000006,0.09999999966394837,1.4142135599995624,5.0000000000000675,0.19999999932830675,1.4142135599997585,5.000000000000076,0.19999999932732576,1.414213559999728,4.000000000000077,0.24999999916066443,1.4142135599997812,4.000000000000091,0.2499999991580149,1.4142135599997439,1.9999999999999951,0.4999999983356381,1.414213560000007,4.000000000000001,0.24999999915811955,1.4142135599999979,3.0000000000000107,0.3333333322207157,1.4142135599999766,4.000000000000081,0.24999999915997895,1.41421355999977,4.0000000000000275,0.24999999916358606,1.4142135599999217,4.000000000000054,0.24999999916145435,1.4142135599998455,9.000000000000066,0.11111111074125145,1.4142135599995667,5.000000000000028,0.19999999933121204,1.4142135599998997,1.9999999999999882,0.4999999983273435,1.4142135600000163,4.000000000000061,0.2499999991589897,1.4142135599998258,5.000000000000108,0.19999999932740126,1.4142135599996146,4.000000000000046,0.24999999916151577,1.4142135599998693,4.000000000000086,0.24999999915795296,1.4142135599997558,4.000000000000089,0.24999999915921212,1.4142135599997485,4.000000000000069,0.24999999915894516,1.4142135599998042,4.000000000000088,0.2499999991581753,1.4142135599997496,3.999999999999917,0.249999999156865,1.4142135600002341,5.000000000000096,0.19999999932674717,1.414213559999659,3.0000000000000315,0.333333332215567,1.4142135599999324,5.000000000000103,0.19999999932827822,1.4142135599996333,9.000000000000059,0.11111111073388859,1.4142135599996188,4.00000000000008,0.24999999916083876,1.414213559999774,4.000000000000012,0.24999999916686527,1.4142135599999643,9.000000000000057,0.11111111073373979,1.4142135599996268,4.000000000000033,0.24999999916251378,1.4142135599999064,4.000000000000029,0.2499999991627692,1.414213559999918,5.000000000000092,0.19999999932698123,1.414213559999672,4.00000000000002,0.2499999991647466,1.4142135599999417,4.000000000000052,0.24999999916164303,1.4142135599998498,6.000000000000096,0.16666666611119035,1.4142135599995909,4.000000000000048,0.24999999916166138,1.414213559999864,14.00000000000004,0.07142857118485145,1.4142135599995769,4.000000000000041,0.2499999991621912,1.414213559999885,4.000000000000071,0.24999999916035665,1.4142135599997991,4.000000000000072,0.2499999991613241,1.4142135599997965,8.00000000000007,0.12499999957464908,1.4142135599996113,5.000000000000103,0.19999999932665588,1.4142135599996342,4.000000000000085,0.24999999915885693,1.4142135599997585,3.000000000000024,0.3333333322171012,1.4142135599999486,4.000000000000025,0.24999999916437166,1.4142135599999288,4.000000000000049,0.24999999916231946,1.41421355999986,7.000000000000057,0.1428571423771125,1.4142135599997154,8.000000000000066,0.12499999957947137,1.4142135599996317,5.000000000000107,0.1999999993287245,1.414213559999619,3.0000000000000067,0.3333333322226088,1.414213559999985,4.00000000000009,0.24999999915685645,1.4142135599997465,4.000000000000023,0.2499999991582523,1.4142135599999337,5.000000000000109,0.19999999932646734,1.4142135599996104,3.0000000000000093,0.33333333222114536,1.4142135599999794,2.999999999999999,0.3333333322395823,1.4142135600000012,1.9999999999999758,0.4999999983247964,1.414213560000034,3.0000000000000115,0.3333333322205012,1.414213559999975,5.000000000000096,0.19999999932788015,1.4142135599996597,4.000000000000036,0.24999999916281165,1.414213559999898,4.000000000000053,0.24999999916194687,1.4142135599998475,6.000000000000037,0.16666666610913436,1.4142135599998387,4.0000000000000835,0.24999999916009394,1.4142135599997625,8.000000000000075,0.12499999957775514,1.4142135599995773,4.000000000000057,0.24999999915892546,1.4142135599998398,8.000000000000062,0.12499999957451499,1.4142135599996482,10.000000000000048,0.09999999965860866,1.4142135599996548,6.00000000000003,0.16666666610844846,1.4142135599998693,4.000000000000036,0.24999999916232649,1.4142135599998975,5.000000000000074,0.19999999932736842,1.4142135599997376,8.000000000000075,0.12499999957939487,1.4142135599995735,4.000000000000091,0.24999999915750606,1.4142135599997445,2.999999999999999,0.33333333224022466,1.4142135600000012,5.000000000000114,0.19999999932452428,1.414213559999596,5.000000000000042,0.19999999933030205,1.4142135599998518,5.000000000000098,0.19999999933112583,1.4142135599996537,5.000000000000083,0.19999999932759582,1.414213559999708,10.00000000000006,0.09999999965979353,1.4142135599995702,4.000000000000057,0.24999999916185903,1.4142135599998398,5.000000000000107,0.19999999932566564,1.4142135599996193,5.000000000000011,0.19999999933372245,1.4142135599999572,4.000000000000039,0.2499999991624047,1.414213559999889,4.000000000000047,0.24999999916146676,1.4142135599998658,5.000000000000102,0.19999999932734333,1.4142135599996355,4.000000000000091,0.24999999916018945,1.414213559999743,4.000000000000091,0.24999999916032736,1.414213559999744,11.00000000000005,0.09090909060343833,1.4142135599995938,5.000000000000079,0.1999999993272718,1.414213559999721,4.00000000000008,0.2499999991603035,1.414213559999772,4.00000000000005,0.24999999916125962,1.4142135599998582,4.000000000000043,0.24999999916162524,1.4142135599998789,2.999999999999999,0.3333333322386594,1.414213560000001,1.9999999999999984,0.49999999841214604,1.4142135600000019,4.00000000000005,0.2499999991615885,1.4142135599998573,6.000000000000058,0.16666666610619088,1.4142135599997556,4.000000000000027,0.2499999991634012,1.414213559999924,14.00000000000004,0.07142857118117828,1.4142135599995835,3.999999999999874,0.24999999915862853,1.4142135600003563,4.000000000000084,0.24999999915829146,1.4142135599997603,5.000000000000097,0.19999999932695803,1.414213559999656,4.00000000000001,0.24999999916755591,1.4142135599999717,3.000000000000011,0.3333333322204867,1.414213559999976,3.0000000000000044,0.3333333322247467,1.4142135599999908,4.000000000000023,0.2499999991642281,1.4142135599999328,4.000000000000069,0.24999999916094923,1.4142135599998027,4.000000000000065,0.24999999916082605,1.414213559999816,4.0000000000000115,0.24999999916656124,1.414213559999966,3.000000000000013,0.33333333221991096,1.4142135599999721,4.000000000000091,0.24999999915945167,1.414213559999744,9.000000000000059,0.11111111074301165,1.4142135599996135,4.000000000000019,0.2499999991648215,1.4142135599999466,4.000000000000024,0.24999999915826665,1.4142135599999304,4.000000000000088,0.24999999915999885,1.4142135599997514,9.00000000000006,0.11111111073243622,1.4142135599996042,12.000000000000052,0.0833333330495736,1.4142135599995573,4.000000000000077,0.2499999991595866,1.4142135599997803,10.000000000000057,0.09999999965821055,1.4142135599995884,4.0000000000000595,0.24999999916088103,1.414213559999832,4.000000000000066,0.2499999991604038,1.4142135599998147,1.9999999999999967,0.4999999983516185,1.4142135600000048,4.000000000000087,0.24999999915977233,1.4142135599997532,3.000000000000004,0.33333333222479644,1.414213559999991,7.000000000000073,0.14285714237597322,1.4142135599996377,4.000000000000068,0.24999999916043114,1.414213559999805,5.000000000000107,0.19999999932611634,1.41421355999962,9.000000000000066,0.11111111073575916,1.4142135599995667,2.9999999999999987,0.333333332279276,1.4142135600000016,5.000000000000105,0.19999999932312207,1.4142135599996266,3.0000000000000266,0.33333333221367795,1.4142135599999426,4.00000000000009,0.24999999916103727,1.414213559999746,0.9999999999999994,0.9999999966601522,1.4142135600000003,1.9999999999999967,0.4999999983517015,1.4142135600000048,5.000000000000114,0.19999999932536305,1.4142135599995957,4.000000000000087,0.24999999915861335,1.4142135599997523,4.000000000000031,0.24999999916341137,1.4142135599999126,4.000000000000089,0.2499999991599915,1.4142135599997487,4.000000000000052,0.24999999916129287,1.4142135599998513,4.0000000000000435,0.2499999991620851,1.4142135599998755,4.000000000000025,0.24999999916391033,1.4142135599999284,2.999999999999999,0.3333333322368157,1.4142135600000005,5.000000000000087,0.1999999993282315,1.4142135599996914,4.000000000000086,0.24999999915910592,1.414213559999756,3.0000000000000004,0.33333333223156714,1.4142135599999985,4.000000000000073,0.2499999991605422,1.4142135599997931,7.000000000000081,0.14285714237592245,1.4142135599995949,4.000000000000088,0.24999999915840865,1.4142135599997505,4.000000000000066,0.24999999916083276,1.4142135599998145,3.0000000000000067,0.33333333222269396,1.4142135599999852,4.000000000000027,0.24999999916364843,1.4142135599999242,4.000000000000047,0.24999999916201765,1.4142135599998673,5.000000000000108,0.19999999932784535,1.4142135599996153,4.00000000000001,0.24999999916787075,1.4142135599999728,4.000000000000078,0.2499999991610977,1.414213559999778,8.000000000000075,0.12499999958108274,1.4142135599995789,9.000000000000066,0.11111111073133663,1.4142135599995689,8.000000000000071,0.12499999957890473,1.4142135599995938,4.0000000000000195,0.24999999916513274,1.4142135599999432,4.000000000000038,0.2499999991620908,1.4142135599998904,7.000000000000061,0.1428571423762851,1.4142135599996952,3.000000000000008,0.3333333322219161,1.414213559999983,4.000000000000086,0.2499999991598911,1.4142135599997572,5.000000000000096,0.19999999932653736,1.414213559999659,4.000000000000068,0.24999999915924354,1.4142135599998067,1.9999999999999807,0.4999999983254043,1.4142135600000272,6.000000000000065,0.16666666610729422,1.414213559999726,4.000000000000004,0.24999999917129634,1.4142135599999872,4.000000000000089,0.24999999916049198,1.4142135599997474,4.0000000000000835,0.24999999916032759,1.414213559999763,4.000000000000091,0.2499999991595638,1.4142135599997443,4.00000000000005,0.24999999916167653,1.4142135599998593,4.000000000000066,0.24999999916035165,1.4142135599998145,3.000000000000019,0.33333333221809747,1.4142135599999588,4.000000000000056,0.24999999916142457,1.4142135599998409,4.000000000000039,0.24999999916354246,1.4142135599998897,4.000000000000077,0.24999999915934332,1.4142135599997816,4.000000000000079,0.24999999915862703,1.414213559999775,6.000000000000061,0.16666666610474548,1.4142135599997399,4.000000000000076,0.24999999915926982,1.4142135599997823,4.000000000000044,0.24999999916216348,1.4142135599998733,4.000000000000091,0.2499999991591208,1.4142135599997432,4.000000000000004,0.24999999917118126,1.4142135599999868,5.000000000000023,0.19999999933160795,1.4142135599999168,4.000000000000017,0.2499999991653701,1.4142135599999506,10.00000000000006,0.09999999966299122,1.4142135599995618,11.000000000000046,0.09090909060343753,1.4142135599996266,5.000000000000101,0.19999999932859064,1.414213559999639,4.000000000000086,0.24999999915870594,1.4142135599997567,3.0000000000000333,0.3333333322142214,1.414213559999929,3.0000000000000107,0.33333333222054906,1.4142135599999772,4.000000000000059,0.24999999916124185,1.4142135599998336,4.0000000000000755,0.24999999916017362,1.4142135599997843,3.0000000000000018,0.3333333322280709,1.4142135599999959,5.000000000000099,0.19999999932802012,1.4142135599996504,10.000000000000046,0.09999999966328993,1.414213559999673,4.000000000000038,0.24999999916307544,1.4142135599998924,3.0000000000000284,0.3333333322158727,1.4142135599999393,4.000000000000035,0.2499999991618542,1.4142135599999022,1.999999999999992,0.4999999983296795,1.414213560000011,4.00000000000009,0.24999999915862053,1.414213559999747,5.000000000000054,0.19999999932748624,1.4142135599998062,9.000000000000064,0.1111111107340708,1.4142135599995858,4.000000000000032,0.24999999916320145,1.4142135599999104,3.0000000000000324,0.33333333221411127,1.4142135599999304,4.000000000000058,0.24999999916119858,1.414213559999838,4.000000000000002,0.24999999917582594,1.414213559999995,8.000000000000075,0.1249999995803648,1.4142135599995802,12.000000000000046,0.08333333304271072,1.4142135599996035,5.000000000000113,0.1999999993262131,1.4142135599995986,4.000000000000056,0.24999999916160107,1.414213559999841,11.000000000000052,0.09090909059785668,1.4142135599995818,4.00000000000003,0.2499999991628022,1.414213559999915,4.0000000000000036,0.2499999991727429,1.4142135599999905,3.0000000000000138,0.3333333322129995,1.4142135599999703,4.000000000000055,0.24999999916132354,1.4142135599998436,4.000000000000085,0.24999999915844848,1.4142135599997583,4.000000000000078,0.24999999915909626,1.4142135599997783,3.000000000000012,0.3333333322204522,1.4142135599999743,1.9999999999999962,0.4999999983453006,1.4142135600000054,3.000000000000024,0.33333333221682215,1.4142135599999484,4.000000000000063,0.24999999916040236,1.4142135599998213,4.000000000000032,0.24999999915781712,1.4142135599999097,4.000000000000066,0.24999999916083887,1.4142135599998134,4.000000000000037,0.2499999991625317,1.4142135599998948,4.000000000000079,0.24999999916012416,1.4142135599997763,4.000000000000085,0.24999999916001894,1.4142135599997596,4.0000000000000515,0.24999999916156457,1.414213559999854,5.000000000000114,0.19999999932555632,1.414213559999596,4.0000000000000835,0.2499999991585481,1.4142135599997625,3.999999999999828,0.24999999915680457,1.4142135600004848,4.000000000000023,0.24999999916429028,1.4142135599999328,7.000000000000049,0.14285714237684094,1.4142135599997567,4.00000000000009,0.2499999991598478,1.4142135599997467,5.000000000000085,0.19999999932707857,1.4142135599996954,4.000000000000074,0.24999999915790574,1.4142135599997891,4.000000000000048,0.24999999916223745,1.4142135599998635,8.000000000000064,0.1249999995793673,1.4142135599996413,3.0000000000000036,0.3333333322257,1.4142135599999925,3.0000000000000115,0.3333333322200176,1.4142135599999746,5.000000000000106,0.19999999932620097,1.414213559999623,3.0000000000000147,0.33333333221925604,1.4142135599999686,4.000000000000013,0.249999999166325,1.4142135599999608,4.000000000000061,0.249999999160494,1.4142135599998251,1.9999999999999838,0.49999999832599606,1.4142135600000227,4.000000000000091,0.24999999916062524,1.414213559999743,1.999999999999983,0.49999999832574055,1.4142135600000239,5.0000000000001,0.19999999932761459,1.414213559999644,5.000000000000093,0.19999999932477913,1.4142135599996692,4.0000000000000595,0.24999999916078752,1.4142135599998311,3.0000000000000058,0.33333333222323264,1.414213559999987,3.0000000000000266,0.3333333322162702,1.4142135599999421,4.000000000000088,0.24999999915912355,1.414213559999752,3.000000000000013,0.33333333221985345,1.4142135599999723,4.0000000000000115,0.2499999991668299,1.4142135599999668,1.9999999999999483,0.4999999983227495,1.4142135600000727,4.000000000000089,0.2499999991594968,1.4142135599997496,8.000000000000075,0.12499999957838075,1.4142135599995735,2.9999999999999987,0.3333333322435029,1.4142135600000016,1.9999999999999987,0.49999999843474496,1.4142135600000016,8.000000000000075,0.1249999995791243,1.4142135599995735,3.0000000000000124,0.33333333221992706,1.4142135599999726,5.000000000000104,0.1999999993275852,1.4142135599996313,4.000000000000067,0.2499999991607267,1.4142135599998116,8.00000000000007,0.12499999957903776,1.4142135599996046,4.000000000000085,0.2499999991571433,1.4142135599997598,8.000000000000068,0.12499999957845952,1.414213559999622,5.000000000000112,0.19999999932511697,1.4142135599996026,4.000000000000091,0.24999999915847654,1.4142135599997432,4.000000000000066,0.24999999916037716,1.4142135599998131,8.000000000000052,0.1249999995788304,1.4142135599997083,7.0000000000000835,0.14285714237627745,1.4142135599995838,1.9999999999999958,0.49999999834050035,1.414213560000006,4.000000000000063,0.24999999915884602,1.4142135599998205,3.9999999999998046,0.24999999916196702,1.4142135600005517,4.000000000000071,0.24999999915971588,1.414213559999799,9.000000000000064,0.11111111073253568,1.4142135599995866,4.0000000000000675,0.2499999991601002,1.4142135599998096,5.000000000000106,0.199999999330187,1.4142135599996237,5.000000000000022,0.1999999993313344,1.41421355999992,8.000000000000075,0.12499999958009554,1.4142135599995755,4.000000000000091,0.24999999915998505,1.414213559999743,3.000000000000022,0.33333333221709593,1.414213559999952,3.0000000000000138,0.33333333221941036,1.4142135599999701,4.000000000000091,0.24999999915844107,1.4142135599997434,9.000000000000066,0.11111111073387243,1.4142135599995682,4.00000000000009,0.24999999915948004,1.4142135599997467,4.000000000000086,0.24999999915899015,1.4142135599997554,5.000000000000111,0.19999999932645243,1.4142135599996037,6.000000000000093,0.16666666610492445,1.4142135599996004,10.00000000000006,0.09999999966868016,1.414213559999566,4.00000000000009,0.24999999916077512,1.4142135599997465,4.00000000000006,0.24999999916066631,1.4142135599998287,4.00000000000006,0.24999999916064033,1.4142135599998287,4.000000000000034,0.24999999916264964,1.4142135599999048,3.000000000000033,0.33333333221514233,1.4142135599999304,4.00000000000009,0.24999999915955579,1.4142135599997463,4.000000000000086,0.2499999991596962,1.4142135599997558,5.000000000000098,0.19999999932983564,1.4142135599996535,2.9999999999999987,0.3333333322662891,1.4142135600000019,4.0000000000000675,0.24999999916165136,1.4142135599998082,5.000000000000114,0.1999999993265082,1.4142135599995957,3.0000000000000178,0.33333333221855754,1.414213559999962,4.00000000000009,0.2499999991587107,1.414213559999747,4.000000000000091,0.24999999915872662,1.414213559999744,3.000000000000029,0.3333333322161662,1.4142135599999388,4.000000000000023,0.24999999916426222,1.414213559999934,3.000000000000004,0.33333333222488626,1.414213559999991,11.000000000000053,0.09090909060451788,1.4142135599995682,5.000000000000082,0.19999999932795703,1.4142135599997083,4.00000000000006,0.2499999991614253,1.414213559999829,3.0000000000000036,0.33333333222573763,1.4142135599999928,7.000000000000036,0.1428571423784215,1.4142135599998165,4.000000000000049,0.24999999916130186,1.4142135599998609,4.000000000000037,0.2499999991631087,1.4142135599998946,2.999999999999999,0.33333333223676703,1.4142135600000005,8.00000000000007,0.12499999957596829,1.4142135599996057,4.000000000000023,0.24999999916375143,1.4142135599999328,5.000000000000103,0.1999999993248499,1.414213559999632,4.000000000000052,0.24999999916104895,1.4142135599998509,4.000000000000091,0.24999999915830082,1.4142135599997443,8.000000000000075,0.12499999957974679,1.4142135599995813,4.000000000000019,0.2499999991644756,1.4142135599999457,9.000000000000066,0.11111111073909,1.4142135599995667,2.999999999999999,0.3333333322390359,1.414213560000001,5.000000000000065,0.19999999932849521,1.4142135599997663,4.000000000000073,0.24999999916215948,1.4142135599997936,3.000000000000033,0.3333333322142299,1.4142135599999301,8.000000000000075,0.12499999957815938,1.4142135599995744,4.000000000000083,0.24999999915920842,1.4142135599997645,9.000000000000062,0.11111111073874116,1.414213559999592,2.9999999999999987,0.3333333322535452,1.4142135600000019,5.000000000000063,0.19999999932895343,1.4142135599997743,1.9999999999999958,0.4999999983403644,1.414213560000006,10.00000000000006,0.09999999966332603,1.4142135599995673,7.000000000000024,0.14285714237905764,1.4142135599998777,11.000000000000044,0.09090909060407812,1.4142135599996437,3.0000000000000218,0.333333332217031,1.4142135599999528,4.000000000000086,0.2499999991600324,1.414213559999755,5.0000000000000995,0.1999999993271634,1.414213559999645,10.00000000000006,0.09999999966446572,1.4142135599995642,3.0000000000000053,0.33333333222367467,1.414213559999988,1.9999999999999942,0.49999999833302744,1.414213560000008,8.000000000000075,0.1249999995743762,1.4142135599995784,4.000000000000075,0.24999999916022342,1.4142135599997878,4.000000000000062,0.24999999916088905,1.4142135599998247,7.000000000000083,0.1428571423758086,1.414213559999588,1.999999999999995,0.49999999833497927,1.4142135600000072,4.000000000000089,0.24999999916047394,1.4142135599997485,8.000000000000066,0.12499999957777824,1.4142135599996304,1.9999999999999933,0.4999999983311598,1.4142135600000092,4.000000000000072,0.2499999991582872,1.4142135599997965,10.00000000000006,0.0999999996634901,1.4142135599995624,3.0000000000000164,0.33333333221864986,1.4142135599999641,4.000000000000017,0.24999999916544854,1.4142135599999521,3.000000000000019,0.33333333221803657,1.4142135599999588,4.000000000000088,0.24999999915991777,1.4142135599997498,3.0000000000000266,0.3333333322164085,1.4142135599999424,4.00000000000008,0.24999999916039653,1.4142135599997716,4.00000000000006,0.24999999916016105,1.4142135599998293,4.000000000000057,0.2499999991616361,1.4142135599998387,4.0000000000000835,0.2499999991597034,1.4142135599997632,4.000000000000084,0.24999999915900664,1.414213559999761,5.000000000000111,0.19999999933114057,1.4142135599996055,4.0000000000000835,0.24999999915864632,1.4142135599997614,9.000000000000066,0.11111111073591179,1.4142135599995682,3.0000000000000164,0.3333333322186486,1.4142135599999641,4.000000000000044,0.24999999916092763,1.4142135599998733,3.0000000000000275,0.3333333322164701,1.4142135599999408,3.0000000000000306,0.3333333322158733,1.414213559999935,4.000000000000004,0.24999999917165158,1.414213559999988,4.000000000000059,0.24999999916124097,1.4142135599998353,4.000000000000009,0.24999999916793347,1.4142135599999732,7.000000000000064,0.14285714237646993,1.41421355999968,5.0000000000000915,0.1999999993266808,1.4142135599996748,10.000000000000046,0.09999999966476093,1.4142135599996717,4.000000000000091,0.2499999991596089,1.414213559999743,5.000000000000087,0.19999999932828336,1.4142135599996912,9.000000000000059,0.11111111073204939,1.4142135599996226,5.000000000000079,0.19999999932962645,1.4142135599997205,5.0000000000000275,0.19999999933139598,1.4142135599999008,5.000000000000035,0.19999999933007367,1.4142135599998746,4.0000000000000275,0.24999999916351207,1.414213559999921,4.0000000000000835,0.24999999915980756,1.4142135599997618,5.000000000000106,0.19999999932394136,1.4142135599996217,4.000000000000091,0.2499999991586041,1.4142135599997432]
