#SOLVERNAME# PAJ_ROUND_CBC_MOSEK
#SOLVER# Pajarito.PajaritoSolver(2,3600.0,1.0e-5,false,Cbc.CbcMathProgSolverInterface.CbcSolver(Any[(:logLevel,0),(:ratioGap,0.0),(:seconds,3600.0)]),MathProgBase.DefaultMIPSolver(),0,true,true,Mosek.MosekMathProgSolverInterface.MosekSolver(Any[(:LOG,0),(:NUM_THREADS,1),(:OPTIMIZER_MAX_TIME,120.0)]),true,false,false,true,false,true,false,true,true,true,true,false,false,true,false,false,false,false,1.0e-10,0.0001,1.0e-6,0.01,1.0e-6)
#FILENAME# achtziger_stolpe06-62flowc.cbf.gz
#INSTANCE# achtziger_stolpe06-62flowc
#TIMELIMIT# 3600.0
#STATUS# UserLimit
#OBJVAL# 49.099446373164554
#OBJBOUND# 47.487264348743516
#TIMESOLVER# 3612.429939031601
#TIMEALL# 3612.4322681427
#SOLUTION# [49.0994,0.0,0.0,0.0,0.0,0.0,0.0,0.0,0.0,0.0,0.0,0.0,0.0,0.0,0.0,0.0,0.0,0.0,0.0,0.0,0.0,0.0,0.0,0.0,0.0,0.0,0.0,0.0,0.0,0.0,1.0,0.0,0.0,0.0,0.0,0.0,0.0,0.0,0.0,0.0,0.0,0.0,0.0,0.0,0.0,0.0,0.0,0.0,0.0,0.0,0.0,0.0,0.0,0.0,0.0,1.0,0.0,0.0,0.0,0.0,1.0,0.0,0.0,0.0,0.0,0.0,0.0,0.0,0.0,0.0,0.0,0.0,0.0,0.0,0.0,0.0,0.0,0.0,0.0,0.0,0.0,0.0,0.0,0.0,0.0,0.0,1.0,0.0,0.0,0.0,0.0,0.0,0.0,0.0,0.0,0.0,0.0,0.0,0.0,0.0,0.0,0.0,0.0,0.0,0.0,0.0,0.0,0.0,0.0,0.0,0.0,0.0,0.0,0.0,0.0,0.0,0.0,0.0,0.0,0.0,0.0,0.0,0.0,0.0,0.0,0.0,0.0,0.0,0.0,0.0,0.0,0.0,0.0,0.0,0.0,0.0,0.0,0.0,0.0,0.0,0.0,0.0,0.0,1.0,1.0,0.0,0.0,0.0,0.0,0.0,0.0,0.0,0.0,0.0,0.0,0.0,0.0,0.0,0.0,0.0,0.0,1.0,0.0,1.0,0.0,0.0,1.0,0.0,0.0,0.0,0.0,0.0,0.0,0.0,0.0,0.0,0.0,0.0,0.0,0.0,0.0,0.0,0.0,0.0,0.0,0.0,0.0,1.0,0.0,0.0,0.0,0.0,0.0,0.0,0.0,0.0,0.0,0.0,0.0,0.0,0.0,0.0,0.0,0.0,0.0,0.0,0.0,1.0,1.0,1.0,0.0,0.0,0.0,0.0,0.0,0.0,0.0,0.0,0.0,0.0,0.0,0.0,0.0,0.0,0.0,0.0,0.0,0.0,0.0,0.0,0.0,0.0,0.0,0.0,0.0,0.0,0.0,1.0,0.0,0.0,0.0,0.0,0.0,0.0,0.0,0.0,0.0,0.0,0.0,0.0,0.0,1.0,0.0,1.0,0.0,0.0,0.0,0.0,0.0,0.0,0.0,0.0,0.0,0.0,0.0,0.0,0.0,0.0,0.0,0.0,0.0,0.0,0.0,0.0,0.0,0.0,0.0,0.0,0.0,0.0,0.0,0.0,0.0,0.0,0.0,0.0,0.0,0.0,0.0,0.0,0.0,0.0,0.0,0.0,0.0,1.0,0.0,0.0,0.0,1.0,0.0,0.0,0.0,0.0,0.0,0.0,0.0,0.0,0.0,0.0,0.0,0.0,0.0,0.0,0.0,1.0,0.0,0.0,0.0,0.0,0.0,0.0,0.0,0.0,0.0,0.0,0.0,0.0,0.0,0.0,0.0,0.0,0.0,0.0,0.0,0.0,0.0,0.0,0.0,0.0,0.0,0.0,1.0,0.0,0.0,0.0,0.0,0.0,0.0,0.0,0.0,0.0,0.0,0.0,0.0,0.0,0.0,0.0,0.0,0.0,0.0,0.0,0.0,1.0,0.0,0.0,0.0,0.0,0.0,0.0,0.0,0.0,0.0,0.0,0.0,0.0,0.0,0.0,0.0,0.0,0.0,0.0,0.0,0.0,0.0,0.0,0.0,0.0,0.0,0.0,0.0,0.0,0.0,0.0,0.0,0.0,0.0,0.0,0.0,0.0,0.0,0.0,0.0,0.0,0.0,0.0,0.0,0.0,0.0,0.0,0.0,0.0,0.0,0.0,0.0,0.0,0.0,0.0,0.0,0.0,0.0,0.0,0.0,0.0,0.0,0.0,0.0,0.0,0.0,0.0,1.0,0.0,0.0,0.0,0.0,0.0,0.0,0.0,0.0,0.0,0.0,0.0,0.0,0.0,0.0,0.0,0.0,0.0,0.0,0.0,0.0,0.0,0.0,0.0,0.0,0.0,0.0,0.0,0.0,0.0,0.0,0.0,0.0,0.0,0.0,0.0,0.0,0.0,0.0,0.0,0.0,0.0,0.0,0.0,0.0,0.0,0.0,0.0,0.0,0.0,0.0,0.0,0.0,0.0,0.0,0.0,0.0,0.0,0.0,0.0,0.0,0.0,0.0,0.0,0.0,0.0,0.0,0.0,0.0,0.0,0.0,0.0,0.0,0.0,0.0,0.0,0.0,0.0,0.0,0.0,0.0,0.0,0.0,0.0,0.0,0.0,0.0,0.0,0.0,0.0,0.0,0.0,0.0,0.0,0.0,0.0,0.0,0.0,0.0,0.0,0.0,1.0,0.0,0.0,0.0,0.0,0.0,0.0,0.0,0.0,0.0,0.0,0.0,0.0,0.0,0.0,0.0,0.0,0.0,0.0,0.0,0.0,1.0,0.0,0.0,0.0,0.0,0.0,0.0,0.0,0.0,0.0,0.0,0.0,0.0,0.0,0.0,0.0,0.0,0.0,0.0,0.0,0.0,0.0,0.0,0.0,0.0,0.0,0.0,0.0,0.0,0.0,0.0,0.0,0.0,0.0,0.0,0.0,0.0,0.0,0.0,0.0,0.0,0.0,0.0,0.0,0.0,0.0,0.0,0.0,0.0,0.0,0.0,0.0,0.0,0.0,0.0,0.0,0.0,0.0,0.0,0.0,0.0,0.0,0.0,0.0,0.0,0.0,0.0,0.0,0.0,0.0,0.0,0.0,0.0,0.0,0.0,0.0,0.0,0.0,0.0,2.91384e-9,3.47227e-9,3.74615e-9,3.31778e-9,3.0639e-9,2.8372e-9,2.88324e-9,2.97512e-9,3.04006e-9,2.83997e-9,2.84426e-9,3.22374e-9,2.83663e-9,3.55864e-9,2.99516e-9,2.85204e-9,2.83968e-9,3.57413e-9,3.52667e-9,3.81499e-9,3.102e-9,2.89651e-9,2.91523e-9,2.85084e-9,6.68285e-9,2.84375e-9,3.06547e-9,3.71323e-9,3.33616e-9,2.3286,3.26839e-9,2.86842e-9,3.07487e-9,3.83791e-9,5.09723e-9,3.50709e-9,5.15954e-9,4.09929e-9,3.36088e-9,5.20282e-9,3.92471e-9,3.15381e-9,5.04078e-9,3.96177e-9,3.3516e-9,3.19781e-9,4.96863e-9,3.90878e-9,4.56091e-9,4.38129e-9,3.70781e-9,3.28628e-9,4.21036e-9,2.93407e-9,2.3286,3.70218e-9,4.45764e-9,3.47499e-9,3.57102e-9,1.70311,2.87563e-9,2.85689e-9,3.37357e-9,2.84703e-9,2.94961e-9,2.84253e-9,2.83818e-9,2.90725e-9,2.85262e-9,2.8367e-9,2.9164e-9,2.83937e-9,2.84615e-9,2.99345e-9,2.94761e-9,2.8389e-9,2.92039e-9,2.8384e-9,2.83885e-9,2.86619e-9,2.92348e-9,2.99777e-9,3.35914e-9,4.19852e-9,2.87545e-9,1.70311,3.07855e-9,2.89284e-9,2.84996e-9,2.96589e-9,3.25784e-9,3.05269e-9,3.02143e-9,3.16617e-9,2.84286e-9,2.83719e-9,2.91401e-9,2.95266e-9,2.84199e-9,2.99135e-9,3.47109e-9,2.84429e-9,2.84945e-9,3.03836e-9,3.48669e-9,3.06088e-9,3.55773e-9,2.86831e-9,2.97073e-9,3.30942e-9,3.3709e-9,2.83951e-9,3.03968e-9,3.24588e-9,2.89715e-9,1.20927e-8,2.84553e-9,2.93406e-9,3.50188e-9,2.94029e-9,3.96008e-9,2.97827e-9,2.88653e-9,2.92942e-9,2.83654e-9,3.02887e-9,2.83539e-9,3.18654e-9,2.84018e-9,2.84977e-9,3.0435e-9,3.61195e-9,3.5366e-9,2.89892e-9,3.08309e-9,3.87586e-9,3.50255e-9,2.89881e-9,2.97122e-9,3.06205e-9,2.84869e-9,7.08956e-9,0.390625,1.5625,3.43268e-9,2.84308e-9,2.83552e-9,2.9732e-9,4.06473e-9,2.9541e-9,4.40127e-9,3.38807e-9,3.05102e-9,4.91714e-9,3.28263e-9,4.7602e-9,3.87132e-9,3.52182e-9,3.30948e-9,4.5478e-9,4.36732,3.75119e-9,0.358829,2.86606e-9,4.80657e-9,1.59099,2.90462e-9,3.32419e-9,3.57061e-9,3.46902e-9,3.3627e-9,3.6957e-9,3.36295e-9,3.17336e-9,3.74343e-9,3.42557e-9,3.10907e-9,3.78761e-9,3.39957e-9,3.22598e-9,3.11549e-9,3.58978e-9,3.87698e-9,3.37978e-9,2.8392e-9,2.90649e-9,0.390625,3.82627e-9,2.88334e-9,3.53928e-9,2.83496e-9,3.58681e-9,2.83528e-9,2.83532e-9,2.86202e-9,2.83523e-9,2.84434e-9,2.83514e-9,2.84509e-9,2.89277e-9,2.83528e-9,2.83857e-9,2.85702e-9,2.8583e-9,2.83813e-9,2.83648e-9,4.18769,4.18769,0.390625,3.16085e-9,2.8374e-9,3.69841e-9,2.93175e-9,3.61528e-9,2.83764e-9,2.84569e-9,2.89297e-9,2.83849e-9,2.88907e-9,2.97746e-9,2.85669e-9,2.92846e-9,3.03567e-9,2.8662e-9,2.85925e-9,2.94636e-9,3.11634e-9,3.19782e-9,3.02901e-9,2.92268e-9,2.86108e-9,3.15473e-9,3.06806e-9,2.83932e-9,2.99462e-9,3.75977e-9,1.5625,2.92501e-9,4.52554e-9,3.17909e-9,3.75112e-9,4.7252e-9,3.42624e-9,5.45268e-9,3.50315e-9,3.66545e-9,4.27612e-9,5.04824e-9,4.81259e-9,3.74612e-9,4.36732,3.51866e-9,1.5625,2.90444e-9,2.85631e-9,2.85933e-9,2.84281e-9,3.47595e-9,2.84916e-9,4.12415e-9,3.18651e-9,2.93571e-9,4.08152e-9,3.1589e-9,3.96128e-9,5.01137e-9,3.5261e-9,3.11656e-9,2.85755e-9,5.57745e-9,2.84073e-9,3.27095e-9,2.83725e-9,2.88645e-9,2.83707e-9,2.84456e-9,3.00957e-9,2.83878e-9,2.83987e-9,2.89276e-9,2.88278e-9,2.87769e-9,2.8494e-9,2.93588e-9,2.89178e-9,2.89068e-9,2.91102e-9,3.22191e-9,2.98185e-9,2.88892e-9,2.86528e-9,2.9554e-9,3.87751e-9,3.23611e-9,0.698771,3.52365e-9,3.74329e-9,2.85261e-9,0.698771,3.34376e-9,2.99364e-9,3.30304e-9,3.07669e-9,3.1441e-9,2.87259e-9,3.04024e-9,3.03333e-9,3.08994e-9,3.10626e-9,2.9264e-9,2.91938e-9,2.85447e-9,3.46547e-9,6.58571e-9,1.97642,3.23742e-9,2.84181e-9,2.84044e-9,2.8355e-9,2.84254e-9,3.30707e-9,2.9173e-9,2.86171e-9,2.84304e-9,2.84601e-9,2.90678e-9,2.8871e-9,2.90802e-9,2.92237e-9,2.95381e-9,2.89051e-9,2.95907e-9,3.24734e-9,2.9125e-9,2.85136e-9,3.60844e-9,3.10309e-9,2.88166e-9,2.85323e-9,2.83847e-9,3.24629e-9,1.5625,2.90291e-9,3.83612e-9,3.06469e-9,3.55242e-9,4.70752e-9,3.33468e-9,4.39646e-9,3.29716e-9,3.76431e-9,5.6027e-9,4.23555e-9,2.88577e-9,2.83608e-9,5.68178e-9,2.87934e-9,3.49195e-9,3.50687e-9,2.99711e-9,3.00737e-9,3.11577e-9,2.79508,3.23541e-9,3.9046e-9,3.44436e-9,3.39897e-9,3.72547e-9,3.793e-9,6.76692e-9,3.42516e-9,2.83873e-9,2.99963e-9,2.86588e-9,2.83926e-9,2.87765e-9,2.98377e-9,2.83907e-9,2.89137e-9,2.98021e-9,2.84594e-9,2.89741e-9,2.93525e-9,2.84835e-9,3.40469e-9,2.94791e-9,2.94129e-9,2.91327e-9,2.94151e-9,2.86772e-9,3.02568e-9,2.84416e-9,2.849e-9,2.85149e-9,2.96889e-9,2.83527e-9,2.8365e-9,2.88912e-9,2.83561e-9,2.83607e-9,2.86131e-9,2.85739e-9,2.85764e-9,5.00843e-9,5.3358e-9,3.00105e-9,2.93825e-9,2.8384e-9,2.84384e-9,2.87522e-9,2.85115e-9,2.93416e-9,2.93412e-9,2.84674e-9,2.90486e-9,2.95311e-9,2.9005e-9,2.93642e-9,3.49768e-9,2.88123e-9,2.84778e-9,2.90076e-9,2.97903e-9,2.87114e-9,2.83532e-9,2.83591e-9,3.03443e-9,4.22136e-9,2.93511e-9,2.79508,3.14159e-9,3.35389e-9,3.82505e-9,3.52437e-9,3.7389e-9,3.82789e-9,6.31811e-9,3.08605e-9,2.94212e-9,2.99358e-9,2.83637e-9,2.83803e-9,2.84466e-9,3.14393e-9,2.89073e-9,3.16724e-9,5.27691e-9,2.91146e-9,2.85116e-9,6.78383e-9,2.99915e-9,3.62144e-9,2.86356e-9,2.93292e-9,2.99403e-9,2.87244e-9,2.91295e-9,2.9522e-9,2.84536e-9,2.88749e-9,3.03455e-9,2.83542e-9,3.78601e-9,3.13747e-9,3.04612e-9,2.84889e-9,2.90778e-9,4.0795e-9,2.87352e-9,3.02501e-9,2.86376e-9,2.83571e-9,2.9263e-9,3.07396e-9,2.84347e-9,2.89302e-9,2.89107e-9,2.88242e-9,2.95271e-9,2.92797e-9,2.84829e-9,2.85403e-9,4.71216e-9,5.30298e-9,3.00787e-9,2.94876e-9,2.89814e-9,2.93103e-9,3.10493e-9,2.88585e-9,3.08206e-9,2.96322e-9,2.83572e-9,3.14375e-9,3.948e-9,2.83917e-9,2.83592e-9,2.98505e-9,3.9208e-9,2.95908e-9,2.84706e-9,2.83653e-9,2.83583e-9,3.0503e-9,2.9452e-9,2.88475e-9,3.07249e-9,2.91225e-9,5.33654e-9,3.10304e-9,2.8457e-9,3.40248e-9,3.14075e-9,7.44797e-9,2.84172e-9,3.0112e-9,3.03447e-9,2.83961e-9,2.862e-9,2.91006e-9,3.16294e-9,3.16314e-9,6.45932e-9,2.87908e-9,3.01155e-9,2.83601e-9,2.84483e-9,2.84698e-9,2.90755e-9,2.88199e-9,2.79508,2.85506e-9,3.27647e-9,2.93536e-9,2.92046e-9,3.04823e-9,2.86226e-9,2.83533e-9,2.91793e-9,3.04753e-9,2.94484e-9,3.03507e-9,4.6849e-9,5.17357e-9,2.83749e-9,2.89846e-9,2.83816e-9,2.84458e-9,2.84362e-9,2.94083e-9,2.8451e-9,2.79508,2.87364e-9,3.25985e-9,3.02653e-9,2.90927e-9,2.85036e-9,2.83992e-9,2.94877e-9,3.02695e-9,3.10967e-9,3.06684e-9,7.02131e-9,2.93941e-9,2.84318e-9,2.93332e-9,8.27021e-9,2.9059e-9,2.84611e-9,2.83543e-9,6.28788e-9,2.98848e-9,3.66789e-9,2.90107e-9,2.86282e-9,2.84699e-9,8.7452e-9,3.04109e-9,2.83656e-9,3.29906e-9,2.84535e-9,2.89598e-9,4.07831e-9,2.89834e-9,2.87139e-9,3.17339e-9,2.83721e-9,3.32367e-9,2.89485e-9,2.95708e-9,2.96849e-9,4.58162e-9,5.03205e-9,2.92632e-9,2.83662e-9,3.05352e-9,9.21093e-9,2.84444e-9,2.84971e-9,2.86286e-9,3.22458e-9,3.91823e-9,2.93992e-9,2.84876e-9,2.90216e-9,8.30898e-9,2.89049e-9,2.85101e-9,2.83598e-9,3.45469e-9,3.1115e-9,6.84114e-9,3.42967e-9,5.7e-9,3.73295e-9,1.50603e-8,3.27324e-9,2.92527e-9,2.85182e-9,1.51289e-8,5.02119e-9,5.40869e-9,3.34925e-9,2.96165e-9,3.21247e-9,2.87773e-9,3.55201e-9,6.10931e-9,3.3657e-9,3.14472e-9,5.75108e-10,6.84095e-10,5.05587e-10,3.47099e-10,2.94051e-11,-1.62282e-10,2.7266e-10,-3.30959e-10,-4.97821e-11,-6.51657e-11,-4.5485e-10,-2.61534e-11,-6.1624e-10,-2.90575e-10,-9.21525e-11,-4.86381e-11,-6.24259e-10,-6.03024e-10,-7.18967e-10,-3.73587e-10,-1.78995e-10,2.07787e-10,9.30787e-11,-1.45886e-9,-6.01111e-11,3.58496e-10,-5.17546e-10,-1.52598,-4.87137e-10,-1.34243e-10,-3.62556e-10,-7.38937e-10,-1.10334e-9,-5.99359e-10,-1.11486e-9,-8.24741e-10,-5.33988e-10,-1.12315e-9,-7.65732e-10,-4.15943e-10,-1.08243e-9,-7.77273e-10,-5.2676e-10,-4.44332e-10,-1.0642e-9,-7.57757e-10,-9.57825e-10,-9.0737e-10,-6.83286e-10,-4.93258e-10,8.6062e-10,2.30614e-10,-1.52598,6.80816e-10,9.44496e-10,6.40951e-10,1.30503,1.53039e-10,8.57342e-11,-5.45306e-10,7.7835e-11,2.45392e-10,5.02477e-11,3.9294e-12,1.9662e-10,-9.54298e-11,2.69624e-12,2.09822e-10,-2.18576e-11,-6.10523e-11,2.94303e-10,2.42245e-10,-3.10144e-11,2.15245e-10,-2.41593e-11,4.42944e-11,1.30245e-10,2.16634e-10,3.01558e-10,-5.3993e-10,-8.72142e-10,-1.51482e-10,1.30503,1.80584e-10,8.67014e-11,-2.56327e-10,4.75339e-10,-3.43365e-10,3.14186e-10,-4.11045e-10,-5.60714e-11,-2.37806e-11,2.05621e-10,2.50647e-10,6.01678e-11,2.88274e-10,5.79349e-10,7.01245e-11,8.76169e-11,3.28506e-10,5.84424e-10,3.46337e-10,6.15611e-10,1.33052e-10,2.67493e-10,5.0454e-10,5.30467e-10,-4.49091e-11,-3.30951e-10,-4.76701e-10,1.86221e-10,2.26092e-9,-7.38949e-11,-2.32377e-10,-5.93967e-10,-2.31474e-10,-7.62166e-10,-2.7699e-10,1.66774e-10,-2.20401e-10,2.60902e-11,3.20858e-10,-8.18218e-12,4.32144e-10,5.05798e-11,8.76706e-11,3.31495e-10,6.44224e-10,6.08459e-10,1.82511e-10,3.59787e-10,7.45493e-10,5.91726e-10,-1.85668e-10,-2.69384e-10,-3.55016e-10,8.26876e-11,1.53428e-9,-1.25,-5.6047e-10,-6.80438e-11,1.81238e-11,-2.66596e-10,-8.04464e-10,-2.47641e-10,-9.07799e-10,-5.3822e-10,-3.34803e-10,-1.04215e-9,-4.81957e-10,-1.00434e-9,-7.35771e-10,-5.98044e-10,-4.97921e-10,-9.46482e-10,-2.08981,7.14175e-10,1.30188e-10,-1.00703e-9,-1.26134,-1.86571e-10,-5.04064e-10,-6.12693e-10,-5.6791e-10,-5.19363e-10,-6.65101e-10,-5.18927e-10,-4.14252e-10,-6.8252e-10,-5.49511e-10,-3.75294e-10,-6.99838e-10,-5.36843e-10,-4.45513e-10,-3.78774e-10,-6.22991e-10,-7.32957e-10,5.24152e-10,-4.70009e-11,1.82678e-10,7.19663e-10,1.56464e-10,-6.08703e-10,-1.23565e-11,-6.26239e-10,9.46333e-12,1.54163e-11,1.18211e-10,1.26357e-12,7.17044e-11,4.26882e-12,-7.04049e-11,1.79013e-10,-7.34692e-14,-4.18219e-11,1.08911e-10,1.10467e-10,3.89206e-11,2.62062e-11,-2.04638,2.04638,4.09562e-10,-3.26227e-11,-6.72867e-10,2.26236e-10,-6.33959e-10,-3.8468e-11,7.08992e-11,-1.69222e-10,3.56351e-11,1.66144e-10,2.74148e-10,1.03893e-10,2.19929e-10,3.22862e-10,1.25423e-10,1.09676e-10,2.40965e-10,3.82823e-10,4.40457e-10,3.17989e-10,2.11168e-10,-1.11643e-10,4.12437e-10,3.44601e-10,3.45914e-11,-2.8977e-10,6.9323e-10,1.25,2.13556e-10,9.38952e-10,4.20139e-10,6.90161e-10,9.94492e-10,5.54083e-10,1.17333e-9,5.88964e-10,6.56633e-10,8.67293e-10,1.07551e-9,1.01494e-9,-7.10372e-10,2.08981,-1.25,-1.89357e-10,1.07227e-10,1.137e-10,-6.00651e-11,-5.77795e-10,-8.2787e-11,-8.15709e-10,-4.26027e-10,-2.28517e-10,-8.04741e-10,-4.0763e-10,-7.63914e-10,-1.06735e-9,-5.97064e-10,-3.80512e-10,1.07311e-10,-1.23748e-9,5.00246e-11,-1.46555e-11,-1.60053e-10,-2.56822e-11,-6.83042e-11,-2.99118e-10,-4.00334e-11,-4.56705e-11,-1.72347e-10,-1.53997e-10,-1.45978e-10,-8.03667e-11,-2.2652e-10,-1.68162e-10,-1.68684e-10,-1.96594e-10,-4.47997e-10,-2.73659e-10,-1.64954e-10,-1.28821e-10,-2.53464e-10,7.64072e-10,0.835925,5.98148e-10,6.92166e-10,9.95669e-11,-0.835925,5.13449e-10,2.92842e-10,4.94034e-10,3.56487e-10,4.08849e-10,1.41964e-10,3.2743e-10,3.25824e-10,3.64935e-10,3.76662e-10,2.20816e-10,2.12491e-10,-1.03823e-10,-5.72458e-10,-1.43932e-9,1.40585,-5.38092e-11,-5.26287e-11,-5.87737e-13,5.9972e-11,-4.94069e-10,2.04557e-10,1.1527e-10,6.34061e-11,7.31328e-11,1.91988e-10,1.6188e-10,1.93423e-10,2.12852e-10,2.47156e-10,1.68063e-10,2.51741e-10,4.69862e-10,1.99615e-10,9.42711e-11,-6.5935e-10,3.78713e-10,-1.52522e-10,-9.82297e-11,3.54357e-11,4.59782e-10,1.25,1.84166e-10,7.21322e-10,3.436e-10,6.0929e-10,9.91895e-10,5.07314e-10,9.00956e-10,4.88212e-10,6.92273e-10,1.20838e-9,8.51171e-10,-1.61956e-10,-4.07255e-12,1.26042e-9,-5.8004e-10,-5.81719e-10,-2.79602e-10,-2.9103e-10,-3.76147e-10,-1.67185,-4.49313e-10,-7.41063e-10,-5.55173e-10,-5.35277e-10,-6.75541e-10,-6.98156e-10,-1.47166e-9,5.76207e-10,2.90816e-10,-1.28154e-10,-4.23087e-11,-1.46577e-10,-2.77486e-10,4.4863e-11,-1.69152e-10,-2.74874e-10,-7.39534e-11,-1.77254e-10,-2.24955e-10,-8.21309e-11,-5.45959e-10,-2.4001e-10,-2.38198e-10,-2.01225e-10,-2.35976e-10,3.14676e-10,6.64795e-11,8.43383e-11,-9.17969e-11,-2.65071e-10,-1.04151e-12,2.77956e-11,1.6777e-10,1.21896e-11,-1.76589e-11,-1.17033e-10,1.06577e-10,-1.07439e-10,-1.09865e-9,1.17769e-9,2.30623e-10,3.84938e-11,6.58639e-11,1.46122e-10,-9.1316e-11,2.26505e-10,2.26906e-10,7.46678e-11,1.8905e-10,2.48401e-10,1.83394e-10,2.28619e-10,5.96256e-10,1.54304e-10,8.05281e-11,1.87054e-10,2.77402e-10,1.39629e-10,-1.19763e-11,2.47855e-11,3.27529e-10,8.51108e-10,2.30129e-10,1.67185,4.01262e-10,5.22013e-10,7.20248e-10,5.98715e-10,6.85322e-10,-7.42744e-10,1.38651e-9,-2.3349e-10,-2.85014e-10,2.37247e-11,-3.95767e-11,-7.13374e-11,-4.01694e-10,-1.68865e-10,-4.14608e-10,-1.13759e-9,-1.97668e-10,-9.13794e-11,-1.47073e-9,-2.9394e-10,6.63505e-10,2.27531e-10,-2.82211e-10,-1.37144e-10,-2.01953e-10,-2.47674e-10,7.41772e-11,-1.60882e-10,-3.21121e-10,7.14665e-12,-7.06529e-10,-3.93254e-10,-3.35121e-10,-8.47582e-11,-1.95784e-10,8.33338e-10,3.14251e-10,1.21385e-10,-1.37201e-11,-2.15904e-10,-3.5456e-10,6.43579e-11,-1.71029e-10,1.70031e-10,1.55631e-10,-2.46385e-10,-2.18789e-10,-8.37767e-11,1.00031e-10,-1.02095e-9,1.16812e-9,2.41433e-10,1.7798e-10,2.21521e-10,3.82931e-10,-1.65203e-10,3.56895e-10,2.57281e-10,1.22689e-11,3.97268e-10,7.71984e-10,4.38148e-11,1.84038e-11,2.82542e-10,-7.78718e-10,2.57773e-10,7.64238e-11,2.12174e-11,1.48414e-11,3.43337e-10,2.34915e-10,1.58182e-10,3.51508e-10,1.9796e-10,1.15597e-9,3.70358e-10,7.34478e-11,-5.64348e-10,4.03167e-10,1.5876e-9,-3.03664e-10,-3.24615e-10,-4.76262e-11,-1.17981e-10,-1.979e-10,-4.12797e-10,-4.11336e-10,-1.40716e-9,3.03526e-10,-2.33939e-11,7.01962e-11,-7.89985e-11,-1.95471e-10,1.55461e-10,-1.67185,-1.01157e-10,-4.80777e-10,-2.27598e-10,3.32228e-10,1.16393e-10,4.33158e-12,-2.04886e-10,-3.32176e-10,2.36362e-10,-3.21009e-10,-1.01196e-9,1.1362e-9,1.72759e-10,1.26549e-11,-6.97207e-11,-6.77767e-11,-2.36621e-10,5.73601e-11,1.67185,-1.44921e-10,4.77101e-10,3.22071e-10,1.95272e-10,8.729e-11,4.8826e-11,2.44679e-10,3.16605e-10,3.75008e-10,3.45427e-10,1.51048e-9,6.42712e-11,-2.23484e-10,-1.70665e-9,-1.8862e-10,7.70129e-11,8.86629e-12,-1.37231e-9,-2.8285e-10,6.82525e-10,1.19666e-10,7.96039e-11,-1.77509e-9,-3.22905e-10,-2.11595e-11,-4.9422e-10,7.27268e-11,-1.78217e-10,8.31682e-10,1.35143e-10,4.14778e-10,-2.0694e-11,-5.02094e-10,-1.74059e-10,-2.52764e-10,2.65569e-10,-9.82188e-10,1.10087e-9,2.4069e-11,3.32794e-10,1.84908e-9,-7.17539e-11,-8.66264e-11,-1.19844e-10,4.53365e-10,-7.76153e-10,2.36816e-10,-8.45135e-11,1.84204e-10,1.71641e-9,1.66446e-10,-9.0781e-11,-1.96666e-11,-5.89578e-10,3.81753e-10,1.47649e-9,-1.25104e-9,7.07663e-10,-4.7946e-10,2.16844e-10,-9.27438e-11,-1.09521e-9,1.19055e-9,-2.57219e-10,4.44572e-10,1.50656e-10,-6.32875e-10,1.33636e-9,2.09548e-10,6.98398e-10,-5.96505e-10,-3.66561e-10,0.625,0.599024,-0.625,-0.625,6.00023e-10,4.68625e-10,-4.5187e-10,-4.59908e-10,-1.39162e-10,-3.72826e-11,-1.31271e-10,-2.90835e-10,3.6023e-10,1.21749e-10,-1.42803e-10,-3.00622e-10,5.91124e-11,1.47501e-10,-2.17e-10,-1.74465e-11,2.32451e-10,1.85455e-10,-1.81123e-10,-2.17569e-10,-5.53357e-10,-2.56868e-9,2.57646e-9,5.16201e-10,-5.33789e-10,4.09667e-10,0.0,1.45692e-9,2.09548e-10,0.0,1.73614e-9,5.75108e-10,0.0,1.87308e-9,6.84095e-10,0.0,1.65889e-9,5.05587e-10,0.0,1.53195e-9,3.47099e-10,0.0,1.4186e-9,2.94051e-11,0.0,1.44162e-9,-1.62282e-10,0.0,1.48756e-9,2.7266e-10,0.0,1.52003e-9,-3.30959e-10,0.0,1.41999e-9,-4.97821e-11,0.0,1.42213e-9,-6.51657e-11,0.0,1.61187e-9,-4.5485e-10,0.0,1.41832e-9,-2.61534e-11,0.0,1.77932e-9,-6.1624e-10,0.0,1.49758e-9,-2.90575e-10,0.0,1.42602e-9,-9.21525e-11,0.0,1.41984e-9,-4.86381e-11,0.0,1.78707e-9,-6.24259e-10,0.0,1.76334e-9,-6.03024e-10,0.0,1.9075e-9,-7.18967e-10,0.0,1.551e-9,-3.73587e-10,0.0,1.44826e-9,-1.78995e-10,0.0,1.45761e-9,2.07787e-10,0.0,1.42542e-9,9.30787e-11,0.0,3.34143e-9,-1.45886e-9,0.0,1.42187e-9,-6.01111e-11,0.0,1.53273e-9,3.58496e-10,0.0,1.85661e-9,6.98398e-10,0.0,1.66808e-9,-5.17546e-10,1.0,1.1643,-1.52598,0.0,1.63419e-9,-4.87137e-10,0.0,1.43421e-9,-1.34243e-10,0.0,1.53744e-9,-3.62556e-10,0.0,1.91895e-9,-7.38937e-10,0.0,2.54862e-9,-1.10334e-9,0.0,1.75355e-9,-5.99359e-10,0.0,2.57977e-9,-1.11486e-9,0.0,2.04964e-9,-8.24741e-10,0.0,1.68044e-9,-5.33988e-10,0.0,2.60141e-9,-1.12315e-9,0.0,1.96236e-9,-7.65732e-10,0.0,1.57691e-9,-4.15943e-10,0.0,2.52039e-9,-1.08243e-9,0.0,1.98089e-9,-7.77273e-10,0.0,1.6758e-9,-5.2676e-10,0.0,1.59891e-9,-4.44332e-10,0.0,2.48431e-9,-1.0642e-9,0.0,1.95439e-9,-7.57757e-10,0.0,2.28045e-9,-9.57825e-10,0.0,2.19065e-9,-9.0737e-10,0.0,1.85391e-9,-6.83286e-10,0.0,1.64314e-9,-4.93258e-10,0.0,2.10518e-9,8.6062e-10,0.0,1.46703e-9,2.30614e-10,1.0,1.1643,-1.52598,0.0,1.85109e-9,6.80816e-10,0.0,2.22882e-9,9.44496e-10,0.0,1.73749e-9,-5.96505e-10,0.0,1.78551e-9,6.40951e-10,1.0,0.851554,1.30503,0.0,1.43782e-9,1.53039e-10,0.0,1.42844e-9,8.57342e-11,0.0,1.68678e-9,-5.45306e-10,0.0,1.42352e-9,7.7835e-11,0.0,1.4748e-9,2.45392e-10,0.0,1.42127e-9,5.02477e-11,0.0,1.41909e-9,3.9294e-12,0.0,1.45363e-9,1.9662e-10,0.0,1.42631e-9,-9.54298e-11,0.0,1.41835e-9,2.69624e-12,0.0,1.4582e-9,2.09822e-10,0.0,1.41968e-9,-2.18576e-11,0.0,1.42308e-9,-6.10523e-11,0.0,1.49673e-9,2.94303e-10,0.0,1.47381e-9,2.42245e-10,0.0,1.41945e-9,-3.10144e-11,0.0,1.4602e-9,2.15245e-10,0.0,1.4192e-9,-2.41593e-11,0.0,1.41943e-9,4.42944e-11,0.0,1.43309e-9,1.30245e-10,0.0,1.46174e-9,2.16634e-10,0.0,1.49888e-9,3.01558e-10,0.0,1.67957e-9,-5.3993e-10,0.0,2.09926e-9,-8.72142e-10,0.0,1.43773e-9,-1.51482e-10,1.0,0.851554,1.30503,0.0,1.53927e-9,-3.66561e-10,0.0,1.44642e-9,1.80584e-10,0.0,1.42498e-9,8.67014e-11,0.0,1.48294e-9,-2.56327e-10,0.0,1.62892e-9,4.75339e-10,0.0,1.52635e-9,-3.43365e-10,0.0,1.51072e-9,3.14186e-10,0.0,1.58309e-9,-4.11045e-10,0.0,1.42143e-9,-5.60714e-11,0.0,1.4186e-9,-2.37806e-11,0.0,1.457e-9,2.05621e-10,0.0,1.47633e-9,2.50647e-10,0.0,1.42099e-9,6.01678e-11,0.0,1.49568e-9,2.88274e-10,0.0,1.73554e-9,5.79349e-10,0.0,1.42215e-9,7.01245e-11,0.0,1.42473e-9,8.76169e-11,0.0,1.51918e-9,3.28506e-10,0.0,1.74334e-9,5.84424e-10,0.0,1.53044e-9,3.46337e-10,0.0,1.77887e-9,6.15611e-10,0.0,1.43416e-9,1.33052e-10,0.0,1.48537e-9,2.67493e-10,0.0,1.65471e-9,5.0454e-10,0.0,1.68545e-9,5.30467e-10,0.0,1.41976e-9,-4.49091e-11,0.0,1.51984e-9,-3.30951e-10,0.0,1.62294e-9,-4.76701e-10,0.0,1.44857e-9,1.86221e-10,0.0,6.04635e-9,2.26092e-9,0.0,1.42276e-9,-7.38949e-11,0.0,1.46703e-9,-2.32377e-10,0.0,1.75094e-9,-5.93967e-10,0.0,1.47015e-9,-2.31474e-10,0.0,1.98004e-9,-7.62166e-10,0.0,1.48914e-9,-2.7699e-10,0.0,1.44327e-9,1.66774e-10,0.0,1.46471e-9,-2.20401e-10,0.0,1.41827e-9,2.60902e-11,0.0,1.51443e-9,3.20858e-10,0.0,1.41769e-9,-8.18218e-12,0.0,1.59327e-9,4.32144e-10,0.0,1.42009e-9,5.05798e-11,0.0,1.42488e-9,8.76706e-11,0.0,1.52175e-9,3.31495e-10,0.0,1.80597e-9,6.44224e-10,0.0,1.7683e-9,6.08459e-10,0.0,1.44946e-9,1.82511e-10,0.0,1.54155e-9,3.59787e-10,0.0,1.93793e-9,7.45493e-10,0.0,1.75127e-9,5.91726e-10,0.0,1.4494e-9,-1.85668e-10,0.0,1.48561e-9,-2.69384e-10,0.0,1.53102e-9,-3.55016e-10,0.0,1.42435e-9,8.26876e-11,0.0,3.54478e-9,1.53428e-9,1.0,0.195312,0.625,1.0,0.78125,-1.25,0.0,1.71634e-9,-5.6047e-10,0.0,1.42154e-9,-6.80438e-11,0.0,1.41776e-9,1.81238e-11,0.0,1.4866e-9,-2.66596e-10,0.0,2.03236e-9,-8.04464e-10,0.0,1.47705e-9,-2.47641e-10,0.0,2.20064e-9,-9.07799e-10,0.0,1.69403e-9,-5.3822e-10,0.0,1.52551e-9,-3.34803e-10,0.0,2.45857e-9,-1.04215e-9,0.0,1.64132e-9,-4.81957e-10,0.0,2.3801e-9,-1.00434e-9,0.0,1.93566e-9,-7.35771e-10,0.0,1.76091e-9,-5.98044e-10,0.0,1.65474e-9,-4.97921e-10,0.0,2.2739e-9,-9.46482e-10,1.0,2.18366,-2.08981,0.0,1.8756e-9,7.14175e-10,1.0,0.179415,0.599024,0.0,1.43303e-9,1.30188e-10,0.0,2.40328e-9,-1.00703e-9,1.0,0.795495,-1.26134,0.0,1.45231e-9,-1.86571e-10,0.0,1.66209e-9,-5.04064e-10,0.0,1.7853e-9,-6.12693e-10,0.0,1.73451e-9,-5.6791e-10,0.0,1.68135e-9,-5.19363e-10,0.0,1.84785e-9,-6.65101e-10,0.0,1.68148e-9,-5.18927e-10,0.0,1.58668e-9,-4.14252e-10,0.0,1.87172e-9,-6.8252e-10,0.0,1.71279e-9,-5.49511e-10,0.0,1.55453e-9,-3.75294e-10,0.0,1.8938e-9,-6.99838e-10,0.0,1.69978e-9,-5.36843e-10,0.0,1.61299e-9,-4.45513e-10,0.0,1.55774e-9,-3.78774e-10,0.0,1.79489e-9,-6.22991e-10,0.0,1.93849e-9,-7.32957e-10,0.0,1.68989e-9,5.24152e-10,0.0,1.4196e-9,-4.70009e-11,0.0,1.45325e-9,1.82678e-10,1.0,0.195313,-0.625,0.0,1.91314e-9,7.19663e-10,0.0,1.44167e-9,1.56464e-10,0.0,1.76964e-9,-6.08703e-10,0.0,1.41748e-9,-1.23565e-11,0.0,1.79341e-9,-6.26239e-10,0.0,1.41764e-9,9.46333e-12,0.0,1.41766e-9,1.54163e-11,0.0,1.43101e-9,1.18211e-10,0.0,1.41762e-9,1.26357e-12,0.0,1.42217e-9,7.17044e-11,0.0,1.41757e-9,4.26882e-12,0.0,1.42255e-9,-7.04049e-11,0.0,1.44639e-9,1.79013e-10,0.0,1.41764e-9,-7.34692e-14,0.0,1.41928e-9,-4.18219e-11,0.0,1.42851e-9,1.08911e-10,0.0,1.42915e-9,1.10467e-10,0.0,1.41906e-9,3.89206e-11,0.0,1.41824e-9,2.62062e-11,1.0,2.09385,-2.04638,1.0,2.09385,2.04638,1.0,0.195313,-0.625,0.0,1.58043e-9,4.09562e-10,0.0,1.4187e-9,-3.26227e-11,0.0,1.8492e-9,-6.72867e-10,0.0,1.46587e-9,2.26236e-10,0.0,1.80764e-9,-6.33959e-10,0.0,1.41882e-9,-3.8468e-11,0.0,1.42285e-9,7.08992e-11,0.0,1.44648e-9,-1.69222e-10,0.0,1.41925e-9,3.56351e-11,0.0,1.44453e-9,1.66144e-10,0.0,1.48873e-9,2.74148e-10,0.0,1.42835e-9,1.03893e-10,0.0,1.46423e-9,2.19929e-10,0.0,1.51784e-9,3.22862e-10,0.0,1.4331e-9,1.25423e-10,0.0,1.42963e-9,1.09676e-10,0.0,1.47318e-9,2.40965e-10,0.0,1.55817e-9,3.82823e-10,0.0,1.59891e-9,4.40457e-10,0.0,1.51451e-9,3.17989e-10,0.0,1.46134e-9,2.11168e-10,0.0,1.43054e-9,-1.11643e-10,0.0,1.57736e-9,4.12437e-10,0.0,1.53403e-9,3.44601e-10,0.0,1.41966e-9,3.45914e-11,0.0,1.49731e-9,-2.8977e-10,0.0,1.87989e-9,6.9323e-10,1.0,0.78125,1.25,0.0,1.46251e-9,2.13556e-10,0.0,2.26277e-9,9.38952e-10,0.0,1.58955e-9,4.20139e-10,0.0,1.87556e-9,6.90161e-10,0.0,2.3626e-9,9.94492e-10,0.0,1.71312e-9,5.54083e-10,0.0,2.72634e-9,1.17333e-9,0.0,1.75157e-9,5.88964e-10,0.0,1.83272e-9,6.56633e-10,0.0,2.13806e-9,8.67293e-10,0.0,2.52412e-9,1.07551e-9,0.0,2.4063e-9,1.01494e-9,0.0,1.87306e-9,-7.10372e-10,1.0,2.18366,2.08981,0.0,1.75933e-9,6.00023e-10,1.0,0.78125,-1.25,0.0,1.45222e-9,-1.89357e-10,0.0,1.42816e-9,1.07227e-10,0.0,1.42966e-9,1.137e-10,0.0,1.4214e-9,-6.00651e-11,0.0,1.73797e-9,-5.77795e-10,0.0,1.42458e-9,-8.2787e-11,0.0,2.06207e-9,-8.15709e-10,0.0,1.59325e-9,-4.26027e-10,0.0,1.46785e-9,-2.28517e-10,0.0,2.04076e-9,-8.04741e-10,0.0,1.57945e-9,-4.0763e-10,0.0,1.98064e-9,-7.63914e-10,0.0,2.50568e-9,-1.06735e-9,0.0,1.76305e-9,-5.97064e-10,0.0,1.55828e-9,-3.80512e-10,0.0,1.42878e-9,1.07311e-10,0.0,2.78873e-9,-1.23748e-9,0.0,1.42036e-9,5.00246e-11,0.0,1.63547e-9,4.68625e-10,0.0,1.41863e-9,-1.46555e-11,0.0,1.44323e-9,-1.60053e-10,0.0,1.41854e-9,-2.56822e-11,0.0,1.42228e-9,-6.83042e-11,0.0,1.50479e-9,-2.99118e-10,0.0,1.41939e-9,-4.00334e-11,0.0,1.41994e-9,-4.56705e-11,0.0,1.44638e-9,-1.72347e-10,0.0,1.44139e-9,-1.53997e-10,0.0,1.43884e-9,-1.45978e-10,0.0,1.4247e-9,-8.03667e-11,0.0,1.46794e-9,-2.2652e-10,0.0,1.44589e-9,-1.68162e-10,0.0,1.44534e-9,-1.68684e-10,0.0,1.45551e-9,-1.96594e-10,0.0,1.61096e-9,-4.47997e-10,0.0,1.49092e-9,-2.73659e-10,0.0,1.44446e-9,-1.64954e-10,0.0,1.43264e-9,-1.28821e-10,0.0,1.4777e-9,-2.53464e-10,0.0,1.93875e-9,7.64072e-10,0.0,1.61805e-9,-4.5187e-10,1.0,0.349386,0.835925,0.0,1.76183e-9,5.98148e-10,0.0,1.87165e-9,6.92166e-10,0.0,1.4263e-9,9.95669e-11,1.0,0.349386,-0.835925,0.0,1.67188e-9,5.13449e-10,0.0,1.49682e-9,2.92842e-10,0.0,1.65152e-9,4.94034e-10,0.0,1.53834e-9,3.56487e-10,0.0,1.57205e-9,4.08849e-10,0.0,1.4363e-9,1.41964e-10,0.0,1.52012e-9,3.2743e-10,0.0,1.51666e-9,3.25824e-10,0.0,1.54497e-9,3.64935e-10,0.0,1.55313e-9,3.76662e-10,0.0,1.4632e-9,2.20816e-10,0.0,1.45969e-9,2.12491e-10,0.0,1.42723e-9,-1.03823e-10,0.0,1.73273e-9,-5.72458e-10,0.0,3.29285e-9,-1.43932e-9,1.0,0.988212,1.40585,0.0,1.61871e-9,-4.59908e-10,0.0,1.4209e-9,-5.38092e-11,0.0,1.42022e-9,-5.26287e-11,0.0,1.41775e-9,-5.87737e-13,0.0,1.42127e-9,5.9972e-11,0.0,1.65354e-9,-4.94069e-10,0.0,1.45865e-9,2.04557e-10,0.0,1.43085e-9,1.1527e-10,0.0,1.42152e-9,6.34061e-11,0.0,1.423e-9,7.31328e-11,0.0,1.45339e-9,1.91988e-10,0.0,1.44355e-9,1.6188e-10,0.0,1.45401e-9,1.93423e-10,0.0,1.46118e-9,2.12852e-10,0.0,1.47691e-9,2.47156e-10,0.0,1.44525e-9,1.68063e-10,0.0,1.47954e-9,2.51741e-10,0.0,1.62367e-9,4.69862e-10,0.0,1.45625e-9,1.99615e-10,0.0,1.42568e-9,9.42711e-11,0.0,1.80422e-9,-6.5935e-10,0.0,1.55154e-9,3.78713e-10,0.0,1.44083e-9,-1.52522e-10,0.0,1.42662e-9,-9.82297e-11,0.0,1.41924e-9,3.54357e-11,0.0,1.62315e-9,4.59782e-10,1.0,0.78125,1.25,0.0,1.45145e-9,1.84166e-10,0.0,1.91806e-9,7.21322e-10,0.0,1.53235e-9,3.436e-10,0.0,1.77621e-9,6.0929e-10,0.0,2.35376e-9,9.91895e-10,0.0,1.66734e-9,5.07314e-10,0.0,2.19823e-9,9.00956e-10,0.0,1.64858e-9,4.88212e-10,0.0,1.88215e-9,6.92273e-10,0.0,2.80135e-9,1.20838e-9,0.0,2.11777e-9,8.51171e-10,0.0,1.44288e-9,-1.61956e-10,0.0,1.41804e-9,-4.07255e-12,0.0,2.84089e-9,1.26042e-9,0.0,1.43967e-9,-1.39162e-10,0.0,1.74597e-9,-5.8004e-10,0.0,1.75343e-9,-5.81719e-10,0.0,1.49855e-9,-2.79602e-10,0.0,1.50368e-9,-2.9103e-10,0.0,1.55788e-9,-3.76147e-10,1.0,1.39754,-1.67185,0.0,1.61771e-9,-4.49313e-10,0.0,1.9523e-9,-7.41063e-10,0.0,1.72218e-9,-5.55173e-10,0.0,1.69948e-9,-5.35277e-10,0.0,1.86274e-9,-6.75541e-10,0.0,1.8965e-9,-6.98156e-10,0.0,3.38346e-9,-1.47166e-9,0.0,1.71258e-9,5.76207e-10,0.0,1.41936e-9,-3.72826e-11,0.0,1.49981e-9,2.90816e-10,0.0,1.43294e-9,-1.28154e-10,0.0,1.41963e-9,-4.23087e-11,0.0,1.43882e-9,-1.46577e-10,0.0,1.49188e-9,-2.77486e-10,0.0,1.41953e-9,4.4863e-11,0.0,1.44569e-9,-1.69152e-10,0.0,1.49011e-9,-2.74874e-10,0.0,1.42297e-9,-7.39534e-11,0.0,1.44871e-9,-1.77254e-10,0.0,1.46763e-9,-2.24955e-10,0.0,1.42418e-9,-8.21309e-11,0.0,1.70234e-9,-5.45959e-10,0.0,1.47395e-9,-2.4001e-10,0.0,1.47065e-9,-2.38198e-10,0.0,1.45663e-9,-2.01225e-10,0.0,1.47075e-9,-2.35976e-10,0.0,1.43386e-9,-1.31271e-10,0.0,1.51284e-9,3.14676e-10,0.0,1.42208e-9,6.64795e-11,0.0,1.4245e-9,8.43383e-11,0.0,1.42575e-9,-9.17969e-11,0.0,1.48444e-9,-2.65071e-10,0.0,1.41763e-9,-1.04151e-12,0.0,1.41825e-9,2.77956e-11,0.0,1.44456e-9,1.6777e-10,0.0,1.4178e-9,1.21896e-11,0.0,1.41804e-9,-1.76589e-11,0.0,1.43066e-9,-1.17033e-10,0.0,1.42869e-9,1.06577e-10,0.0,1.42882e-9,-1.07439e-10,0.0,2.50422e-9,-1.09865e-9,0.0,2.6679e-9,1.17769e-9,0.0,1.50052e-9,-2.90835e-10,0.0,1.46912e-9,2.30623e-10,0.0,1.4192e-9,3.84938e-11,0.0,1.42192e-9,6.58639e-11,0.0,1.43761e-9,1.46122e-10,0.0,1.42558e-9,-9.1316e-11,0.0,1.46708e-9,2.26505e-10,0.0,1.46706e-9,2.26906e-10,0.0,1.42337e-9,7.46678e-11,0.0,1.45243e-9,1.8905e-10,0.0,1.47656e-9,2.48401e-10,0.0,1.45025e-9,1.83394e-10,0.0,1.46821e-9,2.28619e-10,0.0,1.74884e-9,5.96256e-10,0.0,1.44061e-9,1.54304e-10,0.0,1.42389e-9,8.05281e-11,0.0,1.45038e-9,1.87054e-10,0.0,1.48952e-9,2.77402e-10,0.0,1.43557e-9,1.39629e-10,0.0,1.41766e-9,-1.19763e-11,0.0,1.41795e-9,2.47855e-11,0.0,1.51721e-9,3.27529e-10,0.0,2.11068e-9,8.51108e-10,0.0,1.46756e-9,2.30129e-10,1.0,1.39754,1.67185,0.0,1.57079e-9,4.01262e-10,0.0,1.67694e-9,5.22013e-10,0.0,1.91253e-9,7.20248e-10,0.0,1.76219e-9,5.98715e-10,0.0,1.86945e-9,6.85322e-10,0.0,1.91395e-9,-7.42744e-10,0.0,3.15905e-9,1.38651e-9,0.0,1.54303e-9,3.6023e-10,0.0,1.47106e-9,-2.3349e-10,0.0,1.49679e-9,-2.85014e-10,0.0,1.41819e-9,2.37247e-11,0.0,1.41902e-9,-3.95767e-11,0.0,1.42233e-9,-7.13374e-11,0.0,1.57197e-9,-4.01694e-10,0.0,1.44537e-9,-1.68865e-10,0.0,1.58362e-9,-4.14608e-10,0.0,2.63845e-9,-1.13759e-9,0.0,1.45573e-9,-1.97668e-10,0.0,1.42558e-9,-9.13794e-11,0.0,3.39191e-9,-1.47073e-9,0.0,1.49957e-9,-2.9394e-10,0.0,1.81072e-9,6.63505e-10,0.0,1.43178e-9,1.21749e-10,0.0,1.46646e-9,2.27531e-10,0.0,1.49702e-9,-2.82211e-10,0.0,1.43622e-9,-1.37144e-10,0.0,1.45648e-9,-2.01953e-10,0.0,1.4761e-9,-2.47674e-10,0.0,1.42268e-9,7.41772e-11,0.0,1.44374e-9,-1.60882e-10,0.0,1.51727e-9,-3.21121e-10,0.0,1.41771e-9,7.14665e-12,0.0,1.893e-9,-7.06529e-10,0.0,1.56874e-9,-3.93254e-10,0.0,1.52306e-9,-3.35121e-10,0.0,1.42444e-9,-8.47582e-11,0.0,1.45389e-9,-1.95784e-10,0.0,2.03975e-9,8.33338e-10,0.0,1.43676e-9,-1.42803e-10,0.0,1.5125e-9,3.14251e-10,0.0,1.43188e-9,1.21385e-10,0.0,1.41785e-9,-1.37201e-11,0.0,1.46315e-9,-2.15904e-10,0.0,1.53698e-9,-3.5456e-10,0.0,1.42173e-9,6.43579e-11,0.0,1.44651e-9,-1.71029e-10,0.0,1.44553e-9,1.70031e-10,0.0,1.44121e-9,1.55631e-10,0.0,1.47635e-9,-2.46385e-10,0.0,1.46398e-9,-2.18789e-10,0.0,1.42415e-9,-8.37767e-11,0.0,1.42702e-9,1.00031e-10,0.0,2.35608e-9,-1.02095e-9,0.0,2.65149e-9,1.16812e-9,0.0,1.50393e-9,-3.00622e-10,0.0,1.47438e-9,2.41433e-10,0.0,1.44907e-9,1.7798e-10,0.0,1.46552e-9,2.21521e-10,0.0,1.55247e-9,3.82931e-10,0.0,1.44292e-9,-1.65203e-10,0.0,1.54103e-9,3.56895e-10,0.0,1.48161e-9,2.57281e-10,0.0,1.41786e-9,1.22689e-11,0.0,1.57188e-9,3.97268e-10,0.0,1.974e-9,7.71984e-10,0.0,1.41958e-9,4.38148e-11,0.0,1.41796e-9,1.84038e-11,0.0,1.49252e-9,2.82542e-10,0.0,1.9604e-9,-7.78718e-10,0.0,1.47954e-9,2.57773e-10,0.0,1.42353e-9,7.64238e-11,0.0,1.41826e-9,2.12174e-11,0.0,1.41791e-9,1.48414e-11,0.0,1.52515e-9,3.43337e-10,0.0,1.4726e-9,2.34915e-10,0.0,1.44238e-9,1.58182e-10,0.0,1.53624e-9,3.51508e-10,0.0,1.45613e-9,1.9796e-10,0.0,2.66827e-9,1.15597e-9,0.0,1.55152e-9,3.70358e-10,0.0,1.42285e-9,7.34478e-11,0.0,1.70124e-9,-5.64348e-10,0.0,1.57037e-9,4.03167e-10,0.0,3.72399e-9,1.5876e-9,0.0,1.42086e-9,5.91124e-11,0.0,1.5056e-9,-3.03664e-10,0.0,1.51724e-9,-3.24615e-10,0.0,1.41981e-9,-4.76262e-11,0.0,1.431e-9,-1.17981e-10,0.0,1.45503e-9,-1.979e-10,0.0,1.58147e-9,-4.12797e-10,0.0,1.58157e-9,-4.11336e-10,0.0,3.22966e-9,-1.40716e-9,0.0,1.43954e-9,1.47501e-10,0.0,1.50577e-9,3.03526e-10,0.0,1.41801e-9,-2.33939e-11,0.0,1.42242e-9,7.01962e-11,0.0,1.42349e-9,-7.89985e-11,0.0,1.45378e-9,-1.95471e-10,0.0,1.441e-9,1.55461e-10,1.0,1.39754,-1.67185,0.0,1.42753e-9,-1.01157e-10,0.0,1.63823e-9,-4.80777e-10,0.0,1.46768e-9,-2.27598e-10,0.0,1.46023e-9,-2.17e-10,0.0,1.52411e-9,3.32228e-10,0.0,1.43113e-9,1.16393e-10,0.0,1.41766e-9,4.33158e-12,0.0,1.45896e-9,-2.04886e-10,0.0,1.52377e-9,-3.32176e-10,0.0,1.47242e-9,2.36362e-10,0.0,1.51753e-9,-3.21009e-10,0.0,2.34245e-9,-1.01196e-9,0.0,2.58679e-9,1.1362e-9,0.0,1.41875e-9,-1.74465e-11,0.0,1.44923e-9,1.72759e-10,0.0,1.41908e-9,1.26549e-11,0.0,1.42229e-9,-6.97207e-11,0.0,1.42181e-9,-6.77767e-11,0.0,1.47042e-9,-2.36621e-10,0.0,1.42255e-9,5.73601e-11,1.0,1.39754,1.67185,0.0,1.43682e-9,-1.44921e-10,0.0,1.62993e-9,4.77101e-10,0.0,1.51326e-9,3.22071e-10,0.0,1.45464e-9,1.95272e-10,0.0,1.42518e-9,8.729e-11,0.0,1.41996e-9,4.8826e-11,0.0,1.47439e-9,2.44679e-10,0.0,1.51347e-9,3.16605e-10,0.0,1.55484e-9,3.75008e-10,0.0,1.53342e-9,3.45427e-10,0.0,3.51065e-9,1.51048e-9,0.0,1.4697e-9,2.32451e-10,0.0,1.42159e-9,6.42712e-11,0.0,1.46666e-9,-2.23484e-10,0.0,4.13511e-9,-1.70665e-9,0.0,1.45295e-9,-1.8862e-10,0.0,1.42305e-9,7.70129e-11,0.0,1.41771e-9,8.86629e-12,0.0,3.14394e-9,-1.37231e-9,0.0,1.49424e-9,-2.8285e-10,0.0,1.83395e-9,6.82525e-10,0.0,1.45054e-9,1.85455e-10,0.0,1.43141e-9,1.19666e-10,0.0,1.4235e-9,7.96039e-11,0.0,4.3726e-9,-1.77509e-9,0.0,1.52055e-9,-3.22905e-10,0.0,1.41828e-9,-2.11595e-11,0.0,1.64953e-9,-4.9422e-10,0.0,1.42267e-9,7.27268e-11,0.0,1.44799e-9,-1.78217e-10,0.0,2.03915e-9,8.31682e-10,0.0,1.44917e-9,-1.81123e-10,0.0,1.4357e-9,1.35143e-10,0.0,1.58669e-9,4.14778e-10,0.0,1.4186e-9,-2.0694e-11,0.0,1.66184e-9,-5.02094e-10,0.0,1.44743e-9,-1.74059e-10,0.0,1.47854e-9,-2.52764e-10,0.0,1.48424e-9,2.65569e-10,0.0,2.29081e-9,-9.82188e-10,0.0,2.51602e-9,1.10087e-9,0.0,1.46316e-9,-2.17569e-10,0.0,1.41831e-9,2.4069e-11,0.0,1.52676e-9,3.32794e-10,0.0,4.60547e-9,1.84908e-9,0.0,1.42222e-9,-7.17539e-11,0.0,1.42486e-9,-8.66264e-11,0.0,1.43143e-9,-1.19844e-10,0.0,1.61229e-9,4.53365e-10,0.0,1.95912e-9,-7.76153e-10,0.0,1.46996e-9,2.36816e-10,0.0,1.42438e-9,-8.45135e-11,0.0,1.45108e-9,1.84204e-10,0.0,4.15449e-9,1.71641e-9,0.0,1.44525e-9,1.66446e-10,0.0,1.42551e-9,-9.0781e-11,0.0,1.41799e-9,-1.96666e-11,0.0,1.72735e-9,-5.89578e-10,0.0,1.55575e-9,3.81753e-10,0.0,3.42057e-9,1.47649e-9,0.0,1.71483e-9,-5.53357e-10,0.0,2.85e-9,-1.25104e-9,0.0,1.86648e-9,7.07663e-10,0.0,7.53015e-9,-2.56868e-9,0.0,1.63662e-9,-4.7946e-10,0.0,1.46264e-9,2.16844e-10,0.0,1.42591e-9,-9.27438e-11,0.0,7.56447e-9,2.57646e-9,0.0,2.5106e-9,-1.09521e-9,0.0,2.70434e-9,1.19055e-9,0.0,1.67463e-9,5.16201e-10,0.0,1.48082e-9,-2.57219e-10,0.0,1.60624e-9,4.44572e-10,0.0,1.43886e-9,1.50656e-10,0.0,1.776e-9,-6.32875e-10,0.0,3.05465e-9,1.33636e-9,0.0,1.68285e-9,-5.33789e-10,0.0,1.57236e-9,4.09667e-10]
