#SOLVERNAME# PAJ_NODIS_CBC_MOSEK
#SOLVER# Pajarito.PajaritoSolver(2,3600.0,1.0e-5,false,Cbc.CbcMathProgSolverInterface.CbcSolver(Any[(:logLevel,0),(:ratioGap,0.0),(:seconds,3600.0)]),MathProgBase.DefaultMIPSolver(),0,false,true,Mosek.MosekMathProgSolverInterface.MosekSolver(Any[(:LOG,0),(:NUM_THREADS,1),(:OPTIMIZER_MAX_TIME,120.0)]),true,false,false,false,false,true,false,true,true,true,true,false,false,true,false,false,false,false,1.0e-10,0.0001,1.0e-6,0.01,1.0e-6)
#FILENAME# classical_50_3.cbf.gz
#INSTANCE# classical_50_3
#TIMELIMIT# 3600.0
#STATUS# Suboptimal
#OBJVAL# -0.06904811962922018
#OBJBOUND# -0.09273873259600088
#TIMESOLVER# 0.17168188095092773
#TIMEALL# 0.17187809944152832
#SOLUTION# [0.0,0.0,0.0,0.0,0.109896,0.0,0.0,0.0,0.0,0.0,0.0,0.0,0.0,0.0,0.0,0.0,0.0,1.72877e-9,0.0,0.0,0.0,0.0,0.0,0.0,0.287609,0.0,0.0,0.0,0.0,0.0,0.0,0.0,0.0,0.0,0.0,0.0,0.0,0.0,0.119505,0.0,0.0,0.108965,0.0,0.0,0.0,0.0,0.0,0.0,0.374025,0.0,0.0,0.0,0.0,0.0,0.0,1.0,0.0,0.0,0.0,0.0,0.0,0.0,0.0,0.0,0.0,0.0,0.0,0.0,1.0,0.0,0.0,0.0,0.0,0.0,0.0,1.0,0.0,0.0,0.0,0.0,0.0,0.0,0.0,0.0,0.0,0.0,0.0,0.0,0.0,1.0,0.0,0.0,1.0,0.0,0.0,0.0,0.0,0.0,0.0,1.0,0.0,0.0165297,0.021009,0.00197128,0.0125322,0.0604192,0.0132239,0.00745318,0.0162963,0.00689454,0.00690012,0.0220651,0.0156715,0.0072933,0.0103115,0.0147837,0.021061,0.0181844,0.0223381,0.00705533,0.009037,0.0131829,0.0155686,0.0186411,0.00905548,0.0797105,0.00966693,0.0177224,0.0171229,0.0141099,0.00852239,0.011665,0.0123092,0.0118047,0.00814689,0.00998843,0.019445,0.0074887,0.0151983,0.0890802,0.00642326,0.0151294,0.0761347,0.0159007,0.0149319,0.0292363,0.0211328,0.00508527,0.0177522,0.08156,0.01286,0.2]
