#SOLVERNAME# PAJ_SUBOPT-8-1_CBC_MOSEK
#SOLVER# Pajarito.PajaritoSolver(2,3600.0,1.0e-5,false,Cbc.CbcMathProgSolverInterface.CbcSolver(Any[(:logLevel,0),(:ratioGap,0.0),(:seconds,3600.0)]),Cbc.CbcMathProgSolverInterface.CbcSolver(Any[(:logLevel,0),(:ratioGap,0.01),(:seconds,120)]),8,false,true,Mosek.MosekMathProgSolverInterface.MosekSolver(Any[(:LOG,0),(:NUM_THREADS,1),(:OPTIMIZER_MAX_TIME,120.0)]),true,false,false,true,false,true,false,true,true,true,true,false,false,true,false,false,false,false,1.0e-10,0.0001,1.0e-6,0.01,1.0e-6)
#FILENAME# shortfall_200_1.cbf.gz
#INSTANCE# shortfall_200_1
#TIMELIMIT# 3600.0
#STATUS# UserLimit
#OBJVAL# -1.1246698958443013
#OBJBOUND# -1.1456172532192772
#TIMESOLVER# 3612.0565571784973
#TIMEALL# 3612.056858062744
#SOLUTION# [0.0521361,0.0,0.0,0.0,0.0,0.0,0.0,0.0,0.0,0.0,0.0,0.0,0.0,0.0,0.0,0.0,0.0,0.0,0.0,0.0,0.0421488,0.0,0.0,0.0,0.0,0.0,0.0,0.0,0.0,0.0,0.0,0.0,0.0,0.0,0.0,0.0,0.0,0.0,0.0,0.0,0.0,0.0,0.0,0.0,0.0,0.0,0.0,0.0,0.0,0.0,0.0,0.0,0.0,0.0,0.0,0.0,0.0,0.0,0.0,0.0,0.0907324,0.0,0.0,0.0,0.0,0.0,0.0,0.0,0.0370508,0.0,0.0,0.0,0.0,0.031922,0.0,0.0,0.0,0.0,0.0,0.0,0.0,0.0,0.0,0.0,0.0,0.0,0.17728,0.0,0.0,0.0,0.0,0.0,0.0,0.0,0.0,0.0,0.0,0.0,0.0,0.0,0.0,0.0,0.0,0.0,0.0,0.0,0.0,0.0,0.0,0.0,0.0,0.0,0.0,0.0,0.0,0.0,0.0,0.0,0.0,0.0,0.0,0.0,0.0,0.0,0.0,0.0,0.0,0.0,0.0,0.0,0.0,0.0,0.0,0.0,0.0,0.0,0.0,0.0,0.0,0.0,0.0,0.0,0.0,0.0,0.0,0.0,0.0,0.0,0.0,0.0,0.0,0.0,0.0795517,0.0,0.0,0.0,0.0,0.0,0.0,0.0,0.0,0.0,0.0,0.0,0.0,0.0,0.0,0.0,0.0,0.00917656,0.35743,0.0,0.0,0.0,0.0,0.0,0.0,0.0,0.0,0.0,0.0,0.0,0.0,0.0,0.0,0.0,0.0,0.0,0.0,0.0,0.0,0.0,0.0,0.0,0.0,0.0,0.122571,0.0,0.0,0.0,0.0,0.0,1.0,0.0,0.0,0.0,0.0,0.0,0.0,0.0,0.0,0.0,0.0,0.0,0.0,0.0,0.0,0.0,0.0,0.0,0.0,0.0,1.0,0.0,0.0,0.0,0.0,0.0,0.0,0.0,0.0,0.0,0.0,0.0,0.0,0.0,0.0,0.0,0.0,0.0,0.0,0.0,0.0,0.0,0.0,0.0,0.0,0.0,0.0,0.0,0.0,0.0,0.0,0.0,0.0,0.0,0.0,0.0,0.0,0.0,0.0,0.0,1.0,0.0,0.0,0.0,0.0,0.0,0.0,0.0,1.0,0.0,0.0,0.0,0.0,1.0,0.0,0.0,0.0,0.0,0.0,0.0,0.0,0.0,0.0,0.0,0.0,0.0,1.0,0.0,0.0,0.0,0.0,0.0,0.0,0.0,0.0,0.0,0.0,0.0,0.0,0.0,0.0,0.0,0.0,0.0,0.0,0.0,0.0,0.0,0.0,0.0,0.0,0.0,0.0,0.0,0.0,0.0,0.0,0.0,0.0,0.0,0.0,0.0,0.0,0.0,0.0,0.0,0.0,0.0,0.0,0.0,0.0,0.0,0.0,0.0,0.0,0.0,0.0,0.0,0.0,0.0,0.0,0.0,0.0,0.0,0.0,0.0,0.0,0.0,0.0,0.0,0.0,0.0,1.0,0.0,0.0,0.0,0.0,0.0,0.0,0.0,0.0,0.0,0.0,0.0,0.0,0.0,0.0,0.0,0.0,1.0,1.0,0.0,0.0,0.0,0.0,0.0,0.0,0.0,0.0,0.0,0.0,0.0,0.0,0.0,0.0,0.0,0.0,0.0,0.0,0.0,0.0,0.0,0.0,0.0,0.0,0.0,1.0,0.0,0.0,0.0,0.0,0.0325849,0.00939034,0.00374733,0.0136547,0.00822715,0.0045729,0.00380002,0.00744562,0.00119995,0.0013174,0.0206083,0.00322939,0.0161147,0.00399497,0.00399083,0.011142,0.00418808,0.0101003,0.0180877,0.00247473,0.0444598,0.0087811,0.0081046,0.00891348,0.00345635,0.00481819,0.00288672,0.00216499,0.00309528,0.000892842,0.00248791,0.00353569,0.00102627,0.00633225,0.000677769,0.00691521,0.00778552,0.0143891,0.00927508,0.00326844,0.00800589,0.00293055,0.00372205,0.0133747,0.00240108,0.0250904,0.0110413,0.00440928,0.0106507,0.00810331,-0.0029761,0.00767121,0.00528094,0.00157352,0.00467328,0.00302266,0.00765472,0.00779922,0.00464553,0.00771812,0.0512604,0.00726425,0.00482744,0.00761294,0.0122894,0.00398936,-0.000720223,0.00580138,0.030973,0.00663897,0.00650964,0.0136271,0.00268322,0.0325052,-0.00102901,0.0171968,0.00648228,0.00152345,-0.000267472,0.0101803,0.00164553,0.00357064,0.00583227,-0.00219793,0.0306179,0.0143804,0.0666796,0.00954347,0.00305253,0.0130113,0.00652753,0.00546945,0.000226396,0.0133077,0.00329004,0.00600997,0.00165652,0.0154629,0.00630131,0.00845542,0.00126276,0.00705728,0.0155933,0.0154452,0.00402922,0.00862537,0.00284846,0.0139452,0.00636998,0.00166016,0.00787982,0.00659739,0.00335656,0.00849006,0.00384322,0.00286393,0.00808221,0.0129617,0.00385949,0.00545494,0.0021348,9.67119e-5,0.0114474,0.0104596,0.00371114,0.0186158,0.0135553,0.0164357,0.00286702,0.0118399,0.00670837,0.00663213,0.000506257,-0.000170477,0.00968464,0.0028483,0.00205346,0.00427016,0.0092926,0.00139465,0.00249841,-0.00103855,0.00416295,0.00663027,0.0173692,0.0102667,0.00114115,0.0108125,0.00511601,0.00846067,0.00216982,0.00250512,0.0478397,0.0109604,0.0053442,0.00870569,0.00417905,0.00902532,0.00727528,0.00574344,0.00179238,0.0109405,0.00621257,0.00420756,0.00444602,0.00582939,0.0161163,0.00527492,0.00499757,0.0194224,0.0676193,0.00719695,0.00438178,0.0119011,0.00782122,0.0107238,0.00944611,0.00204895,0.0090946,0.00859542,0.0136994,0.00242522,0.00669612,-0.00955466,0.00942717,0.000516303,0.00465441,0.0131667,0.0116063,0.00497458,0.00248805,0.0108064,0.00679336,0.0108424,-0.000297731,0.00032304,0.0567498,0.00508984,0.00227094,0.00578093,0.22467,0.0728182,0.0209848,0.00837425,0.0305145,0.0183854,0.0102192,0.00849199,0.0166389,0.00268156,0.00294402,0.0460539,0.0072168,0.0360119,0.00892765,0.0089184,0.0248993,0.0093592,0.0225714,0.040421,0.00553034,0.0993553,0.0196233,0.0181115,0.0199192,0.00772399,0.0107673,0.00645102,0.00483816,0.0069171,0.00199525,0.0055598,0.00790129,0.00229343,0.0141508,0.00151463,0.0154536,0.0173985,0.0321556,0.0207272,0.00730405,0.0178909,0.00654898,0.00831774,0.0298887,0.00536576,0.05607,0.0246743,0.00985351,0.0238015,0.0181086,-0.00665077,0.017143,0.0118014,0.00351638,0.0104435,0.0067548,0.0171062,0.0174291,0.0103815,0.0172479,0.114553,0.0162336,0.010788,0.0170128,0.0274634,0.00891512,-0.0016095,0.0129645,0.069216,0.0148363,0.0145472,0.0304529,0.00599626,0.0726401,-0.00229956,0.0384301,0.0144861,0.00340449,-0.000597726,0.0227501,0.0036773,0.0079794,0.0130335,-0.00491176,0.0684226,0.0321363,0.14901,0.021327,0.00682157,0.0290766,0.0145872,0.0122227,0.000505932,0.029739,0.00735232,0.0134306,0.00370187,0.0345552,0.0140817,0.0188955,0.00282192,0.0157711,0.0348467,0.0345158,0.00900418,0.0192753,0.00636551,0.0311637,0.0142351,0.00370999,0.0176092,0.0147434,0.00750099,0.0189729,0.00858852,0.00640008,0.0180615,0.0289659,0.0086249,0.0121903,0.00477068,0.000216124,0.0255819,0.0233743,0.00829338,0.0416012,0.0302924,0.0367292,0.00640699,0.0264589,0.0149913,0.014821,0.00113134,-0.000380969,0.0216425,0.00636517,0.00458892,0.00954262,0.0207664,0.00311666,0.00558327,-0.00232088,0.00930303,0.0148168,0.0388153,0.0229433,0.00255016,0.0241629,0.0114329,0.0189073,0.00484894,0.00559824,0.106908,0.0244934,0.0119428,0.0194548,0.00933903,0.0201691,0.0162582,0.012835,0.00400547,0.024449,0.0138834,0.00940272,0.00993562,0.0130271,0.0360155,0.011788,0.0111682,0.0434036,0.151111,0.0160832,0.00979207,0.0265958,0.0174783,0.0239647,0.0211094,0.00457884,0.0203239,0.0192084,0.0306143,0.00541969,0.014964,-0.021352,0.0210671,0.00115379,0.0104013,0.0294239,0.0259368,0.0111168,0.0055601,0.0241494,0.0151813,0.0242298,-0.000665347,0.000721905,0.12682,0.0113744,0.00507493,0.0129188,0.42467]
