#SOLVERNAME# PAJ_NORELAX_CBC_MOSEK
#SOLVER# Pajarito.PajaritoSolver(2,3600.0,1.0e-5,false,Cbc.CbcMathProgSolverInterface.CbcSolver(Any[(:logLevel,0),(:ratioGap,0.0),(:seconds,3600.0)]),MathProgBase.DefaultMIPSolver(),0,false,true,Mosek.MosekMathProgSolverInterface.MosekSolver(Any[(:LOG,0),(:NUM_THREADS,1),(:OPTIMIZER_MAX_TIME,120.0)]),false,false,false,true,false,true,false,true,true,true,true,false,false,true,false,false,false,false,1.0e-10,0.0001,1.0e-6,0.01,1.0e-6)
#FILENAME# achtziger_stolpe06-65flowc.cbf.gz
#INSTANCE# achtziger_stolpe06-65flowc
#TIMELIMIT# 3600.0
#STATUS# Optimal
#OBJVAL# 6.4140405768620585
#OBJBOUND# 6.4140395046558645
#TIMESOLVER# 106.57228088378906
#TIMEALL# 106.5734920501709
#SOLUTION# [6.41404,0.0,0.0,0.0,0.0,0.0,0.0,0.0,0.0,0.0,0.0,0.0,0.0,0.0,0.0,0.0,0.0,0.0,0.0,0.0,0.0,0.0,0.0,0.0,0.0,0.0,0.0,0.0,0.0,0.0,0.0,0.0,0.0,0.0,0.0,0.0,0.0,0.0,0.0,0.0,0.0,0.0,0.0,0.0,0.0,0.0,0.0,0.0,0.0,0.0,0.0,0.0,0.0,0.0,0.0,0.0,0.0,0.0,0.0,0.0,0.0,0.0,0.0,0.0,0.0,0.0,0.0,0.0,0.0,0.0,0.0,0.0,0.0,0.0,0.0,0.0,0.0,0.0,0.0,0.0,0.0,0.0,0.0,0.0,0.0,0.0,0.0,0.0,0.0,0.0,0.0,0.0,0.0,0.0,0.0,0.0,0.0,0.0,0.0,0.0,0.0,0.0,0.0,0.0,0.0,0.0,0.0,0.0,0.0,0.0,0.0,0.0,0.0,0.0,0.0,0.0,0.0,0.0,0.0,0.0,0.0,0.0,0.0,0.0,0.0,0.0,0.0,0.0,0.0,0.0,0.0,0.0,0.0,0.0,0.0,0.0,0.0,0.0,1.0,0.0,0.0,0.0,0.0,0.0,0.0,0.0,1.0,1.0,0.0,0.0,0.0,0.0,0.0,0.0,0.0,0.0,0.0,0.0,0.0,0.0,0.0,0.0,0.0,0.0,0.0,0.0,0.0,0.0,0.0,0.0,0.0,0.0,0.0,0.0,0.0,0.0,0.0,0.0,0.0,0.0,0.0,0.0,0.0,0.0,0.0,0.0,0.0,0.0,0.0,0.0,0.0,0.0,0.0,0.0,0.0,0.0,0.0,0.0,0.0,0.0,0.0,0.0,0.0,0.0,0.0,0.0,0.0,0.0,0.0,0.0,0.0,0.0,0.0,0.0,0.0,0.0,0.0,0.0,0.0,0.0,0.0,0.0,0.0,0.0,0.0,0.0,0.0,0.0,0.0,0.0,0.0,0.0,0.0,0.0,0.0,0.0,0.0,0.0,0.0,0.0,0.0,0.0,0.0,0.0,0.0,0.0,0.0,0.0,0.0,0.0,0.0,0.0,0.0,0.0,0.0,0.0,0.0,1.0,0.0,0.0,0.0,0.0,0.0,0.0,1.0,1.0,0.0,0.0,0.0,0.0,1.0,0.0,0.0,0.0,0.0,0.0,0.0,0.0,0.0,1.0,0.0,0.0,0.0,0.0,0.0,0.0,0.0,0.0,0.0,0.0,0.0,0.0,0.0,0.0,0.0,0.0,0.0,0.0,0.0,0.0,4.0089e-9,4.0266e-9,4.0347e-9,3.98403e-9,4.00931e-9,3.9661e-9,4.1989e-9,3.97258e-9,3.96662e-9,4.07243e-9,4.13821e-9,3.96357e-9,3.94838e-9,3.98999e-9,4.2992e-9,4.00902e-9,3.99239e-9,3.94568e-9,3.97203e-9,4.12612e-9,4.11026e-9,4.15417e-9,6.67416e-9,4.23807e-9,3.96627e-9,3.97896e-9,4.07545e-9,3.944e-9,3.97109e-9,4.15429e-9,4.0236e-9,3.94418e-9,4.02728e-9,4.12683e-9,3.94986e-9,3.95635e-9,4.01013e-9,4.3687e-9,3.94882e-9,4.07951e-9,3.97317e-9,4.02235e-9,4.07248e-9,4.03513e-9,4.00124e-9,5.78245e-9,4.52867e-9,3.95644e-9,4.07803e-9,4.00293e-9,4.27061e-9,4.10235e-9,4.07627e-9,3.95068e-9,3.98247e-9,4.10851e-9,3.94466e-9,3.96329e-9,4.02735e-9,4.42674e-9,3.94945e-9,4.1859e-9,4.02522e-9,4.09545e-9,4.02691e-9,3.99305e-9,3.94642e-9,5.38097e-9,4.75675e-9,4.05693e-9,4.04811e-9,4.5525e-9,3.98239e-9,4.12606e-9,3.98524e-9,3.94759e-9,4.0496e-9,3.94395e-9,3.96098e-9,4.02301e-9,4.41787e-9,3.98007e-9,4.26976e-9,4.07652e-9,4.16271e-9,4.00328e-9,3.97499e-9,3.94916e-9,5.15024e-9,4.90814e-9,3.94525e-9,3.96322e-9,3.9491e-9,3.94472e-9,4.00347e-9,4.00557e-9,3.96048e-9,3.94413e-9,3.9515e-9,3.95846e-9,4.12978e-9,3.9755e-9,4.00746e-9,3.94504e-9,3.94313e-9,3.95502e-9,3.98845e-9,4.02183e-9,4.58409e-9,4.46393e-9,3.96701e-9,3.9594e-9,4.0172e-9,3.9491e-9,4.0065e-9,3.97528e-9,3.94469e-9,3.96962e-9,3.98709e-9,4.24534e-9,3.94511e-9,4.14083e-9,3.95639e-9,3.96379e-9,3.95522e-9,3.95329e-9,3.94357e-9,5.42276e-9,5.08037e-9,4.05307e-9,3.94796e-9,4.18223e-9,4.67066e-9,4.55568e-9,4.2094e-9,4.40441e-9,4.52087e-9,1.43047,4.32052e-9,4.93248e-9,4.38055e-9,4.3908e-9,3.97473e-9,4.06663e-9,4.23514e-9,1.302,0.664288,4.17849e-9,4.04786e-9,3.9447e-9,4.01247e-9,3.94438e-9,3.96941e-9,4.02225e-9,4.43943e-9,4.05829e-9,4.40848e-9,4.08834e-9,4.12547e-9,3.94324e-9,3.94568e-9,4.02946e-9,5.42758e-9,5.41208e-9,4.00071e-9,4.08948e-9,4.20301e-9,3.94312e-9,3.97693e-9,4.05851e-9,3.95093e-9,3.97993e-9,3.95778e-9,4.08539e-9,4.11848e-9,3.95891e-9,3.95996e-9,3.94646e-9,4.06349e-9,7.45388e-9,4.03398e-9,4.1505e-9,4.00035e-9,3.96642e-9,3.94817e-9,3.96686e-9,3.98303e-9,4.18272e-9,3.94981e-9,3.97358e-9,4.00943e-9,4.00661e-9,4.04229e-9,4.48886e-9,6.23147e-9,4.06107e-9,3.98524e-9,4.0156e-9,3.99256e-9,4.21911e-9,4.1396e-9,4.49191e-9,3.98598e-9,3.95476e-9,3.98495e-9,3.97722e-9,4.20214e-9,4.81605e-9,5.9354e-9,3.94555e-9,3.95928e-9,3.9965e-9,4.48249e-9,4.21469e-9,4.59738e-9,4.08857e-9,4.057e-9,3.95172e-9,3.94558e-9,4.25263e-9,4.92071e-9,5.88053e-9,3.94317e-9,3.94681e-9,3.94719e-9,4.01402e-9,3.94529e-9,4.17837e-9,4.13595e-9,3.9764e-9,3.97952e-9,3.98577e-9,3.94712e-9,5.24229e-9,3.95207e-9,3.9485e-9,4.07198e-9,4.23425e-9,4.06604e-9,4.11376e-9,3.94484e-9,3.96298e-9,4.37733e-9,4.0788e-9,5.68665e-9,3.97758e-9,4.38313e-9,4.77905e-9,3.94822e-9,3.97444e-9,3.94316e-9,3.94676e-9,4.58588e-9,4.26143e-9,5.7741e-9,4.36665e-9,0.628539,3.9611e-9,4.01237e-9,4.03019e-9,3.96392e-9,4.56584e-9,4.8582e-9,1.26761,0.25,4.25668e-9,4.20139e-9,4.16291e-9,4.3537e-9,0.25,3.99667e-9,4.97253e-9,4.01201e-9,4.00432e-9,3.94368e-9,3.95884e-9,4.47575e-9,4.05184e-9,0.62113,3.95072e-9,3.99867e-9,4.0801e-9,4.49895e-9,3.99946e-9,5.41024e-9,3.9706e-9,4.04081e-9,4.41831e-9,4.10469e-9,5.4423e-9,4.11801e-9,4.33351e-9,3.94298e-9,3.94298e-9,4.18766e-9,4.05751e-9,4.28326e-9,4.23337e-9,4.51835e-9,-1.92112e-10,2.43309e-10,1.48317e-10,4.77999e-10,-1.62765e-10,1.48367e-10,3.45348e-10,4.22697e-10,-1.36037e-10,6.9668e-11,2.07773e-10,5.70551e-10,-2.45549e-10,1.95971e-10,4.97097e-11,1.63767e-10,-4.04038e-10,-3.89745e-10,-4.37258e-10,-5.16536e-10,-3.44858e-10,-3.01671e-11,-1.67096e-10,4.33926e-10,-2.71116e-10,3.22852e-11,2.78349e-10,4.09694e-10,-7.83422e-11,1.09801e-10,2.47648e-10,6.22726e-10,-7.19878e-11,3.36242e-10,1.66693e-10,2.70061e-10,-3.39747e-10,-2.89516e-10,-2.2961e-10,-7.30114e-10,-3.48509e-10,-2.32717e-10,-5.36636e-10,3.75895e-10,-3.50219e-10,-8.41164e-11,1.8923e-10,3.87417e-10,-3.85025e-11,1.34659e-10,2.76478e-10,6.62182e-10,7.69651e-11,4.53191e-10,2.74107e-10,3.73271e-10,-2.73827e-10,-2.13944e-10,-5.52731e-11,-8.61569e-10,-3.20321e-10,-3.07632e-10,-7.25609e-10,1.85868e-10,-4.10848e-10,-1.97864e-10,6.26853e-11,3.09862e-10,-2.89946e-11,1.26268e-10,2.68665e-10,6.54915e-10,1.85078e-10,5.28016e-10,3.48987e-10,4.47728e-10,-2.32404e-10,-1.71261e-10,7.40042e-11,-9.38385e-10,-3.80347e-11,2.38927e-10,2.44193e-10,1.30845e-10,-3.07053e-11,8.80819e-11,1.20522e-10,4.16468e-10,-1.7282e-10,2.23775e-10,-4.04453e-11,1.53853e-12,-2.04292e-10,-2.67568e-10,7.54637e-10,-6.92246e-10,-2.63366e-10,7.58137e-11,2.45838e-10,1.77022e-10,3.78764e-11,1.55745e-10,2.0227e-10,5.28039e-10,4.36072e-11,4.05412e-10,1.12077e-10,1.39898e-10,-9.74845e-11,-2.10284e-11,1.14134e-9,-1.02116e-9,6.13092e-11,4.48918e-10,8.0061e-10,7.43998e-10,4.78757e-10,6.34524e-10,7.14526e-10,1.19602,5.76611e-10,9.18635e-10,6.23898e-10,6.33651e-10,3.22031e-10,5.04581e-10,1.14105,-0.815039,-4.68043e-10,-3.12663e-10,-3.99685e-11,2.5278e-10,3.3725e-11,1.53911e-10,2.68667e-10,6.71325e-10,3.27323e-10,6.31658e-10,3.65765e-10,4.10337e-10,-4.94275e-11,2.80343e-10,1.14448e-9,-1.15736e-9,-5.38854e-12,-1.77876e-10,-3.25733e-10,-9.64108e-11,-1.84755e-10,9.15234e-11,-3.61139e-10,-4.01088e-10,1.23376e-10,1.25872e-10,-5.34555e-11,3.28908e-10,2.29553e-10,1.44502e-10,-6.87845e-11,1.53723e-10,1.92785e-10,4.43244e-10,-7.81347e-11,-1.67207e-10,2.50308e-10,2.43067e-10,3.02049e-10,7.01333e-10,1.98375e-10,2.57328e-10,2.11674e-10,5.02836e-10,4.28133e-10,6.83052e-10,1.98759e-10,1.03671e-10,2.00113e-10,1.79596e-10,4.8719e-10,8.85668e-10,5.14764e-11,1.235e-10,2.21791e-10,6.98962e-10,5.04799e-10,7.50337e-10,3.66921e-10,3.24801e-10,9.28859e-11,5.22226e-11,5.32573e-10,9.36146e-10,-2.55657e-10,6.58346e-12,-4.61999e-10,-4.1848e-10,-1.74618e-10,1.98074e-10,5.81864e-11,-1.09094e-9,3.49648e-10,4.83206e-10,-3.3348e-10,-3.93901e-10,-3.86093e-11,6.29313e-10,3.48892e-10,-1.25812e-9,6.42748e-10,8.42244e-10,6.94438e-11,-1.67723e-10,4.72237e-12,7.64809e-10,5.35934e-10,-1.28632e-9,6.24273e-10,0.792805,9.50255e-11,-2.43254e-10,2.85738e-10,7.46583e-10,9.07464e-10,-1.12588,-4.50272e-10,-6.17065e-10,-2.25765e-10,-9.73395e-10,-1.55783e-11,-1.28661e-10,2.97753e-10,-0.788118,-2.24288e-10,-3.52034e-10,2.24717e-10,-1.15439e-9,-1.5713e-10,-2.97288e-10,3.81967e-10,-1.16679e-9,-4.00589e-10,-5.95563e-10,1.5166e-12,-1.5166e-12,-4.68876e-10,-3.26507e-10,-5.62132e-10,-5.15715e-10,-7.24848e-10,2.44368e-10,2.75193e-10,2.87743e-10,1.54317e-9,1.45088e-10,1.79903e-10,1.27579e-9,1.0941e-10,1.13177e-9,1.0386e-9,4.24847e-11,1.15091e-10,-7.47913e-11,1.0355e-10,1.20295e-10,-1.21614e-10,1.03254e-10,-2.91922e-10,1.53713e-10,-1.29879e-11,-2.31029e-10,-3.66049e-10,-4.87177e-10,-1.75881e-9,-2.87505e-10,-4.34616e-10,-1.43402e-9,-3.28412e-10,-1.33973e-9,-1.32079e-9,1.10839e-11,-5.46061e-11,5.06169e-11,1.84414e-10,-8.82958e-11,5.41573e-11,1.3828e-10,1.64876e-10,6.19742e-11,1.3608e-10,0.5,5.48702e-10,4.96825e-10,0.5,2.41591e-10,2.29645e-10,6.93691e-10,8.3267e-11,7.05157e-10,6.52684e-10,0.0,2.00445e-9,2.44368e-10,0.0,2.0133e-9,2.75193e-10,0.0,2.01735e-9,2.87743e-10,0.0,1.99201e-9,-1.92112e-10,0.0,2.00465e-9,2.43309e-10,0.0,1.98305e-9,1.48317e-10,0.0,2.09945e-9,4.77999e-10,0.0,1.98629e-9,-1.62765e-10,0.0,1.98331e-9,1.48367e-10,0.0,2.03622e-9,3.45348e-10,0.0,2.0691e-9,4.22697e-10,0.0,1.98178e-9,-1.36037e-10,0.0,1.97419e-9,6.9668e-11,0.0,1.99499e-9,2.07773e-10,0.0,2.1496e-9,5.70551e-10,0.0,2.00451e-9,-2.45549e-10,0.0,1.9962e-9,1.95971e-10,0.0,1.97284e-9,4.97097e-11,0.0,1.98602e-9,1.63767e-10,0.0,2.06306e-9,-4.04038e-10,0.0,2.05513e-9,-3.89745e-10,0.0,2.07708e-9,-4.37258e-10,0.0,3.33708e-9,1.54317e-9,0.0,2.11904e-9,-5.16536e-10,0.0,1.98314e-9,1.45088e-10,0.0,1.98948e-9,1.79903e-10,0.0,2.03773e-9,-3.44858e-10,0.0,1.972e-9,-3.01671e-11,0.0,1.98554e-9,-1.67096e-10,0.0,2.07715e-9,4.33926e-10,0.0,2.0118e-9,-2.71116e-10,0.0,1.97209e-9,3.22852e-11,0.0,2.01364e-9,2.78349e-10,0.0,2.06341e-9,4.09694e-10,0.0,1.97493e-9,-7.83422e-11,0.0,1.97817e-9,1.09801e-10,0.0,2.00507e-9,2.47648e-10,0.0,2.18435e-9,6.22726e-10,0.0,1.97441e-9,-7.19878e-11,0.0,2.03975e-9,3.36242e-10,0.0,1.98659e-9,1.66693e-10,0.0,2.01118e-9,2.70061e-10,0.0,2.03624e-9,-3.39747e-10,0.0,2.01756e-9,-2.89516e-10,0.0,2.00062e-9,-2.2961e-10,0.0,2.89122e-9,1.27579e-9,0.0,2.26433e-9,-7.30114e-10,0.0,1.97822e-9,1.0941e-10,0.0,2.03902e-9,-3.48509e-10,0.0,2.00146e-9,-2.32717e-10,0.0,2.13531e-9,-5.36636e-10,0.0,2.05117e-9,3.75895e-10,0.0,2.03814e-9,-3.50219e-10,0.0,1.97534e-9,-8.41164e-11,0.0,1.99123e-9,1.8923e-10,0.0,2.05426e-9,3.87417e-10,0.0,1.97233e-9,-3.85025e-11,0.0,1.98164e-9,1.34659e-10,0.0,2.01368e-9,2.76478e-10,0.0,2.21337e-9,6.62182e-10,0.0,1.97473e-9,7.69651e-11,0.0,2.09295e-9,4.53191e-10,0.0,2.01261e-9,2.74107e-10,0.0,2.04772e-9,3.73271e-10,0.0,2.01345e-9,-2.73827e-10,0.0,1.99653e-9,-2.13944e-10,0.0,1.97321e-9,-5.52731e-11,0.0,2.69048e-9,1.13177e-9,0.0,2.37837e-9,-8.61569e-10,0.0,2.02846e-9,-3.20321e-10,0.0,2.02406e-9,-3.07632e-10,0.0,2.27625e-9,-7.25609e-10,0.0,1.9912e-9,1.85868e-10,0.0,2.06303e-9,-4.10848e-10,0.0,1.99262e-9,-1.97864e-10,0.0,1.97379e-9,6.26853e-11,0.0,2.0248e-9,3.09862e-10,0.0,1.97198e-9,-2.89946e-11,0.0,1.98049e-9,1.26268e-10,0.0,2.0115e-9,2.68665e-10,0.0,2.20893e-9,6.54915e-10,0.0,1.99004e-9,1.85078e-10,0.0,2.13488e-9,5.28016e-10,0.0,2.03826e-9,3.48987e-10,0.0,2.08135e-9,4.47728e-10,0.0,2.00164e-9,-2.32404e-10,0.0,1.9875e-9,-1.71261e-10,0.0,1.97458e-9,7.40042e-11,0.0,2.57512e-9,1.0386e-9,0.0,2.45407e-9,-9.38385e-10,0.0,1.97263e-9,4.24847e-11,0.0,1.98161e-9,1.15091e-10,0.0,1.97455e-9,-7.47913e-11,0.0,1.97236e-9,-3.80347e-11,0.0,2.00173e-9,2.38927e-10,0.0,2.00278e-9,2.44193e-10,0.0,1.98024e-9,1.30845e-10,0.0,1.97206e-9,-3.07053e-11,0.0,1.97575e-9,8.80819e-11,0.0,1.97923e-9,1.20522e-10,0.0,2.06489e-9,4.16468e-10,0.0,1.98775e-9,-1.7282e-10,0.0,2.00373e-9,2.23775e-10,0.0,1.97252e-9,-4.04453e-11,0.0,1.97156e-9,1.53853e-12,0.0,1.97751e-9,1.0355e-10,0.0,1.99422e-9,-2.04292e-10,0.0,2.01092e-9,-2.67568e-10,0.0,2.29205e-9,7.54637e-10,0.0,2.23197e-9,-6.92246e-10,0.0,1.9835e-9,1.20295e-10,0.0,1.9797e-9,-1.21614e-10,0.0,2.0086e-9,-2.63366e-10,0.0,1.97455e-9,7.58137e-11,0.0,2.00325e-9,2.45838e-10,0.0,1.98764e-9,1.77022e-10,0.0,1.97235e-9,3.78764e-11,0.0,1.98481e-9,1.55745e-10,0.0,1.99355e-9,2.0227e-10,0.0,2.12267e-9,5.28039e-10,0.0,1.97256e-9,4.36072e-11,0.0,2.07041e-9,4.05412e-10,0.0,1.9782e-9,1.12077e-10,0.0,1.9819e-9,1.39898e-10,0.0,1.97761e-9,1.03254e-10,0.0,1.97665e-9,-9.74845e-11,0.0,1.97179e-9,-2.10284e-11,0.0,2.71138e-9,1.14134e-9,0.0,2.54018e-9,-1.02116e-9,0.0,2.02654e-9,-2.91922e-10,0.0,1.97398e-9,6.13092e-11,0.0,2.09112e-9,4.48918e-10,0.0,2.33533e-9,8.0061e-10,0.0,2.27784e-9,7.43998e-10,0.0,2.1047e-9,4.78757e-10,0.0,2.20221e-9,6.34524e-10,0.0,2.26043e-9,7.14526e-10,1.0,0.715233,1.19602,0.0,2.16026e-9,5.76611e-10,0.0,2.46624e-9,9.18635e-10,0.0,2.19028e-9,6.23898e-10,0.0,2.1954e-9,6.33651e-10,0.0,1.98737e-9,1.53713e-10,0.0,2.03332e-9,3.22031e-10,0.0,2.11757e-9,5.04581e-10,1.0,0.651002,1.14105,1.0,0.332144,-0.815039,0.0,2.08925e-9,-4.68043e-10,0.0,2.02393e-9,-3.12663e-10,0.0,1.97235e-9,-3.99685e-11,0.0,2.00623e-9,2.5278e-10,0.0,1.97219e-9,3.3725e-11,0.0,1.9847e-9,1.53911e-10,0.0,2.01113e-9,2.68667e-10,0.0,2.21972e-9,6.71325e-10,0.0,2.02914e-9,3.27323e-10,0.0,2.20424e-9,6.31658e-10,0.0,2.04417e-9,3.65765e-10,0.0,2.06273e-9,4.10337e-10,0.0,1.97162e-9,-1.29879e-11,0.0,1.97284e-9,-4.94275e-11,0.0,2.01473e-9,2.80343e-10,0.0,2.71379e-9,1.14448e-9,0.0,2.70604e-9,-1.15736e-9,0.0,2.00035e-9,-2.31029e-10,0.0,2.04474e-9,-3.66049e-10,0.0,2.10151e-9,-4.87177e-10,0.0,1.97156e-9,-5.38854e-12,0.0,1.98846e-9,-1.77876e-10,0.0,2.02925e-9,-3.25733e-10,0.0,1.97546e-9,-9.64108e-11,0.0,1.98997e-9,-1.84755e-10,0.0,1.97889e-9,9.15234e-11,0.0,2.04269e-9,-3.61139e-10,0.0,2.05924e-9,-4.01088e-10,0.0,1.97946e-9,1.23376e-10,0.0,1.97998e-9,1.25872e-10,0.0,1.97323e-9,-5.34555e-11,0.0,2.03174e-9,3.28908e-10,0.0,3.72694e-9,-1.75881e-9,0.0,2.01699e-9,-2.87505e-10,0.0,2.07525e-9,-4.34616e-10,0.0,2.00018e-9,2.29553e-10,0.0,1.98321e-9,1.44502e-10,0.0,1.97408e-9,-6.87845e-11,0.0,1.98343e-9,1.53723e-10,0.0,1.99151e-9,1.92785e-10,0.0,2.09136e-9,4.43244e-10,0.0,1.9749e-9,-7.81347e-11,0.0,1.98679e-9,-1.67207e-10,0.0,2.00472e-9,2.50308e-10,0.0,2.0033e-9,2.43067e-10,0.0,2.02114e-9,3.02049e-10,0.0,2.24443e-9,7.01333e-10,0.0,3.11574e-9,-1.43402e-9,0.0,2.03054e-9,-3.28412e-10,0.0,1.99262e-9,1.98375e-10,0.0,2.0078e-9,2.57328e-10,0.0,1.99628e-9,2.11674e-10,0.0,2.10956e-9,5.02836e-10,0.0,2.0698e-9,4.28133e-10,0.0,2.24596e-9,6.83052e-10,0.0,1.99299e-9,1.98759e-10,0.0,1.97738e-9,1.03671e-10,0.0,1.99248e-9,2.00113e-10,0.0,1.98861e-9,1.79596e-10,0.0,2.10107e-9,4.8719e-10,0.0,2.40802e-9,8.85668e-10,0.0,2.9677e-9,-1.33973e-9,0.0,1.97277e-9,5.14764e-11,0.0,1.97964e-9,1.235e-10,0.0,1.99825e-9,2.21791e-10,0.0,2.24125e-9,6.98962e-10,0.0,2.10734e-9,5.04799e-10,0.0,2.29869e-9,7.50337e-10,0.0,2.04428e-9,3.66921e-10,0.0,2.0285e-9,3.24801e-10,0.0,1.97586e-9,9.28859e-11,0.0,1.97279e-9,5.22226e-11,0.0,2.12631e-9,5.32573e-10,0.0,2.46036e-9,9.36146e-10,0.0,2.94027e-9,-1.32079e-9,0.0,1.97158e-9,1.10839e-11,0.0,1.9734e-9,-5.46061e-11,0.0,1.97359e-9,5.06169e-11,0.0,2.00701e-9,-2.55657e-10,0.0,1.97264e-9,6.58346e-12,0.0,2.08918e-9,-4.61999e-10,0.0,2.06798e-9,-4.1848e-10,0.0,1.9882e-9,-1.74618e-10,0.0,1.98976e-9,1.84414e-10,0.0,1.99288e-9,1.98074e-10,0.0,1.97356e-9,5.81864e-11,0.0,2.62114e-9,-1.09094e-9,0.0,1.97603e-9,-8.82958e-11,0.0,1.97425e-9,5.41573e-11,0.0,2.03599e-9,3.49648e-10,0.0,2.11712e-9,4.83206e-10,0.0,2.03302e-9,-3.3348e-10,0.0,2.05688e-9,-3.93901e-10,0.0,1.97242e-9,-3.86093e-11,0.0,1.98149e-9,1.3828e-10,0.0,2.18867e-9,6.29313e-10,0.0,2.0394e-9,3.48892e-10,0.0,2.84332e-9,-1.25812e-9,0.0,1.98879e-9,1.64876e-10,0.0,2.19157e-9,6.42748e-10,0.0,2.38953e-9,8.42244e-10,0.0,1.97411e-9,6.94438e-11,0.0,1.98722e-9,-1.67723e-10,0.0,1.97158e-9,4.72237e-12,0.0,1.97338e-9,6.19742e-11,0.0,2.29294e-9,7.64809e-10,0.0,2.13071e-9,5.35934e-10,0.0,2.88705e-9,-1.28632e-9,0.0,2.18333e-9,6.24273e-10,1.0,0.31427,0.792805,0.0,1.98055e-9,9.50255e-11,0.0,2.00619e-9,-2.43254e-10,0.0,2.01509e-9,2.85738e-10,0.0,1.98196e-9,1.3608e-10,0.0,2.28292e-9,7.46583e-10,0.0,2.4291e-9,9.07464e-10,1.0,0.633806,-1.12588,1.0,0.125,0.5,0.0,2.12834e-9,5.48702e-10,0.0,2.1007e-9,4.96825e-10,0.0,2.08146e-9,-4.50272e-10,0.0,2.17685e-9,-6.17065e-10,1.0,0.125,0.5,0.0,1.99833e-9,-2.25765e-10,0.0,2.48626e-9,-9.73395e-10,0.0,2.006e-9,2.41591e-10,0.0,2.00216e-9,2.29645e-10,0.0,1.97184e-9,-1.55783e-11,0.0,1.97942e-9,-1.28661e-10,0.0,2.23788e-9,6.93691e-10,0.0,2.02592e-9,2.97753e-10,1.0,0.310565,-0.788118,0.0,1.97536e-9,8.3267e-11,0.0,1.99933e-9,-2.24288e-10,0.0,2.04005e-9,-3.52034e-10,0.0,2.24948e-9,7.05157e-10,0.0,1.99973e-9,2.24717e-10,0.0,2.70512e-9,-1.15439e-9,0.0,1.9853e-9,-1.5713e-10,0.0,2.02041e-9,-2.97288e-10,0.0,2.20916e-9,6.52684e-10,0.0,2.05234e-9,3.81967e-10,0.0,2.72115e-9,-1.16679e-9,0.0,2.059e-9,-4.00589e-10,0.0,2.16675e-9,-5.95563e-10,0.0,1.97149e-9,1.5166e-12,0.0,1.97149e-9,-1.5166e-12,0.0,2.09383e-9,-4.68876e-10,0.0,2.02875e-9,-3.26507e-10,0.0,2.14163e-9,-5.62132e-10,0.0,2.11669e-9,-5.15715e-10,0.0,2.25918e-9,-7.24848e-10]
