#SOLVERNAME# PAJ_NODIS_CBC_MOSEK
#SOLVER# Pajarito.PajaritoSolver(2,3600.0,1.0e-5,false,Cbc.CbcMathProgSolverInterface.CbcSolver(Any[(:logLevel,0),(:ratioGap,0.0),(:seconds,3600.0)]),MathProgBase.DefaultMIPSolver(),0,false,true,Mosek.MosekMathProgSolverInterface.MosekSolver(Any[(:LOG,0),(:NUM_THREADS,1),(:OPTIMIZER_MAX_TIME,120.0)]),true,false,false,false,false,true,false,true,true,true,true,false,false,true,false,false,false,false,1.0e-10,0.0001,1.0e-6,0.01,1.0e-6)
#FILENAME# sssd-strong-30-8.cbf.gz
#INSTANCE# sssd-strong-30-8
#TIMELIMIT# 3600.0
#STATUS# UserLimit
#OBJVAL# 530673.1511839463
#OBJBOUND# 521369.8726787081
#TIMESOLVER# 3621.330057144165
#TIMEALL# 3621.330372095108
#SOLUTION# [1.0,0.0,0.0,0.0,0.0,0.0,0.0,0.0,0.0,0.0,0.0,1.0,0.0,0.0,0.0,0.0,0.0,0.0,0.0,0.0,0.0,0.0,0.0,1.0,0.0,1.0,0.0,0.0,0.0,0.0,0.0,0.0,0.0,0.0,0.0,0.0,0.0,0.0,1.0,0.0,0.0,0.0,0.0,0.0,0.0,0.0,1.0,0.0,0.0,0.0,0.0,0.0,0.0,0.0,0.0,1.0,0.0,0.0,0.0,1.0,0.0,0.0,0.0,0.0,0.0,0.0,0.0,0.0,1.0,0.0,0.0,0.0,1.0,0.0,0.0,0.0,0.0,0.0,0.0,0.0,0.0,0.0,0.0,0.0,1.0,0.0,0.0,0.0,0.0,0.0,0.0,0.0,0.0,1.0,0.0,0.0,0.0,0.0,0.0,0.0,0.0,0.0,0.0,1.0,0.0,0.0,0.0,0.0,1.0,0.0,0.0,0.0,1.0,0.0,0.0,0.0,0.0,0.0,0.0,0.0,0.0,0.0,0.0,1.0,0.0,0.0,0.0,0.0,0.0,1.0,0.0,0.0,0.0,0.0,0.0,0.0,0.0,0.0,0.0,1.0,0.0,0.0,0.0,0.0,0.0,0.0,0.0,0.0,0.0,0.0,1.0,0.0,0.0,0.0,0.0,0.0,0.0,0.0,0.0,1.0,0.0,0.0,0.0,0.0,0.0,0.0,0.0,1.0,0.0,0.0,0.0,0.0,1.0,0.0,0.0,0.0,0.0,0.0,1.0,0.0,0.0,0.0,0.0,0.0,0.0,0.0,0.0,1.0,0.0,0.0,0.0,0.0,1.0,0.0,0.0,0.0,0.0,0.0,0.0,0.0,0.0,0.0,1.0,0.0,0.0,0.0,0.0,0.0,0.0,1.0,0.0,0.0,0.0,0.0,0.0,0.0,0.0,0.0,1.0,0.0,0.0,0.0,0.0,0.0,0.0,0.0,0.0,0.0,0.0,1.0,0.0,0.0,0.0,0.0,0.0,0.0,0.0,1.0,0.0,0.0,0.0,0.0,1.0,0.0,0.0,1.0,0.0,0.0,1.0,0.0,0.0,1.0,0.0,0.0,1.0,0.0,0.0,1.0,0.0,0.0,1.0,0.0,0.0,1.0,0.679922,0.734291,0.722553,0.963088,0.69249,0.690826,0.712036,0.918122,-0.0,-0.0,0.404734,-0.0,-0.0,0.423396,-0.0,-0.0,0.419466,-0.0,-0.0,0.490599,-0.0,-0.0,0.409154,-0.0,-0.0,0.408573,-0.0,-0.0,0.4159,-0.0,-0.0,0.478657,0.0,0.339961,0.339961,0.137594,0.367146,0.367146,0.155448,0.361276,0.361276,0.151543,0.481544,0.481544,0.236245,0.346245,0.346245,0.141668,0.345413,0.345413,0.141126,0.356018,0.356018,0.148068,0.459061,0.459061,0.219733,0.679922,0.679922,1.67992,0.734291,0.734291,1.73429,0.722553,0.722553,1.72255,0.963088,0.963088,1.96309,0.69249,0.69249,1.69249,0.690826,0.690826,1.69083,0.712036,0.712036,1.71204,0.918122,0.918122,1.91812,0.679922,0.679922,0.679922,0.734291,0.734291,0.734291,0.722553,0.722553,0.722553,0.963088,0.963088,0.963088,0.69249,0.69249,0.69249,0.690826,0.690826,0.690826,0.712036,0.712036,0.712036,0.918122,0.918122,0.918122]
