#SOLVERNAME# PAJ_SUBOPT-8-10_CBC_MOSEK
#SOLVER# Pajarito.PajaritoSolver(2,3600.0,1.0e-5,false,Cbc.CbcMathProgSolverInterface.CbcSolver(Any[(:logLevel,0),(:ratioGap,0.0),(:seconds,3600.0)]),Cbc.CbcMathProgSolverInterface.CbcSolver(Any[(:logLevel,0),(:ratioGap,0.1),(:seconds,120)]),8,false,true,Mosek.MosekMathProgSolverInterface.MosekSolver(Any[(:LOG,0),(:NUM_THREADS,1),(:OPTIMIZER_MAX_TIME,120.0)]),true,false,false,true,false,true,false,true,true,true,true,false,false,true,false,false,false,false,1.0e-10,0.0001,1.0e-6,0.01,1.0e-6)
#FILENAME# stolpe07-82flowc.cbf.gz
#INSTANCE# stolpe07-82flowc
#TIMELIMIT# 3600.0
#STATUS# Optimal
#OBJVAL# 15.819180144807882
#OBJBOUND# 15.819179413474911
#TIMESOLVER# 2189.820978164673
#TIMEALL# 2189.8328788280487
#SOLUTION# [15.8192,0.0,0.0,0.0,0.0,0.0,0.0,0.0,0.0,0.0,0.0,0.0,0.0,0.0,0.0,0.0,0.0,0.0,0.0,0.0,0.0,0.0,0.0,0.0,0.0,0.0,0.0,0.0,0.0,0.0,0.0,0.0,0.0,0.0,0.0,0.0,0.0,0.0,0.0,0.0,0.0,0.0,0.0,0.0,0.0,0.0,0.0,0.0,0.0,1.0,0.0,0.0,0.0,0.0,0.0,0.0,0.0,1.0,0.0,1.0,0.0,0.0,0.0,0.0,0.0,0.0,1.0,0.0,0.0,0.0,0.0,0.0,0.0,1.0,0.0,0.0,0.0,0.0,0.0,0.0,0.0,0.0,0.0,0.0,0.0,0.0,1.0,0.0,0.0,0.0,0.0,0.0,1.0,0.0,0.0,0.0,0.0,0.0,0.0,1.0,0.0,0.0,1.0,0.0,0.0,0.0,0.0,0.0,0.0,0.0,0.0,1.0,1.0,0.0,0.0,0.0,0.0,0.0,0.0,1.0,0.0,0.0,1.0,0.0,0.0,0.0,0.0,1.0,0.0,0.0,0.0,0.0,0.0,0.0,0.0,0.0,0.0,0.0,0.0,0.0,0.0,0.0,0.0,1.0,0.0,0.0,1.0,0.0,0.0,0.0,0.0,0.0,0.0,0.0,0.0,1.0,0.0,0.0,0.0,0.0,0.0,0.0,0.0,0.0,1.0,0.0,0.0,0.0,0.0,0.0,0.0,0.0,0.0,0.0,0.0,0.0,0.0,1.0,0.0,0.0,0.0,0.0,0.0,0.0,0.0,0.0,0.0,0.0,0.0,0.0,0.0,0.0,0.0,3.13652e-9,0.125,5.44916e-9,5.77501e-9,3.13652e-9,4.80369e-9,4.80392e-9,4.80415e-9,3.13652e-9,5.33927e-9,5.9001e-9,1.33333,3.13652e-9,5.33138e-9,0.698771,6.44801e-9,5.69214e-9,5.24654e-9,5.68572e-9,6.12086e-9,3.13652e-9,5.96785e-9,7.19078e-9,3.0,3.13652e-9,4.81314e-9,4.82144e-9,4.82854e-9,3.13652e-9,5.11073e-9,5.41337e-9,5.71133e-9,3.13652e-9,0.125,5.43186e-9,5.75069e-9,5.6921e-9,4.97139e-9,5.13527e-9,5.2954e-9,5.69214e-9,4.82515e-9,4.84679e-9,4.8684e-9,5.6921e-9,4.96674e-9,5.12592e-9,5.28131e-9,3.13652e-9,5.26691e-9,0.698771,6.26833e-9,3.13652e-9,4.80354e-9,4.80362e-9,4.8037e-9,3.13652e-9,5.26681e-9,0.698771,6.26737e-9,3.13652e-9,5.25714e-9,5.70496e-9,6.14691e-9,3.13652e-9,5.03008e-9,5.26398e-9,0.465847,3.13652e-9,5.35398e-9,5.9345e-9,1.33333,5.69214e-9,5.10057e-9,5.39334e-9,5.68165e-9,5.6921e-9,4.81054e-9,4.81582e-9,4.81948e-9,3.13652e-9,5.98157e-9,7.21606e-9,3.0,3.13652e-9,0.125,5.43922e-9,5.75554e-9,3.13652e-9,4.80352e-9,4.80359e-9,4.80366e-9,3.13652e-9,5.14563e-9,0.5,5.86124e-9,3.13652e-9,5.35239e-9,0.698771,6.45936e-9,3.13652e-9,5.63516e-9,6.43869e-9,7.2125e-9,3.13652e-9,0.125,5.44749e-9,5.76668e-9,5.6921e-9,5.18996e-9,5.56155e-9,5.91945e-9,5.69214e-9,4.82898e-9,4.85446e-9,4.8799e-9,5.6921e-9,5.01443e-9,5.22175e-9,5.42565e-9,3.13652e-9,5.39187e-9,5.96413e-9,6.5189e-9,3.13652e-9,5.36248e-9,0.698771,6.49072e-9,3.13652e-9,5.12945e-9,0.5,5.81081e-9,5.6921e-9,4.82282e-9,4.8422e-9,4.86161e-9,3.13652e-9,4.86364e-9,4.92371e-9,4.98366e-9,3.13652e-9,5.08425e-9,0.5,5.62713e-9,3.13652e-9,5.2595e-9,5.71227e-9,6.161e-9,3.13652e-9,5.1906e-9,5.575e-9,5.95625e-9,3.13652e-9,5.03317e-9,0.25,5.49083e-9,3.13652e-9,4.99601e-9,5.18841e-9,5.38065e-9,3.13652e-9,4.80509e-9,4.80673e-9,4.80836e-9,5.6921e-9,4.8645e-9,4.92557e-9,4.98668e-9,3.13652e-9,5.34983e-9,5.89729e-9,0.942809,3.13652e-9,5.21028e-9,5.61621e-9,6.02075e-9,3.13652e-9,5.13757e-9,5.47081e-9,5.80293e-9,3.13652e-9,5.0168e-9,5.22969e-9,5.44206e-9,5.69214e-9,4.94459e-9,5.08552e-9,5.22624e-9,3.13652e-9,4.80826e-9,4.81306e-9,4.81787e-9,0.0,0.0,0.0,0.0,1.0,0.0,0.0,0.0,0.0,1.0,1.0,1.0,0.0,0.0,0.0,0.0,0.0,0.0,1.0,1.0,0.0,0.0,0.0,0.0,0.0,0.0,0.0,1.0,1.0,1.0,0.0,0.0,0.0,1.0,0.0,0.0,0.0,0.0,0.0,0.0,0.0,1.0,0.0,0.0,0.0,0.0,1.0,0.0,-5.74463e-10,-8.23683e-10,-1.1547,-7.09136e-10,-0.835925,-1.25925e-9,-6.76581e-10,-9.52598e-10,-1.16137e-9,-9.40436e-10,-1.36264e-9,-1.73205,5.95668e-12,6.96941e-12,6.2445e-12,5.48337e-10,7.70289e-10,9.3698e-10,4.16088e-10,5.7857e-10,6.96922e-10,-1.57549e-10,-2.22645e-10,-2.72485e-10,-3.94568e-10,-5.47699e-10,-6.58584e-10,-6.21832e-10,-0.835925,-1.11448e-9,-2.45825e-13,-3.48004e-13,-4.26649e-13,6.21611e-10,0.835925,1.11438e-9,6.83959e-10,9.61355e-10,1.17011e-9,4.28002e-10,6.12221e-10,0.68253,5.90348e-10,8.50049e-10,1.1547,-5.41082e-10,-7.60367e-10,-9.2522e-10,3.98417e-12,6.80336e-12,1.03176e-11,9.51438e-10,1.37822e-9,1.73205,-5.5677e-10,-0.707107,-9.85664e-10,-7.75577e-10,-0.835925,-1.3494e-9,-9.62423e-10,-1.34295e-9,-1.62177e-9,6.52848e-10,9.08468e-10,1.09527e-9,1.76176e-10,2.48992e-10,3.04757e-10,-4.83808e-10,-6.78479e-10,-8.24133e-10,8.15975e-10,1.14312e-9,1.38609e-9,7.86296e-10,0.835925,1.36875e-9,5.46628e-10,0.707107,9.67583e-10,-5.20931e-10,-0.707107,-8.90269e-10,-7.19024e-10,-1.01482e-9,-1.24004e-9,-6.62048e-10,-9.34274e-10,-1.14156e-9,4.88385e-10,6.90443e-10,8.45318e-10,2.84878e-11,4.02824e-11,4.93289e-11,-2.61491e-10,-3.69861e-10,-4.53053e-10,8.10563e-10,1.14748e-9,0.970984,6.83685e-10,9.66581e-10,1.18319e-9,6.14463e-10,8.68254e-10,1.06235e-9,0.353553,7.99624e-10,9.80774e-10,1.21102e-12,1.71141e-12,2.09455e-12,-0.353553,-7.99341e-10,-9.81827e-10,0.353553,7.87448e-10,9.623e-10,1.43637e-13,2.03333e-13,2.49276e-13,-0.353553,-7.85521e-10,-9.58899e-10,1.34614e-10,1.90428e-10,2.33294e-10,-2.44501e-10,-3.45243e-10,-4.22183e-10,-4.79796e-10,-0.5,-8.2722e-10,4.92328e-10,6.9587e-10,8.51735e-10,3.9988e-10,5.65292e-10,6.92045e-10,7.31524e-11,1.03451e-10,1.26698e-10,3.13652e-9,0.0,0.0,1.0,0.0625,0.353553,0.0,2.72458e-9,7.99624e-10,0.0,2.8875e-9,9.80774e-10,3.13652e-9,0.0,0.0,0.0,2.40184e-9,1.21102e-12,0.0,2.40196e-9,1.71141e-12,0.0,2.40208e-9,2.09455e-12,3.13652e-9,0.0,0.0,0.0,2.66964e-9,-5.74463e-10,0.0,2.95005e-9,-8.23683e-10,1.0,0.666667,-1.1547,3.13652e-9,0.0,0.0,0.0,2.66569e-9,-7.09136e-10,1.0,0.349386,-0.835925,0.0,3.22401e-9,-1.25925e-9,5.69214e-9,0.5,0.0,0.0,2.62327e-9,-6.76581e-10,0.0,2.84286e-9,-9.52598e-10,0.0,3.06043e-9,-1.16137e-9,3.13652e-9,0.0,0.0,0.0,2.98393e-9,-9.40436e-10,0.0,3.59539e-9,-1.36264e-9,1.0,1.5,-1.73205,3.13652e-9,0.0,0.0,0.0,2.40657e-9,5.95668e-12,0.0,2.41072e-9,6.96941e-12,0.0,2.41427e-9,6.2445e-12,3.13652e-9,0.0,0.0,0.0,2.55537e-9,5.48337e-10,0.0,2.70669e-9,7.70289e-10,0.0,2.85566e-9,9.3698e-10,3.13652e-9,0.0,0.0,1.0,0.0625,-0.353553,0.0,2.71593e-9,-7.99341e-10,0.0,2.87534e-9,-9.81827e-10,5.6921e-9,0.5,0.0,0.0,2.48569e-9,4.16088e-10,0.0,2.56764e-9,5.7857e-10,0.0,2.6477e-9,6.96922e-10,5.69214e-9,0.5,0.0,0.0,2.41257e-9,-1.57549e-10,0.0,2.4234e-9,-2.22645e-10,0.0,2.4342e-9,-2.72485e-10,5.6921e-9,0.5,0.0,0.0,2.48337e-9,-3.94568e-10,0.0,2.56296e-9,-5.47699e-10,0.0,2.64066e-9,-6.58584e-10,3.13652e-9,0.0,0.0,0.0,2.63346e-9,-6.21832e-10,1.0,0.349386,-0.835925,0.0,3.13417e-9,-1.11448e-9,3.13652e-9,0.0,0.0,0.0,2.40177e-9,-2.45825e-13,0.0,2.40181e-9,-3.48004e-13,0.0,2.40185e-9,-4.26649e-13,3.13652e-9,0.0,0.0,0.0,2.63341e-9,6.21611e-10,1.0,0.349386,0.835925,0.0,3.13368e-9,1.11438e-9,3.13652e-9,0.0,0.0,0.0,2.62857e-9,6.83959e-10,0.0,2.85248e-9,9.61355e-10,0.0,3.07345e-9,1.17011e-9,3.13652e-9,0.0,0.0,0.0,2.51504e-9,4.28002e-10,0.0,2.63199e-9,6.12221e-10,1.0,0.232924,0.68253,3.13652e-9,0.0,0.0,0.0,2.67699e-9,5.90348e-10,0.0,2.96725e-9,8.50049e-10,1.0,0.666667,1.1547,5.69214e-9,0.5,0.0,0.0,2.55029e-9,-5.41082e-10,0.0,2.69667e-9,-7.60367e-10,0.0,2.84083e-9,-9.2522e-10,5.6921e-9,0.5,0.0,0.0,2.40527e-9,3.98417e-12,0.0,2.40791e-9,6.80336e-12,0.0,2.40974e-9,1.03176e-11,3.13652e-9,0.0,0.0,0.0,2.99079e-9,9.51438e-10,0.0,3.60803e-9,1.37822e-9,1.0,1.5,1.73205,3.13652e-9,0.0,0.0,1.0,0.0625,0.353553,0.0,2.71961e-9,7.87448e-10,0.0,2.87777e-9,9.623e-10,3.13652e-9,0.0,0.0,0.0,2.40176e-9,1.43637e-13,0.0,2.4018e-9,2.03333e-13,0.0,2.40183e-9,2.49276e-13,3.13652e-9,0.0,0.0,0.0,2.57281e-9,-5.5677e-10,1.0,0.25,-0.707107,0.0,2.93062e-9,-9.85664e-10,3.13652e-9,0.0,0.0,0.0,2.67619e-9,-7.75577e-10,1.0,0.349386,-0.835925,0.0,3.22968e-9,-1.3494e-9,3.13652e-9,0.0,0.0,0.0,2.81758e-9,-9.62423e-10,0.0,3.21934e-9,-1.34295e-9,0.0,3.60625e-9,-1.62177e-9,3.13652e-9,0.0,0.0,1.0,0.0625,-0.353553,0.0,2.72375e-9,-7.85521e-10,0.0,2.88334e-9,-9.58899e-10,5.6921e-9,0.5,0.0,0.0,2.59498e-9,6.52848e-10,0.0,2.78077e-9,9.08468e-10,0.0,2.95973e-9,1.09527e-9,5.69214e-9,0.5,0.0,0.0,2.41449e-9,1.76176e-10,0.0,2.42723e-9,2.48992e-10,0.0,2.43995e-9,3.04757e-10,5.6921e-9,0.5,0.0,0.0,2.50722e-9,-4.83808e-10,0.0,2.61087e-9,-6.78479e-10,0.0,2.71282e-9,-8.24133e-10,3.13652e-9,0.0,0.0,0.0,2.69593e-9,8.15975e-10,0.0,2.98206e-9,1.14312e-9,0.0,3.25945e-9,1.38609e-9,3.13652e-9,0.0,0.0,0.0,2.68124e-9,7.86296e-10,1.0,0.349386,0.835925,0.0,3.24536e-9,1.36875e-9,3.13652e-9,0.0,0.0,0.0,2.56473e-9,5.46628e-10,1.0,0.25,0.707107,0.0,2.9054e-9,9.67583e-10,5.6921e-9,0.5,0.0,0.0,2.41141e-9,1.34614e-10,0.0,2.4211e-9,1.90428e-10,0.0,2.4308e-9,2.33294e-10,3.13652e-9,0.0,0.0,0.0,2.43182e-9,-2.44501e-10,0.0,2.46186e-9,-3.45243e-10,0.0,2.49183e-9,-4.22183e-10,3.13652e-9,0.0,0.0,0.0,2.54213e-9,-5.20931e-10,1.0,0.25,-0.707107,0.0,2.81357e-9,-8.90269e-10,3.13652e-9,0.0,0.0,0.0,2.62975e-9,-7.19024e-10,0.0,2.85613e-9,-1.01482e-9,0.0,3.0805e-9,-1.24004e-9,3.13652e-9,0.0,0.0,0.0,2.5953e-9,-6.62048e-10,0.0,2.7875e-9,-9.34274e-10,0.0,2.97813e-9,-1.14156e-9,3.13652e-9,0.0,0.0,0.0,2.51659e-9,-4.79796e-10,1.0,0.125,-0.5,0.0,2.74542e-9,-8.2722e-10,3.13652e-9,0.0,0.0,0.0,2.49801e-9,4.88385e-10,0.0,2.59421e-9,6.90443e-10,0.0,2.69032e-9,8.45318e-10,3.13652e-9,0.0,0.0,0.0,2.40255e-9,2.84878e-11,0.0,2.40336e-9,4.02824e-11,0.0,2.40418e-9,4.93289e-11,5.6921e-9,0.5,0.0,0.0,2.43225e-9,-2.61491e-10,0.0,2.46279e-9,-3.69861e-10,0.0,2.49334e-9,-4.53053e-10,3.13652e-9,0.0,0.0,0.0,2.67492e-9,8.10563e-10,0.0,2.94864e-9,1.14748e-9,1.0,0.471405,0.970984,3.13652e-9,0.0,0.0,0.0,2.60514e-9,6.83685e-10,0.0,2.8081e-9,9.66581e-10,0.0,3.01037e-9,1.18319e-9,3.13652e-9,0.0,0.0,0.0,2.56878e-9,6.14463e-10,0.0,2.7354e-9,8.68254e-10,0.0,2.90147e-9,1.06235e-9,3.13652e-9,0.0,0.0,0.0,2.5084e-9,4.92328e-10,0.0,2.61484e-9,6.9587e-10,0.0,2.72103e-9,8.51735e-10,5.69214e-9,0.5,0.0,0.0,2.47229e-9,3.9988e-10,0.0,2.54276e-9,5.65292e-10,0.0,2.61312e-9,6.92045e-10,3.13652e-9,0.0,0.0,0.0,2.40413e-9,7.31524e-11,0.0,2.40653e-9,1.03451e-10,0.0,2.40893e-9,1.26698e-10]
