WARNING: Method definition require(Symbol) in module Base at loading.jl:345 overwritten in module ConicBenchmarkUtilities at /home/ubuntu/.julia/v0.5/Requires/src/require.jl:12.
error in running finalizer: CPLEX.CplexError(code=1804, msg="CPLEX Error  1804: Calling routines not allowed in informational callback.
")
#SOLVERNAME# PAJ_PRAS_MSD_CPLEX_tols_0GAP_MOSEK
#SOLVER# Pajarito.PajaritoSolver(2,60.0,1.0e-5,true,CPLEX.CplexSolver(Any[(:CPX_PARAM_THREADS,1),(:CPX_PARAM_TILIM,60.0),(:CPX_PARAM_EPINT,1.0e-8),(:CPX_PARAM_EPRHS,1.0e-8),(:CPX_PARAM_SCRIND,0),(:CPX_PARAM_EPGAP,0.0)]),MathProgBase.DefaultMIPSolver(),0,false,true,Mosek.MosekMathProgSolverInterface.MosekSolver(Any[(:LOG,0),(:NUM_THREADS,1),(:OPTIMIZER_MAX_TIME,120.0)]),true,false,false,true,false,true,false,true,true,true,true,false,false,true,false,false,false,true,1.0e-10,0.0001,1.0e-6,0.01,1.0e-6)
#INSTANCE# ck_n75_m10_o1_5.cbf.gz
#TIMELIMIT# 60.0

Transforming original data......Done     0.00s

Creating conic model data......Done     0.00s

Creating MIP model......Done     0.01s

Cone types summary:
Cone       | Count    | Min dim  | Max dim 
       SOC |       10 |       77 |       77

Solving conic relaxation......Done     0.01s
 - Relaxation status    =        Optimal
 - Relaxation objective =  -32310.076716

Creating conic subproblem model......Done     0.00s

Starting MIP-solver-driven outer approximation algorithm

Pajarito MICP solve summary:
 - Total time (s)       =       4.47e+00
 - Status               =        Optimal
 - Best feasible obj.   =  -3.080200e+04
 - Final OA obj. bound  =  -3.080200e+04
 - Relative opt. gap    =      0.000e+00
 - Conic solve count    =             11
 - Feas. solution count =              8
 - Integer repeat count =             22

Timers (s):
 - Setup                =       3.75e-02
 -- Transform data      =       7.79e-04
 -- Create conic data   =       4.03e-04
 -- Create MIP data     =       6.30e-03
 -- Load/solve relax    =       1.46e-02
 - MIP-driven algorithm =       4.43e+00
 -- Solve conic model   =       3.42e-02
 -- Process conic data  =       1.89e-02
 -- Add conic solution  =       9.44e-04
 -- Add dual cuts       =       3.27e-03
 -- Use outer inf/cuts  =       7.53e-03

WARNING: For the MIP-solver-driven algorithm, optimality tolerance must be specified as MIP solver option, not Pajarito option
WARNING: For the MIP-solver-driven algorithm, optimality tolerance must be specified as MIP solver option, not Pajarito option
#STATUS# Optimal
#OBJVAL# 30802.0
#OBJBOUND# 30802.0
#TIMESOLVER# 4.466510057449341
#TIMEALL# 4.466866970062256
#SOLUTION# [0.0,1.0,1.0,1.0,1.0,1.0,0.0,1.0,0.0,-0.0,1.0,0.0,1.0,0.0,1.0,0.0,1.0,0.0,1.0,-0.0,1.0,1.0,1.0,1.0,1.0,0.0,1.0,0.0,1.0,1.0,1.0,1.0,1.0,1.0,1.0,1.0,0.0,0.0,1.0000000000000036,0.0,0.0,1.0,0.0,-0.0,1.0,1.0,1.0,0.0,1.0,1.0,1.0,-0.0,0.0,-0.0,0.0,1.0,1.0,0.0,1.0,1.0,0.0,1.0,1.0,1.0,1.0,1.0,1.0,1.0,1.0,1.0,0.0,1.0,0.0,0.0,1.0,0.0,0.0,9.0,3.0,0.0,0.0,0.0,0.0,0.0,0.0,0.0,0.0,0.0,0.0,0.0,0.0,0.0,0.0,0.0,81.0,0.0,0.0,0.0,0.0,0.0,35.0,0.0,0.0,0.0,0.0,0.0,0.0,0.0,1.0,0.0,0.0,0.0,0.0,0.0,0.0,0.0,0.0,0.0,0.0,0.0,0.0,0.0,0.0,0.0,40.0,0.0,0.0,0.0,0.0,0.0,0.0,0.0,0.0,0.0,0.0,0.0,0.0,2.0,0.0,0.0,0.0,0.0,0.0,63.0,0.0,0.0,0.0,0.0,0.0,0.0,20.0,117.78034297917333,0.0,31.0,21.0,0.0,0.0,0.0,0.0,0.0,0.0,0.0,0.0,0.0,0.0,0.0,0.0,0.0,0.0,0.0,0.0,0.0,0.0,0.0,0.0,0.0,0.0,0.0,0.0,0.0,0.0,0.0,0.0,0.0,0.0,0.0,0.0,0.0,0.0,0.0,0.0,0.0,0.0,0.0,0.0,0.0,13.0,0.0,0.0,0.0,0.0,0.0,70.0,0.0,0.0,0.0,0.0,0.0,0.0,0.0,0.0,0.0,0.0,0.0,0.0,0.0,0.0,0.0,0.0,0.0,9.0,0.0,0.0,0.0,0.0,0.0,0.0,89.46648576649068,0.0,0.0,0.0,0.0,0.0,0.0,0.0,0.0,0.0,0.0,0.0,0.0,18.0,0.0,0.0,0.0,0.0,0.0,0.0,0.0,0.0,22.0,0.0,0.0,0.0,0.0,0.0,0.0,0.0,0.0,0.0,0.0,0.0,12.0,0.0,0.0,0.0,0.0,0.0,0.0,0.0,0.0,0.0,0.0,0.0,0.0,0.0,0.0,0.0,0.0,0.0,0.0,0.0,0.0,0.0,0.0,0.0,0.0,0.0,0.0,0.0,0.0,10.0,34.0,0.0,0.0,0.0,0.0,0.0,0.0,0.0,0.0,0.0,0.0,0.0,63.433094796706186,0.0,0.0,0.0,0.0,0.0,0.0,0.0,1.0,0.0,0.0,0.0,0.0,0.0,0.0,0.0,0.0,0.0,0.0,0.0,0.0,0.0,0.0,0.0,0.0,0.0,0.0,0.0,0.0,0.0,0.0,0.0,0.0,0.0,0.0,0.0,0.0,0.0,0.0,0.0,0.0,0.0,0.0,0.0,0.0,0.0,0.0,0.0,0.0,0.0,9.0,0.0,0.0,0.0,0.0,0.0,31.0,0.0,0.0,0.0,0.0,0.0,0.0,0.0,16.0,0.0,0.0,0.0,1.0,0.0,93.0,0.0,0.0,0.0,0.0,0.0,105.90959023612115,0.0,0.0,0.0,0.0,2.0,0.0,0.0,0.0,0.0,0.0,0.0,0.0,0.0,0.0,0.0,0.0,0.0,0.0,0.0,0.0,16.0,0.0,0.0,0.0,0.0,0.0,0.0,0.0,0.0,0.0,9.0,3.0,0.0,0.0,0.0,0.0,0.0,0.0,73.00000000000026,0.0,0.0,0.0,0.0,0.0,0.0,0.0,0.0,0.0,0.0,45.0,0.0,0.0,0.0,0.0,0.0,0.0,0.0,0.0,57.0,0.0,0.0,0.0,0.0,0.0,27.0,0.0,0.0,0.0,0.0,0.0,0.0,0.0,0.0,0.0,0.0,112.63367909610298,0.0,0.0,0.0,0.0,27.0,0.0,0.0,39.0,0.0,0.0,0.0,0.0,0.0,0.0,0.0,0.0,0.0,0.0,62.0,0.0,0.0,0.0,0.0,0.0,0.0,0.0,0.0,0.0,0.0,0.0,0.0,0.0,52.0,0.0,18.0,17.0,0.0,0.0,0.0,0.0,0.0,0.0,0.0,0.0,0.0,3.0,0.0,0.0,0.0,1.0,0.0,0.0,0.0,0.0,0.0,0.0,0.0,0.0,0.0,9.0,0.0,0.0,0.0,0.0,32.0,0.0,0.0,0.0,30.0,0.0,0.0,0.0,0.0,0.0,0.0,112.86114369418395,0.0,0.0,0.0,0.0,0.0,0.0,0.0,57.0,0.0,0.0,1.0,0.0,34.0,0.0,0.0,0.0,12.0,0.0,0.0,0.0,0.0,0.0,0.0,0.0,0.0,0.0,0.0,0.0,0.0,0.0,0.0,0.0,0.0,0.0,0.0,0.0,0.0,0.0,0.0,0.0,0.0,0.0,0.0,0.0,0.0,0.0,0.0,0.0,12.0,0.0,0.0,0.0,0.0,0.0,0.0,0.0,0.0,0.0,0.0,0.0,0.0,0.0,0.0,0.0,0.0,0.0,0.0,0.0,5.0,0.0,0.0,0.0,0.0,0.0,0.0,69.37916928606245,0.0,0.0,0.0,0.0,1.0,0.0,0.0,0.0,0.0,0.0,0.0,0.0,0.0,0.0,0.0,0.0,0.0,0.0,0.0,0.0,0.0,0.0,0.0,0.0,0.0,0.0,0.0,0.0,0.0,0.0,0.0,0.0,0.0,32.0,0.0,0.0,0.0,0.0,0.0,0.0,0.0,0.0,0.0,0.0,0.0,0.0,0.0,0.0,17.0,0.0,0.0,0.0,0.0,0.0,0.0,0.0,0.0,0.0,18.0,0.0,0.0,0.0,0.0,0.0,0.0,0.0,0.0,0.0,0.0,0.0,0.0,0.0,0.0,0.0,0.0,42.56594704899913,0.0,0.0,0.0,0.0,0.0,0.0,0.0,0.0,0.0,0.0,0.0,0.0,0.0,0.0,0.0,0.0,0.0,0.0,0.0,0.0,0.0,1.0,0.0,0.0,0.0,0.0,0.0,0.0,0.0,0.0,0.0,0.0,0.0,0.0,0.0,0.0,0.0,0.0,56.0000000000002,0.0,0.0,0.0,0.0,0.0,0.0,50.0,0.0,0.0,0.0,33.0,0.0,0.0,0.0,0.0,0.0,0.0,2.0,0.0,0.0,64.0,0.0,0.0,0.0,0.0,0.0,0.0,0.0,0.0,0.0,0.0,0.0,0.0,0.0,0.0,0.0,107.68780126786217,0.0,0.0,0.0,0.0,0.0,0.0,0.0,0.0,0.0,0.0,0.0,0.0,0.0,0.0,16.0,0.0,0.0,0.0,0.0,0.0,0.0,0.0,0.0,0.0,0.0,0.0,33.0,0.0,0.0,0.0,0.0,0.0,0.0,0.0,0.0,0.0,0.0,0.0,0.0,0.0,0.0,0.0,0.0,0.0,0.0,0.0,0.0,0.0,0.0,0.0,0.0,0.0,0.0,0.0,0.0,0.0,0.0,0.0,0.0,0.0,0.0,0.0,0.0,0.0,0.0,0.0,0.0,0.0,0.0,0.0,0.0,0.0,0.0,0.0,0.0,39.359211455705406,166.56655842210165,83.28327921105084,0.0,12.727922061357855,4.242640687119285,0.0,0.0,0.0,0.0,0.0,0.0,0.0,0.0,0.0,0.0,0.0,0.0,0.0,0.0,0.0,114.55129855222069,0.0,0.0,0.0,0.0,0.0,49.49747468305832,0.0,0.0,0.0,0.0,0.0,0.0,0.0,1.414213562373095,0.0,0.0,0.0,0.0,0.0,0.0,0.0,0.0,0.0,0.0,0.0,0.0,0.0,0.0,0.0,56.5685424949238,0.0,0.0,0.0,0.0,0.0,0.0,0.0,0.0,0.0,0.0,0.0,0.0,2.82842712474619,0.0,0.0,0.0,0.0,0.0,89.09545442950498,0.0,0.0,0.0,0.0,0.0,0.0,28.2842712474619,126.52471754883057,63.2623587744153,0.0,43.840620433565945,29.698484809834994,0.0,0.0,0.0,0.0,0.0,0.0,0.0,0.0,0.0,0.0,0.0,0.0,0.0,0.0,0.0,0.0,0.0,0.0,0.0,0.0,0.0,0.0,0.0,0.0,0.0,0.0,0.0,0.0,0.0,0.0,0.0,0.0,0.0,0.0,0.0,0.0,0.0,0.0,0.0,0.0,0.0,18.384776310850235,0.0,0.0,0.0,0.0,0.0,98.99494936611664,0.0,0.0,0.0,0.0,0.0,0.0,0.0,0.0,0.0,0.0,0.0,0.0,0.0,0.0,0.0,0.0,0.0,12.727922061357855,0.0,0.0,0.0,0.0,0.0,0.0,89.70794296480008,44.85397148240005,0.0,0.0,0.0,0.0,0.0,0.0,0.0,0.0,0.0,0.0,0.0,0.0,25.45584412271571,0.0,0.0,0.0,0.0,0.0,0.0,0.0,0.0,31.112698372208087,0.0,0.0,0.0,0.0,0.0,0.0,0.0,0.0,0.0,0.0,0.0,16.97056274847714,0.0,0.0,0.0,0.0,0.0,0.0,0.0,0.0,0.0,0.0,0.0,0.0,0.0,0.0,0.0,0.0,0.0,0.0,0.0,0.0,0.0,0.0,0.0,0.0,0.0,0.0,0.0,0.0,14.14213562373095,48.08326112068523,0.0,0.0,0.0,0.0,0.0,0.0,0.0,0.0,0.0,0.0,0.0,149.77877889729965,74.88938944864984,0.0,0.0,0.0,0.0,0.0,0.0,0.0,1.414213562373095,0.0,0.0,0.0,0.0,0.0,0.0,0.0,0.0,0.0,0.0,0.0,0.0,0.0,0.0,0.0,0.0,0.0,0.0,0.0,0.0,0.0,0.0,0.0,0.0,0.0,0.0,0.0,0.0,0.0,0.0,0.0,0.0,0.0,0.0,0.0,0.0,0.0,0.0,0.0,0.0,0.0,12.727922061357855,0.0,0.0,0.0,0.0,0.0,43.840620433565945,0.0,0.0,0.0,0.0,0.0,0.0,0.0,22.62741699796952,0.0,0.0,0.0,1.414213562373095,0.0,131.52186130069782,0.0,0.0,0.0,0.0,0.0,159.2880765576878,79.64403827884391,0.0,0.0,0.0,0.0,2.82842712474619,0.0,0.0,0.0,0.0,0.0,0.0,0.0,0.0,0.0,0.0,0.0,0.0,0.0,0.0,0.0,22.62741699796952,0.0,0.0,0.0,0.0,0.0,0.0,0.0,0.0,0.0,12.727922061357855,4.242640687119285,0.0,0.0,0.0,0.0,0.0,0.0,103.23759005323629,0.0,0.0,0.0,0.0,0.0,0.0,0.0,0.0,0.0,0.0,63.63961030678927,0.0,0.0,0.0,0.0,0.0,0.0,0.0,0.0,80.61017305526642,0.0,0.0,0.0,0.0,0.0,38.18376618407356,0.0,0.0,0.0,0.0,0.0,0.0,0.0,0.0,0.0,0.0,159.60976007725364,79.80488003862683,0.0,0.0,0.0,0.0,38.18376618407356,0.0,0.0,55.154328932550705,0.0,0.0,0.0,0.0,0.0,0.0,0.0,0.0,0.0,0.0,87.68124086713189,0.0,0.0,0.0,0.0,0.0,0.0,0.0,0.0,0.0,0.0,0.0,0.0,0.0,73.53910524340094,0.0,25.45584412271571,24.041630560342615,0.0,0.0,0.0,0.0,0.0,0.0,0.0,0.0,0.0,4.242640687119285,0.0,0.0,0.0,1.414213562373095,0.0,0.0,0.0,0.0,0.0,0.0,0.0,0.0,0.0,12.727922061357855,0.0,0.0,0.0,0.0,45.25483399593904,0.0,0.0,0.0,42.426406871192846,0.0,0.0,0.0,0.0,0.0,0.0,98.1169621505284,49.05848107526421,0.0,0.0,0.0,0.0,0.0,0.0,0.0,80.61017305526642,0.0,0.0,1.414213562373095,0.0,48.08326112068523,0.0,0.0,0.0,16.97056274847714,0.0,0.0,0.0,0.0,0.0,0.0,0.0,0.0,0.0,0.0,0.0,0.0,0.0,0.0,0.0,0.0,0.0,0.0,0.0,0.0,0.0,0.0,0.0,0.0,0.0,0.0,0.0,0.0,0.0,0.0,0.0,16.97056274847714,0.0,0.0,0.0,0.0,0.0,0.0,0.0,0.0,0.0,0.0,0.0,0.0,0.0,0.0,0.0,0.0,0.0,0.0,0.0,7.071067811865475,0.0,0.0,0.0,0.0,0.0,0.0,60.19733961194958,30.098669805974797,0.0,0.0,0.0,0.0,1.414213562373095,0.0,0.0,0.0,0.0,0.0,0.0,0.0,0.0,0.0,0.0,0.0,0.0,0.0,0.0,0.0,0.0,0.0,0.0,0.0,0.0,0.0,0.0,0.0,0.0,0.0,0.0,0.0,0.0,45.25483399593904,0.0,0.0,0.0,0.0,0.0,0.0,0.0,0.0,0.0,0.0,0.0,0.0,0.0,0.0,24.041630560342615,0.0,0.0,0.0,0.0,0.0,0.0,0.0,0.0,0.0,25.45584412271571,0.0,0.0,0.0,0.0,0.0,0.0,0.0,0.0,0.0,0.0,0.0,0.0,0.0,0.0,0.0,0.0,152.29354905514924,76.14677452757464,0.0,0.0,0.0,0.0,0.0,0.0,0.0,0.0,0.0,0.0,0.0,0.0,0.0,0.0,0.0,0.0,0.0,0.0,0.0,0.0,0.0,1.414213562373095,0.0,0.0,0.0,0.0,0.0,0.0,0.0,0.0,0.0,0.0,0.0,0.0,0.0,0.0,0.0,0.0,79.19595949289359,0.0,0.0,0.0,0.0,0.0,0.0,70.71067811865474,0.0,0.0,0.0,46.66904755831213,0.0,0.0,0.0,0.0,0.0,0.0,2.82842712474619,0.0,0.0,90.50966799187808,0.0,0.0,0.0,0.0,0.0,0.0,0.0,0.0,0.0,0.0,0.0,0.0,0.0,0.0,0.0,55.662330644969074,27.831165322484544,0.0,0.0,0.0,0.0,0.0,0.0,0.0,0.0,0.0,0.0,0.0,0.0,0.0,0.0,22.62741699796952,0.0,0.0,0.0,0.0,0.0,0.0,0.0,0.0,0.0,0.0,0.0,46.66904755831213,0.0,0.0,0.0,0.0,0.0,0.0,0.0,0.0,0.0,0.0,0.0,0.0,0.0,0.0,0.0,0.0,0.0,0.0,0.0,0.0,0.0,0.0,0.0,0.0,0.0,0.0,0.0,0.0,0.0,0.0,0.0,0.0,0.0,0.0,0.0,0.0,0.0,0.0,0.0,0.0,0.0,0.0,0.0,0.0,0.0,0.0,0.0,0.0]
