WARNING: Method definition require(Symbol) in module Base at loading.jl:345 overwritten in module ConicBenchmarkUtilities at /home/ubuntu/.julia/v0.5/Requires/src/require.jl:12.
error in running finalizer: CPLEX.CplexError(code=1804, msg="CPLEX Error  1804: Calling routines not allowed in informational callback.
")
#SOLVERNAME# PAJ_MSD_CPLEX_tols_0GAP_MOSEK
#SOLVER# Pajarito.PajaritoSolver(2,60.0,1.0e-5,true,CPLEX.CplexSolver(Any[(:CPX_PARAM_THREADS,1),(:CPX_PARAM_TILIM,60.0),(:CPX_PARAM_EPINT,1.0e-8),(:CPX_PARAM_EPRHS,1.0e-8),(:CPX_PARAM_SCRIND,0),(:CPX_PARAM_EPGAP,0.0)]),MathProgBase.DefaultMIPSolver(),0,false,true,Mosek.MosekMathProgSolverInterface.MosekSolver(Any[(:LOG,0),(:NUM_THREADS,1),(:OPTIMIZER_MAX_TIME,120.0)]),true,false,false,true,false,true,false,true,true,true,true,false,false,true,false,false,false,false,1.0e-10,0.0001,1.0e-6,0.01,1.0e-6)
#INSTANCE# ck_n75_m20_o1_5.cbf.gz
#TIMELIMIT# 60.0

Transforming original data......Done     0.00s

Creating conic model data......Done     0.00s

Creating MIP model......Done     0.02s

Cone types summary:
Cone       | Count    | Min dim  | Max dim 
       SOC |       20 |       77 |       77

Solving conic relaxation......Done     0.03s
 - Relaxation status    =        Optimal
 - Relaxation objective =  -29161.053543

Creating conic subproblem model......Done     0.00s

Starting MIP-solver-driven outer approximation algorithm

Pajarito MICP solve summary:
 - Total time (s)       =       1.45e+01
 - Status               =        Optimal
 - Best feasible obj.   =  -2.733200e+04
 - Final OA obj. bound  =  -2.733200e+04
 - Relative opt. gap    =      0.000e+00
 - Conic solve count    =              8
 - Feas. solution count =              8
 - Integer repeat count =             26

Timers (s):
 - Setup                =       6.10e-02
 -- Transform data      =       1.23e-03
 -- Create conic data   =       6.51e-04
 -- Create MIP data     =       2.13e-02
 -- Load/solve relax    =       2.71e-02
 - MIP-driven algorithm =       1.45e+01
 -- Solve conic model   =       4.49e-02
 -- Process conic data  =       2.54e-02
 -- Add conic solution  =       1.64e-03
 -- Add dual cuts       =       1.36e-03
 -- Use outer inf/cuts  =       1.65e-02

#STATUS# Optimal
#OBJVAL# 27332.0
#OBJBOUND# 27332.0
#TIMESOLVER# 14.518782138824463
#TIMEALL# 14.519344806671143
#SOLUTION# [0.0,0.0,1.0,1.0,1.0,1.0,0.0,1.0,0.0,0.0,1.0,0.0,0.0,0.0,0.0,0.0,1.0,1.0,0.0,0.0,1.0,1.0,0.0,1.0,1.0,0.0,1.0,1.0,1.0,1.0,1.0,1.0,1.0,1.0,1.0,1.0,0.0,1.0,1.0,1.0,0.0,0.0,0.0,0.0,1.0,1.0,1.0,0.0,1.0,1.0,0.0,0.0,0.0,0.0,1.0,1.0,1.0,0.0,1.0,0.0,0.0,0.0,0.0,1.0,1.0,1.0,0.0,1.0,1.0,0.0,1.0,1.0,0.0,0.0,1.0,0.0,0.0,0.0,3.0,0.0,0.0,0.0,0.0,0.0,0.0,0.0,0.0,0.0,0.0,0.0,0.0,0.0,0.0,0.0,0.0,0.0,0.0,0.0,0.0,0.0,35.0,0.0,0.0,58.0,0.0,0.0,0.0,0.0,1.0,0.0,0.0,0.0,0.0,43.0,0.0,52.0,0.0,0.0,0.0,0.0,0.0,0.0,0.0,0.0,40.0,0.0,0.0,0.0,0.0,0.0,0.0,0.0,0.0,0.0,0.0,0.0,0.0,0.0,0.0,0.0,0.0,0.0,0.0,63.0,0.0,0.0,0.0,0.0,0.0,0.0,20.0,124.89983248643479,0.0,0.0,21.0,0.0,0.0,0.0,0.0,0.0,0.0,0.0,0.0,0.0,0.0,0.0,0.0,0.0,0.0,0.0,0.0,0.0,0.0,0.0,0.0,0.0,0.0,0.0,0.0,29.0,0.0,0.0,0.0,0.0,0.0,0.0,0.0,0.0,0.0,0.0,0.0,0.0,0.0,0.0,0.0,0.0,13.0,0.0,0.0,0.0,0.0,0.0,0.0,0.0,0.0,0.0,0.0,0.0,0.0,0.0,0.0,0.0,0.0,0.0,0.0,0.0,0.0,0.0,0.0,0.0,9.0,0.0,0.0,0.0,0.0,0.0,0.0,67.14581505670462,0.0,0.0,0.0,0.0,0.0,0.0,0.0,0.0,0.0,0.0,0.0,0.0,0.0,0.0,0.0,0.0,0.0,0.0,0.0,0.0,0.0,22.0,0.0,0.0,0.0,0.0,0.0,6.0,0.0,0.0,0.0,0.0,0.0,12.0,0.0,0.0,0.0,0.0,0.0,0.0,0.0,0.0,0.0,0.0,0.0,0.0,0.0,0.0,0.0,0.0,0.0,0.0,0.0,0.0,0.0,0.0,0.0,0.0,0.0,0.0,0.0,0.0,0.0,34.0,0.0,0.0,0.0,0.0,0.0,0.0,2.0,0.0,0.0,0.0,0.0,42.77292769287749,0.0,0.0,0.0,0.0,0.0,0.0,0.0,1.0,0.0,0.0,0.0,0.0,0.0,0.0,0.0,0.0,0.0,0.0,0.0,0.0,0.0,0.0,0.0,0.0,0.0,0.0,0.0,0.0,0.0,0.0,0.0,0.0,0.0,0.0,0.0,0.0,0.0,0.0,0.0,0.0,0.0,0.0,0.0,0.0,0.0,0.0,0.0,0.0,0.0,9.0,0.0,0.0,0.0,0.0,25.0,31.0,0.0,0.0,0.0,0.0,0.0,0.0,0.0,16.0,0.0,0.0,0.0,1.0,0.0,0.0,0.0,0.0,0.0,0.0,0.0,68.47760744062973,0.0,0.0,0.0,0.0,2.0,0.0,0.0,0.0,0.0,0.0,0.0,0.0,0.0,0.0,0.0,0.0,0.0,0.0,0.0,0.0,16.0,0.0,0.0,0.0,0.0,0.0,0.0,0.0,0.0,0.0,9.0,3.0,0.0,0.0,0.0,0.0,0.0,0.0,73.0,0.0,0.0,0.0,0.0,0.0,0.0,0.0,0.0,0.0,0.0,45.0,0.0,0.0,0.0,0.0,0.0,0.0,0.0,0.0,57.0,0.0,0.0,0.0,0.0,0.0,27.0,0.0,0.0,0.0,0.0,0.0,0.0,0.0,0.0,0.0,0.0,113.03293840702608,0.0,0.0,0.0,0.0,27.0,0.0,0.0,39.0,0.0,0.0,0.0,0.0,0.0,0.0,0.0,0.0,0.0,0.0,0.0,0.0,0.0,0.0,0.0,0.0,0.0,0.0,0.0,0.0,0.0,0.0,0.0,0.0,52.0,0.0,18.0,17.0,0.0,26.0,0.0,0.0,0.0,0.0,0.0,0.0,0.0,3.0,0.0,0.0,0.0,1.0,0.0,0.0,0.0,0.0,0.0,0.0,0.0,0.0,0.0,0.0,0.0,0.0,0.0,0.0,32.0,0.0,0.0,0.0,30.0,0.0,0.0,0.0,0.0,0.0,0.0,105.39681354414188,0.0,0.0,0.0,0.0,0.0,0.0,0.0,57.0,0.0,0.0,1.0,0.0,0.0,0.0,0.0,0.0,12.0,0.0,0.0,0.0,0.0,0.0,0.0,0.0,0.0,0.0,0.0,0.0,0.0,0.0,0.0,0.0,0.0,0.0,0.0,0.0,0.0,0.0,0.0,0.0,0.0,0.0,0.0,0.0,0.0,0.0,0.0,0.0,12.0,0.0,0.0,0.0,0.0,0.0,0.0,0.0,0.0,0.0,0.0,0.0,0.0,0.0,0.0,0.0,0.0,0.0,0.0,0.0,5.0,0.0,0.0,0.0,0.0,0.0,0.0,72.0475252412126,0.0,0.0,0.0,0.0,1.0,0.0,0.0,0.0,0.0,0.0,0.0,0.0,0.0,0.0,0.0,0.0,0.0,0.0,0.0,0.0,0.0,0.0,0.0,0.0,0.0,0.0,0.0,0.0,0.0,0.0,0.0,0.0,0.0,32.0,0.0,0.0,0.0,0.0,0.0,0.0,0.0,0.0,0.0,0.0,0.0,0.0,0.0,0.0,17.0,0.0,0.0,0.0,0.0,0.0,0.0,0.0,0.0,0.0,18.0,0.0,0.0,0.0,0.0,0.0,0.0,0.0,0.0,0.0,0.0,0.0,0.0,0.0,0.0,0.0,0.0,42.48408598052104,0.0,0.0,0.0,0.0,0.0,0.0,0.0,0.0,0.0,0.0,0.0,0.0,0.0,0.0,0.0,0.0,0.0,1.0,0.0,0.0,0.0,1.0,0.0,0.0,0.0,0.0,0.0,0.0,0.0,0.0,0.0,0.0,0.0,0.0,0.0,0.0,0.0,0.0,56.0,0.0,0.0,0.0,0.0,0.0,0.0,50.0,0.0,0.0,0.0,33.0,0.0,0.0,0.0,0.0,0.0,0.0,2.0,0.0,0.0,0.0,0.0,0.0,0.0,0.0,0.0,0.0,0.0,0.0,0.0,0.0,0.0,0.0,0.0,0.0,0.0,93.69309413427227,0.0,0.0,0.0,0.0,0.0,0.0,0.0,0.0,0.0,0.0,0.0,0.0,0.0,0.0,0.0,0.0,0.0,0.0,0.0,0.0,0.0,0.0,0.0,0.0,0.0,0.0,33.0,0.0,0.0,0.0,0.0,0.0,0.0,0.0,0.0,0.0,0.0,0.0,0.0,0.0,0.0,0.0,0.0,0.0,0.0,0.0,0.0,0.0,0.0,0.0,0.0,0.0,0.0,0.0,0.0,0.0,0.0,0.0,0.0,0.0,0.0,0.0,0.0,0.0,0.0,0.0,0.0,0.0,0.0,0.0,0.0,0.0,0.0,0.0,0.0,44.91942932582595,0.0,0.0,0.0,0.0,0.0,0.0,0.0,0.0,0.0,0.0,0.0,0.0,0.0,0.0,0.0,0.0,0.0,0.0,0.0,0.0,0.0,0.0,0.0,0.0,0.0,0.0,0.0,0.0,0.0,0.0,0.0,0.0,0.0,41.0,0.0,0.0,0.0,0.0,64.0,0.0,0.0,0.0,0.0,0.0,75.0,0.0,0.0,0.0,0.0,0.0,0.0,0.0,0.0,0.0,0.0,0.0,0.0,0.0,0.0,0.0,0.0,0.0,0.0,0.0,0.0,0.0,0.0,0.0,0.0,0.0,0.0,0.0,0.0,0.0,0.0,112.31097272967286,0.0,0.0,0.0,0.0,0.0,82.0,0.0,0.0,0.0,0.0,0.0,0.0,0.0,0.0,0.0,0.0,0.0,0.0,0.0,0.0,0.0,0.0,0.0,0.0,0.0,0.0,0.0,0.0,0.0,0.0,0.0,0.0,13.0,0.0,0.0,0.0,0.0,0.0,0.0,0.0,0.0,0.0,0.0,0.0,0.0,0.0,0.0,0.0,0.0,0.0,0.0,0.0,0.0,0.0,0.0,0.0,0.0,0.0,0.0,0.0,0.0,0.0,0.0,0.0,0.0,0.0,0.0,0.0,0.0,0.0,0.0,0.0,0.0,0.0,33.0,97.53324474155718,0.0,0.0,0.0,0.0,0.0,22.0,0.0,0.0,0.0,0.0,0.0,0.0,0.0,0.0,0.0,0.0,0.0,0.0,0.0,0.0,0.0,0.0,0.0,0.0,0.0,0.0,0.0,0.0,0.0,0.0,0.0,0.0,0.0,0.0,0.0,0.0,0.0,5.0,0.0,26.0,0.0,0.0,0.0,0.0,0.0,0.0,0.0,0.0,0.0,0.0,0.0,0.0,0.0,0.0,0.0,0.0,0.0,0.0,0.0,0.0,0.0,0.0,0.0,1.0,0.0,0.0,0.0,39.0,0.0,0.0,0.0,0.0,0.0,0.0,0.0,59.26555103926932,0.0,0.0,0.0,0.0,0.0,0.0,0.0,55.0,0.0,0.0,0.0,0.0,0.0,0.0,0.0,0.0,0.0,0.0,0.0,0.0,1.0,0.0,0.0,0.0,0.0,0.0,0.0,0.0,0.0,0.0,0.0,49.0,3.0,0.0,0.0,0.0,0.0,0.0,12.0,0.0,0.0,0.0,0.0,0.0,0.0,4.0,0.0,0.0,3.0,0.0,0.0,0.0,0.0,0.0,0.0,0.0,0.0,0.0,0.0,0.0,0.0,0.0,0.0,0.0,0.0,0.0,0.0,0.0,0.0,0.0,0.0,0.0,0.0,0.0,0.0,82.39992923102912,0.0,0.0,34.0,0.0,0.0,0.0,0.0,0.0,0.0,0.0,0.0,0.0,0.0,0.0,0.0,0.0,0.0,0.0,0.0,0.0,0.0,0.0,0.0,0.0,0.0,0.0,4.0,0.0,33.0,0.0,0.0,0.0,0.0,0.0,18.0,0.0,0.0,0.0,0.0,0.0,0.0,0.0,0.0,0.0,0.0,11.0,0.0,0.0,0.0,0.0,0.0,0.0,0.0,0.0,0.0,0.0,0.0,0.0,0.0,0.0,0.0,0.0,0.0,0.0,0.0,0.0,0.0,0.0,0.0,0.0,0.0,0.0,0.0,0.0,0.0,70.20863986956024,0.0,0.0,0.0,0.0,0.0,0.0,0.0,0.0,0.0,0.0,0.0,0.0,0.0,0.0,0.0,0.0,0.0,0.0,0.0,0.0,0.0,0.0,0.0,0.0,0.0,0.0,0.0,13.0,0.0,0.0,9.0,0.0,0.0,0.0,0.0,0.0,0.0,23.0,0.0,0.0,0.0,0.0,0.0,0.0,7.0,0.0,0.0,0.0,0.0,0.0,0.0,0.0,0.0,0.0,0.0,0.0,0.0,0.0,29.0,0.0,0.0,0.0,0.0,0.0,0.0,3.0,0.0,13.0,0.0,0.0,0.0,0.0,0.0,0.0,0.0,43.4631807923252,0.0,0.0,0.0,43.0,0.0,0.0,0.0,0.0,0.0,0.0,0.0,0.0,0.0,0.0,0.0,0.0,0.0,0.0,0.0,0.0,0.0,0.0,0.0,0.0,0.0,0.0,0.0,0.0,0.0,0.0,1.0,0.0,18.0,0.0,0.0,0.0,0.0,0.0,0.0,0.0,0.0,0.0,0.0,0.0,8.0,0.0,0.0,0.0,21.0,0.0,0.0,0.0,0.0,0.0,0.0,0.0,0.0,0.0,2.0,0.0,0.0,0.0,0.0,0.0,0.0,0.0,0.0,0.0,0.0,0.0,0.0,0.0,0.0,0.0,0.0,67.73553117416091,0.0,0.0,1.0,0.0,0.0,0.0,0.0,0.0,0.0,0.0,0.0,0.0,0.0,0.0,0.0,0.0,0.0,0.0,0.0,0.0,23.0,0.0,0.0,0.0,12.0,0.0,0.0,0.0,0.0,0.0,0.0,0.0,0.0,0.0,0.0,0.0,0.0,28.0,0.0,0.0,0.0,0.0,0.0,0.0,0.0,0.0,0.0,0.0,0.0,0.0,0.0,0.0,0.0,0.0,0.0,0.0,0.0,0.0,0.0,0.0,0.0,0.0,0.0,0.0,0.0,0.0,0.0,2.0,58.0,0.0,0.0,0.0,0.0,0.0,0.0,71.76309488416766,0.0,0.0,0.0,0.0,0.0,0.0,0.0,0.0,0.0,0.0,0.0,0.0,0.0,0.0,0.0,0.0,0.0,29.0,0.0,0.0,0.0,0.0,0.0,0.0,0.0,0.0,0.0,0.0,0.0,0.0,0.0,0.0,0.0,0.0,0.0,0.0,0.0,0.0,24.0,0.0,0.0,0.0,0.0,0.0,0.0,0.0,0.0,0.0,0.0,16.0,0.0,0.0,0.0,0.0,0.0,13.0,0.0,0.0,0.0,0.0,0.0,0.0,0.0,0.0,0.0,0.0,0.0,0.0,0.0,0.0,0.0,31.0,0.0,0.0,0.0,67.13789904558624,0.0,0.0,0.0,0.0,0.0,8.0,0.0,0.0,0.0,0.0,0.0,0.0,0.0,0.0,0.0,0.0,0.0,0.0,0.0,0.0,14.0,0.0,0.0,0.0,0.0,0.0,0.0,0.0,0.0,5.0,0.0,0.0,0.0,8.0,0.0,0.0,0.0,0.0,0.0,0.0,0.0,0.0,0.0,0.0,0.0,0.0,0.0,0.0,0.0,0.0,0.0,0.0,0.0,0.0,0.0,0.0,0.0,0.0,0.0,0.0,0.0,0.0,0.0,0.0,0.0,0.0,0.0,0.0,83.0,0.0,21.0,0.0,0.0,0.0,0.0,102.34640107441415,176.63503704044376,88.3175185202219,0.0,0.0,4.242640687119285,0.0,0.0,0.0,0.0,0.0,0.0,0.0,0.0,0.0,0.0,0.0,0.0,0.0,0.0,0.0,0.0,0.0,0.0,0.0,0.0,0.0,49.49747468305832,0.0,0.0,82.02438661763951,0.0,0.0,0.0,0.0,1.414213562373095,0.0,0.0,0.0,0.0,60.81118318204308,0.0,73.53910524340094,0.0,0.0,0.0,0.0,0.0,0.0,0.0,0.0,56.5685424949238,0.0,0.0,0.0,0.0,0.0,0.0,0.0,0.0,0.0,0.0,0.0,0.0,0.0,0.0,0.0,0.0,0.0,0.0,89.09545442950498,0.0,0.0,0.0,0.0,0.0,0.0,28.2842712474619,94.95852230978723,47.47926115489362,0.0,0.0,29.698484809834994,0.0,0.0,0.0,0.0,0.0,0.0,0.0,0.0,0.0,0.0,0.0,0.0,0.0,0.0,0.0,0.0,0.0,0.0,0.0,0.0,0.0,0.0,0.0,0.0,41.012193308819754,0.0,0.0,0.0,0.0,0.0,0.0,0.0,0.0,0.0,0.0,0.0,0.0,0.0,0.0,0.0,0.0,18.384776310850235,0.0,0.0,0.0,0.0,0.0,0.0,0.0,0.0,0.0,0.0,0.0,0.0,0.0,0.0,0.0,0.0,0.0,0.0,0.0,0.0,0.0,0.0,0.0,12.727922061357855,0.0,0.0,0.0,0.0,0.0,0.0,60.49005444567108,30.245027222835546,0.0,0.0,0.0,0.0,0.0,0.0,0.0,0.0,0.0,0.0,0.0,0.0,0.0,0.0,0.0,0.0,0.0,0.0,0.0,0.0,0.0,31.112698372208087,0.0,0.0,0.0,0.0,0.0,8.48528137423857,0.0,0.0,0.0,0.0,0.0,16.97056274847714,0.0,0.0,0.0,0.0,0.0,0.0,0.0,0.0,0.0,0.0,0.0,0.0,0.0,0.0,0.0,0.0,0.0,0.0,0.0,0.0,0.0,0.0,0.0,0.0,0.0,0.0,0.0,0.0,0.0,48.08326112068523,0.0,0.0,0.0,0.0,0.0,0.0,2.82842712474619,0.0,0.0,0.0,0.0,96.84196116139931,48.42098058069967,0.0,0.0,0.0,0.0,0.0,0.0,0.0,1.414213562373095,0.0,0.0,0.0,0.0,0.0,0.0,0.0,0.0,0.0,0.0,0.0,0.0,0.0,0.0,0.0,0.0,0.0,0.0,0.0,0.0,0.0,0.0,0.0,0.0,0.0,0.0,0.0,0.0,0.0,0.0,0.0,0.0,0.0,0.0,0.0,0.0,0.0,0.0,0.0,0.0,0.0,12.727922061357855,0.0,0.0,0.0,0.0,35.35533905932737,43.840620433565945,0.0,0.0,0.0,0.0,0.0,0.0,0.0,22.62741699796952,0.0,0.0,0.0,1.414213562373095,0.0,0.0,0.0,0.0,0.0,0.0,0.0,159.85271449009898,79.9263572450495,0.0,0.0,0.0,0.0,2.82842712474619,0.0,0.0,0.0,0.0,0.0,0.0,0.0,0.0,0.0,0.0,0.0,0.0,0.0,0.0,0.0,22.62741699796952,0.0,0.0,0.0,0.0,0.0,0.0,0.0,0.0,0.0,12.727922061357855,4.242640687119285,0.0,0.0,0.0,0.0,0.0,0.0,103.23759005323593,0.0,0.0,0.0,0.0,0.0,0.0,0.0,0.0,0.0,0.0,63.63961030678927,0.0,0.0,0.0,0.0,0.0,0.0,0.0,0.0,80.61017305526642,0.0,0.0,0.0,0.0,0.0,38.18376618407356,0.0,0.0,0.0,0.0,0.0,0.0,0.0,0.0,0.0,0.0,149.05360314503375,74.52680157251689,0.0,0.0,0.0,0.0,38.18376618407356,0.0,0.0,55.154328932550705,0.0,0.0,0.0,0.0,0.0,0.0,0.0,0.0,0.0,0.0,0.0,0.0,0.0,0.0,0.0,0.0,0.0,0.0,0.0,0.0,0.0,0.0,0.0,0.0,73.53910524340094,0.0,25.45584412271571,24.041630560342615,0.0,36.76955262170047,0.0,0.0,0.0,0.0,0.0,0.0,0.0,4.242640687119285,0.0,0.0,0.0,1.414213562373095,0.0,0.0,0.0,0.0,0.0,0.0,0.0,0.0,0.0,0.0,0.0,0.0,0.0,0.0,45.25483399593904,0.0,0.0,0.0,42.426406871192846,0.0,0.0,0.0,0.0,0.0,0.0,101.89058733154074,50.945293665770386,0.0,0.0,0.0,0.0,0.0,0.0,0.0,80.61017305526642,0.0,0.0,1.414213562373095,0.0,0.0,0.0,0.0,0.0,16.97056274847714,0.0,0.0,0.0,0.0,0.0,0.0,0.0,0.0,0.0,0.0,0.0,0.0,0.0,0.0,0.0,0.0,0.0,0.0,0.0,0.0,0.0,0.0,0.0,0.0,0.0,0.0,0.0,0.0,0.0,0.0,0.0,16.97056274847714,0.0,0.0,0.0,0.0,0.0,0.0,0.0,0.0,0.0,0.0,0.0,0.0,0.0,0.0,0.0,0.0,0.0,0.0,0.0,7.071067811865475,0.0,0.0,0.0,0.0,0.0,0.0,60.081570578677514,30.040785289338764,0.0,0.0,0.0,0.0,1.414213562373095,0.0,0.0,0.0,0.0,0.0,0.0,0.0,0.0,0.0,0.0,0.0,0.0,0.0,0.0,0.0,0.0,0.0,0.0,0.0,0.0,0.0,0.0,0.0,0.0,0.0,0.0,0.0,0.0,45.25483399593904,0.0,0.0,0.0,0.0,0.0,0.0,0.0,0.0,0.0,0.0,0.0,0.0,0.0,0.0,24.041630560342615,0.0,0.0,0.0,0.0,0.0,0.0,0.0,0.0,0.0,25.45584412271571,0.0,0.0,0.0,0.0,0.0,0.0,0.0,0.0,0.0,0.0,0.0,0.0,0.0,0.0,0.0,0.0,132.5020444253869,66.25102221269347,0.0,0.0,0.0,0.0,0.0,0.0,0.0,0.0,0.0,0.0,0.0,0.0,0.0,0.0,0.0,0.0,0.0,1.414213562373095,0.0,0.0,0.0,1.414213562373095,0.0,0.0,0.0,0.0,0.0,0.0,0.0,0.0,0.0,0.0,0.0,0.0,0.0,0.0,0.0,0.0,79.19595949289331,0.0,0.0,0.0,0.0,0.0,0.0,70.71067811865474,0.0,0.0,0.0,46.66904755831213,0.0,0.0,0.0,0.0,0.0,0.0,2.82842712474619,0.0,0.0,0.0,0.0,0.0,0.0,0.0,0.0,0.0,0.0,0.0,0.0,0.0,0.0,0.0,0.0,0.0,0.0,63.52566616664279,31.762833083321404,0.0,0.0,0.0,0.0,0.0,0.0,0.0,0.0,0.0,0.0,0.0,0.0,0.0,0.0,0.0,0.0,0.0,0.0,0.0,0.0,0.0,0.0,0.0,0.0,0.0,0.0,46.66904755831213,0.0,0.0,0.0,0.0,0.0,0.0,0.0,0.0,0.0,0.0,0.0,0.0,0.0,0.0,0.0,0.0,0.0,0.0,0.0,0.0,0.0,0.0,0.0,0.0,0.0,0.0,0.0,0.0,0.0,0.0,0.0,0.0,0.0,0.0,0.0,0.0,0.0,0.0,0.0,0.0,0.0,0.0,0.0,0.0,0.0,0.0,0.0,0.0,158.83170083761817,79.4158504188091,0.0,0.0,0.0,0.0,0.0,0.0,0.0,0.0,0.0,0.0,0.0,0.0,0.0,0.0,0.0,0.0,0.0,0.0,0.0,0.0,0.0,0.0,0.0,0.0,0.0,0.0,0.0,0.0,0.0,0.0,0.0,0.0,0.0,57.98275605729689,0.0,0.0,0.0,0.0,90.50966799187808,0.0,0.0,0.0,0.0,0.0,106.06601717798212,0.0,0.0,0.0,0.0,0.0,0.0,0.0,0.0,0.0,0.0,0.0,0.0,0.0,0.0,0.0,0.0,0.0,0.0,0.0,0.0,0.0,0.0,0.0,0.0,0.0,0.0,0.0,0.0,0.0,0.0,137.93283749576452,68.96641874788227,0.0,0.0,0.0,0.0,0.0,115.96551211459378,0.0,0.0,0.0,0.0,0.0,0.0,0.0,0.0,0.0,0.0,0.0,0.0,0.0,0.0,0.0,0.0,0.0,0.0,0.0,0.0,0.0,0.0,0.0,0.0,0.0,0.0,18.384776310850235,0.0,0.0,0.0,0.0,0.0,0.0,0.0,0.0,0.0,0.0,0.0,0.0,0.0,0.0,0.0,0.0,0.0,0.0,0.0,0.0,0.0,0.0,0.0,0.0,0.0,0.0,0.0,0.0,0.0,0.0,0.0,0.0,0.0,0.0,0.0,0.0,0.0,0.0,0.0,0.0,0.0,46.66904755831213,83.81414606124955,41.90707303062478,0.0,0.0,0.0,0.0,0.0,31.112698372208087,0.0,0.0,0.0,0.0,0.0,0.0,0.0,0.0,0.0,0.0,0.0,0.0,0.0,0.0,0.0,0.0,0.0,0.0,0.0,0.0,0.0,0.0,0.0,0.0,0.0,0.0,0.0,0.0,0.0,0.0,0.0,7.071067811865475,0.0,36.76955262170047,0.0,0.0,0.0,0.0,0.0,0.0,0.0,0.0,0.0,0.0,0.0,0.0,0.0,0.0,0.0,0.0,0.0,0.0,0.0,0.0,0.0,0.0,0.0,1.414213562373095,0.0,0.0,0.0,55.154328932550705,0.0,0.0,0.0,0.0,0.0,0.0,0.0,116.53109745710461,58.26554872855232,0.0,0.0,0.0,0.0,0.0,0.0,0.0,77.78174593052022,0.0,0.0,0.0,0.0,0.0,0.0,0.0,0.0,0.0,0.0,0.0,0.0,1.414213562373095,0.0,0.0,0.0,0.0,0.0,0.0,0.0,0.0,0.0,0.0,69.29646455628165,4.242640687119285,0.0,0.0,0.0,0.0,0.0,16.97056274847714,0.0,0.0,0.0,0.0,0.0,0.0,5.65685424949238,0.0,0.0,4.242640687119285,0.0,0.0,0.0,0.0,0.0,0.0,0.0,0.0,0.0,0.0,0.0,0.0,0.0,0.0,0.0,0.0,0.0,0.0,0.0,0.0,0.0,0.0,0.0,0.0,0.0,0.0,99.2900106993005,49.64500534965026,0.0,0.0,48.08326112068523,0.0,0.0,0.0,0.0,0.0,0.0,0.0,0.0,0.0,0.0,0.0,0.0,0.0,0.0,0.0,0.0,0.0,0.0,0.0,0.0,0.0,0.0,0.0,5.65685424949238,0.0,46.66904755831213,0.0,0.0,0.0,0.0,0.0,25.45584412271571,0.0,0.0,0.0,0.0,0.0,0.0,0.0,0.0,0.0,0.0,15.556349186104043,0.0,0.0,0.0,0.0,0.0,0.0,0.0,0.0,0.0,0.0,0.0,0.0,0.0,0.0,0.0,0.0,0.0,0.0,0.0,0.0,0.0,0.0,0.0,0.0,0.0,0.0,0.0,0.0,0.0,61.46621974038009,30.733109870190052,0.0,0.0,0.0,0.0,0.0,0.0,0.0,0.0,0.0,0.0,0.0,0.0,0.0,0.0,0.0,0.0,0.0,0.0,0.0,0.0,0.0,0.0,0.0,0.0,0.0,0.0,0.0,18.384776310850235,0.0,0.0,12.727922061357855,0.0,0.0,0.0,0.0,0.0,0.0,32.526911934581186,0.0,0.0,0.0,0.0,0.0,0.0,9.899494936611664,0.0,0.0,0.0,0.0,0.0,0.0,0.0,0.0,0.0,0.0,0.0,0.0,0.0,41.012193308819754,0.0,0.0,0.0,0.0,0.0,0.0,4.242640687119285,0.0,18.384776310850235,0.0,0.0,0.0,0.0,0.0,0.0,0.0,95.79250684104393,47.89625342052197,0.0,0.0,0.0,60.81118318204308,0.0,0.0,0.0,0.0,0.0,0.0,0.0,0.0,0.0,0.0,0.0,0.0,0.0,0.0,0.0,0.0,0.0,0.0,0.0,0.0,0.0,0.0,0.0,0.0,0.0,0.0,1.414213562373095,0.0,25.45584412271571,0.0,0.0,0.0,0.0,0.0,0.0,0.0,0.0,0.0,0.0,0.0,11.31370849898476,0.0,0.0,0.0,29.698484809834994,0.0,0.0,0.0,0.0,0.0,0.0,0.0,0.0,0.0,2.82842712474619,0.0,0.0,0.0,0.0,0.0,0.0,0.0,0.0,0.0,0.0,0.0,0.0,0.0,0.0,0.0,0.0,101.48834206305717,50.7441710315286,0.0,0.0,1.414213562373095,0.0,0.0,0.0,0.0,0.0,0.0,0.0,0.0,0.0,0.0,0.0,0.0,0.0,0.0,0.0,0.0,0.0,32.526911934581186,0.0,0.0,0.0,16.97056274847714,0.0,0.0,0.0,0.0,0.0,0.0,0.0,0.0,0.0,0.0,0.0,0.0,39.597979746446654,0.0,0.0,0.0,0.0,0.0,0.0,0.0,0.0,0.0,0.0,0.0,0.0,0.0,0.0,0.0,0.0,0.0,0.0,0.0,0.0,0.0,0.0,0.0,0.0,0.0,0.0,0.0,0.0,0.0,2.82842712474619,82.02438661763951,0.0,0.0,0.0,0.0,0.0,0.0,94.94732737950373,47.473663689751874,0.0,0.0,0.0,0.0,0.0,0.0,0.0,0.0,0.0,0.0,0.0,0.0,0.0,0.0,0.0,0.0,0.0,41.012193308819754,0.0,0.0,0.0,0.0,0.0,0.0,0.0,0.0,0.0,0.0,0.0,0.0,0.0,0.0,0.0,0.0,0.0,0.0,0.0,0.0,33.94112549695428,0.0,0.0,0.0,0.0,0.0,0.0,0.0,0.0,0.0,0.0,22.62741699796952,0.0,0.0,0.0,0.0,0.0,18.384776310850235,0.0,0.0,0.0,0.0,0.0,0.0,0.0,0.0,0.0,0.0,0.0,0.0,0.0,0.0,0.0,43.840620433565945,0.0,0.0,0.0,144.73966845951279,72.3698342297564,0.0,0.0,0.0,0.0,0.0,11.31370849898476,0.0,0.0,0.0,0.0,0.0,0.0,0.0,0.0,0.0,0.0,0.0,0.0,0.0,0.0,19.798989873223327,0.0,0.0,0.0,0.0,0.0,0.0,0.0,0.0,7.071067811865475,0.0,0.0,0.0,11.31370849898476,0.0,0.0,0.0,0.0,0.0,0.0,0.0,0.0,0.0,0.0,0.0,0.0,0.0,0.0,0.0,0.0,0.0,0.0,0.0,0.0,0.0,0.0,0.0,0.0,0.0,0.0,0.0,0.0,0.0,0.0,0.0,0.0,0.0,0.0,117.37972567696688,0.0,29.698484809834994,0.0,0.0,0.0,0.0]
WARNING: For the MIP-solver-driven algorithm, optimality tolerance must be specified as MIP solver option, not Pajarito option
WARNING: For the MIP-solver-driven algorithm, optimality tolerance must be specified as MIP solver option, not Pajarito option
