WARNING: Method definition require(Symbol) in module Base at loading.jl:345 overwritten in module ConicBenchmarkUtilities at /home/ubuntu/.julia/v0.5/Requires/src/require.jl:12.
#SOLVERNAME# PAJ_NEW_MSD_CPLEX_MOSEK
#SOLVER# Pajarito.PajaritoSolver(2,60.0,1.0e-5,true,CPLEX.CplexSolver(Any[(:CPX_PARAM_THREADS,1),(:CPX_PARAM_TILIM,60.0),(:CPX_PARAM_SCRIND,0),(:CPX_PARAM_EPGAP,1.0e-5)]),CPLEX.CplexSolver(Any[]),0,false,true,Mosek.MosekMathProgSolverInterface.MosekSolver(Any[(:LOG,0),(:NUM_THREADS,1),(:OPTIMIZER_MAX_TIME,120.0)]),true,false,false,true,false,true,false,true,true,true,true,false,false,true,false,false,false,true,1.0e-8,1.0e-6,1.0e-6,0.01,1.0e-6)
#INSTANCE# pp-n1000-d10.cbf.gz
#TIMELIMIT# 60.0

Transforming original data......Done     0.00s

Creating conic model data......Done     0.00s

Creating MIP model......Done     0.05s

Cone types summary:
Cone       | Count    | Min dim  | Max dim 
       SOC |     1000 |        3 |        3

Solving conic relaxation......Done     0.10s
 - Relaxation status    =        Optimal
 - Relaxation objective =    7330.100925

Creating conic subproblem model......Done

Starting MIP-solver-driven outer approximation algorithm

Pajarito MICP solve summary:
 - Total time (s)       =       6.00e+01
 - Status               =      UserLimit
 - Best feasible obj.   =  +7.352842e+03
 - Final OA obj. bound  =  +7.330473e+03
 - Relative opt. gap    =      3.042e-03
 - Conic solve count    =             27
 - Feas. solution count =             27
 - Integer repeat count =             16

Timers (s):
 - Setup                =       2.94e-01
 -- Transform data      =       3.17e-03
 -- Create conic data   =       1.22e-03
 -- Create MIP data     =       5.15e-02
 -- Load/solve relax    =       1.05e-01
 - MIP-driven algorithm =       5.97e+01
 -- Solve conic model   =       8.33e-01

#STATUS# UserLimit
#OBJVAL# 7352.842175655645
#OBJBOUND# 7330.473377525299
#TIMESOLVER# 60.02093005180359
#TIMEALL# 60.03175210952759
#SOLUTION# [5.0,3.0,6.0,9.0,6.0,7.0,9.0,3.0,2.0,7.0,4.0,4.0,7.0,3.0,4.0,4.0,2.0,10.0,7.0,4.0,8.0,6.0,5.0,3.0,4.0,5.0,4.0,2.0,5.0,4.0,8.0,8.0,2.0,5.0,3.0,5.0,3.0,8.0,4.0,3.0,4.0,3.0,4.0,7.0,4.0,5.0,4.0,4.0,4.0,5.0,4.0,6.0,9.0,2.0,2.0,4.0,6.0,3.0,5.0,4.0,4.0,7.0,7.0,3.0,7.0,8.0,15.0,5.0,7.0,9.0,9.0,5.0,7.0,3.0,5.0,4.0,7.0,6.0,5.0,8.0,3.0,9.0,6.0,6.0,1.0,6.0,6.0,2.0,13.0,11.0,8.0,11.0,4.0,11.0,7.0,8.0,8.0,10.0,8.0,3.0,9.0,4.0,9.0,10.0,4.0,6.0,7.0,15.0,5.0,7.0,2.0,6.0,6.0,3.0,4.0,9.0,2.0,7.0,6.0,5.0,4.0,5.0,9.0,7.0,5.0,7.0,7.0,4.0,4.0,7.0,3.0,6.0,5.0,6.0,4.0,5.0,5.0,5.0,6.0,6.0,4.0,4.0,3.0,3.0,7.0,2.0,7.0,3.0,9.0,3.0,3.0,4.0,4.0,3.0,12.0,9.0,3.0,9.0,8.0,10.0,3.0,4.0,5.0,3.0,4.0,9.0,2.0,10.0,5.0,6.0,11.0,7.0,4.0,6.0,9.0,4.0,4.0,9.0,9.0,7.0,2.0,6.0,6.0,6.0,8.0,2.0,2.0,5.0,3.0,2.0,7.0,6.0,6.0,6.0,2.0,5.0,6.0,5.0,2.0,8.0,3.0,10.0,7.0,9.0,10.0,3.0,3.0,10.0,3.0,8.0,2.0,6.0,13.0,4.0,5.0,6.0,2.0,5.0,7.0,5.0,7.0,4.0,4.0,3.0,4.0,5.0,8.0,5.0,7.0,6.0,6.0,10.0,6.0,4.0,7.0,9.0,3.0,3.0,3.0,2.0,5.0,2.0,5.0,10.0,2.0,5.0,4.0,1.0,8.0,7.0,5.0,7.0,10.0,9.0,4.0,5.0,4.0,7.0,7.0,7.0,7.0,3.0,5.0,7.0,8.0,3.0,4.0,7.0,3.0,9.0,6.0,2.0,5.0,8.0,5.0,5.0,10.0,2.0,3.0,4.0,3.0,3.0,6.0,6.0,11.0,6.0,7.0,6.0,2.0,5.0,7.0,4.0,12.0,4.0,8.0,4.0,6.0,2.0,5.0,2.0,3.0,6.0,4.0,2.0,3.0,4.0,3.0,11.0,6.0,5.0,5.0,8.0,6.0,8.0,8.0,5.0,4.0,3.0,7.0,3.0,8.0,4.0,3.0,6.0,3.0,5.0,7.0,5.0,8.0,6.0,6.0,3.0,5.0,6.0,5.0,9.0,5.0,9.0,3.0,3.0,8.0,5.0,9.0,7.0,6.0,11.0,7.0,7.0,10.0,3.0,4.0,4.0,7.0,6.0,3.0,9.0,8.0,5.0,4.0,8.0,10.0,3.0,8.0,2.0,2.0,12.0,4.0,5.0,7.0,9.0,6.0,5.0,7.0,2.0,3.0,5.0,8.0,6.0,8.0,9.0,7.0,5.0,6.0,2.0,7.0,4.0,5.0,5.0,4.0,11.0,3.0,5.0,6.0,9.0,2.0,10.0,7.0,7.0,3.0,9.0,3.0,4.0,3.0,9.0,2.0,8.0,6.0,7.0,5.0,3.0,2.0,8.0,4.0,8.0,7.0,7.0,11.0,3.0,4.0,5.0,6.0,6.0,13.0,6.0,5.0,4.0,3.0,5.0,4.0,6.0,4.0,7.0,3.0,4.0,3.0,6.0,8.0,4.0,3.0,7.0,3.0,7.0,8.0,3.0,2.0,6.0,2.0,6.0,3.0,4.0,4.0,4.0,7.0,2.0,6.0,5.0,5.0,6.0,6.0,5.0,7.0,5.0,6.0,2.0,2.0,4.0,5.0,8.0,12.0,3.0,3.0,5.0,5.0,6.0,7.0,4.0,5.0,5.0,10.0,4.0,8.0,3.0,6.0,4.0,9.0,3.0,2.0,3.0,9.0,8.0,9.0,4.0,8.0,8.0,4.0,5.0,7.0,4.0,4.0,2.0,4.0,7.0,5.0,5.0,4.0,5.0,5.0,7.0,3.0,2.0,3.0,5.0,8.0,5.0,6.0,7.0,9.0,5.0,3.0,3.0,8.0,7.0,4.0,8.0,6.0,3.0,6.0,5.0,7.0,8.0,5.0,2.0,3.0,5.0,7.0,6.0,5.0,5.0,2.0,10.0,3.0,2.0,4.0,12.0,9.0,7.0,5.0,7.0,5.0,7.0,5.0,8.0,5.0,8.0,3.0,5.0,3.0,3.0,4.0,7.0,3.0,7.0,4.0,4.0,9.0,12.0,3.0,5.0,6.0,4.0,6.0,3.0,4.0,8.0,3.0,9.0,2.0,4.0,5.0,11.0,4.0,3.0,2.0,4.0,5.0,10.0,5.0,12.0,5.0,5.0,4.0,10.0,5.0,8.0,4.0,7.0,7.0,3.0,5.0,6.0,9.0,8.0,6.0,8.0,4.0,5.0,6.0,2.0,5.0,2.0,7.0,7.0,5.0,9.0,7.0,4.0,10.0,6.0,9.0,10.0,8.0,5.0,2.0,6.0,4.0,7.0,3.0,3.0,7.0,12.0,2.0,6.0,8.0,6.0,8.0,5.0,7.0,6.0,8.0,11.0,4.0,9.0,7.0,6.0,5.0,7.0,5.0,7.0,4.0,7.0,7.0,5.0,3.0,11.0,6.0,6.0,6.0,6.0,8.0,6.0,4.0,6.0,5.0,6.0,5.0,8.0,3.0,4.0,5.0,9.0,3.0,3.0,2.0,4.0,9.0,5.0,6.0,5.0,4.0,7.0,5.0,7.0,8.0,4.0,7.0,4.0,6.0,8.0,3.0,13.0,8.0,4.0,4.0,7.0,4.0,9.0,4.0,3.0,7.0,8.0,4.0,7.0,8.0,9.0,6.0,4.0,7.0,3.0,2.0,6.0,5.0,4.0,11.0,8.0,5.0,11.0,6.0,4.0,3.0,4.0,4.0,3.0,8.0,3.0,5.0,7.0,4.0,6.0,6.0,7.0,8.0,5.0,8.0,6.0,8.0,2.0,5.0,2.0,5.0,6.0,9.0,7.0,3.0,11.0,3.0,7.0,1.0,2.0,8.0,6.0,5.0,4.0,4.0,4.0,6.0,3.0,8.0,5.0,4.0,4.0,6.0,6.0,6.0,3.0,4.0,4.0,15.0,4.0,6.0,6.0,8.0,6.0,6.0,5.0,6.0,3.0,5.0,10.0,8.0,2.0,5.0,4.0,4.0,6.0,6.0,6.0,4.0,3.0,5.0,6.0,6.0,5.0,5.0,8.0,5.0,5.0,4.0,10.0,4.0,8.0,8.0,9.0,7.0,4.0,3.0,4.0,4.0,4.0,9.0,8.0,3.0,4.0,4.0,2.0,5.0,4.0,6.0,4.0,3.0,5.0,4.0,6.0,9.0,13.0,6.0,8.0,8.0,4.0,4.0,4.0,5.0,5.0,3.0,2.0,3.0,5.0,7.0,6.0,5.0,4.0,4.0,5.0,8.0,7.0,8.0,4.0,6.0,8.0,12.0,5.0,5.0,6.0,3.0,3.0,10.0,3.0,5.0,5.0,2.0,7.0,3.0,10.0,13.0,5.0,3.0,3.0,5.0,3.0,5.0,2.0,6.0,6.0,3.0,2.0,6.0,3.0,8.0,5.0,6.0,6.0,6.0,10.0,4.0,4.0,6.0,5.0,2.0,7.0,6.0,5.0,7.0,4.0,9.0,4.0,6.0,5.0,3.0,3.0,6.0,12.0,4.0,6.0,9.0,5.0,8.0,4.0,7.0,6.0,5.0,3.0,8.0,5.0,11.0,3.0,3.0,9.0,3.0,5.0,6.0,4.0,8.0,3.0,8.0,10.0,5.0,3.0,5.0,5.0,3.0,3.0,7.0,8.0,10.0,5.0,7.0,6.0,5.0,7.0,3.0,9.0,5.0,4.0,7.0,5.0,7.0,3.0,9.0,2.0,7.0,5.0,9.0,3.0,4.0,8.0,8.0,4.0,2.0,6.0,6.0,5.0,6.0,3.0,6.0,6.0,3.0,4.0,8.0,3.0,3.0,3.0,4.0,4.0,4.0,5.0,5.0,7.0,6.0,10.0,6.0,7.0,3.0,3.0,3.0,3.0,4.0,4.0,6.0,6.0,11.0,7.0,5.0,9.0,7.0,4.0,4.0,9.0,5.0,7.0,12.0,5.0,0.2000000256787633,0.33333338353990927,0.16666667853087347,0.11111113185203259,0.16666668577004984,0.14285715634325324,0.11111113328092515,0.33333333264460396,0.5000000606712058,0.14285718269007752,0.25000000317385584,0.2500000123257542,0.14285716179830477,0.3333333500948461,0.2500000217367453,0.25000000415902424,0.5000000541484451,0.10000003381601275,0.142857157382136,0.25000000259615307,0.12500001754575685,0.16666667891616438,0.20000001583442817,0.33333342133288335,0.25000000627934504,0.20000001165784997,0.25000000614680173,0.5000000157802524,0.20000001025736847,0.2500000042447583,0.12500001652870907,0.1250000206515658,0.5000002372476702,0.20000000730679446,0.3333333447740019,0.20000000738910018,0.3333333424199565,0.12500001940888428,0.2500000116910548,0.3333334303483273,0.2500000189664804,0.33333335842998757,0.250000001995931,0.1428571554311251,0.2500000023879543,0.20000000849808153,0.2500000095497361,0.2500000742724362,0.2500000086196814,0.2000000138898237,0.2500000033587888,0.16666671023083968,0.11111113088155555,0.5000000075344149,0.5000000727261809,0.25000000303780157,0.16666667623594478,0.3333333555717801,0.20000000662007178,0.2500000058692211,0.25000001073727196,0.14285715531792853,0.14285715804188737,0.33333337331812274,0.14285715449781478,0.12500001649406034,0.06666670978671974,0.2000000712015897,0.14285715661476228,0.11111113156000485,0.11111113155797092,0.20000001137097367,0.14285715771763474,0.33333344164047185,0.20000000459356215,0.2500000085015932,0.1428571593521557,0.16666667524896628,0.20000004132570748,0.12500001670941252,0.3333333448739899,0.11111113075748413,0.16666667576614635,0.16666667679695202,1.0000000266965656,0.16666667439007465,0.16666667600932605,0.5000000130418862,0.07692311666913909,0.09090912084911906,0.12500001566543517,0.09090911780441502,0.2500000423266471,0.09090911862035966,0.142857157580341,0.1250000262124571,0.12500001729911503,0.10000002386329321,0.12500001688291018,0.33333336347845544,0.1111111304725867,0.2500000030066043,0.11111113175515541,0.10000002333321945,0.25000001466862987,0.16666668073207447,0.14285716357867884,0.06666671319070083,0.20000000576953259,0.14285716401929793,0.5000000739208366,0.1666666759225386,0.1666666773494132,0.33333335425577015,0.2500000106113096,0.11111113193318722,0.5000000183672719,0.14285715579917202,0.16666668839127308,0.2000000569535505,0.2500000107336606,0.20000000871466384,0.1111111315456732,0.14285715531948018,0.20000001576062143,0.142857156102826,0.14285715868115823,0.2500000082400162,0.250000005705171,0.14285715532878474,0.3333333515096655,0.16666667594995577,0.2000000109339073,0.16666667842816896,0.2500000123578632,0.20000001201231044,0.20000000692810893,0.20000000498436243,0.16666667703064064,0.1666666760431843,0.25000000647944454,0.25000000812641154,0.3333333433005343,0.33333333967409207,0.14285715957723966,0.5000000702366916,0.1428571558061238,0.33333337424534726,0.11111113154562169,0.3333333386828641,0.33333333533355747,0.250000061177611,0.25000004281317434,0.333333390273606,0.08333337780013927,0.11111113056342248,0.333333348898079,0.11111113055179622,0.1250000179900912,0.1000000244319601,0.3333333447328086,0.2500000032795877,0.20000000557043673,0.33333334797811176,0.25000000721218996,0.1111111304393777,0.5000000405319973,0.10000002385767104,0.20000000737394696,0.16666667575818117,0.09090911934656454,0.14285715645390784,0.25000000878728645,0.1666666750374448,0.11111113053783406,0.2500000047611306,0.2500000022528108,0.11111113187030064,0.1111111467401873,0.14285716672609894,0.5000003645372049,0.16666669185815408,0.16666667581105976,0.1666666753596564,0.12500001753219436,0.5000000180439053,0.5000000138991512,0.20000003726708826,0.33333334321728136,0.5000000845850967,0.1428571553563831,0.1666666817773681,0.1666666748406893,0.1666666960586074,0.5000000166708929,0.2000000213173836,0.16666669818369062,0.20000001057434869,0.5000000941826981,0.12500001675174577,0.3333333487180128,0.10000002329347701,0.1428571589655414,0.11111114024774515,0.10000002315647905,0.33333335858152235,0.3333333460102934,0.10000003024189041,0.33333334360851863,0.1250000170077712,0.5000000576222245,0.16666668448615862,0.0769231129846073,0.25000000811969736,0.2000000154223205,0.166666675971344,0.5000000174115589,0.20000000609232238,0.14285715553735479,0.20000003095680263,0.14285715558807865,0.25000001828981855,0.2500000082440197,0.33333336017044246,0.25000000253169796,0.2000000258540604,0.125000019316988,0.20000004571440577,0.14285715632302942,0.1666666866430324,0.16666667715397043,0.10000002522748908,0.1666666777747121,0.25000000331268213,0.14285715637439367,0.11111113608950163,0.33333341151369345,0.33333335565451083,0.3333333364767106,0.5000001698742096,0.20000001067804352,0.5000000300203156,0.20000001569153092,0.10000003164946669,0.5000000361019987,0.20000000846094235,0.25000001269691463,1.0000001170577246,0.12500002276838895,0.14285715446315272,0.2000000073322834,0.14285717326335412,0.1000000247014583,0.11111113119298288,0.2500000083523868,0.20000000597882828,0.25000001862894505,0.14285715684966238,0.14285715704751745,0.14285715709458557,0.142857158846029,0.33333334317465857,0.20000001362204856,0.1428571591570762,0.12500001669608718,0.3333333423312683,0.25000001800577154,0.14285717468334713,0.33333347085519494,0.11111113468769851,0.166666687806301,0.5000002154148271,0.2000000257116108,0.125000016907169,0.20000001003876822,0.20000000924610717,0.10000003161129278,0.5000000166660838,0.3333333644857839,0.25000000383790244,0.3333333365489888,0.33333339565486764,0.16666668842857302,0.16666668216375946,0.090909137733032,0.16666667429007997,0.14285715719217595,0.1666666760233113,0.5000000292630065,0.20000000602620105,0.14285715533062948,0.2500000032156189,0.08333336611750042,0.25000000688954316,0.12500001648182835,0.2500000297474769,0.16666670711091847,0.5000000127120192,0.20000000578092436,0.500000014487956,0.3333333397095348,0.1666666889485855,0.25000000589300253,0.4999999994827402,0.3333333478872076,0.2500000194205958,0.33333334109343316,0.09090912673181961,0.16666667482194075,0.20000003811240763,0.20000000810629714,0.12500001565140728,0.16666668187479416,0.1250000253107908,0.1250000256995607,0.20000003383224385,0.25000002457700754,0.3333333831081444,0.14285716375093926,0.33333339034919796,0.1250000165355356,0.2500000020354376,0.33333338434726656,0.16666667611433272,0.33333334489631916,0.20000000460004763,0.14285716355296074,0.20000004146170447,0.1250000214652358,0.16666668108476124,0.16666667899662357,0.3333333452030467,0.2000000079119113,0.16666667521747502,0.20000001036149495,0.11111113375735648,0.20000001395996847,0.11111114426540603,0.33333335545495,0.3333333433416037,0.12500001563711027,0.20000001696596215,0.11111113488150792,0.14285715544120592,0.16666668556906838,0.09090911937632384,0.14285715790679188,0.14285715748126915,0.10000002447579703,0.33333339849669574,0.25000001249948944,0.25000003258011594,0.14285715744260763,0.16666667717337624,0.33333335128743613,0.11111113068008116,0.12500001659302828,0.20000001095316922,0.25000004577149904,0.12500001713666098,0.10000002587613999,0.3333333429173648,0.12500002028648627,0.5000000323786769,0.50000004169041,0.08333336411309666,0.25000001688480733,0.20000000869793322,0.14285715911471808,0.11111114225613505,0.16666667745359476,0.20000006409103843,0.14285715533961874,0.5000000744722095,0.3333335142649676,0.200000007936886,0.12500002003830346,0.1666666837712789,0.12500003359779388,0.11111113147225282,0.14285715891735773,0.20000000729203204,0.1666666838539328,0.5000000774238975,0.14285715676640898,0.2500000660953896,0.20000000967058273,0.20000000606653678,0.25000001179341824,0.09090912452177768,0.33333333292067424,0.20000001027736314,0.16666667502049393,0.11111113109012294,0.5000000094825674,0.10000002461136859,0.14285715476709182,0.14285715549279931,0.33333336365184074,0.11111113069517309,0.3333333436731243,0.2500000055263518,0.3333333427865539,0.11111113063278744,0.5000000257748722,0.1250000309842907,0.16666668004541574,0.14285715534339438,0.2000000263578583,0.33333333677984234,0.5000000125884729,0.1250000240658009,0.25000000307385717,0.12500001931832116,0.1428571696281722,0.1428571604507809,0.0909091236623123,0.3333333477614788,0.2500000109879448,0.20000000588279399,0.16666667579309813,0.1666666750797754,0.07692311117433093,0.16666667568085813,0.2000000054100335,0.2500000319483111,0.3333333399851166,0.20000000665390605,0.2500000052557314,0.16666667560407067,0.2500000100735029,0.14285715525632803,0.3333333411092374,0.25000001484075174,0.33333333655299535,0.16666667555866077,0.12500001873970934,0.25000000387959265,0.3333333594464447,0.14285715573991187,0.33333333536942833,0.1428571553659177,0.1250000155044848,0.33333334157188066,0.5000000118279733,0.16666669119779431,0.5000000253546184,0.16666667529945034,0.33333334339740306,0.25000001324397925,0.2500000158911684,0.25000000245187604,0.1428571556912912,0.5000000282513548,0.16666667763827014,0.20000000537678808,0.20000000632965342,0.166666677785968,0.16666667547054992,0.20000000626530046,0.14285716222234424,0.20000000505718152,0.1666666751654855,0.5000000408102823,0.5000000198627894,0.250000005377951,0.20000001277335322,0.12500001700941166,0.08333336630763988,0.33333336931791413,0.33333335841051515,0.200000009700541,0.20000000495128578,0.1666667052184847,0.14285717914894214,0.25000000202965733,0.20000004642187008,0.200000015703659,0.10000002504969885,0.25000001376146663,0.12500001980429332,0.3333333434720509,0.1666666819438909,0.25000001446264175,0.11111113170650633,0.3333333358424255,0.5000000059520535,0.33333334241254686,0.11111113073565626,0.12500001688511553,0.11111113155005548,0.2500000142450176,0.12500001554732254,0.12500001646366687,0.2500000196189278,0.20000000595736633,0.14285715531354892,0.2500000119865837,0.25000000557932456,0.5000000028867053,0.25000001245860126,0.1428571544657542,0.20000000482370694,0.20000001352793184,0.2500001659102793,0.20000000642056825,0.2000000396307824,0.14285715865723514,0.3333333476577329,0.5000000470314374,0.333333503944909,0.20000001048650518,0.1250000159222422,0.20000003690758827,0.16666667610038033,0.14285715798298693,0.11111113354278324,0.20000000583254796,0.33333335432271705,0.33333338000098234,0.125000018489688,0.14285715642805474,0.25000000491151075,0.12500001801089855,0.16666668433294607,0.3333333509036862,0.1666666988082106,0.20000000813663998,0.14285716159330342,0.1250000227048016,0.20000001164388514,0.5000000300405356,0.3333333697182934,0.2000000093375851,0.1428571582560032,0.16666667622519782,0.20000001377334886,0.200000010055696,0.5000000520062471,0.10000002472697389,0.3333333414168691,0.5000000742983963,0.25000000847648307,0.08333336399272007,0.11111113165175723,0.14285715454739645,0.20000001314627536,0.14285718003683723,0.20000002501284708,0.14285715532151322,0.20000000499068538,0.12500001589149612,0.20000000774952298,0.12500002855373005,0.3333333482604752,0.20000000531151318,0.33333338296922266,0.3333333390956472,0.2500000036641228,0.14285716642320434,0.33333335845045076,0.1428571565207104,0.25000000312282333,0.2500000090404675,0.1111111315473785,0.08333336565107885,0.33333338377137656,0.20000000539608198,0.16666667560026482,0.2500000074752915,0.16666667654142397,0.3333333477092282,0.2500000450563573,0.12500003414992467,0.3333333456714911,0.11111113739235456,0.5000000220582848,0.2500000036042156,0.20000000958092645,0.09090912400492712,0.2500000040081414,0.3333333737471347,0.5000000501371187,0.2500000371076645,0.20000003489611196,0.10000003528252854,0.20000001020607439,0.08333336797530677,0.20000001832871472,0.20000001959903102,0.2500000084516518,0.10000002536757613,0.20000001739407036,0.12500001652492188,0.25000000505455144,0.14285715671574906,0.14285715540932564,0.3333333385340391,0.20000001191021077,0.16666667507087585,0.11111114273206724,0.12500001727789645,0.1666666806576309,0.12500002754209394,0.25000000372548525,0.2000000122407508,0.16666667520428202,0.5000000944006304,0.2000000387961327,0.5000000338907029,0.14285715894955242,0.14285716488514755,0.20000001178921334,0.11111113613507761,0.1428571560086791,0.25000000936183175,0.10000002857050916,0.16666667518765887,0.1111111381482619,0.1000000296363428,0.1250000221754748,0.20000000675185436,0.5000000551638972,0.1666666752549073,0.2500000342906312,0.14285716030870343,0.33333334550296856,0.3333333392533766,0.14285715565392199,0.08333338071383345,0.5000000155587958,0.16666667570547222,0.12500001706100772,0.1666666872082363,0.12500002036509272,0.20000000577461297,0.14285715604380833,0.1666666765735636,0.12500001648585002,0.09090912165516052,0.2500000124992847,0.11111113293568842,0.14285715448489977,0.16666668037176446,0.2000000357006897,0.14285715454763004,0.20000002073600331,0.14285717450659252,0.2500000027161384,0.14285717834973433,0.14285716577920837,0.20000000426794973,0.3333333406264498,0.09090911798221768,0.16666668902605863,0.16666668211415114,0.16666668192881406,0.16666667446658412,0.12500001792856974,0.16666667917379296,0.2500000176818906,0.16666669654120891,0.2000000154066548,0.16666668046265887,0.2000000067858636,0.12500001726857235,0.333333371069755,0.2500000015018471,0.2000000045240844,0.11111113190000843,0.33333336420590687,0.33333340446528936,0.5000000084240692,0.250000033272177,0.11111113403272022,0.20000001942431123,0.1666666852844001,0.20000001496287823,0.2500000040208308,0.14285715544504551,0.2000000048095636,0.1428571584187983,0.12500001595243937,0.2500000124727282,0.14285717131813414,0.2500000055560192,0.16666667557964399,0.12500001918766923,0.3333334063008975,0.07692311307020283,0.1250000286113213,0.25000000204651096,0.2500000041288484,0.14285715613628458,0.25000000994606575,0.11111113049587829,0.25000002933760346,0.3333333423670961,0.14285716732527476,0.1250000179668378,0.2500000020652795,0.14285715797140064,0.12500001555352291,0.11111113657534233,0.16666668022674624,0.25000001112981707,0.14285716880853716,0.33333340204485573,0.500000330834204,0.16666668608516577,0.20000001135132006,0.2500000185925,0.09090911780403133,0.12500001649165515,0.20000000543396546,0.09090912149022223,0.16666670578536902,0.25000003393635195,0.3333333785607202,0.2500000207548245,0.250000007248961,0.3333333365370703,0.12500004216128158,0.3333333569327537,0.20000000680517793,0.14285715736836835,0.25000002511003805,0.1666666753540227,0.1666666785293689,0.14285715455449033,0.1250000165552443,0.20000000996511336,0.12500001577491027,0.16666668417511854,0.1250000243234286,0.5000000804061708,0.20000000778973082,0.5000000367500248,0.20000000694875908,0.16666668247539018,0.11111113235685721,0.14285715571878033,0.3333335759727958,0.09090912027910569,0.3333333347003209,0.14285715825570833,1.0000000447285955,0.5000000805280478,0.12500001639095526,0.1666666764712108,0.20000002188508326,0.25000000291348945,0.25000001068243627,0.25000001235253766,0.16666669643794396,0.3333333977325985,0.12500002030185264,0.2000000080340687,0.25000005541012404,0.25000000645261133,0.166666676400391,0.1666666784819073,0.16666668305880616,0.33333337144586395,0.2500000186626887,0.25000001173150954,0.0666667109699457,0.25000003695020157,0.1666666806798771,0.16666667598404405,0.12500001658563686,0.1666666749942065,0.16666669958102265,0.2000000184257411,0.1666666797334848,0.3333333683313904,0.20000000814491248,0.10000002681167963,0.1250000238138016,0.5000000097860013,0.20000001004786938,0.25000004426824063,0.25000000279585155,0.16666667952784575,0.16666667692809956,0.16666668624722014,0.250000008164986,0.3333333487365939,0.200000014063634,0.16666668965517228,0.16666668090521775,0.20000000955039177,0.20000001066454498,0.1250000173473209,0.20000001654717448,0.2000000062958831,0.2500000439794472,0.10000004187115508,0.25000002648740605,0.1250000167413292,0.12500001862806265,0.11111113318038868,0.14285715928479892,0.25000000883741835,0.3333333617594043,0.25000000953934576,0.2500000057327312,0.2500000487394618,0.11111113367258696,0.12500001992341847,0.33333334260435654,0.25000001443415387,0.25000001498152136,0.5000000262173083,0.20000000720149735,0.2500000093205128,0.16666667633941135,0.25000001611980727,0.33333333674530197,0.2000000138723994,0.2500000507213107,0.166666675088031,0.11111113074342782,0.07692311292613851,0.1666666848022622,0.125000015641624,0.12500003472879762,0.25000004613794635,0.2500000050514286,0.2500000101848019,0.2000000082358424,0.20000000981152333,0.3333333589467866,0.500000072765282,0.33333334513981105,0.2000000128370658,0.14285715565564328,0.16666668300038978,0.2000000190010338,0.25000000509153164,0.2500000037957011,0.20000001495152286,0.12500001642229464,0.1428571564832719,0.12500001648783954,0.25000002076341055,0.1666666819875573,0.12500001948751027,0.08333336415813797,0.2000000050729911,0.20000001566742576,0.1666666779316106,0.33333338100346666,0.333333359225481,0.10000002530282437,0.333333354257626,0.20000003466458427,0.2000000130770534,0.5000000112712191,0.1428571575404165,0.3333333536485674,0.10000002618761172,0.07692311580174227,0.20000001345825602,0.33333337372450433,0.33333334367440903,0.2000000077043147,0.3333333571025805,0.2000000364810024,0.500000004938703,0.16666667838143123,0.16666667545575287,0.33333341728639265,0.5000003811391809,0.16666667559082704,0.3333333574431232,0.12500001778476477,0.20000001220929153,0.16666667686798586,0.16666667627742715,0.16666667430392934,0.1000000243977972,0.2500000022130746,0.2500000080768845,0.16666668002042506,0.20000000445185506,0.5000000669891627,0.14285715595539017,0.1666666749968213,0.20000001134095058,0.14285715522037634,0.250000007784549,0.1111111325395342,0.2500000183866842,0.16666667581024264,0.20000000652126282,0.3333333461424206,0.33333335538432607,0.16666667709107497,0.08333336594402319,0.25000000273050516,0.1666666788859752,0.11111113159200059,0.20000000532701367,0.12500001648668846,0.2500000026934748,0.1428571641474301,0.16666668395070072,0.20000002049783294,0.3333333410332102,0.12500001942624817,0.20000000800864282,0.09090912140122853,0.33333352854163323,0.33333333579150803,0.11111113150228569,0.3333333501211908,0.2000000072033421,0.16666667768590493,0.25000001432113006,0.12500003719044184,0.33333337897007675,0.1250000164231233,0.10000002885339399,0.20000001332180162,0.3333333810519634,0.2000000136187854,0.20000001548379487,0.3333333427686336,0.3333333976183477,0.1428571549258466,0.12500003706963092,0.10000002569785593,0.20000001472375661,0.14285715719685843,0.16666667609505836,0.2000000299979483,0.1428571556461895,0.3333334029838646,0.1111111384923511,0.2000000109637714,0.2500000085124632,0.14285715594623039,0.2000000087420153,0.1428571567682182,0.33333346365030314,0.11111113887538693,0.5000000667796654,0.1428571560348466,0.20000001696523562,0.1111111310195998,0.33333334645708756,0.2500000034397196,0.12500001836767893,0.12500001651091175,0.2500000425444382,0.5000000442765253,0.16666667596484963,0.1666666813582074,0.20000001304321469,0.16666667609716157,0.3333333852616085,0.1666666782623052,0.166666677623871,0.3333333776155354,0.2500000067340271,0.12500001683605255,0.33333335135126374,0.33333335283056487,0.33333334872558984,0.250000003019208,0.2500000154479123,0.2500000047116453,0.20000001333430273,0.2000000139220086,0.14285715981248792,0.16666667935867974,0.10000002450011536,0.1666666762514346,0.14285715545929367,0.3333333513015493,0.33333334127924497,0.33333334338479403,0.3333333421549711,0.2500000447149655,0.25000000965448566,0.16666670623254198,0.16666667920182832,0.0909091222533025,0.14285715875086424,0.20000000646231886,0.11111113534050077,0.14285715449955738,0.25000000469915395,0.25000001551727014,0.11111114575015257,0.20000002355704183,0.1428571597082442,0.08333336395116575,0.20000000657435102,5.0,0.2000000256787633,1.41421356,3.0,0.33333338353990927,1.41421356,6.0,0.16666667853087347,1.41421356,9.0,0.11111113185203259,1.41421356,6.0,0.16666668577004984,1.41421356,7.0,0.14285715634325324,1.41421356,9.0,0.11111113328092515,1.41421356,3.0,0.33333333264460396,1.41421356,2.0,0.5000000606712058,1.41421356,7.0,0.14285718269007752,1.41421356,4.0,0.25000000317385584,1.41421356,4.0,0.2500000123257542,1.41421356,7.0,0.14285716179830477,1.41421356,3.0,0.3333333500948461,1.41421356,4.0,0.2500000217367453,1.41421356,4.0,0.25000000415902424,1.41421356,2.0,0.5000000541484451,1.41421356,10.0,0.10000003381601275,1.41421356,7.0,0.142857157382136,1.41421356,4.0,0.25000000259615307,1.41421356,8.0,0.12500001754575685,1.41421356,6.0,0.16666667891616438,1.41421356,5.0,0.20000001583442817,1.41421356,3.0,0.33333342133288335,1.41421356,4.0,0.25000000627934504,1.41421356,5.0,0.20000001165784997,1.41421356,4.0,0.25000000614680173,1.41421356,2.0,0.5000000157802524,1.41421356,5.0,0.20000001025736847,1.41421356,4.0,0.2500000042447583,1.41421356,8.0,0.12500001652870907,1.41421356,8.0,0.1250000206515658,1.41421356,2.0,0.5000002372476702,1.41421356,5.0,0.20000000730679446,1.41421356,3.0,0.3333333447740019,1.41421356,5.0,0.20000000738910018,1.41421356,3.0,0.3333333424199565,1.41421356,8.0,0.12500001940888428,1.41421356,4.0,0.2500000116910548,1.41421356,3.0,0.3333334303483273,1.41421356,4.0,0.2500000189664804,1.41421356,3.0,0.33333335842998757,1.41421356,4.0,0.250000001995931,1.41421356,7.0,0.1428571554311251,1.41421356,4.0,0.2500000023879543,1.41421356,5.0,0.20000000849808153,1.41421356,4.0,0.2500000095497361,1.41421356,4.0,0.2500000742724362,1.41421356,4.0,0.2500000086196814,1.41421356,5.0,0.2000000138898237,1.41421356,4.0,0.2500000033587888,1.41421356,6.0,0.16666671023083968,1.41421356,9.0,0.11111113088155555,1.41421356,2.0,0.5000000075344149,1.41421356,2.0,0.5000000727261809,1.41421356,4.0,0.25000000303780157,1.41421356,6.0,0.16666667623594478,1.41421356,3.0,0.3333333555717801,1.41421356,5.0,0.20000000662007178,1.41421356,4.0,0.2500000058692211,1.41421356,4.0,0.25000001073727196,1.41421356,7.0,0.14285715531792853,1.41421356,7.0,0.14285715804188737,1.41421356,3.0,0.33333337331812274,1.41421356,7.0,0.14285715449781478,1.41421356,8.0,0.12500001649406034,1.41421356,15.0,0.06666670978671974,1.41421356,5.0,0.2000000712015897,1.41421356,7.0,0.14285715661476228,1.41421356,9.0,0.11111113156000485,1.41421356,9.0,0.11111113155797092,1.41421356,5.0,0.20000001137097367,1.41421356,7.0,0.14285715771763474,1.41421356,3.0,0.33333344164047185,1.41421356,5.0,0.20000000459356215,1.41421356,4.0,0.2500000085015932,1.41421356,7.0,0.1428571593521557,1.41421356,6.0,0.16666667524896628,1.41421356,5.0,0.20000004132570748,1.41421356,8.0,0.12500001670941252,1.41421356,3.0,0.3333333448739899,1.41421356,9.0,0.11111113075748413,1.41421356,6.0,0.16666667576614635,1.41421356,6.0,0.16666667679695202,1.41421356,1.0,1.0000000266965656,1.41421356,6.0,0.16666667439007465,1.41421356,6.0,0.16666667600932605,1.41421356,2.0,0.5000000130418862,1.41421356,13.0,0.07692311666913909,1.41421356,11.0,0.09090912084911906,1.41421356,8.0,0.12500001566543517,1.41421356,11.0,0.09090911780441502,1.41421356,4.0,0.2500000423266471,1.41421356,11.0,0.09090911862035966,1.41421356,7.0,0.142857157580341,1.41421356,8.0,0.1250000262124571,1.41421356,8.0,0.12500001729911503,1.41421356,10.0,0.10000002386329321,1.41421356,8.0,0.12500001688291018,1.41421356,3.0,0.33333336347845544,1.41421356,9.0,0.1111111304725867,1.41421356,4.0,0.2500000030066043,1.41421356,9.0,0.11111113175515541,1.41421356,10.0,0.10000002333321945,1.41421356,4.0,0.25000001466862987,1.41421356,6.0,0.16666668073207447,1.41421356,7.0,0.14285716357867884,1.41421356,15.0,0.06666671319070083,1.41421356,5.0,0.20000000576953259,1.41421356,7.0,0.14285716401929793,1.41421356,2.0,0.5000000739208366,1.41421356,6.0,0.1666666759225386,1.41421356,6.0,0.1666666773494132,1.41421356,3.0,0.33333335425577015,1.41421356,4.0,0.2500000106113096,1.41421356,9.0,0.11111113193318722,1.41421356,2.0,0.5000000183672719,1.41421356,7.0,0.14285715579917202,1.41421356,6.0,0.16666668839127308,1.41421356,5.0,0.2000000569535505,1.41421356,4.0,0.2500000107336606,1.41421356,5.0,0.20000000871466384,1.41421356,9.0,0.1111111315456732,1.41421356,7.0,0.14285715531948018,1.41421356,5.0,0.20000001576062143,1.41421356,7.0,0.142857156102826,1.41421356,7.0,0.14285715868115823,1.41421356,4.0,0.2500000082400162,1.41421356,4.0,0.250000005705171,1.41421356,7.0,0.14285715532878474,1.41421356,3.0,0.3333333515096655,1.41421356,6.0,0.16666667594995577,1.41421356,5.0,0.2000000109339073,1.41421356,6.0,0.16666667842816896,1.41421356,4.0,0.2500000123578632,1.41421356,5.0,0.20000001201231044,1.41421356,5.0,0.20000000692810893,1.41421356,5.0,0.20000000498436243,1.41421356,6.0,0.16666667703064064,1.41421356,6.0,0.1666666760431843,1.41421356,4.0,0.25000000647944454,1.41421356,4.0,0.25000000812641154,1.41421356,3.0,0.3333333433005343,1.41421356,3.0,0.33333333967409207,1.41421356,7.0,0.14285715957723966,1.41421356,2.0,0.5000000702366916,1.41421356,7.0,0.1428571558061238,1.41421356,3.0,0.33333337424534726,1.41421356,9.0,0.11111113154562169,1.41421356,3.0,0.3333333386828641,1.41421356,3.0,0.33333333533355747,1.41421356,4.0,0.250000061177611,1.41421356,4.0,0.25000004281317434,1.41421356,3.0,0.333333390273606,1.41421356,12.0,0.08333337780013927,1.41421356,9.0,0.11111113056342248,1.41421356,3.0,0.333333348898079,1.41421356,9.0,0.11111113055179622,1.41421356,8.0,0.1250000179900912,1.41421356,10.0,0.1000000244319601,1.41421356,3.0,0.3333333447328086,1.41421356,4.0,0.2500000032795877,1.41421356,5.0,0.20000000557043673,1.41421356,3.0,0.33333334797811176,1.41421356,4.0,0.25000000721218996,1.41421356,9.0,0.1111111304393777,1.41421356,2.0,0.5000000405319973,1.41421356,10.0,0.10000002385767104,1.41421356,5.0,0.20000000737394696,1.41421356,6.0,0.16666667575818117,1.41421356,11.0,0.09090911934656454,1.41421356,7.0,0.14285715645390784,1.41421356,4.0,0.25000000878728645,1.41421356,6.0,0.1666666750374448,1.41421356,9.0,0.11111113053783406,1.41421356,4.0,0.2500000047611306,1.41421356,4.0,0.2500000022528108,1.41421356,9.0,0.11111113187030064,1.41421356,9.0,0.1111111467401873,1.41421356,7.0,0.14285716672609894,1.41421356,2.0,0.5000003645372049,1.41421356,6.0,0.16666669185815408,1.41421356,6.0,0.16666667581105976,1.41421356,6.0,0.1666666753596564,1.41421356,8.0,0.12500001753219436,1.41421356,2.0,0.5000000180439053,1.41421356,2.0,0.5000000138991512,1.41421356,5.0,0.20000003726708826,1.41421356,3.0,0.33333334321728136,1.41421356,2.0,0.5000000845850967,1.41421356,7.0,0.1428571553563831,1.41421356,6.0,0.1666666817773681,1.41421356,6.0,0.1666666748406893,1.41421356,6.0,0.1666666960586074,1.41421356,2.0,0.5000000166708929,1.41421356,5.0,0.2000000213173836,1.41421356,6.0,0.16666669818369062,1.41421356,5.0,0.20000001057434869,1.41421356,2.0,0.5000000941826981,1.41421356,8.0,0.12500001675174577,1.41421356,3.0,0.3333333487180128,1.41421356,10.0,0.10000002329347701,1.41421356,7.0,0.1428571589655414,1.41421356,9.0,0.11111114024774515,1.41421356,10.0,0.10000002315647905,1.41421356,3.0,0.33333335858152235,1.41421356,3.0,0.3333333460102934,1.41421356,10.0,0.10000003024189041,1.41421356,3.0,0.33333334360851863,1.41421356,8.0,0.1250000170077712,1.41421356,2.0,0.5000000576222245,1.41421356,6.0,0.16666668448615862,1.41421356,13.0,0.0769231129846073,1.41421356,4.0,0.25000000811969736,1.41421356,5.0,0.2000000154223205,1.41421356,6.0,0.166666675971344,1.41421356,2.0,0.5000000174115589,1.41421356,5.0,0.20000000609232238,1.41421356,7.0,0.14285715553735479,1.41421356,5.0,0.20000003095680263,1.41421356,7.0,0.14285715558807865,1.41421356,4.0,0.25000001828981855,1.41421356,4.0,0.2500000082440197,1.41421356,3.0,0.33333336017044246,1.41421356,4.0,0.25000000253169796,1.41421356,5.0,0.2000000258540604,1.41421356,8.0,0.125000019316988,1.41421356,5.0,0.20000004571440577,1.41421356,7.0,0.14285715632302942,1.41421356,6.0,0.1666666866430324,1.41421356,6.0,0.16666667715397043,1.41421356,10.0,0.10000002522748908,1.41421356,6.0,0.1666666777747121,1.41421356,4.0,0.25000000331268213,1.41421356,7.0,0.14285715637439367,1.41421356,9.0,0.11111113608950163,1.41421356,3.0,0.33333341151369345,1.41421356,3.0,0.33333335565451083,1.41421356,3.0,0.3333333364767106,1.41421356,2.0,0.5000001698742096,1.41421356,5.0,0.20000001067804352,1.41421356,2.0,0.5000000300203156,1.41421356,5.0,0.20000001569153092,1.41421356,10.0,0.10000003164946669,1.41421356,2.0,0.5000000361019987,1.41421356,5.0,0.20000000846094235,1.41421356,4.0,0.25000001269691463,1.41421356,1.0,1.0000001170577246,1.41421356,8.0,0.12500002276838895,1.41421356,7.0,0.14285715446315272,1.41421356,5.0,0.2000000073322834,1.41421356,7.0,0.14285717326335412,1.41421356,10.0,0.1000000247014583,1.41421356,9.0,0.11111113119298288,1.41421356,4.0,0.2500000083523868,1.41421356,5.0,0.20000000597882828,1.41421356,4.0,0.25000001862894505,1.41421356,7.0,0.14285715684966238,1.41421356,7.0,0.14285715704751745,1.41421356,7.0,0.14285715709458557,1.41421356,7.0,0.142857158846029,1.41421356,3.0,0.33333334317465857,1.41421356,5.0,0.20000001362204856,1.41421356,7.0,0.1428571591570762,1.41421356,8.0,0.12500001669608718,1.41421356,3.0,0.3333333423312683,1.41421356,4.0,0.25000001800577154,1.41421356,7.0,0.14285717468334713,1.41421356,3.0,0.33333347085519494,1.41421356,9.0,0.11111113468769851,1.41421356,6.0,0.166666687806301,1.41421356,2.0,0.5000002154148271,1.41421356,5.0,0.2000000257116108,1.41421356,8.0,0.125000016907169,1.41421356,5.0,0.20000001003876822,1.41421356,5.0,0.20000000924610717,1.41421356,10.0,0.10000003161129278,1.41421356,2.0,0.5000000166660838,1.41421356,3.0,0.3333333644857839,1.41421356,4.0,0.25000000383790244,1.41421356,3.0,0.3333333365489888,1.41421356,3.0,0.33333339565486764,1.41421356,6.0,0.16666668842857302,1.41421356,6.0,0.16666668216375946,1.41421356,11.0,0.090909137733032,1.41421356,6.0,0.16666667429007997,1.41421356,7.0,0.14285715719217595,1.41421356,6.0,0.1666666760233113,1.41421356,2.0,0.5000000292630065,1.41421356,5.0,0.20000000602620105,1.41421356,7.0,0.14285715533062948,1.41421356,4.0,0.2500000032156189,1.41421356,12.0,0.08333336611750042,1.41421356,4.0,0.25000000688954316,1.41421356,8.0,0.12500001648182835,1.41421356,4.0,0.2500000297474769,1.41421356,6.0,0.16666670711091847,1.41421356,2.0,0.5000000127120192,1.41421356,5.0,0.20000000578092436,1.41421356,2.0,0.500000014487956,1.41421356,3.0,0.3333333397095348,1.41421356,6.0,0.1666666889485855,1.41421356,4.0,0.25000000589300253,1.41421356,2.0,0.4999999994827402,1.41421356,3.0,0.3333333478872076,1.41421356,4.0,0.2500000194205958,1.41421356,3.0,0.33333334109343316,1.41421356,11.0,0.09090912673181961,1.41421356,6.0,0.16666667482194075,1.41421356,5.0,0.20000003811240763,1.41421356,5.0,0.20000000810629714,1.41421356,8.0,0.12500001565140728,1.41421356,6.0,0.16666668187479416,1.41421356,8.0,0.1250000253107908,1.41421356,8.0,0.1250000256995607,1.41421356,5.0,0.20000003383224385,1.41421356,4.0,0.25000002457700754,1.41421356,3.0,0.3333333831081444,1.41421356,7.0,0.14285716375093926,1.41421356,3.0,0.33333339034919796,1.41421356,8.0,0.1250000165355356,1.41421356,4.0,0.2500000020354376,1.41421356,3.0,0.33333338434726656,1.41421356,6.0,0.16666667611433272,1.41421356,3.0,0.33333334489631916,1.41421356,5.0,0.20000000460004763,1.41421356,7.0,0.14285716355296074,1.41421356,5.0,0.20000004146170447,1.41421356,8.0,0.1250000214652358,1.41421356,6.0,0.16666668108476124,1.41421356,6.0,0.16666667899662357,1.41421356,3.0,0.3333333452030467,1.41421356,5.0,0.2000000079119113,1.41421356,6.0,0.16666667521747502,1.41421356,5.0,0.20000001036149495,1.41421356,9.0,0.11111113375735648,1.41421356,5.0,0.20000001395996847,1.41421356,9.0,0.11111114426540603,1.41421356,3.0,0.33333335545495,1.41421356,3.0,0.3333333433416037,1.41421356,8.0,0.12500001563711027,1.41421356,5.0,0.20000001696596215,1.41421356,9.0,0.11111113488150792,1.41421356,7.0,0.14285715544120592,1.41421356,6.0,0.16666668556906838,1.41421356,11.0,0.09090911937632384,1.41421356,7.0,0.14285715790679188,1.41421356,7.0,0.14285715748126915,1.41421356,10.0,0.10000002447579703,1.41421356,3.0,0.33333339849669574,1.41421356,4.0,0.25000001249948944,1.41421356,4.0,0.25000003258011594,1.41421356,7.0,0.14285715744260763,1.41421356,6.0,0.16666667717337624,1.41421356,3.0,0.33333335128743613,1.41421356,9.0,0.11111113068008116,1.41421356,8.0,0.12500001659302828,1.41421356,5.0,0.20000001095316922,1.41421356,4.0,0.25000004577149904,1.41421356,8.0,0.12500001713666098,1.41421356,10.0,0.10000002587613999,1.41421356,3.0,0.3333333429173648,1.41421356,8.0,0.12500002028648627,1.41421356,2.0,0.5000000323786769,1.41421356,2.0,0.50000004169041,1.41421356,12.0,0.08333336411309666,1.41421356,4.0,0.25000001688480733,1.41421356,5.0,0.20000000869793322,1.41421356,7.0,0.14285715911471808,1.41421356,9.0,0.11111114225613505,1.41421356,6.0,0.16666667745359476,1.41421356,5.0,0.20000006409103843,1.41421356,7.0,0.14285715533961874,1.41421356,2.0,0.5000000744722095,1.41421356,3.0,0.3333335142649676,1.41421356,5.0,0.200000007936886,1.41421356,8.0,0.12500002003830346,1.41421356,6.0,0.1666666837712789,1.41421356,8.0,0.12500003359779388,1.41421356,9.0,0.11111113147225282,1.41421356,7.0,0.14285715891735773,1.41421356,5.0,0.20000000729203204,1.41421356,6.0,0.1666666838539328,1.41421356,2.0,0.5000000774238975,1.41421356,7.0,0.14285715676640898,1.41421356,4.0,0.2500000660953896,1.41421356,5.0,0.20000000967058273,1.41421356,5.0,0.20000000606653678,1.41421356,4.0,0.25000001179341824,1.41421356,11.0,0.09090912452177768,1.41421356,3.0,0.33333333292067424,1.41421356,5.0,0.20000001027736314,1.41421356,6.0,0.16666667502049393,1.41421356,9.0,0.11111113109012294,1.41421356,2.0,0.5000000094825674,1.41421356,10.0,0.10000002461136859,1.41421356,7.0,0.14285715476709182,1.41421356,7.0,0.14285715549279931,1.41421356,3.0,0.33333336365184074,1.41421356,9.0,0.11111113069517309,1.41421356,3.0,0.3333333436731243,1.41421356,4.0,0.2500000055263518,1.41421356,3.0,0.3333333427865539,1.41421356,9.0,0.11111113063278744,1.41421356,2.0,0.5000000257748722,1.41421356,8.0,0.1250000309842907,1.41421356,6.0,0.16666668004541574,1.41421356,7.0,0.14285715534339438,1.41421356,5.0,0.2000000263578583,1.41421356,3.0,0.33333333677984234,1.41421356,2.0,0.5000000125884729,1.41421356,8.0,0.1250000240658009,1.41421356,4.0,0.25000000307385717,1.41421356,8.0,0.12500001931832116,1.41421356,7.0,0.1428571696281722,1.41421356,7.0,0.1428571604507809,1.41421356,11.0,0.0909091236623123,1.41421356,3.0,0.3333333477614788,1.41421356,4.0,0.2500000109879448,1.41421356,5.0,0.20000000588279399,1.41421356,6.0,0.16666667579309813,1.41421356,6.0,0.1666666750797754,1.41421356,13.0,0.07692311117433093,1.41421356,6.0,0.16666667568085813,1.41421356,5.0,0.2000000054100335,1.41421356,4.0,0.2500000319483111,1.41421356,3.0,0.3333333399851166,1.41421356,5.0,0.20000000665390605,1.41421356,4.0,0.2500000052557314,1.41421356,6.0,0.16666667560407067,1.41421356,4.0,0.2500000100735029,1.41421356,7.0,0.14285715525632803,1.41421356,3.0,0.3333333411092374,1.41421356,4.0,0.25000001484075174,1.41421356,3.0,0.33333333655299535,1.41421356,6.0,0.16666667555866077,1.41421356,8.0,0.12500001873970934,1.41421356,4.0,0.25000000387959265,1.41421356,3.0,0.3333333594464447,1.41421356,7.0,0.14285715573991187,1.41421356,3.0,0.33333333536942833,1.41421356,7.0,0.1428571553659177,1.41421356,8.0,0.1250000155044848,1.41421356,3.0,0.33333334157188066,1.41421356,2.0,0.5000000118279733,1.41421356,6.0,0.16666669119779431,1.41421356,2.0,0.5000000253546184,1.41421356,6.0,0.16666667529945034,1.41421356,3.0,0.33333334339740306,1.41421356,4.0,0.25000001324397925,1.41421356,4.0,0.2500000158911684,1.41421356,4.0,0.25000000245187604,1.41421356,7.0,0.1428571556912912,1.41421356,2.0,0.5000000282513548,1.41421356,6.0,0.16666667763827014,1.41421356,5.0,0.20000000537678808,1.41421356,5.0,0.20000000632965342,1.41421356,6.0,0.166666677785968,1.41421356,6.0,0.16666667547054992,1.41421356,5.0,0.20000000626530046,1.41421356,7.0,0.14285716222234424,1.41421356,5.0,0.20000000505718152,1.41421356,6.0,0.1666666751654855,1.41421356,2.0,0.5000000408102823,1.41421356,2.0,0.5000000198627894,1.41421356,4.0,0.250000005377951,1.41421356,5.0,0.20000001277335322,1.41421356,8.0,0.12500001700941166,1.41421356,12.0,0.08333336630763988,1.41421356,3.0,0.33333336931791413,1.41421356,3.0,0.33333335841051515,1.41421356,5.0,0.200000009700541,1.41421356,5.0,0.20000000495128578,1.41421356,6.0,0.1666667052184847,1.41421356,7.0,0.14285717914894214,1.41421356,4.0,0.25000000202965733,1.41421356,5.0,0.20000004642187008,1.41421356,5.0,0.200000015703659,1.41421356,10.0,0.10000002504969885,1.41421356,4.0,0.25000001376146663,1.41421356,8.0,0.12500001980429332,1.41421356,3.0,0.3333333434720509,1.41421356,6.0,0.1666666819438909,1.41421356,4.0,0.25000001446264175,1.41421356,9.0,0.11111113170650633,1.41421356,3.0,0.3333333358424255,1.41421356,2.0,0.5000000059520535,1.41421356,3.0,0.33333334241254686,1.41421356,9.0,0.11111113073565626,1.41421356,8.0,0.12500001688511553,1.41421356,9.0,0.11111113155005548,1.41421356,4.0,0.2500000142450176,1.41421356,8.0,0.12500001554732254,1.41421356,8.0,0.12500001646366687,1.41421356,4.0,0.2500000196189278,1.41421356,5.0,0.20000000595736633,1.41421356,7.0,0.14285715531354892,1.41421356,4.0,0.2500000119865837,1.41421356,4.0,0.25000000557932456,1.41421356,2.0,0.5000000028867053,1.41421356,4.0,0.25000001245860126,1.41421356,7.0,0.1428571544657542,1.41421356,5.0,0.20000000482370694,1.41421356,5.0,0.20000001352793184,1.41421356,4.0,0.2500001659102793,1.41421356,5.0,0.20000000642056825,1.41421356,5.0,0.2000000396307824,1.41421356,7.0,0.14285715865723514,1.41421356,3.0,0.3333333476577329,1.41421356,2.0,0.5000000470314374,1.41421356,3.0,0.333333503944909,1.41421356,5.0,0.20000001048650518,1.41421356,8.0,0.1250000159222422,1.41421356,5.0,0.20000003690758827,1.41421356,6.0,0.16666667610038033,1.41421356,7.0,0.14285715798298693,1.41421356,9.0,0.11111113354278324,1.41421356,5.0,0.20000000583254796,1.41421356,3.0,0.33333335432271705,1.41421356,3.0,0.33333338000098234,1.41421356,8.0,0.125000018489688,1.41421356,7.0,0.14285715642805474,1.41421356,4.0,0.25000000491151075,1.41421356,8.0,0.12500001801089855,1.41421356,6.0,0.16666668433294607,1.41421356,3.0,0.3333333509036862,1.41421356,6.0,0.1666666988082106,1.41421356,5.0,0.20000000813663998,1.41421356,7.0,0.14285716159330342,1.41421356,8.0,0.1250000227048016,1.41421356,5.0,0.20000001164388514,1.41421356,2.0,0.5000000300405356,1.41421356,3.0,0.3333333697182934,1.41421356,5.0,0.2000000093375851,1.41421356,7.0,0.1428571582560032,1.41421356,6.0,0.16666667622519782,1.41421356,5.0,0.20000001377334886,1.41421356,5.0,0.200000010055696,1.41421356,2.0,0.5000000520062471,1.41421356,10.0,0.10000002472697389,1.41421356,3.0,0.3333333414168691,1.41421356,2.0,0.5000000742983963,1.41421356,4.0,0.25000000847648307,1.41421356,12.0,0.08333336399272007,1.41421356,9.0,0.11111113165175723,1.41421356,7.0,0.14285715454739645,1.41421356,5.0,0.20000001314627536,1.41421356,7.0,0.14285718003683723,1.41421356,5.0,0.20000002501284708,1.41421356,7.0,0.14285715532151322,1.41421356,5.0,0.20000000499068538,1.41421356,8.0,0.12500001589149612,1.41421356,5.0,0.20000000774952298,1.41421356,8.0,0.12500002855373005,1.41421356,3.0,0.3333333482604752,1.41421356,5.0,0.20000000531151318,1.41421356,3.0,0.33333338296922266,1.41421356,3.0,0.3333333390956472,1.41421356,4.0,0.2500000036641228,1.41421356,7.0,0.14285716642320434,1.41421356,3.0,0.33333335845045076,1.41421356,7.0,0.1428571565207104,1.41421356,4.0,0.25000000312282333,1.41421356,4.0,0.2500000090404675,1.41421356,9.0,0.1111111315473785,1.41421356,12.0,0.08333336565107885,1.41421356,3.0,0.33333338377137656,1.41421356,5.0,0.20000000539608198,1.41421356,6.0,0.16666667560026482,1.41421356,4.0,0.2500000074752915,1.41421356,6.0,0.16666667654142397,1.41421356,3.0,0.3333333477092282,1.41421356,4.0,0.2500000450563573,1.41421356,8.0,0.12500003414992467,1.41421356,3.0,0.3333333456714911,1.41421356,9.0,0.11111113739235456,1.41421356,2.0,0.5000000220582848,1.41421356,4.0,0.2500000036042156,1.41421356,5.0,0.20000000958092645,1.41421356,11.0,0.09090912400492712,1.41421356,4.0,0.2500000040081414,1.41421356,3.0,0.3333333737471347,1.41421356,2.0,0.5000000501371187,1.41421356,4.0,0.2500000371076645,1.41421356,5.0,0.20000003489611196,1.41421356,10.0,0.10000003528252854,1.41421356,5.0,0.20000001020607439,1.41421356,12.0,0.08333336797530677,1.41421356,5.0,0.20000001832871472,1.41421356,5.0,0.20000001959903102,1.41421356,4.0,0.2500000084516518,1.41421356,10.0,0.10000002536757613,1.41421356,5.0,0.20000001739407036,1.41421356,8.0,0.12500001652492188,1.41421356,4.0,0.25000000505455144,1.41421356,7.0,0.14285715671574906,1.41421356,7.0,0.14285715540932564,1.41421356,3.0,0.3333333385340391,1.41421356,5.0,0.20000001191021077,1.41421356,6.0,0.16666667507087585,1.41421356,9.0,0.11111114273206724,1.41421356,8.0,0.12500001727789645,1.41421356,6.0,0.1666666806576309,1.41421356,8.0,0.12500002754209394,1.41421356,4.0,0.25000000372548525,1.41421356,5.0,0.2000000122407508,1.41421356,6.0,0.16666667520428202,1.41421356,2.0,0.5000000944006304,1.41421356,5.0,0.2000000387961327,1.41421356,2.0,0.5000000338907029,1.41421356,7.0,0.14285715894955242,1.41421356,7.0,0.14285716488514755,1.41421356,5.0,0.20000001178921334,1.41421356,9.0,0.11111113613507761,1.41421356,7.0,0.1428571560086791,1.41421356,4.0,0.25000000936183175,1.41421356,10.0,0.10000002857050916,1.41421356,6.0,0.16666667518765887,1.41421356,9.0,0.1111111381482619,1.41421356,10.0,0.1000000296363428,1.41421356,8.0,0.1250000221754748,1.41421356,5.0,0.20000000675185436,1.41421356,2.0,0.5000000551638972,1.41421356,6.0,0.1666666752549073,1.41421356,4.0,0.2500000342906312,1.41421356,7.0,0.14285716030870343,1.41421356,3.0,0.33333334550296856,1.41421356,3.0,0.3333333392533766,1.41421356,7.0,0.14285715565392199,1.41421356,12.0,0.08333338071383345,1.41421356,2.0,0.5000000155587958,1.41421356,6.0,0.16666667570547222,1.41421356,8.0,0.12500001706100772,1.41421356,6.0,0.1666666872082363,1.41421356,8.0,0.12500002036509272,1.41421356,5.0,0.20000000577461297,1.41421356,7.0,0.14285715604380833,1.41421356,6.0,0.1666666765735636,1.41421356,8.0,0.12500001648585002,1.41421356,11.0,0.09090912165516052,1.41421356,4.0,0.2500000124992847,1.41421356,9.0,0.11111113293568842,1.41421356,7.0,0.14285715448489977,1.41421356,6.0,0.16666668037176446,1.41421356,5.0,0.2000000357006897,1.41421356,7.0,0.14285715454763004,1.41421356,5.0,0.20000002073600331,1.41421356,7.0,0.14285717450659252,1.41421356,4.0,0.2500000027161384,1.41421356,7.0,0.14285717834973433,1.41421356,7.0,0.14285716577920837,1.41421356,5.0,0.20000000426794973,1.41421356,3.0,0.3333333406264498,1.41421356,11.0,0.09090911798221768,1.41421356,6.0,0.16666668902605863,1.41421356,6.0,0.16666668211415114,1.41421356,6.0,0.16666668192881406,1.41421356,6.0,0.16666667446658412,1.41421356,8.0,0.12500001792856974,1.41421356,6.0,0.16666667917379296,1.41421356,4.0,0.2500000176818906,1.41421356,6.0,0.16666669654120891,1.41421356,5.0,0.2000000154066548,1.41421356,6.0,0.16666668046265887,1.41421356,5.0,0.2000000067858636,1.41421356,8.0,0.12500001726857235,1.41421356,3.0,0.333333371069755,1.41421356,4.0,0.2500000015018471,1.41421356,5.0,0.2000000045240844,1.41421356,9.0,0.11111113190000843,1.41421356,3.0,0.33333336420590687,1.41421356,3.0,0.33333340446528936,1.41421356,2.0,0.5000000084240692,1.41421356,4.0,0.250000033272177,1.41421356,9.0,0.11111113403272022,1.41421356,5.0,0.20000001942431123,1.41421356,6.0,0.1666666852844001,1.41421356,5.0,0.20000001496287823,1.41421356,4.0,0.2500000040208308,1.41421356,7.0,0.14285715544504551,1.41421356,5.0,0.2000000048095636,1.41421356,7.0,0.1428571584187983,1.41421356,8.0,0.12500001595243937,1.41421356,4.0,0.2500000124727282,1.41421356,7.0,0.14285717131813414,1.41421356,4.0,0.2500000055560192,1.41421356,6.0,0.16666667557964399,1.41421356,8.0,0.12500001918766923,1.41421356,3.0,0.3333334063008975,1.41421356,13.0,0.07692311307020283,1.41421356,8.0,0.1250000286113213,1.41421356,4.0,0.25000000204651096,1.41421356,4.0,0.2500000041288484,1.41421356,7.0,0.14285715613628458,1.41421356,4.0,0.25000000994606575,1.41421356,9.0,0.11111113049587829,1.41421356,4.0,0.25000002933760346,1.41421356,3.0,0.3333333423670961,1.41421356,7.0,0.14285716732527476,1.41421356,8.0,0.1250000179668378,1.41421356,4.0,0.2500000020652795,1.41421356,7.0,0.14285715797140064,1.41421356,8.0,0.12500001555352291,1.41421356,9.0,0.11111113657534233,1.41421356,6.0,0.16666668022674624,1.41421356,4.0,0.25000001112981707,1.41421356,7.0,0.14285716880853716,1.41421356,3.0,0.33333340204485573,1.41421356,2.0,0.500000330834204,1.41421356,6.0,0.16666668608516577,1.41421356,5.0,0.20000001135132006,1.41421356,4.0,0.2500000185925,1.41421356,11.0,0.09090911780403133,1.41421356,8.0,0.12500001649165515,1.41421356,5.0,0.20000000543396546,1.41421356,11.0,0.09090912149022223,1.41421356,6.0,0.16666670578536902,1.41421356,4.0,0.25000003393635195,1.41421356,3.0,0.3333333785607202,1.41421356,4.0,0.2500000207548245,1.41421356,4.0,0.250000007248961,1.41421356,3.0,0.3333333365370703,1.41421356,8.0,0.12500004216128158,1.41421356,3.0,0.3333333569327537,1.41421356,5.0,0.20000000680517793,1.41421356,7.0,0.14285715736836835,1.41421356,4.0,0.25000002511003805,1.41421356,6.0,0.1666666753540227,1.41421356,6.0,0.1666666785293689,1.41421356,7.0,0.14285715455449033,1.41421356,8.0,0.1250000165552443,1.41421356,5.0,0.20000000996511336,1.41421356,8.0,0.12500001577491027,1.41421356,6.0,0.16666668417511854,1.41421356,8.0,0.1250000243234286,1.41421356,2.0,0.5000000804061708,1.41421356,5.0,0.20000000778973082,1.41421356,2.0,0.5000000367500248,1.41421356,5.0,0.20000000694875908,1.41421356,6.0,0.16666668247539018,1.41421356,9.0,0.11111113235685721,1.41421356,7.0,0.14285715571878033,1.41421356,3.0,0.3333335759727958,1.41421356,11.0,0.09090912027910569,1.41421356,3.0,0.3333333347003209,1.41421356,7.0,0.14285715825570833,1.41421356,1.0,1.0000000447285955,1.41421356,2.0,0.5000000805280478,1.41421356,8.0,0.12500001639095526,1.41421356,6.0,0.1666666764712108,1.41421356,5.0,0.20000002188508326,1.41421356,4.0,0.25000000291348945,1.41421356,4.0,0.25000001068243627,1.41421356,4.0,0.25000001235253766,1.41421356,6.0,0.16666669643794396,1.41421356,3.0,0.3333333977325985,1.41421356,8.0,0.12500002030185264,1.41421356,5.0,0.2000000080340687,1.41421356,4.0,0.25000005541012404,1.41421356,4.0,0.25000000645261133,1.41421356,6.0,0.166666676400391,1.41421356,6.0,0.1666666784819073,1.41421356,6.0,0.16666668305880616,1.41421356,3.0,0.33333337144586395,1.41421356,4.0,0.2500000186626887,1.41421356,4.0,0.25000001173150954,1.41421356,15.0,0.0666667109699457,1.41421356,4.0,0.25000003695020157,1.41421356,6.0,0.1666666806798771,1.41421356,6.0,0.16666667598404405,1.41421356,8.0,0.12500001658563686,1.41421356,6.0,0.1666666749942065,1.41421356,6.0,0.16666669958102265,1.41421356,5.0,0.2000000184257411,1.41421356,6.0,0.1666666797334848,1.41421356,3.0,0.3333333683313904,1.41421356,5.0,0.20000000814491248,1.41421356,10.0,0.10000002681167963,1.41421356,8.0,0.1250000238138016,1.41421356,2.0,0.5000000097860013,1.41421356,5.0,0.20000001004786938,1.41421356,4.0,0.25000004426824063,1.41421356,4.0,0.25000000279585155,1.41421356,6.0,0.16666667952784575,1.41421356,6.0,0.16666667692809956,1.41421356,6.0,0.16666668624722014,1.41421356,4.0,0.250000008164986,1.41421356,3.0,0.3333333487365939,1.41421356,5.0,0.200000014063634,1.41421356,6.0,0.16666668965517228,1.41421356,6.0,0.16666668090521775,1.41421356,5.0,0.20000000955039177,1.41421356,5.0,0.20000001066454498,1.41421356,8.0,0.1250000173473209,1.41421356,5.0,0.20000001654717448,1.41421356,5.0,0.2000000062958831,1.41421356,4.0,0.2500000439794472,1.41421356,10.0,0.10000004187115508,1.41421356,4.0,0.25000002648740605,1.41421356,8.0,0.1250000167413292,1.41421356,8.0,0.12500001862806265,1.41421356,9.0,0.11111113318038868,1.41421356,7.0,0.14285715928479892,1.41421356,4.0,0.25000000883741835,1.41421356,3.0,0.3333333617594043,1.41421356,4.0,0.25000000953934576,1.41421356,4.0,0.2500000057327312,1.41421356,4.0,0.2500000487394618,1.41421356,9.0,0.11111113367258696,1.41421356,8.0,0.12500001992341847,1.41421356,3.0,0.33333334260435654,1.41421356,4.0,0.25000001443415387,1.41421356,4.0,0.25000001498152136,1.41421356,2.0,0.5000000262173083,1.41421356,5.0,0.20000000720149735,1.41421356,4.0,0.2500000093205128,1.41421356,6.0,0.16666667633941135,1.41421356,4.0,0.25000001611980727,1.41421356,3.0,0.33333333674530197,1.41421356,5.0,0.2000000138723994,1.41421356,4.0,0.2500000507213107,1.41421356,6.0,0.166666675088031,1.41421356,9.0,0.11111113074342782,1.41421356,13.0,0.07692311292613851,1.41421356,6.0,0.1666666848022622,1.41421356,8.0,0.125000015641624,1.41421356,8.0,0.12500003472879762,1.41421356,4.0,0.25000004613794635,1.41421356,4.0,0.2500000050514286,1.41421356,4.0,0.2500000101848019,1.41421356,5.0,0.2000000082358424,1.41421356,5.0,0.20000000981152333,1.41421356,3.0,0.3333333589467866,1.41421356,2.0,0.500000072765282,1.41421356,3.0,0.33333334513981105,1.41421356,5.0,0.2000000128370658,1.41421356,7.0,0.14285715565564328,1.41421356,6.0,0.16666668300038978,1.41421356,5.0,0.2000000190010338,1.41421356,4.0,0.25000000509153164,1.41421356,4.0,0.2500000037957011,1.41421356,5.0,0.20000001495152286,1.41421356,8.0,0.12500001642229464,1.41421356,7.0,0.1428571564832719,1.41421356,8.0,0.12500001648783954,1.41421356,4.0,0.25000002076341055,1.41421356,6.0,0.1666666819875573,1.41421356,8.0,0.12500001948751027,1.41421356,12.0,0.08333336415813797,1.41421356,5.0,0.2000000050729911,1.41421356,5.0,0.20000001566742576,1.41421356,6.0,0.1666666779316106,1.41421356,3.0,0.33333338100346666,1.41421356,3.0,0.333333359225481,1.41421356,10.0,0.10000002530282437,1.41421356,3.0,0.333333354257626,1.41421356,5.0,0.20000003466458427,1.41421356,5.0,0.2000000130770534,1.41421356,2.0,0.5000000112712191,1.41421356,7.0,0.1428571575404165,1.41421356,3.0,0.3333333536485674,1.41421356,10.0,0.10000002618761172,1.41421356,13.0,0.07692311580174227,1.41421356,5.0,0.20000001345825602,1.41421356,3.0,0.33333337372450433,1.41421356,3.0,0.33333334367440903,1.41421356,5.0,0.2000000077043147,1.41421356,3.0,0.3333333571025805,1.41421356,5.0,0.2000000364810024,1.41421356,2.0,0.500000004938703,1.41421356,6.0,0.16666667838143123,1.41421356,6.0,0.16666667545575287,1.41421356,3.0,0.33333341728639265,1.41421356,2.0,0.5000003811391809,1.41421356,6.0,0.16666667559082704,1.41421356,3.0,0.3333333574431232,1.41421356,8.0,0.12500001778476477,1.41421356,5.0,0.20000001220929153,1.41421356,6.0,0.16666667686798586,1.41421356,6.0,0.16666667627742715,1.41421356,6.0,0.16666667430392934,1.41421356,10.0,0.1000000243977972,1.41421356,4.0,0.2500000022130746,1.41421356,4.0,0.2500000080768845,1.41421356,6.0,0.16666668002042506,1.41421356,5.0,0.20000000445185506,1.41421356,2.0,0.5000000669891627,1.41421356,7.0,0.14285715595539017,1.41421356,6.0,0.1666666749968213,1.41421356,5.0,0.20000001134095058,1.41421356,7.0,0.14285715522037634,1.41421356,4.0,0.250000007784549,1.41421356,9.0,0.1111111325395342,1.41421356,4.0,0.2500000183866842,1.41421356,6.0,0.16666667581024264,1.41421356,5.0,0.20000000652126282,1.41421356,3.0,0.3333333461424206,1.41421356,3.0,0.33333335538432607,1.41421356,6.0,0.16666667709107497,1.41421356,12.0,0.08333336594402319,1.41421356,4.0,0.25000000273050516,1.41421356,6.0,0.1666666788859752,1.41421356,9.0,0.11111113159200059,1.41421356,5.0,0.20000000532701367,1.41421356,8.0,0.12500001648668846,1.41421356,4.0,0.2500000026934748,1.41421356,7.0,0.1428571641474301,1.41421356,6.0,0.16666668395070072,1.41421356,5.0,0.20000002049783294,1.41421356,3.0,0.3333333410332102,1.41421356,8.0,0.12500001942624817,1.41421356,5.0,0.20000000800864282,1.41421356,11.0,0.09090912140122853,1.41421356,3.0,0.33333352854163323,1.41421356,3.0,0.33333333579150803,1.41421356,9.0,0.11111113150228569,1.41421356,3.0,0.3333333501211908,1.41421356,5.0,0.2000000072033421,1.41421356,6.0,0.16666667768590493,1.41421356,4.0,0.25000001432113006,1.41421356,8.0,0.12500003719044184,1.41421356,3.0,0.33333337897007675,1.41421356,8.0,0.1250000164231233,1.41421356,10.0,0.10000002885339399,1.41421356,5.0,0.20000001332180162,1.41421356,3.0,0.3333333810519634,1.41421356,5.0,0.2000000136187854,1.41421356,5.0,0.20000001548379487,1.41421356,3.0,0.3333333427686336,1.41421356,3.0,0.3333333976183477,1.41421356,7.0,0.1428571549258466,1.41421356,8.0,0.12500003706963092,1.41421356,10.0,0.10000002569785593,1.41421356,5.0,0.20000001472375661,1.41421356,7.0,0.14285715719685843,1.41421356,6.0,0.16666667609505836,1.41421356,5.0,0.2000000299979483,1.41421356,7.0,0.1428571556461895,1.41421356,3.0,0.3333334029838646,1.41421356,9.0,0.1111111384923511,1.41421356,5.0,0.2000000109637714,1.41421356,4.0,0.2500000085124632,1.41421356,7.0,0.14285715594623039,1.41421356,5.0,0.2000000087420153,1.41421356,7.0,0.1428571567682182,1.41421356,3.0,0.33333346365030314,1.41421356,9.0,0.11111113887538693,1.41421356,2.0,0.5000000667796654,1.41421356,7.0,0.1428571560348466,1.41421356,5.0,0.20000001696523562,1.41421356,9.0,0.1111111310195998,1.41421356,3.0,0.33333334645708756,1.41421356,4.0,0.2500000034397196,1.41421356,8.0,0.12500001836767893,1.41421356,8.0,0.12500001651091175,1.41421356,4.0,0.2500000425444382,1.41421356,2.0,0.5000000442765253,1.41421356,6.0,0.16666667596484963,1.41421356,6.0,0.1666666813582074,1.41421356,5.0,0.20000001304321469,1.41421356,6.0,0.16666667609716157,1.41421356,3.0,0.3333333852616085,1.41421356,6.0,0.1666666782623052,1.41421356,6.0,0.166666677623871,1.41421356,3.0,0.3333333776155354,1.41421356,4.0,0.2500000067340271,1.41421356,8.0,0.12500001683605255,1.41421356,3.0,0.33333335135126374,1.41421356,3.0,0.33333335283056487,1.41421356,3.0,0.33333334872558984,1.41421356,4.0,0.250000003019208,1.41421356,4.0,0.2500000154479123,1.41421356,4.0,0.2500000047116453,1.41421356,5.0,0.20000001333430273,1.41421356,5.0,0.2000000139220086,1.41421356,7.0,0.14285715981248792,1.41421356,6.0,0.16666667935867974,1.41421356,10.0,0.10000002450011536,1.41421356,6.0,0.1666666762514346,1.41421356,7.0,0.14285715545929367,1.41421356,3.0,0.3333333513015493,1.41421356,3.0,0.33333334127924497,1.41421356,3.0,0.33333334338479403,1.41421356,3.0,0.3333333421549711,1.41421356,4.0,0.2500000447149655,1.41421356,4.0,0.25000000965448566,1.41421356,6.0,0.16666670623254198,1.41421356,6.0,0.16666667920182832,1.41421356,11.0,0.0909091222533025,1.41421356,7.0,0.14285715875086424,1.41421356,5.0,0.20000000646231886,1.41421356,9.0,0.11111113534050077,1.41421356,7.0,0.14285715449955738,1.41421356,4.0,0.25000000469915395,1.41421356,4.0,0.25000001551727014,1.41421356,9.0,0.11111114575015257,1.41421356,5.0,0.20000002355704183,1.41421356,7.0,0.1428571597082442,1.41421356,12.0,0.08333336395116575,1.41421356,5.0,0.20000000657435102,1.41421356]
WARNING: For the MIP-solver-driven algorithm, optimality tolerance must be specified as MIP solver option, not Pajarito option
WARNING: When using primal cuts, primal cut zero tolerance should be at least 1e-5 to avoid numerical issues
WARNING: For the MIP-solver-driven algorithm, optimality tolerance must be specified as MIP solver option, not Pajarito option
WARNING: When using primal cuts, primal cut zero tolerance should be at least 1e-5 to avoid numerical issues
WARNING: Not solved to optimality, status: UserLimit
