WARNING: Method definition require(Symbol) in module Base at loading.jl:345 overwritten in module ConicBenchmarkUtilities at /home/ubuntu/.julia/v0.5/Requires/src/require.jl:12.
#SOLVERNAME# PAJ_MSD_GUROBI_MOSEK
#SOLVER# Pajarito.PajaritoSolver(2,3600.0,1.0e-5,true,Gurobi.GurobiSolver(nothing,Any[(:OutputFlag,0),(:Threads,1),(:TimeLimit,3600.0),(:MIPGap,1.0e-5)]),MathProgBase.DefaultMIPSolver(),0,false,true,Mosek.MosekMathProgSolverInterface.MosekSolver(Any[(:LOG,0),(:NUM_THREADS,1),(:OPTIMIZER_MAX_TIME,120.0)]),true,false,false,true,false,true,false,true,true,true,true,false,false,true,false,false,false,false,1.0e-10,0.0001,1.0e-6,0.01,1.0e-6)
#FILENAME# achtziger_stolpe07-51flowc.cbf.gz
#INSTANCE# achtziger_stolpe07-51flowc
#TIMELIMIT# 3600.0

Transforming original data......Done     0.00s

Creating conic model data......Done     0.01s

Creating MIP model......Done     0.02s

Cone types summary:
Cone       | Count    | Min dim  | Max dim 
       SOC |      630 |        3 |        3

Solving conic relaxation......Done     0.06s
 - Relaxation status    =        Optimal
 - Relaxation objective =      40.046529

Creating conic subproblem model......Done     0.00s

Starting MIP-solver-driven outer approximation algorithm

Pajarito MICP solve summary:
 - Total time (s)       =       3.60e+03
 - Status               =      UserLimit
 - Best feasible obj.   =  +4.524507e+01
 - Final OA obj. bound  =  +4.147606e+01
 - Relative opt. gap    =      8.330e-02
 - Conic solve count    =             15
 - Feas. solution count =              6
 - Integer repeat count =              4

Timers (s):
 - Setup                =       1.78e-01
 -- Transform data      =       2.24e-03
 -- Create conic data   =       7.39e-03
 -- Create MIP data     =       2.48e-02
 -- Load/solve relax    =       6.45e-02
 - MIP-driven algorithm =       3.60e+03
 -- Solve conic model   =       7.68e-01
 -- Process conic data  =       2.80e-02
 -- Add conic solution  =       8.53e-04
 -- Add dual cuts       =       1.19e-01
 -- Use outer inf/cuts  =       6.85e-03

#STATUS# UserLimit
#OBJVAL# 45.24506865500175
#OBJBOUND# 41.4760621346532
#TIMESOLVER# 3600.0237429142
#TIMEALL# 3600.0300891399384
#SOLUTION# [45.2451,0.0,0.0,0.0,0.0,0.0,0.0,0.0,0.0,0.0,0.0,0.0,0.0,0.0,0.0,0.0,0.0,0.0,0.0,0.0,0.0,0.0,0.0,0.0,0.0,0.0,0.0,0.0,0.0,0.0,0.0,0.0,0.0,0.0,0.0,0.0,0.0,0.0,0.0,0.0,0.0,0.0,0.0,0.0,0.0,0.0,0.0,0.0,0.0,0.0,0.0,0.0,0.0,0.0,0.0,0.0,0.0,0.0,0.0,0.0,0.0,0.0,0.0,0.0,0.0,0.0,0.0,0.0,0.0,0.0,0.0,0.0,0.0,0.0,0.0,0.0,1.0,0.0,0.0,0.0,0.0,0.0,0.0,0.0,0.0,0.0,0.0,0.0,0.0,0.0,0.0,0.0,0.0,0.0,0.0,0.0,0.0,0.0,0.0,1.0,0.0,0.0,0.0,0.0,1.0,0.0,0.0,0.0,0.0,0.0,0.0,0.0,0.0,0.0,0.0,0.0,0.0,0.0,0.0,0.0,0.0,0.0,0.0,0.0,0.0,0.0,0.0,0.0,1.0,0.0,0.0,0.0,0.0,1.0,0.0,0.0,0.0,0.0,0.0,0.0,0.0,0.0,0.0,0.0,0.0,0.0,0.0,0.0,0.0,0.0,0.0,0.0,0.0,0.0,0.0,0.0,1.0,0.0,0.0,0.0,0.0,0.0,0.0,0.0,0.0,0.0,0.0,0.0,0.0,0.0,0.0,0.0,0.0,0.0,0.0,0.0,0.0,0.0,0.0,0.0,0.0,1.0,1.0,0.0,0.0,0.0,0.0,0.0,0.0,0.0,0.0,0.0,0.0,0.0,0.0,0.0,0.0,0.0,0.0,1.0,0.0,1.0,0.0,0.0,0.0,0.0,0.0,0.0,1.0,0.0,0.0,0.0,0.0,0.0,0.0,0.0,0.0,0.0,0.0,0.0,0.0,0.0,0.0,1.0,0.0,0.0,0.0,1.0,0.0,0.0,0.0,0.0,0.0,0.0,0.0,0.0,0.0,0.0,0.0,0.0,0.0,0.0,0.0,1.0,1.0,1.0,0.0,0.0,0.0,1.0,0.0,0.0,0.0,0.0,0.0,0.0,0.0,0.0,0.0,0.0,0.0,0.0,0.0,0.0,0.0,0.0,0.0,0.0,0.0,0.0,0.0,1.0,0.0,0.0,0.0,0.0,0.0,0.0,0.0,0.0,0.0,0.0,0.0,0.0,0.0,1.0,0.0,1.0,0.0,0.0,0.0,0.0,0.0,0.0,0.0,0.0,0.0,0.0,0.0,0.0,0.0,0.0,0.0,0.0,0.0,0.0,0.0,0.0,0.0,0.0,0.0,0.0,0.0,0.0,0.0,0.0,0.0,0.0,0.0,0.0,0.0,0.0,0.0,0.0,0.0,0.0,0.0,0.0,0.0,0.0,0.0,0.0,0.0,0.0,0.0,0.0,0.0,0.0,0.0,0.0,0.0,0.0,0.0,0.0,0.0,0.0,0.0,0.0,0.0,1.0,0.0,0.0,0.0,0.0,0.0,0.0,0.0,0.0,0.0,0.0,0.0,0.0,0.0,0.0,0.0,0.0,0.0,0.0,0.0,0.0,0.0,1.0,0.0,0.0,0.0,0.0,0.0,0.0,0.0,0.0,0.0,0.0,0.0,0.0,0.0,0.0,1.0,0.0,0.0,0.0,0.0,0.0,0.0,0.0,0.0,0.0,0.0,0.0,0.0,0.0,0.0,0.0,0.0,0.0,0.0,0.0,0.0,0.0,0.0,0.0,0.0,0.0,0.0,0.0,0.0,0.0,0.0,1.0,0.0,0.0,0.0,1.0,0.0,0.0,0.0,0.0,0.0,0.0,0.0,0.0,0.0,0.0,0.0,0.0,0.0,0.0,0.0,0.0,0.0,0.0,0.0,0.0,0.0,0.0,0.0,0.0,0.0,0.0,0.0,0.0,0.0,0.0,1.0,0.0,0.0,0.0,0.0,0.0,0.0,0.0,0.0,0.0,0.0,0.0,0.0,0.0,0.0,0.0,0.0,0.0,0.0,1.0,0.0,0.0,0.0,0.0,0.0,0.0,0.0,0.0,0.0,0.0,0.0,0.0,0.0,0.0,0.0,0.0,0.0,0.0,0.0,0.0,0.0,0.0,0.0,0.0,0.0,0.0,0.0,0.0,0.0,0.0,0.0,0.0,0.0,0.0,0.0,0.0,0.0,0.0,0.0,0.0,0.0,0.0,0.0,0.0,0.0,0.0,0.0,0.0,0.0,0.0,0.0,0.0,0.0,0.0,1.0,0.0,0.0,0.0,0.0,0.0,0.0,0.0,0.0,0.0,0.0,0.0,0.0,0.0,0.0,0.0,0.0,0.0,0.0,0.0,0.0,0.0,0.0,0.0,0.0,0.0,0.0,0.0,0.0,0.0,0.0,0.0,0.0,0.0,0.0,0.0,0.0,0.0,0.0,0.0,0.0,0.0,0.0,0.0,0.0,0.0,0.0,0.0,0.0,0.0,0.0,0.0,0.0,0.0,0.0,0.0,0.0,0.0,0.0,0.0,0.0,0.0,0.0,0.0,0.0,0.0,0.0,0.0,0.0,0.0,0.0,0.0,0.0,0.0,0.0,0.0,0.0,0.0,0.0,0.0,0.0,0.0,0.0,0.0,0.0,0.0,0.0,0.0,0.0,0.0,0.0,0.0,0.0,0.0,0.0,0.0,0.0,0.0,0.0,0.0,0.0,0.0,0.0,0.0,0.0,4.27419e-9,5.9424e-9,4.27227e-9,4.39468e-9,4.16258e-9,5.2575e-9,4.13142e-9,4.15442e-9,4.1392e-9,4.4455e-9,4.23722e-9,4.13898e-9,4.31733e-9,4.1542e-9,4.13909e-9,4.27406e-9,4.38913e-9,4.52149e-9,4.27406e-9,4.16719e-9,4.14755e-9,4.50386e-9,4.26726e-9,4.2137e-9,4.2153e-9,4.51148e-9,4.64881e-9,6.00996e-9,4.24508e-9,4.13267e-9,5.23459e-9,4.40075e-9,4.13278e-9,4.13733e-9,4.13456e-9,4.22152e-9,4.54354e-9,4.15388e-9,4.19494e-9,4.30243e-9,4.38165e-9,4.14976e-9,4.17152e-9,4.25872e-9,4.51447e-9,4.27479e-9,4.50591e-9,4.27011e-9,4.16904e-9,6.21965e-9,6.09786e-9,4.57925e-9,4.27094e-9,4.1571e-9,4.20161e-9,4.26968e-9,4.41221e-9,4.13323e-9,4.26655e-9,4.55254e-9,4.17189e-9,4.64906e-9,4.37791e-9,4.22283e-9,4.19327e-9,4.82822e-9,4.78733e-9,5.409e-9,4.43864e-9,4.25606e-9,7.90455e-9,4.1648e-9,4.77948e-9,5.58904e-9,4.99613e-9,2.00598,5.20175e-9,4.38737e-9,4.26785e-9,4.78866e-9,5.8581e-9,5.80022e-9,5.45713e-9,5.30001e-9,5.38561e-9,5.56277e-9,5.74627e-9,5.63558e-9,6.50221e-9,5.81957e-9,5.24117e-9,4.97237e-9,6.541e-9,5.67919e-9,6.08891e-9,6.39504e-9,5.33653e-9,4.95014e-9,2.00598,6.23603e-9,7.50884e-9,5.32643e-9,5.00491e-9,1.58955,4.14819e-9,4.37583e-9,4.50231e-9,4.33569e-9,4.2077e-9,4.9741e-9,4.3014e-9,4.17919e-9,4.2339e-9,4.23463e-9,4.22754e-9,4.18884e-9,4.18233e-9,4.23511e-9,4.1868e-9,4.14901e-9,4.2663e-9,4.15228e-9,4.17802e-9,4.19639e-9,4.20361e-9,7.70083e-9,4.59061e-9,1.58955,4.16034e-9,4.26314e-9,4.31706e-9,4.21672e-9,1.77778,4.84727e-9,5.6973e-9,6.00799e-9,4.74329e-9,5.34842e-9,8.44065e-9,5.54097e-9,6.49241e-9,6.06958e-9,5.94992e-9,4.96309e-9,5.28228e-9,5.81017e-9,6.38189e-9,5.62644e-9,6.46742e-9,4.92929e-9,5.37058e-9,5.98918e-9,5.98148e-9,7.31425e-9,6.12209e-9,1.77778,4.16383e-9,4.31421e-9,5.24173e-9,5.83933e-9,5.93017e-9,4.15544e-9,4.20944e-9,4.28399e-9,4.89008e-9,4.37719e-9,4.20672e-9,4.50674e-9,4.18797e-9,4.23167e-9,4.3664e-9,4.6189e-9,4.79688e-9,4.24398e-9,4.44521e-9,5.10386e-9,4.77065e-9,4.67127e-9,4.14147e-9,8.22825e-9,0.25,1.0,6.78875e-9,4.64048e-9,5.54975e-9,5.31603e-9,7.55233e-9,5.34299e-9,7.25037e-9,5.867e-9,6.25517e-9,6.9485e-9,5.65701e-9,6.99886e-9,6.19008e-9,5.66689e-9,5.48942e-9,6.63344e-9,2.79508,5.59608e-9,0.00700125,4.8339e-9,6.68034e-9,5.46195e-9,6.74213e-9,6.24942e-9,4.14663e-9,1.24226,5.97117e-9,4.23145e-9,5.18142e-9,5.1938e-9,4.89663e-9,5.21076e-9,5.05667e-9,5.05987e-9,5.06442e-9,4.87129e-9,4.89167e-9,4.88126e-9,5.7891e-9,4.24232e-9,0.25,6.97137e-9,5.03616e-9,4.70661e-9,1.25708,5.98772e-9,4.7672e-9,4.12619e-9,6.08172e-9,4.47906e-9,4.18071e-9,4.30114e-9,4.30888e-9,4.20583e-9,4.27207e-9,4.21721e-9,4.24589e-9,4.16907e-9,4.25987e-9,4.18126e-9,7.01013,2.35039,0.25,5.65741e-9,4.72691e-9,5.40347e-9,1.77778,4.72618e-9,5.78863e-9,8.48197e-9,4.21395e-9,5.3006e-9,5.49631e-9,4.51134e-9,4.97344e-9,5.23745e-9,4.96755e-9,4.88205e-9,4.89651e-9,5.06049e-9,5.14862e-9,5.47482e-9,4.91504e-9,4.36988e-9,4.85045e-9,4.31605e-9,4.45149e-9,7.16093e-9,1.0,4.98686e-9,6.91731e-9,7.01593e-9,5.80939e-9,6.70744e-9,5.41956e-9,6.58595e-9,5.28193e-9,5.45061e-9,5.85202e-9,6.68843e-9,6.40664e-9,5.72181e-9,2.79509,4.69847e-9,1.0,5.04538e-9,4.36378e-9,4.18088e-9,4.26883e-9,5.78976e-9,4.35403e-9,5.84612e-9,5.08062e-9,4.52578e-9,6.06466e-9,4.80883e-9,5.85138e-9,7.7375e-9,5.28779e-9,4.76887e-9,6.25511e-9,4.39382e-9,4.2006e-9,5.01538e-9,4.15001e-9,4.16319e-9,4.27067e-9,4.529e-9,4.76872e-9,4.14888e-9,4.86801e-9,4.14573e-9,4.21955e-9,4.20757e-9,4.21129e-9,4.21918e-9,4.24366e-9,4.18963e-9,4.72421e-9,4.29195e-9,4.22988e-9,4.19504e-9,6.03337e-9,5.72895e-9,4.90803e-9,4.30646e-9,4.8877e-9,4.40052e-9,5.00105e-9,4.18244e-9,4.16629e-9,4.1842e-9,4.13394e-9,4.13744e-9,4.21209e-9,4.12819e-9,4.12786e-9,4.13486e-9,4.13538e-9,4.13757e-9,4.14529e-9,7.74623e-9,7.71759e-9,4.14706e-9,4.15346e-9,4.14374e-9,1.25708,4.48729e-9,4.13591e-9,5.0728e-9,4.22015e-9,4.16582e-9,4.1846e-9,4.28348e-9,4.42677e-9,4.20117e-9,4.29153e-9,4.53465e-9,4.20192e-9,4.34203e-9,4.69e-9,4.40016e-9,7.81491e-9,4.17925e-9,4.15399e-9,4.12965e-9,4.75638e-9,4.57845e-9,1.0,4.27802e-9,5.19479e-9,4.33099e-9,4.7736e-9,5.45916e-9,4.61036e-9,5.73409e-9,4.55364e-9,5.04999e-9,6.74599e-9,5.61394e-9,4.44189e-9,6.23917e-9,4.18971e-9,1.0,4.80012e-9,4.13701e-9,4.14746e-9,4.57961e-9,5.1383e-9,4.32022e-9,5.44812e-9,4.73969e-9,4.51244e-9,5.3188e-9,4.99386e-9,6.9764e-9,6.62395e-9,4.48029e-9,6.13654e-9,4.15719e-9,4.13691e-9,4.13495e-9,4.68268e-9,4.13075e-9,4.18294e-9,4.21629e-9,4.17329e-9,4.19387e-9,4.17332e-9,4.16482e-9,4.93234e-9,4.21319e-9,4.16013e-9,4.41776e-9,0.698771,4.65318e-9,4.7295e-9,4.17373e-9,0.698771,4.57665e-9,4.27717e-9,4.31954e-9,4.50252e-9,4.23741e-9,4.24567e-9,4.27577e-9,4.33612e-9,6.47321e-9,9.7706e-9,4.23909e-9,5.55938e-9,4.16575e-9,4.13e-9,4.18633e-9,4.68995e-9,4.19586e-9,4.18748e-9,4.13245e-9,4.18433e-9,4.19009e-9,4.18946e-9,4.20383e-9,4.67949e-9,4.16543e-9,4.1385e-9,5.12406e-9,4.15144e-9,4.13085e-9,4.39409e-9,1.0,4.24886e-9,4.84567e-9,4.42014e-9,4.53996e-9,5.18252e-9,4.83855e-9,5.13279e-9,6.63167e-9,7.06914e-9,7.43923e-9,4.65577e-9,4.39402e-9,4.80679e-9,4.7524e-9,4.50131e-9,4.22877e-9,4.27173e-9,4.40068e-9,2.92951,4.16115e-9,7.0933e-9,4.1716e-9,7.15143e-9,4.35887e-9,4.137e-9,4.16233e-9,4.13787e-9,4.13265e-9,4.16661e-9,4.13189e-9,4.16406e-9,4.23916e-9,4.13771e-9,5.4166e-9,4.33706e-9,4.15712e-9,6.28803e-9,4.20243e-9,4.29977e-9,4.19093e-9,4.14372e-9,4.26154e-9,4.39884e-9,4.1343e-9,4.17036e-9,4.17034e-9,4.17164e-9,4.23104e-9,4.24162e-9,6.96963e-9,7.22824e-9,5.52968e-9,4.20367e-9,4.17306e-9,4.17114e-9,4.15907e-9,4.19755e-9,4.32193e-9,4.17307e-9,4.12816e-9,4.40531e-9,5.06448e-9,4.12832e-9,6.26336e-9,4.15232e-9,4.19665e-9,4.25683e-9,4.27965e-9,4.15108e-9,4.39842e-9,4.12889e-9,4.32657e-9,4.1294e-9,2.92951,4.47192e-9,6.45641e-9,4.13271e-9,7.48264e-9,4.15025e-9,4.38156e-9,4.33664e-9,4.12961e-9,4.14889e-9,4.20913e-9,4.49212e-9,4.46797e-9,8.01054e-9,4.13538e-9,4.2141e-9,4.20448e-9,4.13855e-9,4.1678e-9,4.26247e-9,4.13174e-9,6.95114e-9,4.19624e-9,4.16398e-9,4.13026e-9,4.34296e-9,4.16765e-9,4.12822e-9,4.15409e-9,4.31056e-9,4.27409e-9,4.2548e-9,6.93424e-9,6.82255e-9,4.18055e-9,4.30576e-9,4.19171e-9,4.13707e-9,4.20705e-9,4.21754e-9,4.19811e-9,6.26781e-9,4.14143e-9,4.15402e-9,4.21953e-9,4.15244e-9,4.12806e-9,4.32141e-9,4.38961e-9,4.47819e-9,4.5236e-9,7.82995e-9,4.25449e-9,4.14093e-9,4.2092e-9,1.07987e-8,4.18948e-9,4.14714e-9,7.98197e-9,4.23328e-9,5.42589e-9,4.26498e-9,4.14694e-9,4.13607e-9,1.20056e-8,4.34319e-9,4.12849e-9,4.18021e-9,5.84157e-9,4.23539e-9,4.20768e-9,4.67649e-9,4.15557e-9,4.59942e-9,4.20605e-9,6.69639e-9,6.54713e-9,4.23421e-9,4.12974e-9,4.37992e-9,1.07978e-8,4.13333e-9,4.16863e-9,5.89525e-9,4.16955e-9,4.1383e-9,4.21998e-9,1.04665e-8,4.25439e-9,4.15097e-9,5.48871e-9,4.21285e-9,7.85185e-9,4.78554e-9,7.34917e-9,5.44143e-9,1.86514e-8,4.14366e-9,1.8756e-8,7.36616e-9,6.82625e-9,4.78872e-9,4.13916e-9,5.54923e-9,7.17762e-9,3.40753e-10,1.19393e-9,3.42813e-10,-4.55728e-10,-1.661e-10,9.25209e-10,-2.32278e-11,-1.47321e-10,9.49382e-11,-4.91771e-10,-2.9384e-10,-8.91313e-11,-3.85648e-10,-1.44506e-10,-9.18244e-11,-3.29606e-10,-4.52503e-10,-5.54489e-10,-3.37499e-10,-1.74548e-10,-1.23786e-10,-5.41193e-10,-3.28755e-10,2.65638e-10,5.48453e-10,-6.45135e-10,-1.21648e-9,-3.01404e-10,-4.32746e-11,-9.19776e-10,4.58012e-10,-6.381e-11,6.35789e-11,6.79685e-11,2.71965e-10,5.53281e-10,1.39568e-10,2.2834e-10,3.70203e-10,4.45597e-10,1.31107e-10,1.8404e-10,3.19634e-10,5.49351e-10,3.37411e-10,5.42466e-10,1.26712e-9,1.22635e-9,6.03436e-10,3.36108e-10,1.54483e-10,-2.42933e-10,-3.13328e-10,-4.7277e-10,-7.0686e-11,-3.1764e-10,-5.77127e-10,-1.80985e-10,-6.39268e-10,-4.4101e-10,-2.69863e-10,-2.22744e-10,-7.40074e-10,-7.174e-10,-1.00159e-9,-4.906e-10,-3.14294e-10,-1.75074e-9,1.70711e-10,7.23159e-10,-8.18584e-10,-1.41633,-9.13855e-10,-4.44383e-10,-3.37791e-10,-7.22765e-10,-1.16542e-9,-1.14017e-9,-1.02382e-9,-9.65579e-10,-9.92197e-10,-1.06309e-9,-1.12749e-9,-1.08425e-9,-1.3632e-9,-1.15156e-9,-9.34691e-10,-8.14168e-10,-1.37337e-9,-1.10272e-9,-1.23848e-9,-1.33318e-9,-9.73134e-10,-8.02956e-10,-1.41633,1.27368e-9,1.63681e-9,8.4418e-10,1.26077,-5.95957e-11,-4.3557e-10,-5.54179e-10,4.03163e-10,-2.42992e-10,8.07516e-10,3.66194e-10,1.99071e-10,-2.81994e-10,2.86517e-10,2.77951e-10,2.18858e-10,2.05375e-10,2.88238e-10,2.12093e-10,1.28021e-10,3.2785e-10,1.39179e-10,1.97385e-10,2.30528e-10,2.42076e-10,-1.69919e-9,-6.13822e-10,1.26077,3.35088e-10,3.86026e-10,2.24993e-10,1.33333,7.45046e-10,1.10665e-9,1.21434e-9,6.93125e-10,9.77188e-10,1.82681e-9,1.05121e-9,1.34913e-9,1.2324e-9,1.19279e-9,8.09588e-10,9.507e-10,1.14788e-9,1.32706e-9,1.08312e-9,1.35186e-9,7.93005e-10,9.85629e-10,1.20744e-9,1.20398e-9,-1.59503e-9,-1.25284e-9,1.33333,-1.56976e-10,-3.76685e-10,-9.26134e-10,-1.14685e-9,-1.17812e-9,-1.48361e-10,2.32865e-10,3.40195e-10,7.5291e-10,4.42342e-10,2.42923e-10,5.45156e-10,2.14769e-10,2.82771e-10,4.31321e-10,6.19816e-10,7.22714e-10,3.00209e-10,4.95686e-10,8.75192e-10,7.07482e-10,-6.62182e-10,-1.06473e-10,1.81334e-9,-1.0,-1.42607e-9,-6.0667e-10,-1.02175e-9,-9.44367e-10,-1.62523e-9,-9.54744e-10,-1.55439e-9,-1.15523e-9,-1.27101e-9,-1.47888e-9,-1.08152e-9,-1.49225e-9,-1.26133e-9,-1.08668e-9,-1.0212e-9,-1.39343e-9,-1.67185,1.0871e-9,7.26996e-10,-1.40204e-9,-9.99266e-10,-1.39883e-9,-1.27005e-9,-7.12283e-11,-1.11457,-1.18165e-9,-2.65853e-10,-8.97171e-10,-8.98756e-10,-7.69193e-10,-9.09948e-10,-8.40513e-10,-8.46755e-10,-8.46773e-10,-7.52131e-10,-7.62602e-10,-7.61113e-10,-1.13253e-9,2.80633e-10,1.47805e-9,8.18777e-10,6.50014e-10,-1.1212,-1.20165e-9,6.81426e-10,2.27478e-11,1.19993e-9,5.02249e-10,2.00964e-10,-3.69445e-10,3.59395e-10,2.42015e-10,3.22512e-10,2.48825e-10,2.98562e-10,1.75093e-10,3.09047e-10,1.98666e-10,-2.64767,1.5331,1.08575e-9,6.74285e-10,9.84534e-10,1.33333,-6.52607e-10,1.12541e-9,1.81904e-9,2.13361e-10,9.4591e-10,1.02421e-9,5.29534e-10,8.05231e-10,9.2357e-10,8.02385e-10,7.61116e-10,7.67176e-10,8.46557e-10,8.86438e-10,1.02057e-9,7.78633e-10,-4.33342e-10,7.43809e-10,3.72188e-10,4.83621e-10,1.50679e-9,1.0,8.04899e-10,1.47049e-9,1.47713e-9,1.13784e-9,1.41708e-9,9.97068e-10,1.38337e-9,9.43601e-10,1.01033e-9,1.15653e-9,1.41169e-9,1.33059e-9,-1.13676e-9,1.67185,-1.0,-8.33293e-10,-4.10416e-10,-1.88874e-10,-3.22649e-10,-1.12893e-9,-4.10782e-10,-1.15054e-9,-8.53182e-10,-5.49781e-10,-1.22215e-9,-7.20634e-10,-1.15207e-9,-1.67574e-9,-9.42672e-10,-6.99568e-10,-1.31785e-9,4.37099e-10,8.22241e-10,-1.28409e-10,-1.62704e-10,-3.2534e-10,-5.52606e-10,6.84033e-10,-1.25117e-10,-7.50817e-10,-1.15278e-10,-2.63239e-10,-2.4448e-10,-2.51944e-10,-2.63291e-10,-2.96905e-10,-2.16698e-10,-6.80423e-10,-3.53401e-10,-2.78085e-10,-2.38998e-10,1.23433e-9,7.75425e-10,3.69231e-10,7.43975e-10,-4.5792e-10,-8.21083e-10,2.01955e-10,-1.71648e-10,2.09372e-10,6.77959e-11,-8.53975e-11,-2.55907e-10,-1.94485e-11,4.23034e-12,7.49092e-11,7.61763e-11,-8.68866e-11,-1.16341e-10,-1.71302e-9,1.69442e-9,1.37874e-10,-9.42779e-11,1.1212,5.12271e-10,-4.06909e-11,8.49002e-10,2.56601e-10,1.23127e-10,2.01056e-10,3.402e-10,4.72997e-10,2.33051e-10,3.48944e-10,5.55786e-10,2.34096e-10,4.02517e-10,6.56478e-10,4.54635e-10,-1.71976e-9,-1.98723e-10,1.39638e-10,-1.07663e-11,6.7127e-10,5.85369e-10,1.0,3.34026e-10,9.08948e-10,3.94994e-10,7.05221e-10,1.0154e-9,6.08748e-10,1.11531e-9,5.72589e-10,8.42308e-10,1.43125e-9,1.07135e-9,-4.91392e-10,1.30089e-9,-1.0,-7.13516e-10,-7.93992e-11,-1.20578e-10,-5.89204e-10,-8.80303e-10,-3.82418e-10,-1.00733e-9,-6.83435e-10,-5.43049e-10,-9.55746e-10,-8.14017e-10,-1.52033e-9,1.40658e-9,1.22646e-9,-1.51091e-10,8.30126e-11,-7.43939e-11,-6.55756e-10,-4.48283e-11,-2.04978e-10,-2.61192e-10,-1.85156e-10,-2.24644e-10,-1.86092e-10,-1.67275e-10,-7.92429e-10,-2.55477e-10,-1.64438e-10,0.835925,-6.18736e-10,-6.63269e-10,-1.796e-10,-0.835925,-5.71928e-10,-3.2994e-10,-3.65847e-10,-5.25194e-10,-2.79874e-10,-2.96647e-10,-3.25529e-10,-3.92379e-10,-1.38347e-9,2.11386e-9,1.03844e-9,1.68538e-10,4.01662e-11,2.12734e-10,-6.56562e-10,2.29629e-10,2.1467e-10,5.86335e-11,2.07773e-10,2.18833e-10,2.17479e-10,2.41986e-10,6.5728e-10,1.70232e-10,8.52154e-11,8.62004e-10,1.25098e-10,2.42329e-11,4.52978e-10,1.0,3.03359e-10,7.44947e-10,4.74861e-10,5.63116e-10,9.03213e-10,7.38828e-10,8.79895e-10,-1.41941e-9,1.53286e-9,-6.24534e-10,4.44093e-10,7.146e-10,6.82989e-10,5.24757e-10,-2.77498e-10,3.2424e-10,-4.55692e-10,-1.71158,1.50848e-10,-1.54912e-9,1.39943e-10,1.54405e-9,8.1434e-11,-1.63418e-10,-8.79265e-11,-5.98259e-11,-1.73093e-10,-4.8392e-11,-1.66538e-10,-2.93125e-10,-8.39075e-11,-1.00496e-9,-4.00819e-10,-1.56515e-10,1.31325e-9,3.657e-10,2.21444e-10,-1.07854e-10,-3.20138e-10,-4.57738e-10,7.06624e-11,-1.78567e-10,1.81991e-10,1.83973e-10,-2.80674e-10,-2.9527e-10,-1.51701e-9,1.5728e-9,2.41551e-10,1.85164e-10,1.80304e-10,1.55291e-10,-2.33275e-10,3.86659e-10,1.85715e-10,-8.57069e-12,4.60312e-10,8.57784e-10,1.69197e-11,-1.31605e-9,1.31953e-10,-2.34212e-10,-3.20363e-10,-3.48197e-10,-1.43168e-10,4.44278e-10,-4.88639e-11,3.90218e-10,4.25265e-11,1.71158,5.11723e-10,-1.37024e-9,-1.55751e-11,1.63518e-9,-4.41749e-10,-4.0331e-10,-3.80195e-11,-1.27769e-10,-2.50955e-10,-5.30119e-10,-5.11172e-10,-1.76705e-9,2.59769e-10,-2.43514e-10,-8.93111e-11,-1.74506e-10,-3.21968e-10,5.63543e-11,-1.48916e-9,-2.27992e-10,-1.74174e-10,4.07965e-10,1.74177e-10,-1.76172e-11,-1.42214e-10,-3.75898e-10,3.34423e-10,-3.12564e-10,-1.50576e-9,1.46662e-9,3.70057e-10,2.20329e-10,8.31971e-11,2.47974e-10,-2.63085e-10,2.31165e-10,1.29819e-9,-1.01613e-10,1.36755e-10,2.66454e-10,1.37998e-10,1.62487e-11,3.88185e-10,4.50713e-10,5.18573e-10,5.5226e-10,1.71679e-9,1.0181e-10,-2.49994e-10,-2.29809e-9,-2.1699e-10,1.23437e-10,-1.75852e-9,-2.92297e-10,1.01945e-9,1.22188e-10,8.14883e-11,-2.49414e-9,-4.05053e-10,-2.19501e-11,-2.08174e-10,1.17011e-9,2.4721e-10,6.48365e-10,-1.34627e-10,-6.02028e-10,-2.44842e-10,-1.44008e-9,1.38919e-9,3.56257e-11,4.37656e-10,2.2953e-9,-6.71502e-11,-1.77144e-10,-1.19708e-9,1.74672e-10,-9.21936e-11,2.64369e-10,2.23867e-9,3.10144e-10,-1.34137e-10,-1.05135e-9,2.52479e-10,1.72075e-9,-1.60844e-9,1.02501e-9,-1.16099e-10,-1.61407e-9,1.46634e-9,8.81899e-11,-1.07338e-9,1.55785e-9,-2.64341e-10,3.36594e-10,1.81738e-10,1.08083e-9,-9.77053e-10,-1.59577e-10,0.5,0.0836735,-0.5,-0.5,6.68257e-10,2.39979e-10,-1.09942e-9,-8.01247e-11,2.1787e-10,-5.04731e-10,4.54589e-10,-2.91373e-10,1.58387e-9,4.18854e-10,-2.42116e-10,-1.04335e-9,1.31276e-10,7.76834e-11,-4.01393e-11,-2.00959e-10,3.12533e-10,3.26322e-10,-2.89502e-10,-2.86995e-10,-7.12527e-10,-3.39995e-9,3.41194e-9,7.13232e-10,0.0,2.1371e-9,3.40753e-10,0.0,2.9712e-9,1.19393e-9,0.0,2.13613e-9,3.42813e-10,0.0,2.19734e-9,-4.55728e-10,0.0,2.08129e-9,-1.661e-10,0.0,2.62875e-9,9.25209e-10,0.0,2.06571e-9,-2.32278e-11,0.0,2.07721e-9,-1.47321e-10,0.0,2.0696e-9,9.49382e-11,0.0,2.22275e-9,-4.91771e-10,0.0,2.11861e-9,-2.9384e-10,0.0,2.06949e-9,-8.91313e-11,0.0,2.15866e-9,-3.85648e-10,0.0,2.0771e-9,-1.44506e-10,0.0,2.06955e-9,-9.18244e-11,0.0,2.13703e-9,-3.29606e-10,0.0,2.19456e-9,-4.52503e-10,0.0,2.26074e-9,-5.54489e-10,0.0,2.13703e-9,-3.37499e-10,0.0,2.08359e-9,-1.74548e-10,0.0,2.07377e-9,-1.23786e-10,0.0,2.25193e-9,-5.41193e-10,0.0,2.13363e-9,-3.28755e-10,0.0,2.10685e-9,-2.64341e-10,0.0,2.10765e-9,2.65638e-10,0.0,2.25574e-9,5.48453e-10,0.0,2.3244e-9,-6.45135e-10,0.0,3.00498e-9,-1.21648e-9,0.0,2.12254e-9,-3.01404e-10,0.0,2.06634e-9,-4.32746e-11,0.0,2.61729e-9,-9.19776e-10,0.0,2.20037e-9,4.58012e-10,0.0,2.06639e-9,-6.381e-11,0.0,2.06867e-9,6.35789e-11,0.0,2.06728e-9,6.79685e-11,0.0,2.11076e-9,2.71965e-10,0.0,2.27177e-9,5.53281e-10,0.0,2.07694e-9,1.39568e-10,0.0,2.09747e-9,2.2834e-10,0.0,2.15122e-9,3.70203e-10,0.0,2.19083e-9,4.45597e-10,0.0,2.07488e-9,1.31107e-10,0.0,2.08576e-9,1.8404e-10,0.0,2.12936e-9,3.19634e-10,0.0,2.25724e-9,5.49351e-10,0.0,2.1374e-9,3.37411e-10,0.0,2.25295e-9,5.42466e-10,0.0,2.13505e-9,3.36594e-10,0.0,2.08452e-9,1.81738e-10,0.0,3.10983e-9,1.26712e-9,0.0,3.04893e-9,1.22635e-9,0.0,2.28963e-9,6.03436e-10,0.0,2.13547e-9,3.36108e-10,0.0,2.07855e-9,1.54483e-10,0.0,2.1008e-9,-2.42933e-10,0.0,2.13484e-9,-3.13328e-10,0.0,2.2061e-9,-4.7277e-10,0.0,2.06662e-9,-7.0686e-11,0.0,2.13327e-9,-3.1764e-10,0.0,2.27627e-9,-5.77127e-10,0.0,2.08595e-9,-1.80985e-10,0.0,2.32453e-9,-6.39268e-10,0.0,2.18895e-9,-4.4101e-10,0.0,2.11142e-9,-2.69863e-10,0.0,2.09663e-9,-2.22744e-10,0.0,2.41411e-9,-7.40074e-10,0.0,2.39367e-9,-7.174e-10,0.0,2.7045e-9,-1.00159e-9,0.0,2.21932e-9,-4.906e-10,0.0,2.12803e-9,-3.14294e-10,0.0,3.95228e-9,-1.75074e-9,0.0,2.0824e-9,1.70711e-10,0.0,2.38974e-9,7.23159e-10,0.0,2.79452e-9,1.08083e-9,0.0,2.49806e-9,-8.18584e-10,1.0,1.00299,-1.41633,0.0,2.60087e-9,-9.13855e-10,0.0,2.19368e-9,-4.44383e-10,0.0,2.13393e-9,-3.37791e-10,0.0,2.39433e-9,-7.22765e-10,0.0,2.92905e-9,-1.16542e-9,0.0,2.90011e-9,-1.14017e-9,0.0,2.72857e-9,-1.02382e-9,0.0,2.65e-9,-9.65579e-10,0.0,2.69281e-9,-9.92197e-10,0.0,2.78138e-9,-1.06309e-9,0.0,2.87313e-9,-1.12749e-9,0.0,2.81779e-9,-1.08425e-9,0.0,3.2511e-9,-1.3632e-9,0.0,2.90979e-9,-1.15156e-9,0.0,2.62059e-9,-9.34691e-10,0.0,2.48619e-9,-8.14168e-10,0.0,3.2705e-9,-1.37337e-9,0.0,2.83959e-9,-1.10272e-9,0.0,3.04446e-9,-1.23848e-9,0.0,3.19752e-9,-1.33318e-9,0.0,2.66826e-9,-9.73134e-10,0.0,2.47507e-9,-8.02956e-10,1.0,1.00299,-1.41633,0.0,3.11801e-9,1.27368e-9,0.0,3.75442e-9,1.63681e-9,0.0,2.66321e-9,-9.77053e-10,0.0,2.50246e-9,8.4418e-10,1.0,0.794774,1.26077,0.0,2.0741e-9,-5.95957e-11,0.0,2.18791e-9,-4.3557e-10,0.0,2.25116e-9,-5.54179e-10,0.0,2.16784e-9,4.03163e-10,0.0,2.10385e-9,-2.42992e-10,0.0,2.48705e-9,8.07516e-10,0.0,2.1507e-9,3.66194e-10,0.0,2.08959e-9,1.99071e-10,0.0,2.11695e-9,-2.81994e-10,0.0,2.11731e-9,2.86517e-10,0.0,2.11377e-9,2.77951e-10,0.0,2.09442e-9,2.18858e-10,0.0,2.09116e-9,2.05375e-10,0.0,2.11755e-9,2.88238e-10,0.0,2.0934e-9,2.12093e-10,0.0,2.07451e-9,1.28021e-10,0.0,2.13315e-9,3.2785e-10,0.0,2.07614e-9,1.39179e-10,0.0,2.08901e-9,1.97385e-10,0.0,2.0982e-9,2.30528e-10,0.0,2.10181e-9,2.42076e-10,0.0,3.85042e-9,-1.69919e-9,0.0,2.2953e-9,-6.13822e-10,1.0,0.794774,1.26077,0.0,2.08017e-9,-1.59577e-10,0.0,2.13157e-9,3.35088e-10,0.0,2.15853e-9,3.86026e-10,0.0,2.10836e-9,2.24993e-10,1.0,0.888889,1.33333,0.0,2.42364e-9,7.45046e-10,0.0,2.84865e-9,1.10665e-9,0.0,3.004e-9,1.21434e-9,0.0,2.37164e-9,6.93125e-10,0.0,2.67421e-9,9.77188e-10,0.0,4.22032e-9,1.82681e-9,0.0,2.77048e-9,1.05121e-9,0.0,3.2462e-9,1.34913e-9,0.0,3.03479e-9,1.2324e-9,0.0,2.97496e-9,1.19279e-9,0.0,2.48155e-9,8.09588e-10,0.0,2.64114e-9,9.507e-10,0.0,2.90508e-9,1.14788e-9,0.0,3.19095e-9,1.32706e-9,0.0,2.81322e-9,1.08312e-9,0.0,3.23371e-9,1.35186e-9,0.0,2.46465e-9,7.93005e-10,0.0,2.68529e-9,9.85629e-10,0.0,2.99459e-9,1.20744e-9,0.0,2.99074e-9,1.20398e-9,0.0,3.65713e-9,-1.59503e-9,0.0,3.06104e-9,-1.25284e-9,1.0,0.888889,1.33333,0.0,2.08192e-9,-1.56976e-10,0.0,2.1571e-9,-3.76685e-10,0.0,2.62086e-9,-9.26134e-10,0.0,2.91966e-9,-1.14685e-9,0.0,2.96509e-9,-1.17812e-9,0.0,2.07772e-9,-1.48361e-10,0.0,2.10472e-9,2.32865e-10,0.0,2.142e-9,3.40195e-10,0.0,2.44504e-9,7.5291e-10,0.0,2.18859e-9,4.42342e-10,0.0,2.10336e-9,2.42923e-10,0.0,2.25337e-9,5.45156e-10,0.0,2.09399e-9,2.14769e-10,0.0,2.11583e-9,2.82771e-10,0.0,2.1832e-9,4.31321e-10,0.0,2.30945e-9,6.19816e-10,0.0,2.39844e-9,7.22714e-10,0.0,2.12199e-9,3.00209e-10,0.0,2.2226e-9,4.95686e-10,0.0,2.55193e-9,8.75192e-10,0.0,2.38532e-9,7.07482e-10,0.0,2.33563e-9,-6.62182e-10,0.0,2.07073e-9,-1.06473e-10,0.0,4.11413e-9,1.81334e-9,1.0,0.125,0.5,1.0,0.5,-1.0,0.0,3.39437e-9,-1.42607e-9,0.0,2.32024e-9,-6.0667e-10,0.0,2.77487e-9,-1.02175e-9,0.0,2.65802e-9,-9.44367e-10,0.0,3.77616e-9,-1.62523e-9,0.0,2.6715e-9,-9.54744e-10,0.0,3.62518e-9,-1.55439e-9,0.0,2.9335e-9,-1.15523e-9,0.0,3.12759e-9,-1.27101e-9,0.0,3.47425e-9,-1.47888e-9,0.0,2.8285e-9,-1.08152e-9,0.0,3.49943e-9,-1.49225e-9,0.0,3.09504e-9,-1.26133e-9,0.0,2.83345e-9,-1.08668e-9,0.0,2.74471e-9,-1.0212e-9,0.0,3.31672e-9,-1.39343e-9,1.0,1.39754,-1.67185,0.0,2.79804e-9,1.0871e-9,1.0,0.00350063,0.0836735,0.0,2.41695e-9,7.26996e-10,0.0,3.34017e-9,-1.40204e-9,0.0,2.73097e-9,-9.99266e-10,0.0,3.37106e-9,-1.39883e-9,0.0,3.12471e-9,-1.27005e-9,0.0,2.07331e-9,-7.12283e-11,1.0,0.62113,-1.11457,0.0,2.98558e-9,-1.18165e-9,0.0,2.11573e-9,-2.65853e-10,0.0,2.59071e-9,-8.97171e-10,0.0,2.5969e-9,-8.98756e-10,0.0,2.44832e-9,-7.69193e-10,0.0,2.60538e-9,-9.09948e-10,0.0,2.52834e-9,-8.40513e-10,0.0,2.52994e-9,-8.46755e-10,0.0,2.53221e-9,-8.46773e-10,0.0,2.43565e-9,-7.52131e-10,0.0,2.44584e-9,-7.62602e-10,0.0,2.44063e-9,-7.61113e-10,0.0,2.89455e-9,-1.13253e-9,0.0,2.12116e-9,2.80633e-10,1.0,0.125,-0.5,0.0,3.48568e-9,1.47805e-9,0.0,2.51808e-9,8.18777e-10,0.0,2.35331e-9,6.50014e-10,1.0,0.628539,-1.1212,0.0,2.99386e-9,-1.20165e-9,0.0,2.3836e-9,6.81426e-10,0.0,2.0631e-9,2.27478e-11,0.0,3.04086e-9,1.19993e-9,0.0,2.23953e-9,5.02249e-10,0.0,2.09035e-9,2.00964e-10,0.0,2.15057e-9,-3.69445e-10,0.0,2.15444e-9,3.59395e-10,0.0,2.10292e-9,2.42015e-10,0.0,2.13603e-9,3.22512e-10,0.0,2.1086e-9,2.48825e-10,0.0,2.12294e-9,2.98562e-10,0.0,2.08453e-9,1.75093e-10,0.0,2.12994e-9,3.09047e-10,0.0,2.09063e-9,1.98666e-10,1.0,3.50507,-2.64767,1.0,1.1752,1.5331,1.0,0.125,-0.5,0.0,2.8287e-9,1.08575e-9,0.0,2.36346e-9,6.74285e-10,0.0,2.70174e-9,9.84534e-10,1.0,0.888889,1.33333,0.0,2.36309e-9,-6.52607e-10,0.0,2.89431e-9,1.12541e-9,0.0,4.24098e-9,1.81904e-9,0.0,2.10697e-9,2.13361e-10,0.0,2.6503e-9,9.4591e-10,0.0,2.74816e-9,1.02421e-9,0.0,2.25567e-9,5.29534e-10,0.0,2.48672e-9,8.05231e-10,0.0,2.61872e-9,9.2357e-10,0.0,2.48378e-9,8.02385e-10,0.0,2.44103e-9,7.61116e-10,0.0,2.44826e-9,7.67176e-10,0.0,2.53024e-9,8.46557e-10,0.0,2.57431e-9,8.86438e-10,0.0,2.73741e-9,1.02057e-9,0.0,2.45752e-9,7.78633e-10,0.0,2.18494e-9,-4.33342e-10,0.0,2.42523e-9,7.43809e-10,0.0,2.15802e-9,3.72188e-10,0.0,2.22574e-9,4.83621e-10,0.0,3.58047e-9,1.50679e-9,1.0,0.5,1.0,0.0,2.49343e-9,8.04899e-10,0.0,3.45866e-9,1.47049e-9,0.0,3.50796e-9,1.47713e-9,0.0,2.9047e-9,1.13784e-9,0.0,3.35372e-9,1.41708e-9,0.0,2.70978e-9,9.97068e-10,0.0,3.29297e-9,1.38337e-9,0.0,2.64097e-9,9.43601e-10,0.0,2.7253e-9,1.01033e-9,0.0,2.92601e-9,1.15653e-9,0.0,3.34421e-9,1.41169e-9,0.0,3.20332e-9,1.33059e-9,0.0,2.8609e-9,-1.13676e-9,1.0,1.39754,1.67185,0.0,2.34924e-9,6.68257e-10,1.0,0.5,-1.0,0.0,2.52269e-9,-8.33293e-10,0.0,2.18189e-9,-4.10416e-10,0.0,2.09044e-9,-1.88874e-10,0.0,2.13441e-9,-3.22649e-10,0.0,2.89488e-9,-1.12893e-9,0.0,2.17701e-9,-4.10782e-10,0.0,2.92306e-9,-1.15054e-9,0.0,2.54031e-9,-8.53182e-10,0.0,2.26289e-9,-5.49781e-10,0.0,3.03233e-9,-1.22215e-9,0.0,2.40442e-9,-7.20634e-10,0.0,2.92569e-9,-1.15207e-9,0.0,3.86875e-9,-1.67574e-9,0.0,2.64389e-9,-9.42672e-10,0.0,2.38444e-9,-6.99568e-10,0.0,3.12756e-9,-1.31785e-9,0.0,2.19691e-9,4.37099e-10,0.0,2.1003e-9,2.39979e-10,0.0,2.50769e-9,8.22241e-10,0.0,2.075e-9,-1.28409e-10,0.0,2.08159e-9,-1.62704e-10,0.0,2.13534e-9,-3.2534e-10,0.0,2.2645e-9,-5.52606e-10,0.0,2.38436e-9,6.84033e-10,0.0,2.07444e-9,-1.25117e-10,0.0,2.43401e-9,-7.50817e-10,0.0,2.07287e-9,-1.15278e-10,0.0,2.10977e-9,-2.63239e-10,0.0,2.10379e-9,-2.4448e-10,0.0,2.10565e-9,-2.51944e-10,0.0,2.10959e-9,-2.63291e-10,0.0,2.12183e-9,-2.96905e-10,0.0,2.09481e-9,-2.16698e-10,0.0,2.3621e-9,-6.80423e-10,0.0,2.14598e-9,-3.53401e-10,0.0,2.11494e-9,-2.78085e-10,0.0,2.09752e-9,-2.38998e-10,0.0,3.01668e-9,1.23433e-9,0.0,2.86447e-9,-1.09942e-9,0.0,2.45402e-9,7.75425e-10,0.0,2.15323e-9,3.69231e-10,0.0,2.44385e-9,7.43975e-10,0.0,2.20026e-9,-4.5792e-10,0.0,2.50053e-9,-8.21083e-10,0.0,2.09122e-9,2.01955e-10,0.0,2.08314e-9,-1.71648e-10,0.0,2.0921e-9,2.09372e-10,0.0,2.06697e-9,6.77959e-11,0.0,2.06872e-9,-8.53975e-11,0.0,2.10605e-9,-2.55907e-10,0.0,2.06409e-9,-1.94485e-11,0.0,2.06393e-9,4.23034e-12,0.0,2.06743e-9,7.49092e-11,0.0,2.06769e-9,7.61763e-11,0.0,2.06879e-9,-8.68866e-11,0.0,2.07265e-9,-1.16341e-10,0.0,3.87311e-9,-1.71302e-9,0.0,3.85879e-9,1.69442e-9,0.0,2.07353e-9,-8.01247e-11,0.0,2.07673e-9,1.37874e-10,0.0,2.07187e-9,-9.42779e-11,1.0,0.628539,1.1212,0.0,2.24365e-9,5.12271e-10,0.0,2.06795e-9,-4.06909e-11,0.0,2.5364e-9,8.49002e-10,0.0,2.11007e-9,2.56601e-10,0.0,2.08291e-9,1.23127e-10,0.0,2.0923e-9,2.01056e-10,0.0,2.14174e-9,3.402e-10,0.0,2.21339e-9,4.72997e-10,0.0,2.10058e-9,2.33051e-10,0.0,2.14576e-9,3.48944e-10,0.0,2.26733e-9,5.55786e-10,0.0,2.10096e-9,2.34096e-10,0.0,2.17102e-9,4.02517e-10,0.0,2.345e-9,6.56478e-10,0.0,2.20008e-9,4.54635e-10,0.0,3.90745e-9,-1.71976e-9,0.0,2.08962e-9,-1.98723e-10,0.0,2.07699e-9,1.39638e-10,0.0,2.06483e-9,-1.07663e-11,0.0,2.37819e-9,6.7127e-10,0.0,2.28922e-9,5.85369e-10,1.0,0.5,1.0,0.0,2.13901e-9,3.34026e-10,0.0,2.59739e-9,9.08948e-10,0.0,2.16549e-9,3.94994e-10,0.0,2.3868e-9,7.05221e-10,0.0,2.72958e-9,1.0154e-9,0.0,2.30518e-9,6.08748e-10,0.0,2.86704e-9,1.11531e-9,0.0,2.27682e-9,5.72589e-10,0.0,2.52499e-9,8.42308e-10,0.0,3.37299e-9,1.43125e-9,0.0,2.80697e-9,1.07135e-9,0.0,2.22094e-9,-4.91392e-10,0.0,3.11958e-9,1.30089e-9,0.0,2.09486e-9,2.1787e-10,1.0,0.5,-1.0,0.0,2.40006e-9,-7.13516e-10,0.0,2.06851e-9,-7.93992e-11,0.0,2.07373e-9,-1.20578e-10,0.0,2.2898e-9,-5.89204e-10,0.0,2.56915e-9,-8.80303e-10,0.0,2.16011e-9,-3.82418e-10,0.0,2.72406e-9,-1.00733e-9,0.0,2.36984e-9,-6.83435e-10,0.0,2.25622e-9,-5.43049e-10,0.0,2.6594e-9,-9.55746e-10,0.0,2.49693e-9,-8.14017e-10,0.0,3.4882e-9,-1.52033e-9,0.0,3.31197e-9,1.40658e-9,0.0,2.24015e-9,-5.04731e-10,0.0,3.06827e-9,1.22646e-9,0.0,2.0786e-9,-1.51091e-10,0.0,2.06846e-9,8.30126e-11,0.0,2.06747e-9,-7.43939e-11,0.0,2.34134e-9,-6.55756e-10,0.0,2.06537e-9,-4.48283e-11,0.0,2.09147e-9,-2.04978e-10,0.0,2.10814e-9,-2.61192e-10,0.0,2.08664e-9,-1.85156e-10,0.0,2.09693e-9,-2.24644e-10,0.0,2.08666e-9,-1.86092e-10,0.0,2.08241e-9,-1.67275e-10,0.0,2.46617e-9,-7.92429e-10,0.0,2.1066e-9,-2.55477e-10,0.0,2.08007e-9,-1.64438e-10,0.0,2.20888e-9,4.54589e-10,1.0,0.349386,0.835925,0.0,2.32659e-9,-6.18736e-10,0.0,2.36475e-9,-6.63269e-10,0.0,2.08687e-9,-1.796e-10,1.0,0.349386,-0.835925,0.0,2.28833e-9,-5.71928e-10,0.0,2.13858e-9,-3.2994e-10,0.0,2.15977e-9,-3.65847e-10,0.0,2.25126e-9,-5.25194e-10,0.0,2.1187e-9,-2.79874e-10,0.0,2.12284e-9,-2.96647e-10,0.0,2.13788e-9,-3.25529e-10,0.0,2.16806e-9,-3.92379e-10,0.0,3.2366e-9,-1.38347e-9,0.0,4.8853e-9,2.11386e-9,0.0,2.11955e-9,-2.91373e-10,0.0,2.77969e-9,1.03844e-9,0.0,2.08287e-9,1.68538e-10,0.0,2.065e-9,4.01662e-11,0.0,2.09317e-9,2.12734e-10,0.0,2.34497e-9,-6.56562e-10,0.0,2.09793e-9,2.29629e-10,0.0,2.09374e-9,2.1467e-10,0.0,2.06622e-9,5.86335e-11,0.0,2.09217e-9,2.07773e-10,0.0,2.09505e-9,2.18833e-10,0.0,2.09473e-9,2.17479e-10,0.0,2.10191e-9,2.41986e-10,0.0,2.33975e-9,6.5728e-10,0.0,2.08271e-9,1.70232e-10,0.0,2.06925e-9,8.52154e-11,0.0,2.56203e-9,8.62004e-10,0.0,2.07572e-9,1.25098e-10,0.0,2.06542e-9,2.42329e-11,0.0,2.19705e-9,4.52978e-10,1.0,0.5,1.0,0.0,2.12443e-9,3.03359e-10,0.0,2.42284e-9,7.44947e-10,0.0,2.21007e-9,4.74861e-10,0.0,2.26998e-9,5.63116e-10,0.0,2.59126e-9,9.03213e-10,0.0,2.41928e-9,7.38828e-10,0.0,2.5664e-9,8.79895e-10,0.0,3.31584e-9,-1.41941e-9,0.0,3.53457e-9,1.53286e-9,0.0,3.71961e-9,1.58387e-9,0.0,2.32789e-9,-6.24534e-10,0.0,2.19701e-9,4.44093e-10,0.0,2.4034e-9,7.146e-10,0.0,2.3762e-9,6.82989e-10,0.0,2.25065e-9,5.24757e-10,0.0,2.11438e-9,-2.77498e-10,0.0,2.13587e-9,3.2424e-10,0.0,2.20034e-9,-4.55692e-10,1.0,1.46476,-1.71158,0.0,2.08058e-9,1.50848e-10,0.0,3.54665e-9,-1.54912e-9,0.0,2.0858e-9,1.39943e-10,0.0,3.57571e-9,1.54405e-9,0.0,2.17944e-9,4.18854e-10,0.0,2.0685e-9,8.1434e-11,0.0,2.08117e-9,-1.63418e-10,0.0,2.06894e-9,-8.79265e-11,0.0,2.06632e-9,-5.98259e-11,0.0,2.0833e-9,-1.73093e-10,0.0,2.06594e-9,-4.8392e-11,0.0,2.08203e-9,-1.66538e-10,0.0,2.11958e-9,-2.93125e-10,0.0,2.06886e-9,-8.39075e-11,0.0,2.7083e-9,-1.00496e-9,0.0,2.16853e-9,-4.00819e-10,0.0,2.07856e-9,-1.56515e-10,0.0,3.14402e-9,1.31325e-9,0.0,2.10121e-9,-2.42116e-10,0.0,2.14988e-9,3.657e-10,0.0,2.09546e-9,2.21444e-10,0.0,2.07186e-9,-1.07854e-10,0.0,2.13077e-9,-3.20138e-10,0.0,2.19942e-9,-4.57738e-10,0.0,2.06715e-9,7.06624e-11,0.0,2.08518e-9,-1.78567e-10,0.0,2.08517e-9,1.81991e-10,0.0,2.08582e-9,1.83973e-10,0.0,2.11552e-9,-2.80674e-10,0.0,2.12081e-9,-2.9527e-10,0.0,3.48481e-9,-1.51701e-9,0.0,3.61412e-9,1.5728e-9,0.0,2.76484e-9,-1.04335e-9,0.0,2.10183e-9,2.41551e-10,0.0,2.08653e-9,1.85164e-10,0.0,2.08557e-9,1.80304e-10,0.0,2.07954e-9,1.55291e-10,0.0,2.09878e-9,-2.33275e-10,0.0,2.16096e-9,3.86659e-10,0.0,2.08654e-9,1.85715e-10,0.0,2.06408e-9,-8.57069e-12,0.0,2.20265e-9,4.60312e-10,0.0,2.53224e-9,8.57784e-10,0.0,2.06416e-9,1.69197e-11,0.0,3.13168e-9,-1.31605e-9,0.0,2.07616e-9,1.31953e-10,0.0,2.09832e-9,-2.34212e-10,0.0,2.12842e-9,-3.20363e-10,0.0,2.13982e-9,-3.48197e-10,0.0,2.07554e-9,-1.43168e-10,0.0,2.19921e-9,4.44278e-10,0.0,2.06444e-9,-4.88639e-11,0.0,2.16329e-9,3.90218e-10,0.0,2.0647e-9,4.25265e-11,1.0,1.46476,1.71158,0.0,2.23596e-9,5.11723e-10,0.0,3.2282e-9,-1.37024e-9,0.0,2.06635e-9,-1.55751e-11,0.0,3.74132e-9,1.63518e-9,0.0,2.07512e-9,1.31276e-10,0.0,2.19078e-9,-4.41749e-10,0.0,2.16832e-9,-4.0331e-10,0.0,2.0648e-9,-3.80195e-11,0.0,2.07444e-9,-1.27769e-10,0.0,2.10457e-9,-2.50955e-10,0.0,2.24606e-9,-5.30119e-10,0.0,2.23399e-9,-5.11172e-10,0.0,4.00527e-9,-1.76705e-9,0.0,2.06769e-9,7.76834e-11,0.0,2.10705e-9,2.59769e-10,0.0,2.10224e-9,-2.43514e-10,0.0,2.06927e-9,-8.93111e-11,0.0,2.0839e-9,-1.74506e-10,0.0,2.13124e-9,-3.21968e-10,0.0,2.06587e-9,5.63543e-11,0.0,3.47557e-9,-1.48916e-9,0.0,2.09812e-9,-2.27992e-10,0.0,2.08199e-9,-1.74174e-10,0.0,2.06513e-9,-4.01393e-11,0.0,2.17148e-9,4.07965e-10,0.0,2.08383e-9,1.74177e-10,0.0,2.06411e-9,-1.76172e-11,0.0,2.07704e-9,-1.42214e-10,0.0,2.15528e-9,-3.75898e-10,0.0,2.13704e-9,3.34423e-10,0.0,2.1274e-9,-3.12564e-10,0.0,3.46712e-9,-1.50576e-9,0.0,3.41128e-9,1.46662e-9,0.0,2.09028e-9,-2.00959e-10,0.0,2.15288e-9,3.70057e-10,0.0,2.09586e-9,2.20329e-10,0.0,2.06854e-9,8.31971e-11,0.0,2.10352e-9,2.47974e-10,0.0,2.10877e-9,-2.63085e-10,0.0,2.09906e-9,2.31165e-10,0.0,3.1339e-9,1.29819e-9,0.0,2.07072e-9,-1.01613e-10,0.0,2.07701e-9,1.36755e-10,0.0,2.10977e-9,2.66454e-10,0.0,2.07622e-9,1.37998e-10,0.0,2.06403e-9,1.62487e-11,0.0,2.16071e-9,3.88185e-10,0.0,2.1948e-9,4.50713e-10,0.0,2.2391e-9,5.18573e-10,0.0,2.2618e-9,5.5226e-10,0.0,3.91498e-9,1.71679e-9,0.0,2.12724e-9,3.12533e-10,0.0,2.07047e-9,1.0181e-10,0.0,2.1046e-9,-2.49994e-10,0.0,5.39933e-9,-2.29809e-9,0.0,2.09474e-9,-2.1699e-10,0.0,2.07357e-9,1.23437e-10,0.0,3.99098e-9,-1.75852e-9,0.0,2.11664e-9,-2.92297e-10,0.0,2.71294e-9,1.01945e-9,0.0,2.13249e-9,3.26322e-10,0.0,2.07347e-9,1.22188e-10,0.0,2.06803e-9,8.14883e-11,0.0,6.00282e-9,-2.49414e-9,0.0,2.1716e-9,-4.05053e-10,0.0,2.06424e-9,-2.19501e-11,0.0,2.09011e-9,-2.08174e-10,0.0,2.92078e-9,1.17011e-9,0.0,2.11769e-9,-2.89502e-10,0.0,2.10384e-9,2.4721e-10,0.0,2.33825e-9,6.48365e-10,0.0,2.07778e-9,-1.34627e-10,0.0,2.29971e-9,-6.02028e-10,0.0,2.10303e-9,-2.44842e-10,0.0,3.3482e-9,-1.44008e-9,0.0,3.27356e-9,1.38919e-9,0.0,2.1171e-9,-2.86995e-10,0.0,2.06487e-9,3.56257e-11,0.0,2.18996e-9,4.37656e-10,0.0,5.39889e-9,2.2953e-9,0.0,2.06667e-9,-6.71502e-11,0.0,2.08432e-9,-1.77144e-10,0.0,2.94763e-9,-1.19708e-9,0.0,2.08477e-9,1.74672e-10,0.0,2.06915e-9,-9.21936e-11,0.0,2.10999e-9,2.64369e-10,0.0,5.23324e-9,2.23867e-9,0.0,2.1272e-9,3.10144e-10,0.0,2.07548e-9,-1.34137e-10,0.0,2.74436e-9,-1.05135e-9,0.0,2.10642e-9,2.52479e-10,0.0,3.92592e-9,1.72075e-9,0.0,2.39277e-9,-7.12527e-10,0.0,3.67458e-9,-1.60844e-9,0.0,2.72072e-9,1.02501e-9,0.0,9.3257e-9,-3.39995e-9,0.0,2.07183e-9,-1.16099e-10,0.0,9.37801e-9,3.41194e-9,0.0,3.68308e-9,-1.61407e-9,0.0,3.41313e-9,1.46634e-9,0.0,2.39436e-9,7.13232e-10,0.0,2.06958e-9,8.81899e-11,0.0,2.77461e-9,-1.07338e-9,0.0,3.58881e-9,1.55785e-9]
WARNING: If matrix A has nonzero entries smaller than zero tolerance, performance may be improved by fixing these values to zero
WARNING: For the MIP-solver-driven algorithm, optimality tolerance must be specified as MIP solver option, not Pajarito option
WARNING: Not solved to optimality, status: UserLimit
