WARNING: Method definition require(Symbol) in module Base at loading.jl:345 overwritten in module ConicBenchmarkUtilities at /home/ubuntu/.julia/v0.5/Requires/src/require.jl:12.
#SOLVERNAME# PAJ_MSD_GUROBI_MOSEK
#SOLVER# Pajarito.PajaritoSolver(2,3600.0,1.0e-5,true,Gurobi.GurobiSolver(nothing,Any[(:OutputFlag,0),(:Threads,1),(:TimeLimit,3600.0),(:MIPGap,1.0e-5)]),MathProgBase.DefaultMIPSolver(),0,false,true,Mosek.MosekMathProgSolverInterface.MosekSolver(Any[(:LOG,0),(:NUM_THREADS,1),(:OPTIMIZER_MAX_TIME,120.0)]),true,false,false,true,false,true,false,true,true,true,true,false,false,true,false,false,false,false,1.0e-10,0.0001,1.0e-6,0.01,1.0e-6)
#FILENAME# ck_n25_m20_o3_5.cbf.gz
#INSTANCE# ck_n25_m20_o3_5
#TIMELIMIT# 3600.0

Transforming original data......Done     0.00s

Creating conic model data......Done     0.00s

Creating MIP model......Done     0.00s

Cone types summary:
Cone       | Count    | Min dim  | Max dim 
       SOC |       20 |       27 |       27

Solving conic relaxation......Done     0.01s
 - Relaxation status    =        Optimal
 - Relaxation objective =   -9514.573918

Creating conic subproblem model......Done     0.00s

Starting MIP-solver-driven outer approximation algorithm

Pajarito MICP solve summary:
 - Total time (s)       =       1.87e-01
 - Status               =        Optimal
 - Best feasible obj.   =  -7.347000e+03
 - Final OA obj. bound  =  -7.349000e+03
 - Relative opt. gap    =      2.722e-04
 - Conic solve count    =              6
 - Feas. solution count =              2
 - Integer repeat count =              2

Timers (s):
 - Setup                =       7.55e-02
 -- Transform data      =       4.59e-04
 -- Create conic data   =       2.80e-04
 -- Create MIP data     =       4.43e-03
 -- Load/solve relax    =       9.94e-03
 - MIP-driven algorithm =       1.12e-01
 -- Solve conic model   =       4.32e-02
 -- Process conic data  =       4.97e-03
 -- Add conic solution  =       7.73e-05
 -- Add dual cuts       =       1.62e-02
 -- Use outer inf/cuts  =       1.54e-04

WARNING: If matrix A has nonzero entries smaller than zero tolerance, performance may be improved by fixing these values to zero
WARNING: For the MIP-solver-driven algorithm, optimality tolerance must be specified as MIP solver option, not Pajarito option
#STATUS# Optimal
#OBJVAL# 7347.000001322487
#OBJBOUND# 7349.000002218121
#TIMESOLVER# 0.18735384941101074
#TIMEALL# 0.19155311584472656
#SOLUTION# [1.0,1.0,-0.0,0.0,1.0,-0.0,-0.0,1.0,1.0,-0.0,1.0,1.0,1.0,0.0,-0.0,1.0,1.0,0.0,-0.0,1.0,-0.0,-0.0,1.0,1.0,1.52152e-8,0.0,0.0,25.0,0.0,0.0,0.0,0.0,0.0,0.0,0.0,0.0,0.0,0.0,0.0,0.0,0.0,0.0,0.0,0.0,0.0,0.0,0.0,0.0,0.0,0.0,1.59759e-6,136.053,0.0,0.0,0.0,0.0,0.0,0.0,0.0,0.0,0.0,0.0,0.0,78.0,0.0,0.0,0.0,0.0,0.0,0.0,0.0,0.0,0.0,0.0,0.0,0.0,0.0,137.804,0.0,0.0,0.0,0.0,0.0,0.0,0.0,140.0,0.0,0.0,0.0,3.0,0.0,0.0,0.0,0.0,0.0,0.0,0.0,0.0,0.0,0.0,0.0,0.0,0.0,169.732,0.0,0.0,0.0,0.0,0.0,0.0,0.0,93.0,62.0,0.0,0.0,0.0,40.0,0.0,0.0,0.0,0.0,0.0,0.0,0.0,0.0,0.0,0.0,0.0,0.0,137.209,0.0,0.0,0.0,0.0,0.0,0.0,0.0,0.0,0.0,0.0,0.0,0.0,0.0,0.0,0.0,0.0,0.0,0.0,0.0,0.0,0.0,0.0,0.0,0.0,0.0,-9.97462e-12,17.0,0.0,0.0,0.0,0.0,0.0,0.0,0.0,0.0,0.0,0.0,0.0,0.0,0.0,0.0,0.0,0.0,0.0,0.0,0.0,0.0,0.0,0.0,0.0,0.0,47.6201,0.0,0.0,0.0,0.0,0.0,0.0,0.0,0.0,0.0,0.0,68.0,0.0,0.0,0.0,0.0,0.0,0.0,0.0,0.0,0.0,0.0,0.0,0.0,0.0,8.2162e-7,131.785,0.0,0.0,0.0,0.0,0.0,0.0,0.0,0.0,65.0,0.0,0.0,0.0,0.0,0.0,0.0,0.0,0.0,0.0,0.0,0.0,0.0,0.0,0.0,0.0,0.0,65.0,0.0,0.0,0.0,0.0,0.0,0.0,0.0,0.0,0.0,0.0,0.0,0.0,0.0,0.0,0.0,0.0,0.0,0.0,0.0,0.0,0.0,0.0,0.0,0.0,0.0,52.0934,0.0,0.0,0.0,0.0,100.0,0.0,0.0,0.0,0.0,0.0,0.0,0.0,0.0,0.0,0.0,0.0,0.0,0.0,0.0,0.0,0.0,0.0,0.0,0.0,1.97797e-7,100.0,0.0,0.0,0.0,0.0,0.0,0.0,0.0,0.0,0.0,0.0,0.0,0.0,0.0,0.0,0.0,0.0,0.0,0.0,0.0,0.0,0.0,0.0,0.0,0.0,0.0,-9.97462e-12,0.0,0.0,0.0,0.0,0.0,0.0,0.0,0.0,0.0,0.0,0.0,0.0,0.0,0.0,0.0,0.0,0.0,0.0,0.0,0.0,0.0,0.0,0.0,26.0,1.12592e-6,109.123,0.0,0.0,0.0,0.0,0.0,0.0,0.0,0.0,0.0,0.0,0.0,0.0,0.0,0.0,0.0,0.0,0.0,0.0,0.0,0.0,0.0,0.0,0.0,198.0,3.95595e-7,198.0,0.0,0.0,0.0,0.0,0.0,0.0,0.0,91.0,0.0,0.0,0.0,0.0,0.0,0.0,0.0,0.0,0.0,0.0,0.0,0.0,0.0,0.0,0.0,47.0,0.0,159.933,0.0,0.0,0.0,0.0,0.0,0.0,0.0,0.0,27.0,0.0,0.0,0.0,0.0,0.0,0.0,0.0,0.0,0.0,0.0,0.0,0.0,0.0,0.0,0.0,0.0,112.583,0.0,0.0,0.0,0.0,0.0,0.0,0.0,0.0,0.0,0.0,0.0,0.0,0.0,0.0,0.0,0.0,0.0,0.0,0.0,0.0,0.0,0.0,0.0,169.0,0.0,169.0,0.0,0.0,0.0,0.0,0.0,0.0,0.0,0.0,0.0,0.0,0.0,0.0,0.0,0.0,0.0,0.0,0.0,0.0,0.0,0.0,0.0,0.0,0.0,0.0,0.0,113.149,0.0,0.0,0.0,0.0,0.0,0.0,0.0,0.0,0.0,0.0,0.0,0.0,0.0,0.0,0.0,0.0,184.0,0.0,0.0,0.0,0.0,0.0,0.0,0.0,0.0,184.0,0.0,0.0,0.0,0.0,0.0,0.0,0.0,0.0,0.0,0.0,0.0,53.0,50.0,0.0,0.0,0.0,0.0,0.0,0.0,0.0,0.0,0.0,0.0,0.0,1.21721e-7,93.6781,0.0,61.0,0.0,0.0,0.0,0.0,0.0,0.0,0.0,0.0,0.0,0.0,0.0,0.0,0.0,0.0,0.0,0.0,0.0,0.0,0.0,0.0,0.0,0.0,1.44544e-6,61.5557,192.408,96.2042,-0.0,35.3553,-0.0,-0.0,-0.0,-0.0,-0.0,-0.0,-0.0,-0.0,-0.0,-0.0,-0.0,-0.0,-0.0,-0.0,-0.0,-0.0,-0.0,-0.0,-0.0,-0.0,-0.0,-0.0,2.25934e-6,194.884,97.4419,-0.0,-0.0,-0.0,-0.0,-0.0,-0.0,-0.0,-0.0,-0.0,-0.0,-0.0,110.309,-0.0,-0.0,-0.0,-0.0,-0.0,-0.0,-0.0,-0.0,-0.0,-0.0,-0.0,-0.0,-0.0,240.037,120.019,-0.0,-0.0,-0.0,-0.0,-0.0,-0.0,-0.0,197.99,-0.0,-0.0,-0.0,4.24264,-0.0,-0.0,-0.0,-0.0,-0.0,-0.0,-0.0,-0.0,-0.0,-0.0,-0.0,-0.0,-0.0,194.043,97.0217,-0.0,-0.0,-0.0,-0.0,-0.0,-0.0,-0.0,131.522,87.6812,-0.0,-0.0,-0.0,56.5685,-0.0,-0.0,-0.0,-0.0,-0.0,-0.0,-0.0,-0.0,-0.0,-0.0,-0.0,-0.0,-1.41062e-11,-7.05312e-12,-0.0,-0.0,-0.0,-0.0,-0.0,-0.0,-0.0,-0.0,-0.0,-0.0,-0.0,-0.0,-0.0,-0.0,-0.0,-0.0,-0.0,-0.0,-0.0,-0.0,-0.0,-0.0,-0.0,-0.0,-0.0,67.3451,33.6725,24.0416,-0.0,-0.0,-0.0,-0.0,-0.0,-0.0,-0.0,-0.0,-0.0,-0.0,-0.0,-0.0,-0.0,-0.0,-0.0,-0.0,-0.0,-0.0,-0.0,-0.0,-0.0,-0.0,-0.0,-0.0,186.372,93.1859,-0.0,-0.0,-0.0,-0.0,-0.0,-0.0,-0.0,-0.0,-0.0,-0.0,96.1665,-0.0,-0.0,-0.0,-0.0,-0.0,-0.0,-0.0,-0.0,-0.0,-0.0,-0.0,-0.0,-0.0,1.16195e-6,91.9239,45.9619,-0.0,-0.0,-0.0,-0.0,-0.0,-0.0,-0.0,-0.0,91.9239,-0.0,-0.0,-0.0,-0.0,-0.0,-0.0,-0.0,-0.0,-0.0,-0.0,-0.0,-0.0,-0.0,-0.0,-0.0,-0.0,73.6711,36.8356,-0.0,-0.0,-0.0,-0.0,-0.0,-0.0,-0.0,-0.0,-0.0,-0.0,-0.0,-0.0,-0.0,-0.0,-0.0,-0.0,-0.0,-0.0,-0.0,-0.0,-0.0,-0.0,-0.0,-0.0,-0.0,141.421,70.7107,-0.0,-0.0,-0.0,-0.0,141.421,-0.0,-0.0,-0.0,-0.0,-0.0,-0.0,-0.0,-0.0,-0.0,-0.0,-0.0,-0.0,-0.0,-0.0,-0.0,-0.0,-0.0,-0.0,-0.0,2.79728e-7,-1.41062e-11,-7.05312e-12,-0.0,-0.0,-0.0,-0.0,-0.0,-0.0,-0.0,-0.0,-0.0,-0.0,-0.0,-0.0,-0.0,-0.0,-0.0,-0.0,-0.0,-0.0,-0.0,-0.0,-0.0,-0.0,-0.0,-0.0,-0.0,154.323,77.1616,-0.0,-0.0,-0.0,-0.0,-0.0,-0.0,-0.0,-0.0,-0.0,-0.0,-0.0,-0.0,-0.0,-0.0,-0.0,-0.0,-0.0,-0.0,-0.0,-0.0,-0.0,-0.0,-0.0,36.7696,1.5923e-6,280.014,140.007,-0.0,-0.0,-0.0,-0.0,-0.0,-0.0,-0.0,-0.0,-0.0,-0.0,-0.0,-0.0,-0.0,-0.0,-0.0,-0.0,-0.0,-0.0,-0.0,-0.0,-0.0,-0.0,-0.0,280.014,5.59455e-7,226.179,113.09,-0.0,-0.0,-0.0,-0.0,-0.0,-0.0,-0.0,128.693,-0.0,-0.0,-0.0,-0.0,-0.0,-0.0,-0.0,-0.0,-0.0,-0.0,-0.0,-0.0,-0.0,-0.0,-0.0,66.468,-0.0,159.217,79.6083,-0.0,-0.0,-0.0,-0.0,-0.0,-0.0,-0.0,-0.0,38.1838,-0.0,-0.0,-0.0,-0.0,-0.0,-0.0,-0.0,-0.0,-0.0,-0.0,-0.0,-0.0,-0.0,-0.0,-0.0,-0.0,239.002,119.501,-0.0,-0.0,-0.0,-0.0,-0.0,-0.0,-0.0,-0.0,-0.0,-0.0,-0.0,-0.0,-0.0,-0.0,-0.0,-0.0,-0.0,-0.0,-0.0,-0.0,-0.0,-0.0,-0.0,239.002,-0.0,160.017,80.0086,-0.0,-0.0,-0.0,-0.0,-0.0,-0.0,-0.0,-0.0,-0.0,-0.0,-0.0,-0.0,-0.0,-0.0,-0.0,-0.0,-0.0,-0.0,-0.0,-0.0,-0.0,-0.0,-0.0,-0.0,-0.0,260.215,130.108,-0.0,-0.0,-0.0,-0.0,-0.0,-0.0,-0.0,-0.0,-0.0,-0.0,-0.0,-0.0,-0.0,-0.0,-0.0,-0.0,260.215,-0.0,-0.0,-0.0,-0.0,-0.0,-0.0,-0.0,-0.0,132.481,66.2404,-0.0,-0.0,-0.0,-0.0,-0.0,-0.0,-0.0,-0.0,-0.0,-0.0,-0.0,74.9533,70.7107,-0.0,-0.0,-0.0,-0.0,-0.0,-0.0,-0.0,-0.0,-0.0,-0.0,-0.0,1.7214e-7,87.053,43.5265,-0.0,86.267,-0.0,-0.0,-0.0,-0.0,-0.0,-0.0,-0.0,-0.0,-0.0,-0.0,-0.0,-0.0,-0.0,-0.0,-0.0,-0.0,-0.0,-0.0,-0.0,-0.0,-0.0,-0.0,2.04416e-6]
