WARNING: Method definition require(Symbol) in module Base at loading.jl:345 overwritten in module ConicBenchmarkUtilities at /home/ubuntu/.julia/v0.5/Requires/src/require.jl:12.
#SOLVERNAME# PAJ_MSD_GUROBI_MOSEK_ALL10
#SOLVER# Pajarito.PajaritoSolver(2,3600.0,1.0e-5,true,Gurobi.GurobiSolver(nothing,Any[(:OutputFlag,0),(:Threads,1),(:TimeLimit,3600.0),(:MIPGap,1.0e-5)]),MathProgBase.DefaultMIPSolver(),0,false,true,Mosek.MosekMathProgSolverInterface.MosekSolver(Any[(:LOG,0),(:NUM_THREADS,1),(:OPTIMIZER_MAX_TIME,120.0),(:INTPNT_CO_TOL_REL_GAP,1.0e-10),(:INTPNT_CO_TOL_PFEAS,1.0e-10),(:INTPNT_CO_TOL_DFEAS,1.0e-10)]),true,false,false,true,false,true,false,true,true,true,true,false,false,true,false,false,false,false,1.0e-10,0.0001,1.0e-6,0.01,1.0e-6)
#FILENAME# classical_200_2.cbf.gz
#INSTANCE# classical_200_2
#TIMELIMIT# 3600.0

Transforming original data......Done     0.00s

Creating conic model data......Done     0.00s

Creating MIP model......Done     0.02s

Cone types summary:
Cone       | Count    | Min dim  | Max dim 
       SOC |        1 |      201 |      201

Solving conic relaxation......Done     0.11s
 - Relaxation status    =        Optimal
 - Relaxation objective =      -0.124629

Creating conic subproblem model......Done     0.00s

Starting MIP-solver-driven outer approximation algorithm

Pajarito MICP solve summary:
 - Total time (s)       =       3.60e+03
 - Status               =      UserLimit
 - Best feasible obj.   =  -1.005864e-01
 - Final OA obj. bound  =  -1.228207e-01
 - Relative opt. gap    =      2.210e-01
 - Conic solve count    =              9
 - Feas. solution count =              6
 - Integer repeat count =              1

Timers (s):
 - Setup                =       2.00e-01
 -- Transform data      =       4.89e-03
 -- Create conic data   =       1.51e-03
 -- Create MIP data     =       1.57e-02
 -- Load/solve relax    =       1.11e-01
 - MIP-driven algorithm =       3.60e+03
 -- Solve conic model   =       6.21e-02
 -- Process conic data  =       1.08e-02
 -- Add conic solution  =       1.40e-04
 -- Add dual cuts       =       7.51e-03
 -- Use outer inf/cuts  =       1.74e-04

#STATUS# UserLimit
#OBJVAL# -0.1005864454256625
#OBJBOUND# -0.12282074507282904
#TIMESOLVER# 3600.005546092987
#TIMEALL# 3600.0098152160645
#SOLUTION# [0.0,0.0,0.0,0.0,0.0,0.0,0.0,0.0,0.0,0.0,0.0,0.0,0.0,0.0,0.0,0.0,0.0,0.0,0.0,0.0,0.0,0.0,0.0,0.0,0.0,0.0,0.0,0.0,0.0,0.0,0.0,0.0,0.0,0.0,0.0,0.0,0.0,0.0,0.0,0.0,0.0,0.0,0.0,0.0,0.0,0.0,0.0,0.0,0.0,0.0,0.0,0.0428042,0.0,0.0,0.0,0.0,0.0,0.0298652,0.0,0.0,0.0,0.0,0.0,0.0,0.0,0.0,0.0,0.0,0.0,0.0,0.0662886,0.0,0.0,0.0,0.0,0.0,0.0,0.0,0.0,0.0,0.0609966,0.0,0.0,0.0,0.0,0.0,0.0,0.0,0.0,0.0,0.0,0.0,0.0,0.0,0.0,0.0974142,0.0,0.0,0.0,0.0,0.422111,0.0,0.0,0.0,0.0,0.0,0.0,0.0,0.0,0.0,0.0,0.0366248,0.0,0.0,0.0,0.0,0.0,0.0,0.0,0.0,0.0,0.0773289,0.0,0.0,0.0,0.0,0.0,0.0,0.0,0.0,0.0,0.0,0.0,0.0,0.0,0.0,0.0,0.0,0.0,0.0,0.0,0.0,0.0,0.0,0.0,0.0,0.0,0.0,0.0,0.0,0.0,0.0,0.0,0.0,0.0,0.0,0.0625608,0.0,0.0,0.0,0.0,0.0,0.0,0.0,0.0,0.0,0.0,0.104005,0.0,0.0,0.0,0.0,0.0,0.0,0.0,0.0,0.0,0.0,0.0,0.0,0.0,0.0,0.0,0.0,0.0,0.0,0.0,0.0,0.0,0.0,0.0,0.0,0.0,0.0,0.0,0.0,0.0,0.0,0.0,0.0,0.0,0.0,0.0,0.0,0.0,0.0,0.0,0.0,0.0,0.0,0.0,0.0,0.0,0.0,0.0,0.0,0.0,0.0,0.0,0.0,0.0,0.0,0.0,0.0,0.0,0.0,0.0,0.0,0.0,0.0,0.0,0.0,0.0,0.0,0.0,0.0,0.0,0.0,0.0,0.0,0.0,0.0,0.0,0.0,0.0,0.0,0.0,0.0,0.0,0.0,0.0,0.0,1.0,0.0,0.0,0.0,0.0,0.0,1.0,0.0,0.0,0.0,0.0,0.0,0.0,0.0,0.0,0.0,0.0,0.0,0.0,1.0,0.0,0.0,0.0,0.0,0.0,0.0,0.0,0.0,0.0,1.0,0.0,0.0,0.0,0.0,0.0,0.0,0.0,0.0,0.0,0.0,0.0,0.0,0.0,0.0,1.0,0.0,0.0,0.0,0.0,1.0,0.0,0.0,0.0,0.0,0.0,0.0,0.0,0.0,0.0,0.0,1.0,0.0,0.0,0.0,0.0,0.0,0.0,0.0,0.0,0.0,1.0,0.0,0.0,0.0,0.0,0.0,0.0,0.0,0.0,0.0,0.0,0.0,0.0,0.0,0.0,0.0,0.0,0.0,0.0,0.0,0.0,0.0,0.0,0.0,0.0,0.0,0.0,0.0,0.0,-0.0,0.0,0.0,0.0,0.0,0.0,1.0,0.0,0.0,0.0,0.0,0.0,0.0,0.0,0.0,0.0,0.0,1.0,0.0,0.0,0.0,0.0,0.0,0.0,0.0,0.0,0.0,0.0,0.0,0.0,0.0,0.0,0.0,0.0,0.0,0.0,0.0,0.0,0.0,0.0,0.0,0.0,0.0,0.0,0.0,0.0,0.0,0.0,0.0,0.0,0.00949221,0.0102852,0.0194313,0.0127381,0.00940112,0.00583487,0.00309006,0.0035662,0.0101863,0.0072426,0.0033244,0.0115131,0.0159386,0.0044079,0.00323344,0.00908937,0.00642141,0.00158011,0.0103234,0.00177705,0.0107012,0.00559922,0.0106445,0.00734716,0.0142715,0.00484301,-3.40161e-5,0.00182245,-0.00081422,0.00477195,0.00520317,0.0196974,0.00662625,0.00372658,0.00193234,0.00726444,0.00577592,0.00721204,0.00538849,0.00753425,0.0144304,0.00448372,0.00666425,0.00230782,0.00493521,0.00274616,0.0125947,0.011245,0.00435527,0.0103798,0.00221846,0.0418322,0.00390915,0.00678052,0.0130341,0.00191473,0.00619399,0.0385551,0.0111146,-0.00355364,0.00619253,0.0108762,0.00779193,0.00577201,0.0100901,0.00412426,0.00661419,0.000997829,-0.000113641,0.0110691,0.0837659,0.0133629,0.00541387,0.00602043,0.00390062,0.00413385,0.0085269,0.00676686,0.00740561,0.0078411,0.0356211,0.00524958,0.010937,0.00527214,0.00358927,0.00336029,0.0017245,0.00385457,0.00564182,0.00616168,0.00634196,0.00420085,0.00718321,0.000520065,0.00843279,0.0654835,0.00454349,0.00300146,0.0127292,0.00121397,0.0459642,0.00721799,0.0122972,0.00331925,0.00668973,-0.00193637,0.00573432,0.00586853,0.0112073,0.00744417,0.00929209,0.0398432,0.0134016,0.015828,0.00534472,0.00103027,0.00649229,0.00936172,0.00525322,0.00808722,0.00973734,0.0427063,0.00314917,0.0114182,0.00454802,-0.00031822,0.00194568,0.00705287,0.00395702,0.0117271,0.0121077,0.0109122,0.0100153,0.00607476,0.00370693,0.00870354,0.00969766,0.00753048,0.0115175,0.00473778,0.00997065,0.000536522,0.00803594,0.00769829,0.00888733,0.00429691,0.00637627,0.00437892,0.00613236,0.00683538,-0.00203266,0.00858669,0.012037,0.00767777,0.00544379,0.00168782,0.0606176,0.0130899,-0.000173066,0.0112795,0.00366372,0.00515714,0.0109262,0.013566,0.00306786,0.00709598,0.0153273,0.0524551,0.00455835,-0.00186405,0.00609614,0.013822,0.0159665,0.00397471,0.00270683,0.00297352,0.00935577,0.0145956,0.00490204,0.00925879,0.0156636,0.00671623,0.00486033,0.00741491,0.012171,0.00680014,0.00247749,0.00407439,0.00812602,0.00705804,0.00698577,0.00802791,0.00393254,0.014641,0.00510057,0.00144532,0.000517713,0.0080472,-0.000903026,0.00902879,0.2]
WARNING: If matrix A has nonzero entries smaller than zero tolerance, performance may be improved by fixing these values to zero
WARNING: For the MIP-solver-driven algorithm, optimality tolerance must be specified as MIP solver option, not Pajarito option
WARNING: Not solved to optimality, status: UserLimit
