WARNING: Method definition require(Symbol) in module Base at loading.jl:345 overwritten in module ConicBenchmarkUtilities at /home/ubuntu/.julia/v0.5/Requires/src/require.jl:12.
#SOLVERNAME# PAJ_MSD_GUROBI_MOSEK
#SOLVER# Pajarito.PajaritoSolver(2,3600.0,1.0e-5,true,Gurobi.GurobiSolver(nothing,Any[(:OutputFlag,0),(:Threads,1),(:TimeLimit,3600.0),(:MIPGap,1.0e-5)]),MathProgBase.DefaultMIPSolver(),0,false,true,Mosek.MosekMathProgSolverInterface.MosekSolver(Any[(:LOG,0),(:NUM_THREADS,1),(:OPTIMIZER_MAX_TIME,120.0)]),true,false,false,true,false,true,false,true,true,true,true,false,false,true,false,false,false,false,1.0e-10,0.0001,1.0e-6,0.01,1.0e-6)
#FILENAME# shortfall_200_1.cbf.gz
#INSTANCE# shortfall_200_1
#TIMELIMIT# 3600.0

Transforming original data......Done     0.02s

Creating conic model data......Done     0.00s

Creating MIP model......Done     0.03s

Cone types summary:
Cone       | Count    | Min dim  | Max dim 
       SOC |        2 |      201 |      201

Solving conic relaxation......Done     0.12s
 - Relaxation status    =        Optimal
 - Relaxation objective =      -1.151632

Creating conic subproblem model......Done     0.00s

Starting MIP-solver-driven outer approximation algorithm

Pajarito MICP solve summary:
 - Total time (s)       =       3.60e+03
 - Status               =      UserLimit
 - Best feasible obj.   =  -1.135437e+00
 - Final OA obj. bound  =  -1.142194e+00
 - Relative opt. gap    =      5.951e-03
 - Conic solve count    =             25
 - Feas. solution count =             21
 - Integer repeat count =             12

Timers (s):
 - Setup                =       2.47e-01
 -- Transform data      =       1.63e-02
 -- Create conic data   =       2.47e-03
 -- Create MIP data     =       3.38e-02
 -- Load/solve relax    =       1.25e-01
 - MIP-driven algorithm =       3.60e+03
 -- Solve conic model   =       3.56e-01
 -- Process conic data  =       1.57e-02
 -- Add conic solution  =       7.47e-04
 -- Add dual cuts       =       4.85e-02
 -- Use outer inf/cuts  =       9.06e-04

#STATUS# UserLimit
#OBJVAL# -1.1354369327110423
#OBJBOUND# -1.1421935761976176
#TIMESOLVER# 3600.015081882477
#TIMEALL# 3600.019233942032
#SOLUTION# [0.0,0.0,0.0,0.0,0.0,0.0,0.0,0.0,0.0,0.0,0.0,0.0,0.0,0.0,0.0,0.0,0.0,0.0,0.0,0.0,0.0700101,0.0,0.0,0.0,0.0,0.0,0.0,0.0,0.0,0.0,0.0,0.0,0.0,0.0,0.0,0.0,0.0,0.0,0.0,0.0,0.0,0.0,0.0,0.0,0.0,0.0,0.0,0.0,0.0,0.0,0.0,0.0,0.0,0.0,0.0,0.0,0.0,0.0,0.0,0.0,0.0791312,0.0,0.0,0.0,0.0,0.0,0.0,0.0,0.0818242,0.0,0.0,0.0,0.0,0.0370541,0.0,0.0,0.0,0.0,0.0,0.0,0.214575,0.0,0.0,0.0,0.0,0.0,0.179495,0.0,0.0,0.0,0.0,0.0,0.0,0.0,0.0,0.0,0.0,0.0,0.0,0.0,0.0,0.0,0.0,0.0,0.0,0.0,0.0,0.0,0.0,0.0,0.0,0.0,0.0,0.0,0.0,0.0,0.0,0.0,0.0,0.0,0.0,0.0,0.109378,0.0,0.0,0.0,0.0,0.0,0.0,0.0,0.0,0.0,0.0,0.0,0.0,0.0,0.0,0.0,0.0,0.0,0.0,0.0,0.0,0.0,0.0,0.0,0.0,0.0,0.0,0.0,0.0,0.0,0.107512,0.0,0.0,0.0,0.0,0.0,0.0,0.0,0.0,0.0,0.0,0.0,0.0,0.0,0.0,0.0,0.0,0.010226,0.0,0.0,0.0,0.0,0.0,0.0,0.0,0.0,0.0,0.0,0.0,0.0,0.0,0.0,0.0,0.0,0.0,0.0,0.0,0.0,0.0,0.0,0.0,0.0,0.0,0.0,0.110795,0.0,0.0,0.0,0.0,0.0,-0.0,-0.0,-0.0,-0.0,-0.0,-0.0,-0.0,-0.0,-0.0,-0.0,-0.0,-0.0,-0.0,-0.0,-0.0,-0.0,-0.0,-0.0,-0.0,-0.0,1.0,-0.0,-0.0,-0.0,-0.0,-0.0,0.0,-0.0,-0.0,-0.0,-0.0,-0.0,-0.0,-0.0,-0.0,0.0,-0.0,-0.0,-0.0,-0.0,-0.0,-0.0,-0.0,-0.0,-0.0,-0.0,-0.0,-0.0,-0.0,-0.0,-0.0,-0.0,-0.0,-0.0,-0.0,-0.0,-0.0,-0.0,-0.0,-0.0,1.0,-0.0,-0.0,-0.0,-0.0,-0.0,-0.0,-0.0,1.0,-0.0,-0.0,-0.0,-0.0,1.0,-0.0,-0.0,-0.0,-0.0,-0.0,0.0,1.0,-0.0,-0.0,-0.0,-0.0,-0.0,1.0,-0.0,-0.0,-0.0,-0.0,-0.0,-0.0,-0.0,-0.0,-0.0,-0.0,-0.0,-0.0,-0.0,-0.0,-0.0,-0.0,-0.0,-0.0,-0.0,-0.0,-0.0,-0.0,-0.0,-0.0,-0.0,-0.0,-0.0,-0.0,-0.0,-0.0,-0.0,-0.0,-0.0,-0.0,-0.0,1.0,-0.0,-0.0,-0.0,-0.0,-0.0,-0.0,-0.0,-0.0,-0.0,-0.0,-0.0,-0.0,-0.0,-0.0,-0.0,-0.0,-0.0,-0.0,0.0,-0.0,-0.0,-0.0,-0.0,-0.0,-0.0,-0.0,-0.0,-0.0,-0.0,1.0,-0.0,-0.0,-0.0,-0.0,-0.0,-0.0,-0.0,-0.0,-0.0,-0.0,-0.0,-0.0,-0.0,-0.0,-0.0,-0.0,1.0,-0.0,-0.0,-0.0,0.0,-0.0,-0.0,-0.0,-0.0,-0.0,-0.0,-0.0,-0.0,-0.0,0.0,-0.0,-0.0,-0.0,-0.0,-0.0,0.0,-0.0,-0.0,-0.0,-0.0,-0.0,-0.0,1.0,-0.0,-0.0,-0.0,-0.0,0.011947,0.00410087,0.00230636,0.0155751,0.00343576,0.00791813,0.00662239,0.00233079,0.00579642,0.00294143,0.0173661,0.00860224,0.0241826,0.0116558,0.0101496,0.0125037,0.00515927,0.00987167,0.017275,0.00459156,0.071996,0.00415987,0.00749711,0.00567243,0.000907131,0.00971931,0.00420783,0.00512253,0.00613016,0.00223424,0.00565249,0.00272774,0.00411191,0.00554325,0.00459939,0.00404979,0.0090703,0.0114609,0.00963313,0.00339682,0.00812538,0.00792071,0.00775236,0.0103145,0.00105052,0.0267369,0.00675984,0.0103228,0.00686264,0.00843189,0.00120713,0.00717864,0.00981899,0.00609576,0.00678645,0.00291923,0.00765936,0.0100371,0.00404338,0.0045795,0.0441657,0.00479194,0.00237624,0.00980811,0.014675,0.00441906,0.000503253,0.00492552,0.0504887,0.0126289,0.00488305,0.0142015,0.00875341,0.0336868,0.00474733,0.0213923,0.00761202,-0.00439215,0.00280078,0.0202808,0.0263275,0.0102233,0.00627647,-0.00240452,0.00453223,0.0162203,0.0684617,0.00595221,0.00279438,0.00916318,0.00707651,0.000871223,0.00226265,0.0112193,0.00695765,0.00464677,0.00156129,0.0152664,0.00957341,0.00259089,0.00271274,0.0031387,0.0227144,0.0100587,0.00765611,0.0084911,0.00100333,0.0132435,0.0103533,0.00155101,0.00717264,0.00961429,0.00829018,0.0152947,0.00477715,0.00796611,0.00466184,0.0149041,0.00543653,0.00490757,0.00562308,0.00425157,0.035343,0.00766558,0.00389484,0.0204635,0.00907752,0.0182764,0.00632294,0.00208607,0.0089987,0.0111189,0.00375726,0.00968008,0.015855,0.004933,0.00426292,0.00498387,0.00605937,0.00192514,0.00527041,0.00116686,0.00259307,0.00603235,0.00155405,0.0109309,0.00635685,0.0076731,0.0072749,0.00530574,0.00387148,0.0016048,0.054845,0.00958502,0.0031071,0.00553727,0.00359527,0.00474507,0.0101868,0.00740302,0.00337962,0.005378,0.00416753,0.0052236,0.0105824,0.00500256,0.011811,0.00603193,0.00623359,0.0251518,0.00666671,0.00785046,0.00872682,0.00869948,0.00673634,0.0125082,0.00968392,0.0029972,0.00666948,0.0074964,0.00913733,0.00181372,0.00707925,-0.00132314,0.0107588,0.00291721,0.00975789,0.00750345,0.0135678,0.00292965,0.00405111,0.0103705,0.0113156,0.00759376,0.00125181,0.00364035,0.0521069,0.00362773,0.00520458,0.00517794,0.235437,0.0266983,0.0091643,0.00515408,0.034806,0.00767798,0.0176948,0.0147992,0.00520867,0.0129534,0.00657328,0.0388084,0.0192236,0.0540413,0.0260475,0.0226816,0.0279422,0.0115295,0.0220604,0.0386049,0.0102609,0.160891,0.00929617,0.016754,0.0126763,0.00202719,0.02172,0.00940333,0.0114474,0.0136992,0.00499292,0.0126317,0.00609573,0.00918899,0.0123876,0.0102784,0.00905015,0.0202696,0.0256119,0.0215274,0.00759095,0.018158,0.0177006,0.0173244,0.0230501,0.00234763,0.0597495,0.0151064,0.0230685,0.0153361,0.0188429,0.00269759,0.0160423,0.0219427,0.0136223,0.0151658,0.00652366,0.0171166,0.0224302,0.00903584,0.0102339,0.0986982,0.0107086,0.00531024,0.0219184,0.0327945,0.00987538,0.00112463,0.0110072,0.112828,0.0282221,0.0109123,0.0317365,0.0195615,0.0752807,0.010609,0.047806,0.0170108,-0.00981524,0.00625898,0.045322,0.0588346,0.0228463,0.0140262,-0.00537343,0.0101283,0.0362479,0.152993,0.0133016,0.00624466,0.0204772,0.015814,0.00194694,0.00505641,0.0250721,0.0155484,0.0103842,0.00348905,0.0341162,0.0213939,0.00578993,0.00606223,0.00701412,0.0507604,0.0224784,0.0171093,0.0189753,0.00224217,0.0295955,0.0231367,0.00346607,0.0160289,0.0214853,0.0185263,0.0341794,0.0106756,0.0178021,0.0104179,0.0333066,0.0121491,0.0109671,0.012566,0.00950108,0.0789818,0.0171305,0.0087039,0.0457302,0.0202858,0.0408426,0.01413,0.0046618,0.0201096,0.0248476,0.00839643,0.0216323,0.0354315,0.0110239,0.00952644,0.0111376,0.013541,0.00430216,0.0117779,0.00260762,0.00579479,0.0134806,0.00347286,0.0244275,0.0142058,0.0171473,0.0162574,0.0118569,0.00865169,0.00358629,0.122563,0.0214199,0.0069435,0.0123743,0.00803444,0.0106039,0.0227647,0.0165437,0.00755251,0.0120183,0.00931328,0.0116733,0.0236488,0.0111793,0.0263943,0.0134797,0.0139303,0.0562073,0.0148983,0.0175436,0.019502,0.0194409,0.0150539,0.0279524,0.0216409,0.0066979,0.0149044,0.0167524,0.0204194,0.00405315,0.0158202,-0.00295684,0.024043,0.00651917,0.0218062,0.0167681,0.0303202,0.00654695,0.00905311,0.0231752,0.0252872,0.01697,0.00279744,0.00813518,0.116445,0.00810696,0.0116308,0.0115713,0.435437]
WARNING: If matrix A has nonzero entries smaller than zero tolerance, performance may be improved by fixing these values to zero
WARNING: For the MIP-solver-driven algorithm, optimality tolerance must be specified as MIP solver option, not Pajarito option
WARNING: Not solved to optimality, status: UserLimit
