WARNING: Method definition require(Symbol) in module Base at loading.jl:345 overwritten in module ConicBenchmarkUtilities at /home/ubuntu/.julia/v0.5/Requires/src/require.jl:12.
#SOLVERNAME# PAJ_GUROBI_MOSEK
#SOLVER# Pajarito.PajaritoSolver(2,3600.0,1.0e-5,false,Gurobi.GurobiSolver(nothing,Any[(:OutputFlag,0),(:Threads,1),(:TimeLimit,3600.0),(:MIPGap,0.0)]),MathProgBase.DefaultMIPSolver(),0,false,true,Mosek.MosekMathProgSolverInterface.MosekSolver(Any[(:LOG,0),(:NUM_THREADS,1),(:OPTIMIZER_MAX_TIME,120.0)]),true,false,false,true,false,true,false,true,true,true,true,false,false,true,false,false,false,false,1.0e-10,0.0001,1.0e-6,0.01,1.0e-6)
#FILENAME# uflquad-nopsc-10-100.cbf.gz
#INSTANCE# uflquad-nopsc-10-100
#TIMELIMIT# 3600.0

Transforming original data......Done     0.00s

Creating conic model data......Done     0.00s

Creating MIP model......Done     0.03s

Cone types summary:
Cone       | Count    | Min dim  | Max dim 
       SOC |     1000 |        3 |        3

Solving conic relaxation......Done     0.11s
 - Relaxation status    =        Optimal
 - Relaxation objective =     272.311330

Creating conic subproblem model......Done     0.00s

Starting iterative outer approximation algorithm

Iter | Best obj       | OA obj         | Rel gap     | Time (s)   
   1 |  +5.402877e+02 |  +4.986046e+02 |   7.715e-02 |   3.212e+00
   2 |  +5.402877e+02 |  +5.299741e+02 |   1.909e-02 |   6.782e+00
   3 |  +5.402877e+02 |  +5.358738e+02 |   8.170e-03 |   1.100e+01
   4 |  +5.402877e+02 |  +5.402874e+02 |   5.091e-07 |   1.541e+01

Pajarito MICP solve summary:
 - Total time (s)       =       1.56e+01
 - Status               =        Optimal
 - Best feasible obj.   =  +5.402877e+02
 - Final OA obj. bound  =  +5.402874e+02
 - Relative opt. gap    =      5.091e-07
 - MIP solve count      =              4
 - Conic solve count    =              3
 - Feas. solution count =              3
 - Integer repeat count =              1

Timers (s):
 - Setup                =       2.29e-01
 -- Transform data      =       2.92e-03
 -- Create conic data   =       1.10e-03
 -- Create MIP data     =       2.84e-02
 -- Load/solve relax    =       1.10e-01
 - Iterative algorithm  =       1.54e+01
 -- Solve MIPs          =       1.53e+01
 -- Solve conic model   =       8.58e-02
 -- Process conic data  =       2.69e-02
 -- Add conic solution  =       6.64e-04
 -- Add dual cuts       =       2.87e-02
 -- Use outer inf/cuts  =       2.01e-03

WARNING: If matrix A has nonzero entries smaller than zero tolerance, performance may be improved by fixing these values to zero
#STATUS# Optimal
#OBJVAL# 540.2877136991625
#OBJBOUND# 540.2874386158144
#TIMESOLVER# 15.637471914291382
#TIMEALL# 15.642093896865845
#SOLUTION# [0.0,0.0,0.0,0.0,0.0,0.0,0.0,0.0,0.0,0.0,0.0,0.0,0.0,0.0,0.0,0.0,0.0,0.0,0.0,0.0,0.0,0.0,0.0,0.0,0.0,0.0,0.0,0.0,0.0,0.0,0.0,0.0,0.0,0.0,0.0,0.0,0.0,0.0,0.0,0.0,0.0,0.0,0.0,0.0,0.0,0.0,0.0,0.0,0.0,0.0,0.0,0.0,0.0,0.0,0.0,0.0,0.0,0.0,0.0,0.0,0.0,0.0,0.0,0.0,0.0,0.0,0.0,0.0,0.0,0.0,0.0,0.0,0.0,0.0,0.0,0.0,0.0,0.0,0.0,0.0,0.0,0.0,0.0,0.0,0.0,0.0,0.0,0.0,0.0,0.0,0.0,0.0,0.0,0.0,0.0,0.0,0.0,0.0,0.0,0.0,0.0,0.0,0.0,0.0,0.0,0.0,0.0,0.0,0.0,0.0,0.0,0.0,0.0,0.0,0.0,0.0,0.0,0.0,0.0,0.0,0.0,0.0,0.0,0.0,0.0,0.0,0.0,0.0,0.0,0.0,0.0,0.0,0.0,0.0,0.0,0.0,0.0,0.0,0.0,0.0,0.0,0.0,0.0,0.0,0.0,0.0,0.0,0.0,0.0,0.0,0.0,0.0,0.0,0.0,0.0,0.0,0.0,0.0,0.0,0.0,0.0,0.0,0.0,0.0,0.0,0.0,0.0,0.0,0.0,0.0,0.0,0.0,0.0,0.0,0.0,0.0,0.0,0.0,0.0,0.0,0.0,0.0,0.0,0.0,0.0,0.0,0.0,0.0,0.0,0.0,0.0,0.0,0.0,0.0,0.0,0.0,0.0,0.0,0.0,0.0,0.0779839,0.283025,0.3452,0.396837,0.107714,0.397202,0.139301,0.105907,0.236254,0.0995965,0.0522012,0.119589,0.10307,0.158188,0.20735,0.0749717,0.12402,0.105723,0.0925196,0.125684,0.164296,0.070581,0.130892,0.119686,0.134178,0.11832,0.190623,0.149321,0.0807878,0.213501,0.288154,0.110997,0.100637,0.181056,0.122759,0.104636,0.208963,0.222659,0.15558,0.11376,0.0871863,0.115996,0.260993,0.136139,0.0935673,0.328707,0.115281,0.0953859,0.0763997,0.0888365,0.216348,0.18169,0.194266,0.275367,0.110247,0.541546,0.0580724,0.1208,0.109607,0.134257,0.123752,0.201399,0.131074,0.529389,0.159126,0.317887,0.102318,0.336449,0.0775598,0.121489,0.170772,0.555395,0.108656,0.0868676,0.132267,0.170951,0.12715,0.0757692,0.135485,0.403464,0.164558,0.112137,0.110548,0.041685,0.400951,0.273207,0.352356,0.130811,0.641764,0.0764641,0.0658393,0.146594,0.198759,0.281648,0.326953,0.0882206,0.129409,0.308278,0.0988883,0.0829542,0.0,0.0,0.0,0.0,0.0,0.0,0.0,0.0,0.0,0.0,0.0,0.0,0.0,0.0,0.0,0.0,0.0,0.0,0.0,0.0,0.0,0.0,0.0,0.0,0.0,0.0,0.0,0.0,0.0,0.0,0.0,0.0,0.0,0.0,0.0,0.0,0.0,0.0,0.0,0.0,0.0,0.0,0.0,0.0,0.0,0.0,0.0,0.0,0.0,0.0,0.0,0.0,0.0,0.0,0.0,0.0,0.0,0.0,0.0,0.0,0.0,0.0,0.0,0.0,0.0,0.0,0.0,0.0,0.0,0.0,0.0,0.0,0.0,0.0,0.0,0.0,0.0,0.0,0.0,0.0,0.0,0.0,0.0,0.0,0.0,0.0,0.0,0.0,0.0,0.0,0.0,0.0,0.0,0.0,0.0,0.0,0.0,0.0,0.0,0.0,0.0766556,0.155869,0.132232,0.100751,0.340114,0.127129,0.0901425,0.082222,0.165743,0.184623,0.654537,0.182234,0.0759854,0.0949777,0.128991,0.546556,0.112908,0.107018,0.370481,0.253726,0.106318,0.569914,0.16584,0.110157,0.147984,0.333731,0.109864,0.153559,0.0929029,0.129007,0.15289,0.190156,0.145727,0.173715,0.216745,0.2586,0.165572,0.105608,0.154152,0.162832,0.422871,0.184555,0.152886,0.0922335,0.453808,0.146892,0.199465,0.344918,0.204248,0.438415,0.124044,0.159345,0.176902,0.154698,0.148228,0.0855288,0.605272,0.204135,0.151377,0.0883999,0.271627,0.102511,0.0959423,0.0869936,0.169698,0.106239,0.311791,0.103651,0.501248,0.0855973,0.120175,0.0869311,0.257022,0.135339,0.101288,0.160815,0.167142,0.123395,0.179223,0.103908,0.185102,0.180609,0.218524,0.0812639,0.118312,0.116346,0.139122,0.0979564,0.0658012,0.141834,0.0739341,0.206221,0.165896,0.119018,0.104873,0.465262,0.17084,0.151128,0.142056,0.0659289,0.195145,0.162899,0.163413,0.205226,0.203604,0.156466,0.306097,0.478961,0.159439,0.337806,0.0943304,0.258882,0.239271,0.295782,0.228917,0.118558,0.229708,0.228602,0.187157,0.227845,0.239517,0.111484,0.123819,0.228238,0.125276,0.147112,0.242162,0.133269,0.252169,0.2279,0.162381,0.160091,0.102636,0.147065,0.247633,0.281504,0.153889,0.259791,0.15443,0.266041,0.186391,0.265249,0.161828,0.398814,0.144746,0.16475,0.265333,0.227131,0.106022,0.172499,0.229765,0.249988,0.152145,0.161964,0.26546,0.13777,0.0989286,0.295473,0.269224,0.280188,0.140385,0.278124,0.229812,0.140465,0.137949,0.224633,0.236303,0.228103,0.112191,0.238784,0.233917,0.124316,0.197526,0.459891,0.450464,0.142244,0.34699,0.0928763,0.128873,0.197457,0.143627,0.27396,0.310624,0.0492099,0.160105,0.223082,0.160838,0.228448,0.109654,0.0858776,0.650826,0.140887,0.151331,0.217601,0.237395,0.153468,0.123984,0.163691,0.10092,0.196212,0.0,0.0,0.0,0.0,0.0,0.0,0.0,0.0,0.0,0.0,0.0,0.0,0.0,0.0,0.0,0.0,0.0,0.0,0.0,0.0,0.0,0.0,0.0,0.0,0.0,0.0,0.0,0.0,0.0,0.0,0.0,0.0,0.0,0.0,0.0,0.0,0.0,0.0,0.0,0.0,0.0,0.0,0.0,0.0,0.0,0.0,0.0,0.0,0.0,0.0,0.0,0.0,0.0,0.0,0.0,0.0,0.0,0.0,0.0,0.0,0.0,0.0,0.0,0.0,0.0,0.0,0.0,0.0,0.0,0.0,0.0,0.0,0.0,0.0,0.0,0.0,0.0,0.0,0.0,0.0,0.0,0.0,0.0,0.0,0.0,0.0,0.0,0.0,0.0,0.0,0.0,0.0,0.0,0.0,0.0,0.0,0.0,0.0,0.0,0.0,0.580205,0.134241,0.127885,0.163877,0.174825,0.137359,0.368299,0.244919,0.128513,0.244274,0.0675766,0.30104,0.504671,0.348233,0.300763,0.0944114,0.428476,0.46257,0.121205,0.224129,0.380359,0.088169,0.0948828,0.439909,0.0927359,0.120556,0.340896,0.099538,0.493409,0.294579,0.132696,0.104281,0.0771991,0.115791,0.259542,0.160532,0.120916,0.293367,0.108154,0.330042,0.133915,0.296742,0.126959,0.271326,0.119134,0.142741,0.27711,0.149772,0.0743825,0.135143,0.298541,0.151095,0.12161,0.130932,0.356832,0.109116,0.0705992,0.156046,0.349325,0.4042,0.112607,0.303338,0.4474,0.131537,0.106859,0.225016,0.184101,0.204205,0.0865956,0.466954,0.354528,0.101409,0.122942,0.204788,0.199883,0.108389,0.165726,0.0644253,0.1001,0.150276,0.11395,0.299154,0.162649,0.0359093,0.124757,0.25621,0.137808,0.445761,0.0896778,0.0641561,0.135085,0.112508,0.118215,0.247319,0.199701,0.124396,0.095429,0.137983,0.0756902,0.589909,0.0700106,0.263966,0.231269,0.133309,0.173744,0.181845,0.09616,0.0879911,0.310051,0.133701,0.131355,0.138254,0.0770029,0.10282,0.133979,0.165503,0.104887,0.096087,0.228637,0.168617,0.10951,0.159851,0.484566,0.102011,0.499825,0.280281,0.116455,0.464313,0.0807311,0.135012,0.263879,0.434475,0.573801,0.382373,0.153321,0.194727,0.35066,0.118575,0.427684,0.127326,0.169637,0.137458,0.297334,0.101488,0.188745,0.21691,0.142812,0.182793,0.538948,0.165107,0.131302,0.257883,0.355077,0.27704,0.119233,0.12604,0.167128,0.223546,0.120468,0.0929554,0.351628,0.114628,0.095771,0.111616,0.426368,0.126225,0.165487,0.127593,0.222406,0.0871756,0.120608,0.131949,0.313854,0.113115,0.116098,0.417601,0.192993,0.643535,0.45632,0.144896,0.392763,0.134139,0.197655,0.791932,0.195875,0.131154,0.209877,0.0970245,0.0931029,0.631668,0.074316,0.39379,0.365799,0.134415,0.131078,0.168654,0.480338,0.23892,0.582446,0.0649965,0.0,0.0,0.0,0.0,0.0,0.0,0.0,0.0,0.0,0.0,0.0,0.0,0.0,0.0,0.0,0.0,0.0,0.0,0.0,0.0,0.0,0.0,0.0,0.0,0.0,0.0,0.0,0.0,0.0,0.0,0.0,0.0,0.0,0.0,0.0,0.0,0.0,0.0,0.0,0.0,0.0,0.0,0.0,0.0,0.0,0.0,0.0,0.0,0.0,0.0,0.0,0.0,0.0,0.0,0.0,0.0,0.0,0.0,0.0,0.0,0.0,0.0,0.0,0.0,0.0,0.0,0.0,0.0,0.0,0.0,0.0,0.0,0.0,0.0,0.0,0.0,0.0,0.0,0.0,0.0,0.0,0.0,0.0,0.0,0.0,0.0,0.0,0.0,0.0,0.0,0.0,0.0,0.0,0.0,0.0,0.0,0.0,0.0,0.0,0.0,-0.0,-0.0,1.0,-0.0,1.0,1.0,-0.0,1.0,1.0,-0.0,7.63203e-9,1.34678e-8,2.07305e-8,1.24924e-8,7.63937e-9,1.94015e-8,8.54023e-9,8.71319e-9,1.13297e-8,7.66438e-9,7.70473e-9,7.65173e-9,8.08939e-9,8.63984e-9,7.59597e-9,7.55489e-9,7.55484e-9,7.55804e-9,7.97492e-9,8.14087e-9,7.87373e-9,7.55258e-9,9.06608e-9,7.55742e-9,9.88847e-9,7.56135e-9,8.06138e-9,1.01066e-8,7.63834e-9,7.61451e-9,1.44751e-8,8.98327e-9,8.9094e-9,9.73174e-9,7.79022e-9,8.04073e-9,1.0934e-8,8.92735e-9,1.04394e-8,7.57499e-9,7.6312e-9,7.59716e-9,1.39367e-8,8.90539e-9,7.62263e-9,1.35862e-8,7.59079e-9,7.75835e-9,8.35499e-9,7.55328e-9,7.7452e-9,1.02047e-8,9.68715e-9,1.39259e-8,7.5584e-9,1.94189e-8,7.77275e-9,8.59011e-9,7.55631e-9,8.36938e-9,7.65076e-9,8.94594e-9,7.78114e-9,1.32046e-8,9.52871e-9,9.90135e-9,7.56302e-9,1.0723e-8,7.60433e-9,8.02853e-9,7.59929e-9,3.75642e-8,8.46041e-9,7.96109e-9,9.17489e-9,1.03362e-8,8.83296e-9,9.06809e-9,8.76154e-9,1.36143e-8,8.9181e-9,7.56292e-9,8.27431e-9,8.5704e-9,2.2999e-8,8.57684e-9,1.77248e-8,7.72687e-9,1.84518e-8,8.48333e-9,8.46962e-9,8.20065e-9,1.06802e-8,8.47593e-9,1.09462e-8,7.57212e-9,8.89037e-9,1.4156e-8,8.95629e-9,7.90469e-9,7.55973e-9,2.18652e-8,2.4711e-8,1.04806e-8,7.6486e-9,1.92654e-8,8.08355e-9,8.2911e-9,1.50521e-8,7.61084e-9,7.73701e-9,7.7549e-9,7.78907e-9,8.13401e-9,7.55924e-9,7.55349e-9,7.58481e-9,7.56785e-9,7.99201e-9,8.25528e-9,7.63769e-9,7.55709e-9,9.92511e-9,7.57564e-9,1.08403e-8,7.55794e-9,7.72451e-9,1.12399e-8,7.56832e-9,7.55468e-9,2.48985e-8,9.13366e-9,9.56938e-9,1.12976e-8,7.90706e-9,7.98805e-9,1.34998e-8,8.25944e-9,1.09917e-8,7.63809e-9,7.62824e-9,7.66586e-9,1.92389e-8,8.39479e-9,7.58927e-9,1.80348e-8,7.64575e-9,7.73982e-9,8.56652e-9,7.55371e-9,7.57227e-9,9.96966e-9,1.14073e-8,2.2115e-8,7.60477e-9,1.41511e-8,7.82964e-9,8.49723e-9,7.59525e-9,7.96036e-9,7.82581e-9,8.30234e-9,7.60453e-9,1.03225e-8,1.07588e-8,8.79487e-9,7.55643e-9,9.34489e-9,7.66406e-9,7.74025e-9,7.55525e-9,2.01831e-8,8.5017e-9,7.83249e-9,8.69335e-9,1.18512e-8,8.65124e-9,9.40765e-9,9.5384e-9,1.13227e-8,9.94631e-9,7.60143e-9,8.1907e-9,8.9572e-9,2.04565e-8,7.97805e-9,2.77152e-8,7.58171e-9,1.31135e-8,8.9237e-9,8.21202e-9,8.77605e-9,1.28888e-8,7.91217e-9,9.54558e-9,7.56453e-9,9.68255e-9,2.34383e-8,9.6207e-9,7.68256e-9,0.0060815,0.0801034,0.119163,0.15748,0.0116023,0.157769,0.0194048,0.0112162,0.0558159,0.00991948,0.00272497,0.0143016,0.0106234,0.0250235,0.0429939,0.00562076,0.015381,0.0111775,0.00855988,0.0157964,0.0269931,0.00498169,0.0171327,0.0143247,0.0180039,0.0139996,0.0363371,0.0222968,0.00652668,0.0455825,0.0830325,0.0123202,0.0101279,0.0327811,0.0150698,0.0109487,0.0436657,0.0495771,0.0242051,0.0129414,0.00760146,0.013455,0.0681173,0.0185338,0.00875484,0.108048,0.0132896,0.00909847,0.00583692,0.00789193,0.0468066,0.0330111,0.0377392,0.075827,0.0121545,0.293272,0.00337241,0.0145926,0.0120137,0.0180248,0.0153147,0.0405616,0.0171804,0.280253,0.0253211,0.101052,0.0104689,0.113198,0.00601553,0.0147596,0.0291631,0.308463,0.0118062,0.00754599,0.0174947,0.0292244,0.0161671,0.00574097,0.0183561,0.162783,0.0270793,0.0125748,0.0122209,0.00173764,0.160762,0.0746422,0.124155,0.0171115,0.411861,0.00584677,0.00433483,0.0214899,0.0395052,0.0793255,0.106898,0.00778289,0.0167468,0.0950351,0.00977889,0.0068814,7.57625e-9,2.77438e-8,3.54545e-8,1.03024e-8,7.55571e-9,1.24539e-8,8.12869e-9,8.47043e-9,2.40245e-8,7.736e-9,8.10361e-9,7.63621e-9,7.82202e-9,8.1557e-9,7.58347e-9,7.65819e-9,7.57317e-9,7.55612e-9,8.50237e-9,7.90709e-9,7.62177e-9,7.69054e-9,1.25346e-8,7.56513e-9,1.46218e-8,7.71882e-9,7.68404e-9,1.57147e-8,7.60551e-9,7.57378e-9,3.83481e-8,1.04391e-8,1.17433e-8,1.56287e-8,7.71111e-9,8.41294e-9,2.23517e-8,8.18331e-9,1.42287e-8,7.57496e-9,7.84597e-9,7.58264e-9,5.9275e-8,8.53587e-9,7.56485e-9,1.33257e-8,7.56887e-9,8.04175e-9,9.61489e-9,7.63827e-9,7.55475e-9,1.1228e-8,1.54342e-8,4.66238e-8,7.56221e-9,1.34021e-8,8.28958e-9,9.14355e-9,7.55774e-9,7.98855e-9,8.37187e-9,8.27082e-9,7.60521e-9,9.29246e-9,1.44862e-8,8.5611e-9,7.63839e-9,9.1416e-9,8.01014e-9,7.75226e-9,7.56068e-9,1.62977e-8,9.31362e-9,8.07163e-9,9.00312e-9,1.75554e-8,9.27118e-9,1.11376e-8,1.1661e-8,1.12995e-8,1.23715e-8,7.55585e-9,8.68976e-9,1.04291e-8,2.17702e-8,7.82124e-9,1.60837e-8,7.58301e-9,1.20885e-8,1.0409e-8,8.52482e-9,1.00697e-8,2.05364e-8,7.75214e-9,9.41554e-9,7.58165e-9,1.1991e-8,1.92789e-8,1.18482e-8,7.71195e-9,0.00587609,0.0242951,0.0174854,0.0101508,0.115678,0.0161617,0.00812568,0.00676046,0.0274708,0.0340857,0.428419,0.0332092,0.00577379,0.00902077,0.0166387,0.298724,0.0127482,0.0114529,0.137256,0.0643768,0.0113034,0.324802,0.027503,0.0121345,0.0218994,0.111376,0.01207,0.0235804,0.00863096,0.0166428,0.0233754,0.0361595,0.0212364,0.030177,0.0469785,0.0668742,0.0274141,0.0111531,0.0237629,0.0265142,0.17882,0.0340606,0.023374,0.00850703,0.205942,0.0215773,0.0397863,0.118969,0.0417171,0.192208,0.015387,0.0253908,0.0312944,0.0239313,0.0219716,0.00731518,0.366354,0.0416712,0.0229149,0.00781454,0.0737814,0.0105085,0.00920494,0.00756789,0.0287974,0.0112868,0.0972135,0.0107434,0.25125,0.0073269,0.0144421,0.00755703,0.0660603,0.0183167,0.0102592,0.0258615,0.0279366,0.0152263,0.0321208,0.0107968,0.0342629,0.0326196,0.0477528,0.00660383,0.0139977,0.0135365,0.019355,0.00959547,0.0043298,0.0201169,0.00546627,0.042527,0.0275214,0.0141652,0.0109983,0.216469,0.0291864,0.0228397,0.0201799,0.00434663,0.0380815,0.0265361,0.0267038,0.0421176,0.0414544,0.0244816,0.0936956,0.229404,0.0254208,0.114113,0.00889823,0.0670201,0.0572505,0.0874868,0.0524032,0.014056,0.0527659,0.0522587,0.0350276,0.0519131,0.0573686,0.0124288,0.0153311,0.0520924,0.0156942,0.0216419,0.0586425,0.0177607,0.0635894,0.0519386,0.0263675,0.0256292,0.0105341,0.021628,0.0613221,0.0792446,0.0236819,0.0674915,0.0238487,0.0707776,0.0347416,0.0703572,0.0261884,0.159053,0.0209515,0.0271426,0.0704018,0.0515883,0.0112408,0.0297558,0.052792,0.062494,0.0231482,0.0262323,0.0704691,0.0189807,0.00978687,0.0873042,0.0724815,0.0785054,0.019708,0.077353,0.0528137,0.0197304,0.0190299,0.0504599,0.0558391,0.052031,0.0125868,0.0570178,0.0547172,0.0154546,0.0390164,0.2115,0.202918,0.0202333,0.120402,0.00862602,0.0166083,0.0389893,0.0206287,0.0750543,0.0964873,0.00242162,0.0256337,0.0497658,0.0258688,0.0521883,0.012024,0.00737498,0.423574,0.0198491,0.0229009,0.0473501,0.0563566,0.0235525,0.0153719,0.0267946,0.0101848,0.0384991,1.00153e-8,8.58413e-9,1.09922e-8,1.69428e-8,8.25162e-9,8.24137e-9,1.47679e-8,2.30311e-8,8.73609e-9,1.12811e-8,9.89526e-9,8.37186e-9,1.22283e-8,1.43383e-8,8.03402e-9,8.28963e-9,8.71518e-9,9.08192e-9,1.18834e-8,7.72775e-9,9.67486e-9,8.36181e-9,9.23148e-9,8.82233e-9,1.04947e-8,7.71686e-9,9.80491e-9,1.03318e-8,1.05532e-8,8.03491e-9,8.84677e-9,1.39713e-8,9.57836e-9,8.8754e-9,8.06813e-9,1.39581e-8,9.2224e-9,1.23557e-8,1.30687e-8,8.7627e-9,1.0027e-8,8.62964e-9,9.8545e-9,2.20688e-8,7.94182e-9,7.96164e-9,8.68556e-9,1.12758e-8,1.08152e-8,8.934e-9,8.39444e-9,2.64807e-8,8.57187e-9,9.0297e-9,8.95341e-9,1.36024e-8,9.96822e-9,1.92524e-8,9.028e-9,1.33223e-8,7.957e-9,1.37759e-8,9.88036e-9,9.52397e-9,9.16198e-9,1.18341e-8,9.5316e-9,1.44197e-8,8.57356e-9,1.13021e-8,8.48474e-9,1.11661e-8,1.39908e-8,1.49227e-8,4.55178e-8,9.84612e-9,2.65573e-8,1.19156e-8,8.84038e-9,1.80463e-8,8.50319e-9,8.96465e-9,1.6584e-8,1.00823e-8,1.19927e-8,9.30755e-9,8.30536e-9,9.64046e-9,1.2986e-8,9.50846e-9,2.43717e-8,8.18484e-9,9.30168e-9,8.87278e-9,1.65333e-8,8.34508e-9,9.06965e-9,8.28437e-9,9.66821e-9,1.13402e-8,0.336638,0.0180207,0.0163546,0.0268556,0.0305636,0.0188675,0.135644,0.0599853,0.0165155,0.0596696,0.0045666,0.0906252,0.254693,0.121266,0.0904581,0.00891353,0.183592,0.213971,0.0146908,0.050234,0.144673,0.00777377,0.00900276,0.19352,0.00859996,0.0145339,0.11621,0.00990781,0.243452,0.0867771,0.0176083,0.0108745,0.0059597,0.0134076,0.0673623,0.0257705,0.0146206,0.0860641,0.0116973,0.108927,0.0179332,0.088056,0.0161185,0.0736178,0.0141929,0.020375,0.0767898,0.0224317,0.00553277,0.0182636,0.0891267,0.0228297,0.014789,0.0171432,0.127329,0.0119062,0.00498425,0.0243504,0.122028,0.163378,0.0126802,0.0920138,0.200167,0.017302,0.0114189,0.0506324,0.0338933,0.0416995,0.0074988,0.218046,0.12569,0.0102838,0.0151147,0.041938,0.0399531,0.0117481,0.027465,0.00415063,0.0100199,0.0225829,0.0129845,0.0894934,0.0264547,0.00128948,0.0155643,0.0656435,0.0189909,0.198703,0.00804211,0.00411602,0.0182479,0.0126581,0.0139749,0.0611667,0.0398805,0.0154743,0.00910671,0.0190394,0.00572901,0.347992,0.00490149,0.0696779,0.0534854,0.0177713,0.030187,0.0330675,0.00924676,0.00774244,0.0961319,0.0178759,0.0172541,0.0191142,0.00592945,0.0105719,0.0179504,0.0273911,0.0110014,0.00923272,0.052275,0.0284316,0.0119925,0.0255525,0.234805,0.0104063,0.249825,0.0785575,0.0135618,0.215586,0.00651751,0.0182284,0.0696324,0.188768,0.329247,0.146209,0.0235072,0.0379187,0.122962,0.0140599,0.182913,0.0162118,0.0287767,0.0188946,0.0884078,0.0102997,0.0356245,0.04705,0.0203951,0.0334133,0.290465,0.0272604,0.0172401,0.0665035,0.12608,0.0767509,0.0142164,0.015886,0.0279318,0.0499729,0.0145125,0.00864071,0.123643,0.0131396,0.00917209,0.0124581,0.18179,0.0159328,0.0273861,0.0162801,0.0494642,0.00759959,0.0145462,0.0174104,0.0985045,0.0127949,0.0134788,0.174391,0.0372462,0.414137,0.208228,0.0209948,0.154263,0.0179933,0.0390673,0.627156,0.038367,0.0172014,0.0440483,0.00941376,0.00866817,0.399005,0.00552287,0.15507,0.133809,0.0180674,0.0171814,0.028444,0.230724,0.057083,0.339243,0.00422455,8.07766e-9,7.95473e-9,7.60765e-9,7.55256e-9,2.9821e-8,8.76318e-9,7.68913e-9,7.91516e-9,7.72803e-9,1.0414e-8,1.00322e-8,1.04399e-8,7.73367e-9,7.63877e-9,7.83708e-9,1.07125e-8,7.72477e-9,8.03123e-9,9.36057e-9,2.0846e-8,7.55525e-9,1.05035e-8,7.56806e-9,7.76235e-9,7.59287e-9,7.94822e-9,7.55635e-9,7.57207e-9,8.60507e-9,7.89078e-9,7.85716e-9,8.06603e-9,7.62506e-9,7.57612e-9,1.32149e-8,9.3819e-9,7.59361e-9,7.55383e-9,7.65698e-9,9.78591e-9,1.16554e-8,1.08832e-8,7.61245e-9,7.78602e-9,1.11868e-8,8.90261e-9,1.19664e-8,1.04999e-8,8.19083e-9,1.44915e-8,7.76048e-9,7.81247e-9,7.63209e-9,7.76413e-9,9.31557e-9,7.57977e-9,9.44818e-9,8.53001e-9,9.50224e-9,7.67252e-9,7.66467e-9,7.57523e-9,7.61102e-9,8.02481e-9,7.55313e-9,7.58257e-9,1.41386e-8,7.55491e-9,8.94214e-9,7.65692e-9,7.56469e-9,7.68174e-9,8.53452e-9,9.19218e-9,7.90197e-9,7.55305e-9,8.31737e-9,7.87037e-9,7.55955e-9,7.55274e-9,7.56986e-9,1.08502e-8,8.91591e-9,7.83336e-9,7.59066e-9,7.7435e-9,8.48228e-9,7.61094e-9,7.60337e-9,7.73984e-9,8.37726e-9,7.5539e-9,7.57565e-9,7.89027e-9,7.5534e-9,1.43709e-8,7.56813e-9,8.29143e-9,7.6286e-9,7.78007e-9,0.5,0.5,0.5,0.5,0.5,0.5,0.5,0.5,0.5,0.5,0.5,0.5,0.5,0.5,0.5,0.5,0.5,0.5,0.5,0.5,0.5,0.5,0.5,0.5,0.5,0.5,0.5,0.5,0.5,0.5,0.5,0.5,0.5,0.5,0.5,0.5,0.5,0.5,0.5,0.5,0.5,0.5,0.5,0.5,0.5,0.5,0.5,0.5,0.5,0.5,0.5,0.5,0.5,0.5,0.5,0.5,0.5,0.5,0.5,0.5,0.5,0.5,0.5,0.5,0.5,0.5,0.5,0.5,0.5,0.5,0.5,0.5,0.5,0.5,0.5,0.5,0.5,0.5,0.5,0.5,0.5,0.5,0.5,0.5,0.5,0.5,0.5,0.5,0.5,0.5,0.5,0.5,0.5,0.5,0.5,0.5,0.5,0.5,0.5,0.5,0.5,0.5,0.5,0.5,0.5,0.5,0.5,0.5,0.5,0.5,0.5,0.5,0.5,0.5,0.5,0.5,0.5,0.5,0.5,0.5,0.5,0.5,0.5,0.5,0.5,0.5,0.5,0.5,0.5,0.5,0.5,0.5,0.5,0.5,0.5,0.5,0.5,0.5,0.5,0.5,0.5,0.5,0.5,0.5,0.5,0.5,0.5,0.5,0.5,0.5,0.5,0.5,0.5,0.5,0.5,0.5,0.5,0.5,0.5,0.5,0.5,0.5,0.5,0.5,0.5,0.5,0.5,0.5,0.5,0.5,0.5,0.5,0.5,0.5,0.5,0.5,0.5,0.5,0.5,0.5,0.5,0.5,0.5,0.5,0.5,0.5,0.5,0.5,0.5,0.5,0.5,0.5,0.5,0.5,0.5,0.5,0.5,0.5,0.5,0.5,0.5,0.5,0.5,0.5,0.5,0.5,0.5,0.5,0.5,0.5,0.5,0.5,0.5,0.5,0.5,0.5,0.5,0.5,0.5,0.5,0.5,0.5,0.5,0.5,0.5,0.5,0.5,0.5,0.5,0.5,0.5,0.5,0.5,0.5,0.5,0.5,0.5,0.5,0.5,0.5,0.5,0.5,0.5,0.5,0.5,0.5,0.5,0.5,0.5,0.5,0.5,0.5,0.5,0.5,0.5,0.5,0.5,0.5,0.5,0.5,0.5,0.5,0.5,0.5,0.5,0.5,0.5,0.5,0.5,0.5,0.5,0.5,0.5,0.5,0.5,0.5,0.5,0.5,0.5,0.5,0.5,0.5,0.5,0.5,0.5,0.5,0.5,0.5,0.5,0.5,0.5,0.5,0.5,0.5,0.5,0.5,0.5,0.5,0.5,0.5,0.5,0.5,0.5,0.5,0.5,0.5,0.5,0.5,0.5,0.5,0.5,0.5,0.5,0.5,0.5,0.5,0.5,0.5,0.5,0.5,0.5,0.5,0.5,0.5,0.5,0.5,0.5,0.5,0.5,0.5,0.5,0.5,0.5,0.5,0.5,0.5,0.5,0.5,0.5,0.5,0.5,0.5,0.5,0.5,0.5,0.5,0.5,0.5,0.5,0.5,0.5,0.5,0.5,0.5,0.5,0.5,0.5,0.5,0.5,0.5,0.5,0.5,0.5,0.5,0.5,0.5,0.5,0.5,0.5,0.5,0.5,0.5,0.5,0.5,0.5,0.5,0.5,0.5,0.5,0.5,0.5,0.5,0.5,0.5,0.5,0.5,0.5,0.5,0.5,0.5,0.5,0.5,0.5,0.5,0.5,0.5,0.5,0.5,0.5,0.5,0.5,0.5,0.5,0.5,0.5,0.5,0.5,0.5,0.5,0.5,0.5,0.5,0.5,0.5,0.5,0.5,0.5,0.5,0.5,0.5,0.5,0.5,0.5,0.5,0.5,0.5,0.5,0.5,0.5,0.5,0.5,0.5,0.5,0.5,0.5,0.5,0.5,0.5,0.5,0.5,0.5,0.5,0.5,0.5,0.5,0.5,0.5,0.5,0.5,0.5,0.5,0.5,0.5,0.5,0.5,0.5,0.5,0.5,0.5,0.5,0.5,0.5,0.5,0.5,0.5,0.5,0.5,0.5,0.5,0.5,0.5,0.5,0.5,0.5,0.5,0.5,0.5,0.5,0.5,0.5,0.5,0.5,0.5,0.5,0.5,0.5,0.5,0.5,0.5,0.5,0.5,0.5,0.5,0.5,0.5,0.5,0.5,0.5,0.5,0.5,0.5,0.5,0.5,0.5,0.5,0.5,0.5,0.5,0.5,0.5,0.5,0.5,0.5,0.5,0.5,0.5,0.5,0.5,0.5,0.5,0.5,0.5,0.5,0.5,0.5,0.5,0.5,0.5,0.5,0.5,0.5,0.5,0.5,0.5,0.5,0.5,0.5,0.5,0.5,0.5,0.5,0.5,0.5,0.5,0.5,0.5,0.5,0.5,0.5,0.5,0.5,0.5,0.5,0.5,0.5,0.5,0.5,0.5,0.5,0.5,0.5,0.5,0.5,0.5,0.5,0.5,0.5,0.5,0.5,0.5,0.5,0.5,0.5,0.5,0.5,0.5,0.5,0.5,0.5,0.5,0.5,0.5,0.5,0.5,0.5,0.5,0.5,0.5,0.5,0.5,0.5,0.5,0.5,0.5,0.5,0.5,0.5,0.5,0.5,0.5,0.5,0.5,0.5,0.5,0.5,0.5,0.5,0.5,0.5,0.5,0.5,0.5,0.5,0.5,0.5,0.5,0.5,0.5,0.5,0.5,0.5,0.5,0.5,0.5,0.5,0.5,0.5,0.5,0.5,0.5,0.5,0.5,0.5,0.5,0.5,0.5,0.5,0.5,0.5,0.5,0.5,0.5,0.5,0.5,0.5,0.5,0.5,0.5,0.5,0.5,0.5,0.5,0.5,0.5,0.5,0.5,0.5,0.5,0.5,0.5,0.5,0.5,0.5,0.5,0.5,0.5,0.5,0.5,0.5,0.5,0.5,0.5,0.5,0.5,0.5,0.5,0.5,0.5,0.5,0.5,0.5,0.5,0.5,0.5,0.5,0.5,0.5,0.5,0.5,0.5,0.5,0.5,0.5,0.5,0.5,0.5,0.5,0.5,0.5,0.5,0.5,0.5,0.5,0.5,0.5,0.5,0.5,0.5,0.5,0.5,0.5,0.5,0.5,0.5,0.5,0.5,0.5,0.5,0.5,0.5,0.5,0.5,0.5,0.5,0.5,0.5,0.5,0.5,0.5,0.5,0.5,0.5,0.5,0.5,0.5,0.5,0.5,0.5,0.5,0.5,0.5,0.5,0.5,0.5,0.5,0.5,0.5,0.5,0.5,0.5,0.5,0.5,0.5,0.5,0.5,0.5,0.5,0.5,0.5,0.5,0.5,0.5,0.5,0.5,0.5,0.5,0.5,0.5,0.5,0.5,0.5,0.5,0.5,0.5,0.5,0.5,0.5,0.5,0.5,0.5,0.5,0.5,0.5,0.5,0.5,0.5,0.5,0.5,0.5,0.5,0.5,0.5,0.5,0.5,0.5,0.5,0.5,0.5,0.5,0.5,0.5,0.5,0.5,0.5,0.5,0.5,0.5,0.5,0.5,0.5,0.5,0.5,0.5,0.5,0.5,0.5,0.5,0.5,0.5,0.5,0.5,0.5,0.5,0.5,0.5,0.5,0.5,0.5,0.5,0.5,0.5,0.5,0.5,0.5,0.5,0.5,0.5,0.5,0.5,0.5,0.5,0.5,0.5,0.5,0.5,0.5,0.5,0.5,0.5,0.5,0.5,0.5,0.5,0.5,0.5,0.5,0.5,0.5,0.5,0.5,0.5,0.5,0.5,0.5,0.5,0.5,0.5,0.5,0.5,0.5,0.5,0.5,0.5,0.5,0.5,0.5,0.5,0.5,0.5,0.5,0.5,0.5,0.5,0.5,0.5,0.5,0.5,0.5,0.5,0.5,0.5,0.5,0.5,0.5,0.5,0.5,0.5,0.5,0.5,0.5,0.5,0.5,0.5,0.5,0.5,0.5,0.5,0.5,0.5,0.5,0.5,0.5,0.5,0.5,0.5,0.5,0.5,0.5,0.5,0.5,0.5,0.5,0.5,0.5,0.5,0.5,0.5,0.5,0.5,0.5,0.5,0.5,0.5,0.5,0.5,0.5,0.5,0.5,0.5,0.5,0.5,0.5,0.5,0.5,0.5,0.5,0.5,0.5,0.5,0.5,0.5,0.5,0.5,0.5,0.5,0.5,0.5,0.5,0.5,0.5,0.5,0.5,0.5,0.5,0.5,0.5,0.5,0.5,0.5,0.5,0.5,0.5,0.5,0.5,0.5,0.5,0.5,0.5,0.5,0.5,0.5,0.5,0.5,0.5,0.5,0.5,0.5,0.5,0.5,0.5,0.5,0.5,0.5,0.5,0.5,0.5,0.5,0.5,0.5,0.5,0.0]
