WARNING: Method definition require(Symbol) in module Base at loading.jl:345 overwritten in module ConicBenchmarkUtilities at /home/ubuntu/.julia/v0.5/Requires/src/require.jl:12.
WARNING: Base.ASCIIString is deprecated, use String instead.
  likely near /home/ubuntu/run.jl:185
WARNING: Base.ASCIIString is deprecated, use String instead.
  likely near /home/ubuntu/run.jl:185
WARNING: Base.ASCIIString is deprecated, use String instead.
  likely near /home/ubuntu/run.jl:185
WARNING: Base.ASCIIString is deprecated, use String instead.
  likely near /home/ubuntu/run.jl:185
Optimize a model with 1085 rows, 1086 columns and 1741 nonzeros
Model has 20 quadratic constraints
Variable types: 1061 continuous, 25 integer (0 binary)
Coefficient statistics:
  Matrix range     [7e-01, 4e+02]
  QMatrix range    [1e+00, 2e+00]
  Objective range  [1e+00, 1e+03]
  Bounds range     [0e+00, 0e+00]
  RHS range        [1e+00, 5e+02]
Found heuristic solution: objective 0
Solve qcp for cone disaggregation ...
Presolve removed 1035 rows and 1014 columns
Presolve time: 0.01s
Presolved: 55 rows, 83 columns, 159 nonzeros
Found heuristic solution: objective -755.0000000
Variable types: 29 continuous, 54 integer (22 binary)

Root relaxation: objective -1.290455e+04, 4 iterations, 0.00 seconds

    Nodes    |    Current Node    |     Objective Bounds      |     Work
 Expl Unexpl |  Obj  Depth IntInf | Incumbent    BestBd   Gap | It/Node Time

     0     0 -12904.545    0    1 -755.00000 -12904.545  1609%     -    0s
     0     0 -9989.0499    0   40 -755.00000 -9989.0499  1223%     -    0s
     0     0 -7891.6269    0   43 -755.00000 -7891.6269   945%     -    0s
     0     0 -7698.5095    0   40 -755.00000 -7698.5095   920%     -    0s
     0     0 -7698.5095    0   38 -755.00000 -7698.5095   920%     -    0s
     0     0 -7692.1866    0    7 -755.00000 -7692.1866   919%     -    0s
     0     0 -7682.3867    0   35 -755.00000 -7682.3867   918%     -    0s
     0     0 -7674.8255    0   26 -755.00000 -7674.8255   917%     -    0s
     0     2 -7670.7916    0   26 -755.00000 -7670.7916   916%     -    0s
H   24    18                    -7347.000000 -7634.3085  3.91%   6.8    0s
H   24    17                    -7349.000000 -7634.3085  3.88%   6.8    0s

Cutting planes:
  Gomory: 2
  Cover: 7
  Implied bound: 8
  Projected Implied bound: 1
  Clique: 3
  MIR: 6
  Flow cover: 3

Explored 41 nodes (751 simplex iterations) in 0.19 seconds
Thread count was 1 (of 4 available processors)

Solution count 3: -7349 -7347 -755 
Pool objective bound -7349

Optimal solution found (tolerance 1.00e-05)
Best objective -7.349000000000e+03, best bound -7.349000000000e+03, gap 0.0000%
#SOLVERNAME# GUROBI_MISOCP
#SOLVER# Gurobi.GurobiSolver(nothing,Any[(:OutputFlag,1),(:Threads,1),(:TimeLimit,3600.0),(:MIPGap,1.0e-5)])
#FILENAME# ck_n25_m20_o5_5.cbf.gz
#INSTANCE# ck_n25_m20_o5_5
#TIMELIMIT# 3600.0
#STATUS# Optimal
#OBJVAL# 7349.0
#OBJBOUND# 7349.0
#TIMESOLVER# 0.19267797470092773
#TIMEALL# 1.7000670433044434
#SOLUTION# [1.0,-0.0,-0.0,0.0,1.0,0.0,0.0,1.0,1.0,0.0,1.0,1.0,1.0,0.0,0.0,1.0,1.0,0.0,1.0,1.0,0.0,0.0,1.0,1.0,0.0,0.0,0.0,0.0,0.0,0.0,0.0,0.0,-0.0,0.0,0.0,0.0,0.0,0.0,0.0,0.0,0.0,0.0,0.0,0.0,401.0,0.0,0.0,0.0,0.0,0.0,0.0,401.0,0.0,0.0,0.0,0.0,0.0,0.0,0.0,0.0,0.0,0.0,0.0,129.0,0.0,0.0,-0.0,0.0,0.0,0.0,0.0,0.0,0.0,0.0,0.0,0.0,0.0,129.0,0.0,0.0,-0.0,0.0,0.0,0.0,0.0,233.0,0.0,0.0,0.0,4.0,0.0,0.0,0.0,0.0,0.0,0.0,0.0,0.0,0.0,-0.0,0.0,0.0,0.0,298.718,0.0,0.0,0.0,0.0,0.0,0.0,-0.0,154.0,103.0,0.0,0.0,0.0,66.0,0.0,0.0,0.0,0.0,0.0,0.0,0.0,0.0,0.0,0.0,0.0,0.0,196.675,0.0,0.0,0.0,0.0,0.0,0.0,0.0,0.0,0.0,0.0,0.0,0.0,0.0,0.0,0.0,0.0,0.0,0.0,0.0,0.0,0.0,0.0,0.0,0.0,0.0,0.0,28.0,0.0,0.0,0.0,0.0,0.0,0.0,0.0,0.0,0.0,0.0,0.0,0.0,0.0,0.0,0.0,0.0,0.0,0.0,0.0,0.0,0.0,0.0,0.0,0.0,28.0,0.0,0.0,0.0,0.0,0.0,0.0,0.0,0.0,0.0,0.0,113.0,0.0,0.0,0.0,0.0,0.0,0.0,0.0,0.0,0.0,0.0,0.0,0.0,0.0,0.0,113.0,0.0,0.0,0.0,0.0,0.0,0.0,0.0,0.0,107.0,0.0,0.0,0.0,0.0,0.0,0.0,0.0,0.0,0.0,0.0,0.0,0.0,0.0,0.0,0.0,0.0,107.0,0.0,0.0,0.0,0.0,0.0,0.0,0.0,0.0,0.0,0.0,0.0,0.0,0.0,0.0,0.0,0.0,0.0,0.0,0.0,0.0,0.0,0.0,0.0,0.0,0.0,107.0,0.0,0.0,0.0,0.0,166.0,0.0,0.0,0.0,0.0,0.0,0.0,0.0,0.0,0.0,0.0,0.0,0.0,0.0,0.0,0.0,0.0,0.0,0.0,0.0,0.0,166.0,0.0,0.0,0.0,0.0,0.0,0.0,0.0,0.0,0.0,0.0,0.0,0.0,0.0,0.0,0.0,0.0,0.0,0.0,0.0,0.0,0.0,0.0,0.0,0.0,0.0,0.0,0.0,0.0,0.0,0.0,0.0,0.0,0.0,0.0,0.0,0.0,0.0,0.0,0.0,0.0,-0.0,0.0,0.0,0.0,0.0,0.0,0.0,0.0,0.0,43.0,0.0,43.0,0.0,0.0,0.0,0.0,0.0,0.0,0.0,0.0,0.0,0.0,0.0,0.0,0.0,0.0,0.0,0.0,0.0,0.0,0.0,0.0,0.0,0.0,0.0,330.0,0.0,330.0,0.0,0.0,0.0,0.0,0.0,0.0,0.0,152.0,0.0,-0.0,0.0,0.0,0.0,0.0,0.0,0.0,0.0,0.0,0.0,0.0,0.0,0.0,0.0,77.0,0.0,170.391,0.0,0.0,0.0,0.0,0.0,0.0,0.0,0.0,44.0,0.0,0.0,0.0,0.0,0.0,-0.0,0.0,0.0,0.0,0.0,0.0,0.0,0.0,0.0,0.0,0.0,44.0,0.0,0.0,0.0,0.0,0.0,0.0,0.0,0.0,0.0,0.0,0.0,0.0,0.0,0.0,0.0,0.0,0.0,0.0,0.0,0.0,0.0,0.0,0.0,281.0,0.0,281.0,0.0,0.0,0.0,0.0,0.0,0.0,0.0,0.0,0.0,0.0,0.0,0.0,0.0,0.0,0.0,0.0,0.0,0.0,0.0,0.0,0.0,-0.0,0.0,0.0,0.0,0.0,0.0,0.0,0.0,0.0,0.0,0.0,0.0,0.0,0.0,0.0,0.0,0.0,0.0,0.0,0.0,0.0,306.0,0.0,0.0,0.0,0.0,0.0,0.0,0.0,0.0,306.0,0.0,0.0,0.0,0.0,0.0,0.0,0.0,0.0,0.0,0.0,0.0,88.0,83.0,0.0,-0.0,0.0,0.0,0.0,0.0,0.0,0.0,0.0,0.0,0.0,0.0,120.967,0.0,-0.0,0.0,0.0,0.0,0.0,0.0,0.0,0.0,0.0,0.0,0.0,0.0,0.0,0.0,0.0,0.0,0.0,0.0,0.0,0.0,0.0,0.0,0.0,0.0,0.0,567.1,283.55,0.0,0.0,0.0,0.0,0.0,0.0,0.0,0.0,0.0,0.0,0.0,0.0,0.0,0.0,0.0,0.0,0.0,0.0,567.1,0.0,0.0,0.0,0.0,0.0,0.0,182.434,91.2168,0.0,0.0,0.0,0.0,0.0,0.0,0.0,0.0,0.0,0.0,0.0,182.434,0.0,0.0,0.0,0.0,0.0,0.0,0.0,0.0,0.0,0.0,0.0,0.0,0.0,422.451,211.225,0.0,0.0,0.0,0.0,0.0,0.0,0.0,329.512,0.0,0.0,0.0,5.65685,0.0,0.0,0.0,0.0,0.0,0.0,0.0,0.0,0.0,0.0,0.0,0.0,0.0,278.14,139.07,0.0,0.0,0.0,0.0,0.0,0.0,0.0,217.789,145.664,0.0,0.0,0.0,93.3381,0.0,0.0,0.0,0.0,0.0,0.0,0.0,0.0,0.0,0.0,0.0,0.0,0.0,0.0,0.0,0.0,0.0,0.0,0.0,0.0,0.0,0.0,0.0,0.0,0.0,0.0,0.0,0.0,0.0,0.0,0.0,0.0,0.0,0.0,0.0,0.0,0.0,0.0,0.0,39.598,19.799,39.598,0.0,0.0,0.0,0.0,0.0,0.0,0.0,0.0,0.0,0.0,0.0,0.0,0.0,0.0,0.0,0.0,0.0,0.0,0.0,0.0,0.0,0.0,0.0,0.0,159.806,79.9031,0.0,0.0,0.0,0.0,0.0,0.0,0.0,0.0,0.0,0.0,159.806,0.0,0.0,0.0,0.0,0.0,0.0,0.0,0.0,0.0,0.0,0.0,0.0,0.0,0.0,151.321,75.6604,0.0,0.0,0.0,0.0,0.0,0.0,0.0,0.0,151.321,0.0,0.0,0.0,0.0,0.0,0.0,0.0,0.0,0.0,0.0,0.0,0.0,0.0,0.0,0.0,0.0,151.321,75.6604,0.0,0.0,0.0,0.0,0.0,0.0,0.0,0.0,0.0,0.0,0.0,0.0,0.0,0.0,0.0,0.0,0.0,0.0,0.0,0.0,0.0,0.0,0.0,0.0,0.0,234.759,117.38,0.0,0.0,0.0,0.0,234.759,0.0,0.0,0.0,0.0,0.0,0.0,0.0,0.0,0.0,0.0,0.0,0.0,0.0,0.0,0.0,0.0,0.0,0.0,0.0,0.0,0.0,0.0,0.0,0.0,0.0,0.0,0.0,0.0,0.0,0.0,0.0,0.0,0.0,0.0,0.0,0.0,0.0,0.0,0.0,0.0,0.0,0.0,0.0,0.0,0.0,0.0,0.0,60.8112,30.4056,0.0,0.0,0.0,0.0,0.0,0.0,0.0,0.0,0.0,0.0,0.0,0.0,0.0,0.0,0.0,0.0,0.0,0.0,0.0,0.0,0.0,0.0,0.0,60.8112,0.0,466.69,233.345,0.0,0.0,0.0,0.0,0.0,0.0,0.0,0.0,0.0,0.0,0.0,0.0,0.0,0.0,0.0,0.0,0.0,0.0,0.0,0.0,0.0,0.0,0.0,466.69,0.0,240.969,120.484,0.0,0.0,0.0,0.0,0.0,0.0,0.0,214.96,0.0,0.0,0.0,0.0,0.0,0.0,0.0,0.0,0.0,0.0,0.0,0.0,0.0,0.0,0.0,108.894,0.0,62.2254,31.1127,0.0,0.0,0.0,0.0,0.0,0.0,0.0,0.0,62.2254,0.0,0.0,0.0,0.0,0.0,0.0,0.0,0.0,0.0,0.0,0.0,0.0,0.0,0.0,0.0,0.0,397.394,198.697,0.0,0.0,0.0,0.0,0.0,0.0,0.0,0.0,0.0,0.0,0.0,0.0,0.0,0.0,0.0,0.0,0.0,0.0,0.0,0.0,0.0,0.0,0.0,397.394,0.0,0.0,0.0,0.0,0.0,0.0,0.0,0.0,0.0,0.0,0.0,0.0,0.0,0.0,0.0,0.0,0.0,0.0,0.0,0.0,0.0,0.0,0.0,0.0,0.0,0.0,0.0,0.0,432.749,216.375,0.0,0.0,0.0,0.0,0.0,0.0,0.0,0.0,0.0,0.0,0.0,0.0,0.0,0.0,0.0,0.0,432.749,0.0,0.0,0.0,0.0,0.0,0.0,0.0,0.0,171.073,85.5365,0.0,0.0,0.0,0.0,0.0,0.0,0.0,0.0,0.0,0.0,0.0,124.451,117.38,0.0,0.0,0.0,0.0,0.0,0.0,0.0,0.0,0.0,0.0,0.0,0.0,0.0,0.0,0.0,0.0,0.0,0.0,0.0,0.0,0.0,0.0,0.0,0.0,0.0,0.0,0.0,0.0,0.0,0.0,0.0,0.0,0.0,0.0,0.0,0.0,0.0,0.0,0.0]
