WARNING: Method definition require(Symbol) in module Base at loading.jl:345 overwritten in module ConicBenchmarkUtilities at /home/ubuntu/.julia/v0.5/Requires/src/require.jl:12.
error in running finalizer: CPLEX.CplexError(code=1804, msg="CPLEX Error  1804: Calling routines not allowed in informational callback.
")
#SOLVERNAME# PAJ_MSD_CPLEX_MOSEK_nosocinit
#SOLVER# Pajarito.PajaritoSolver(2,3600.0,1.0e-5,true,CPLEX.CplexSolver(Any[(:CPX_PARAM_THREADS,1),(:CPX_PARAM_TILIM,3600.0),(:CPX_PARAM_EPINT,1.0e-8),(:CPX_PARAM_EPRHS,1.0e-8),(:CPX_PARAM_SCRIND,0),(:CPX_PARAM_EPGAP,0.0)]),MathProgBase.DefaultMIPSolver(),0,false,true,Mosek.MosekMathProgSolverInterface.MosekSolver(Any[(:LOG,0),(:NUM_THREADS,1),(:OPTIMIZER_MAX_TIME,120.0)]),true,false,false,true,false,true,false,false,false,true,true,false,false,true,false,false,false,true,1.0e-10,0.0001,1.0e-6,0.01,1.0e-6)
#INSTANCE# pp-n1000-d10.cbf.gz
#TIMELIMIT# 3600.0

Transforming original data......Done     0.00s

Creating conic model data......Done     0.00s

Creating MIP model......Done     0.05s

Cone types summary:
Cone       | Count    | Min dim  | Max dim 
       SOC |     1000 |        3 |        3

Solving conic relaxation......Done     0.09s
 - Relaxation status    =        Optimal
 - Relaxation objective =    7330.100925

Creating conic subproblem model......Done     0.00s

Starting MIP-solver-driven outer approximation algorithm

Pajarito MICP solve summary:
 - Total time (s)       =       3.60e+03
 - Status               =      UserLimit
 - Best feasible obj.   =  +7.349726e+03
 - Final OA obj. bound  =  +7.331468e+03
 - Relative opt. gap    =      2.484e-03
 - Conic solve count    =             27
 - Feas. solution count =             23
 - Integer repeat count =             28

Timers (s):
 - Setup                =       1.76e-01
 -- Transform data      =       3.53e-03
 -- Create conic data   =       1.39e-03
 -- Create MIP data     =       4.97e-02
 -- Load/solve relax    =       8.88e-02
 - MIP-driven algorithm =       3.60e+03
 -- Solve conic model   =       1.25e+00
 -- Process conic data  =       5.85e-02
 -- Add conic solution  =       1.07e-02
 -- Add dual cuts       =       6.92e-01
 -- Use outer inf/cuts  =       4.23e-01

#STATUS# UserLimit
#OBJVAL# 7349.7263098282365
#OBJBOUND# 7331.468244705546
#TIMESOLVER# 3600.0418689250946
#TIMEALL# 3600.0525438785553
#SOLUTION# [5.0,3.0,6.0,9.0,5.0,7.0,9.0,4.0,2.0,7.0,4.0,4.0,7.0,3.0,4.0,4.0,2.0,10.0,6.0,4.0,8.0,7.0,5.0,3.0,4.0,5.0,4.0,2.0,5.0,4.0,9.0,8.0,3.0,5.0,3.0,5.0,3.0,8.0,4.0,3.0,4.0,3.0,4.0,7.0,4.0,5.0,4.0,4.0,4.0,5.0,4.0,6.0,9.0,2.0,2.0,4.0,6.0,3.0,5.0,4.0,3.0,7.0,7.0,3.0,7.0,8.0,15.0,5.0,7.0,9.0,8.0,5.0,7.0,3.0,6.0,4.0,7.0,7.0,5.0,8.0,3.0,9.0,6.0,6.0,1.0,6.0,7.0,2.0,13.0,10.0,8.0,12.0,4.0,11.0,7.0,8.0,8.0,10.0,7.0,3.0,10.0,4.0,9.0,10.0,4.0,7.0,7.0,14.0,5.0,7.0,2.0,6.0,6.0,3.0,4.0,9.0,2.0,7.0,6.0,5.0,4.0,5.0,9.0,7.0,5.0,7.0,7.0,4.0,4.0,7.0,3.0,7.0,5.0,6.0,4.0,5.0,5.0,5.0,6.0,6.0,4.0,4.0,2.0,3.0,7.0,2.0,10.0,3.0,9.0,3.0,3.0,4.0,4.0,3.0,13.0,10.0,3.0,9.0,8.0,10.0,3.0,4.0,5.0,3.0,4.0,8.0,2.0,10.0,5.0,6.0,10.0,8.0,4.0,6.0,9.0,4.0,4.0,9.0,9.0,7.0,2.0,6.0,6.0,5.0,8.0,2.0,2.0,5.0,3.0,3.0,7.0,6.0,6.0,6.0,3.0,5.0,6.0,5.0,2.0,8.0,3.0,10.0,7.0,9.0,10.0,3.0,3.0,10.0,3.0,8.0,2.0,6.0,13.0,4.0,5.0,6.0,2.0,5.0,7.0,5.0,7.0,4.0,4.0,3.0,4.0,5.0,8.0,5.0,7.0,6.0,6.0,10.0,6.0,4.0,7.0,9.0,3.0,3.0,3.0,3.0,5.0,3.0,5.0,10.0,2.0,5.0,4.0,1.0,7.0,6.0,4.0,7.0,10.0,9.0,5.0,5.0,4.0,7.0,6.0,7.0,7.0,4.0,5.0,7.0,8.0,3.0,5.0,7.0,3.0,9.0,6.0,2.0,5.0,8.0,4.0,5.0,10.0,3.0,3.0,4.0,3.0,3.0,6.0,6.0,10.0,7.0,7.0,6.0,2.0,4.0,6.0,4.0,11.0,4.0,7.0,4.0,6.0,2.0,5.0,2.0,3.0,6.0,4.0,3.0,3.0,4.0,4.0,11.0,6.0,5.0,6.0,8.0,6.0,8.0,8.0,5.0,4.0,3.0,6.0,3.0,8.0,4.0,3.0,6.0,4.0,5.0,7.0,5.0,8.0,6.0,6.0,2.0,4.0,6.0,5.0,8.0,5.0,9.0,3.0,3.0,8.0,5.0,9.0,7.0,6.0,11.0,7.0,7.0,10.0,2.0,4.0,4.0,7.0,6.0,3.0,9.0,7.0,5.0,4.0,8.0,10.0,3.0,8.0,3.0,2.0,12.0,4.0,5.0,7.0,9.0,5.0,5.0,7.0,2.0,3.0,4.0,8.0,6.0,8.0,9.0,7.0,5.0,6.0,2.0,6.0,4.0,5.0,5.0,4.0,10.0,3.0,5.0,12.0,9.0,2.0,9.0,7.0,6.0,4.0,9.0,3.0,4.0,3.0,9.0,2.0,8.0,6.0,7.0,5.0,3.0,3.0,8.0,4.0,8.0,7.0,7.0,11.0,3.0,4.0,4.0,6.0,6.0,13.0,6.0,5.0,4.0,3.0,5.0,4.0,7.0,4.0,8.0,3.0,4.0,3.0,5.0,8.0,4.0,3.0,7.0,3.0,7.0,8.0,3.0,2.0,6.0,2.0,6.0,3.0,4.0,4.0,4.0,6.0,2.0,6.0,5.0,5.0,6.0,5.0,5.0,7.0,5.0,8.0,2.0,2.0,4.0,5.0,9.0,12.0,2.0,3.0,6.0,6.0,6.0,7.0,4.0,5.0,5.0,10.0,4.0,8.0,3.0,6.0,4.0,9.0,3.0,3.0,3.0,12.0,8.0,9.0,4.0,8.0,8.0,4.0,6.0,7.0,5.0,4.0,2.0,5.0,7.0,5.0,5.0,3.0,4.0,5.0,7.0,3.0,2.0,2.0,5.0,8.0,5.0,7.0,7.0,9.0,5.0,3.0,3.0,7.0,7.0,4.0,8.0,6.0,3.0,6.0,5.0,7.0,8.0,5.0,1.0,3.0,6.0,7.0,6.0,5.0,5.0,2.0,10.0,3.0,3.0,4.0,12.0,8.0,6.0,5.0,7.0,5.0,6.0,5.0,8.0,5.0,8.0,3.0,5.0,3.0,3.0,4.0,7.0,3.0,7.0,4.0,5.0,9.0,12.0,3.0,5.0,6.0,4.0,6.0,3.0,4.0,8.0,3.0,9.0,2.0,4.0,5.0,11.0,4.0,3.0,1.0,4.0,5.0,9.0,5.0,12.0,5.0,5.0,4.0,10.0,5.0,8.0,4.0,7.0,7.0,3.0,6.0,6.0,8.0,8.0,6.0,8.0,4.0,5.0,6.0,2.0,5.0,2.0,7.0,7.0,5.0,9.0,7.0,4.0,10.0,8.0,9.0,10.0,8.0,5.0,2.0,7.0,4.0,7.0,3.0,3.0,6.0,12.0,2.0,6.0,8.0,6.0,8.0,5.0,7.0,6.0,8.0,11.0,4.0,9.0,7.0,6.0,6.0,7.0,5.0,6.0,4.0,7.0,7.0,5.0,3.0,12.0,6.0,6.0,6.0,6.0,8.0,5.0,4.0,6.0,5.0,6.0,6.0,8.0,3.0,4.0,5.0,9.0,3.0,3.0,2.0,4.0,9.0,5.0,6.0,4.0,4.0,7.0,5.0,6.0,8.0,5.0,7.0,4.0,7.0,7.0,3.0,13.0,8.0,4.0,4.0,8.0,4.0,10.0,4.0,3.0,7.0,8.0,4.0,7.0,8.0,8.0,6.0,4.0,7.0,3.0,2.0,6.0,4.0,4.0,11.0,8.0,5.0,11.0,5.0,4.0,3.0,4.0,4.0,3.0,8.0,3.0,6.0,7.0,4.0,6.0,6.0,7.0,9.0,5.0,8.0,6.0,7.0,2.0,5.0,2.0,5.0,6.0,8.0,7.0,3.0,11.0,3.0,7.0,1.0,2.0,9.0,6.0,5.0,4.0,4.0,4.0,6.0,3.0,8.0,5.0,4.0,5.0,6.0,6.0,6.0,3.0,4.0,4.0,15.0,4.0,6.0,6.0,7.0,6.0,6.0,5.0,6.0,4.0,5.0,10.0,8.0,2.0,5.0,4.0,4.0,6.0,6.0,6.0,3.0,3.0,5.0,6.0,6.0,5.0,5.0,8.0,5.0,5.0,4.0,10.0,4.0,8.0,8.0,9.0,7.0,3.0,3.0,4.0,4.0,3.0,9.0,8.0,3.0,4.0,4.0,2.0,5.0,4.0,7.0,4.0,3.0,5.0,4.0,6.0,9.0,14.0,6.0,8.0,8.0,4.0,4.0,4.0,5.0,5.0,3.0,2.0,2.0,5.0,7.0,6.0,5.0,4.0,4.0,5.0,8.0,7.0,8.0,4.0,6.0,8.0,12.0,5.0,5.0,6.0,3.0,3.0,10.0,3.0,5.0,5.0,2.0,7.0,2.0,10.0,13.0,5.0,3.0,3.0,5.0,3.0,5.0,2.0,6.0,6.0,2.0,2.0,6.0,3.0,8.0,5.0,6.0,6.0,6.0,10.0,4.0,4.0,7.0,5.0,2.0,7.0,6.0,5.0,7.0,4.0,9.0,4.0,6.0,5.0,3.0,3.0,6.0,12.0,4.0,6.0,9.0,4.0,8.0,4.0,7.0,6.0,5.0,3.0,8.0,5.0,11.0,3.0,3.0,9.0,3.0,5.0,6.0,4.0,8.0,3.0,8.0,10.0,5.0,3.0,5.0,5.0,3.0,3.0,7.0,8.0,10.0,4.0,7.0,7.0,5.0,8.0,3.0,9.0,5.0,4.0,6.0,5.0,7.0,3.0,9.0,2.0,8.0,5.0,9.0,3.0,4.0,8.0,8.0,4.0,2.0,6.0,6.0,5.0,5.0,2.0,6.0,6.0,2.0,4.0,8.0,3.0,3.0,3.0,4.0,4.0,5.0,5.0,5.0,7.0,6.0,10.0,6.0,7.0,3.0,3.0,3.0,3.0,4.0,4.0,6.0,6.0,11.0,7.0,5.0,9.0,7.0,4.0,3.0,9.0,5.0,7.0,12.0,5.0,0.20000002109122228,0.3333333763083033,0.16666667659760748,0.1111111285209141,0.200000012591528,0.1428571541465713,0.11111112973580006,0.25000000367281716,0.5000000514897851,0.1428571767013871,0.25000000256310084,0.25000001045450926,0.14285715880316818,0.33333334702330886,0.25000001771317404,0.2500000033507299,0.5000000454047155,0.10000002831784549,0.16666667541854352,0.2500000020921629,0.1250000147373047,0.14285715657824216,0.20000001328731276,0.3333334070094014,0.25000000513106313,0.20000000980452004,0.25000000501428055,0.5000000129052242,0.20000000856228173,0.25000000341434214,0.11111112832324466,0.12500001734694433,0.3333335468631571,0.20000000606893753,0.3333333430430323,0.20000000614686364,0.3333333412288604,0.125000016298344,0.2500000099517985,0.33333341421747953,0.2500000155216151,0.3333333536470122,0.25000000160356617,0.14285715339923666,0.25000000192235516,0.20000000705534315,0.250000008105284,0.2500000621223588,0.25000000725341254,0.2000000117452494,0.25000000270221134,0.1666667036538989,0.11111112763705222,0.5000000068275874,0.500000062939681,0.250000002445558,0.16666667466636653,0.33333335131802455,0.2000000055079969,0.25000000477797846,0.3333333388166344,0.14285715328951643,0.14285715560532353,0.33333336665399127,0.1428571525196629,0.1250000138123486,0.06666670280053921,0.2000000593591702,0.14285715438173519,0.11111112825238045,0.1250000138006646,0.20000000954566932,0.1428571553325808,0.3333334233042158,0.1666666739726459,0.2500000071434201,0.1428571566914183,0.1428571534372054,0.2000000353108753,0.12500001397797433,0.33333334311848395,0.11111112752758778,0.16666667426767567,0.16666667515796885,1.000000021230092,0.1666666730429025,0.1428571540558119,0.5000000108613998,0.07692311035970079,0.10000002187531543,0.12500001310241782,0.08333335897340355,0.2500000361071524,0.0909091141243259,0.14285715522231524,0.1250000219179368,0.12500001450610831,0.10000001996793273,0.1428571536670331,0.3333333578987663,0.10000001941856773,0.2500000024289548,0.11111112842190707,0.100000019538939,0.25000001224094826,0.14285715805628296,0.14285716028103845,0.07142860728350264,0.20000000478820823,0.14285716063087595,0.5000000639896611,0.16666667439073812,0.16666667560127824,0.3333333502673841,0.25000000905060693,0.11111112857255634,0.5000000148816037,0.14285715368107077,0.16666668470498358,0.2000000478546342,0.250000009155952,0.20000000722909217,0.11111112826110414,0.14285715330242788,0.2000000132325832,0.14285715394747012,0.14285715612594707,0.25000000690039004,0.250000004639396,0.14285715328166315,0.3333333481115388,0.1428571540317254,0.20000000915664717,0.1666666765137199,0.25000001048343856,0.20000001012400936,0.20000000576821275,0.20000000411532515,0.166666675337102,0.1666666745025731,0.25000000530428146,0.2500000067985324,0.5000000046601984,0.3333333387223001,0.1428571568912993,0.5000000606471746,0.10000002080890802,0.33333336750891673,0.1111111282455397,0.33333333776119467,0.3333333346846765,0.2500000516349883,0.25000003656793535,0.333333382355006,0.07692311741755731,0.10000001939492442,0.3333333461148369,0.1111111273850387,0.12500001510565273,0.10000002045457101,0.33333334301301853,0.25000000264628186,0.20000000462306122,0.3333333454229983,0.2500000059609331,0.1250000129490978,0.5000000331976895,0.10000001998856689,0.20000000613077162,0.16666667425665782,0.1000000206398255,0.12500001475625933,0.250000007402865,0.1666666736399014,0.1111111273190506,0.250000003843573,0.25000000181657356,0.11111112854789518,0.11111114093458596,0.1428571627570303,0.5000003099045598,0.16666668747664382,0.1666666743064793,0.20000000371189497,0.1250000147176884,0.5000000146323682,0.5000000114955012,0.20000003157007384,0.33333334186638197,0.3333334161056558,0.14285715331427884,0.16666667938542012,0.16666667343260677,0.16666669104055387,0.3333333572503694,0.20000001753042262,0.16666669293706082,0.20000000884178348,0.5000000800505016,0.12500001406717587,0.3333333459809409,0.10000001951594228,0.14285715636203378,0.11111113553582186,0.10000001939005543,0.33333335377258777,0.3333333439602981,0.10000002542909314,0.33333334216804467,0.12500001429251562,0.500000048624712,0.16666668165129295,0.07692310720067752,0.25000000678941836,0.20000001297817693,0.16666667444375705,0.5000000141466987,0.20000000507199012,0.14285715346015326,0.20000002569366693,0.14285715351830053,0.2500000149909618,0.250000006903055,0.33333335509318207,0.2500000020437363,0.2000000212428752,0.12500001621991075,0.2000000389288079,0.14285715413933975,0.16666668333893675,0.16666667544995217,0.10000002120964702,0.16666667595603624,0.2500000026711975,0.1428571541836643,0.1111111321032272,0.3333333992026004,0.3333333513865888,0.33333333569371426,0.33333351048995086,0.20000000892593217,0.333333368119467,0.20000001318160887,0.10000002657993612,0.5000000293695512,0.2000000070264223,0.25000001074012124,1.000000101716786,0.14285715871202953,0.16666667297565052,0.2500000023128721,0.1428571681524753,0.10000002074745495,0.1111111279315029,0.20000001059911554,0.2000000049725177,0.25000001525610127,0.14285715458025283,0.16666667514262468,0.14285715481072092,0.1428571562611909,0.25000001223579327,0.2000000115169298,0.14285715653982045,0.12500001398526273,0.3333333411546202,0.2000000193665068,0.14285716940417714,0.33333344713442425,0.11111113092615454,0.1666666842448299,0.5000001775079508,0.20000002112483006,0.12500001417167983,0.2500000044447961,0.20000000768693127,0.10000002653434237,0.3333333572442254,0.3333333587681957,0.25000000309086445,0.3333333357587711,0.33333338666832946,0.16666668472488677,0.16666667971491478,0.10000003675884983,0.14285715251710318,0.1428571549067419,0.16666667448349592,0.5000000236118587,0.25000000130159217,0.16666667362075938,0.25000000259437716,0.09090911517592026,0.2500000056726015,0.14285715325512438,0.25000002445397174,0.16666670111583226,0.5000000106183953,0.2000000048039512,0.5000000119343726,0.3333333387565487,0.16666668513245764,0.25000000479849316,0.3333333388117019,0.33333334535747916,0.25000001587102627,0.25000001016974904,0.0909091209712809,0.16666667342424724,0.20000003236629293,0.16666667699788373,0.12500001307199327,0.16666667946439517,0.1250000212103881,0.1250000215365743,0.2000000283280592,0.250000020034407,0.3333333758948944,0.16666668091961334,0.33333338241740096,0.12500001386717408,0.2500000016303403,0.333333377078572,0.1666666745666845,0.2500000141877665,0.20000000378495564,0.142857160257452,0.2000000354286584,0.12500001804376826,0.16666667876790875,0.16666667697673976,0.5000000060478691,0.2500000027443998,0.1666666737763869,0.20000000865752554,0.12500001571757213,0.20000001180344196,0.11111113878791912,0.3333333512233323,0.33333334196282705,0.12500001304889885,0.20000001415910695,0.11111113110315962,0.1428571533738694,0.16666668250035688,0.09090911483403197,0.14285715548049716,0.1428571551253217,0.10000002052720447,0.5000000617375011,0.25000001058922106,0.2500000269762821,0.14285715509682984,0.1666666754596955,0.3333333479387317,0.11111112744944229,0.14285715339866023,0.20000000917119642,0.25000003926627246,0.12500001436693342,0.10000002178158418,0.3333333416315365,0.12500001702995256,0.3333333694974576,0.5000000342108288,0.08333335914306161,0.2500000139170364,0.20000000722381994,0.14285715649095287,0.11111113714521892,0.20000000548342456,0.200000053593687,0.14285715330726312,0.5000000644632143,0.3333334835492363,0.2500000027560403,0.12500001682599393,0.16666668107291294,0.12500002808237376,0.11111112814300483,0.14285715632501095,0.20000000605504198,0.16666668114988692,0.5000000669097835,0.1666666748938317,0.25000005555813365,0.2000000080511226,0.20000000504199633,0.2500000100336752,0.10000002501070959,0.33333333272858345,0.20000000857735323,0.08333336040154826,0.11111112780877619,0.5000000082766254,0.11111112846185023,0.14285715278802957,0.16666667381590017,0.25000003018495587,0.11111112748743146,0.3333333422168705,0.2500000044859845,0.33333334152821736,0.1111111274005161,0.5000000207534749,0.12500002582502123,0.1666666778730974,0.142857153256295,0.20000002166669972,0.3333333359665249,0.33333335228710004,0.1250000202087289,0.25000000247811904,0.1250000162330629,0.14285716507874646,0.14285715764518336,0.0909091184703108,0.3333333452608356,0.2500000093708894,0.25000000118304344,0.166666674267959,0.16666667366083132,0.0769231057310531,0.16666667419403147,0.2000000044801329,0.2500000264057234,0.33333333902484874,0.20000000553680763,0.2500000042579167,0.14285715372512175,0.2500000085756482,0.12500001374357073,0.33333334008619575,0.25000001236906444,0.33333333576403934,0.2000000039024501,0.1250000157571174,0.25000000312413695,0.33333335449066537,0.14285715364074747,0.3333333347194576,0.1428571533216516,0.1250000129594735,0.3333333405046739,0.5000000099726805,0.16666668692882602,0.5000000204131281,0.16666667385014566,0.33333334200587217,0.2500000111624572,0.2500000131578757,0.25000000197871364,0.166666673993209,0.5000000227765267,0.16666667584253148,0.20000000445210997,0.2000000052687687,0.16666667598293294,0.20000000380181415,0.2000000052122548,0.1428571591481722,0.2000000041736678,0.12500001387529291,0.5000000334401282,0.5000000160427811,0.2500000043567705,0.20000001079314433,0.1111111286828308,0.08333336105052958,0.5000000183591551,0.33333335363299366,0.16666667833125182,0.1666666742723697,0.16666669946579127,0.1428571735145283,0.2500000016317263,0.200000039494034,0.20000001319159022,0.10000002103741856,0.25000001155384144,0.12500001662788485,0.3333333420617004,0.1666666795207048,0.2500000120851009,0.11111112837494375,0.3333333351273642,0.3333333426480829,0.3333333412220756,0.08333336009212822,0.12500001414369422,0.1111111282665842,0.2500000119187731,0.12500001299311592,0.12500001379666248,0.2500000160258016,0.16666667515336364,0.14285715327879434,0.20000001365376985,0.2500000045276942,0.5000000022831581,0.20000001410761037,0.14285715251403186,0.2000000039739218,0.20000001144660207,0.3333334539564623,0.2500000016267565,0.20000003378691655,0.14285715611248406,0.3333333451855225,0.5000000389429331,0.5000001060199115,0.2000000087612248,0.12500001332830735,0.20000003122747145,0.14285715415310385,0.14285715554295653,0.1111111299701868,0.20000000485479585,0.33333335032100564,0.33333337291962506,0.1428571550184028,0.14285715422795775,0.2500000039671062,0.12500001511349446,0.16666668153492115,0.33333334764525935,0.16666669351365826,0.20000000676389096,0.1428571586099059,0.12500001909535907,0.20000000979240795,1.0000000038321164,0.33333336338399056,0.16666667802905888,0.1428571557897751,0.1666666746524763,0.20000001164387005,0.20000000838880805,0.5000000434406466,0.10000002076960257,0.33333334036981066,0.3333333944398338,0.25000000711769177,0.08333335901737016,0.12500001390450777,0.16666667302893234,0.2000000111150344,0.14285717433512346,0.20000002053922739,0.1666666736291642,0.2000000041132841,0.12500001328118326,0.20000000643573745,0.1250000238010518,0.3333333456350731,0.20000000439777832,0.3333333757620909,0.33333333816141897,0.25000000294636093,0.14285716252033342,0.3333333536635008,0.14285715431474344,0.25000000251803645,0.2000000111224125,0.11111112823869185,0.08333336043005879,0.33333337652868567,0.20000000446638388,0.16666667410983838,0.2500000062030896,0.1666666749298571,0.3333333452235743,0.25000003863262954,0.12500002857875803,0.33333334370734446,0.11111113321109833,0.500000017770861,0.250000002901384,0.20000000797382178,0.09090911872337593,0.25000000323204974,0.33333336704917027,1.0000000109585399,0.25000003114902825,0.20000002932705296,0.11111113727968736,0.20000000850901678,0.08333336246673184,0.20000001520581367,0.2000000161848936,0.25000000709319625,0.10000002130743901,0.20000001448853677,0.1250000138593954,0.2500000040874184,0.14285715449330016,0.14285715335991345,0.3333333376172858,0.16666668009338448,0.16666667364440357,0.12500002301731872,0.1250000144788075,0.16666667839373428,0.1250000229852155,0.2500000029955256,0.20000001032100823,0.16666667377088729,0.5000000802203457,0.20000003301274916,0.5000000274876699,0.14285715635120955,0.14285716131718829,0.2000000099198136,0.11111113214407453,0.14285715385701714,0.2500000079312823,0.10000002401832297,0.12500001388781445,0.11111113383516447,0.10000002492996174,0.12500001864812305,0.20000000562027953,0.5000000463410581,0.1428571534302865,0.2500000285316655,0.14285715751649786,0.3333333435847461,0.3333333383142305,0.16666667396217605,0.08333337327754542,0.5000000127387747,0.1666666742026104,0.12500001430478136,0.16666668377802374,0.12500001710403197,0.2000000047960233,0.14285715390866827,0.16666667494785514,0.12500001381765102,0.09090911673302848,0.2500000105916431,0.11111112946244894,0.1428571525325646,0.1666666781571413,0.1666666984509897,0.14285715258181053,0.20000001707040926,0.16666668956230346,0.2500000021930333,0.1428571727760346,0.1428571620239616,0.20000000349395286,0.33333333963705014,0.083333359447618,0.16666668519627148,0.16666667967063375,0.16666667951086023,0.16666667312165817,0.12500001504285319,0.20000000685357033,0.25000001452638854,0.16666669146709268,0.20000001296353975,0.16666667823646097,0.16666667586727435,0.12500001448862808,0.3333333646025065,0.25000000119004184,0.20000000371403193,0.11111112857759764,0.3333333585271734,0.33333339362449976,0.5000000075042625,0.2500000276025691,0.11111113038195874,0.20000001604365902,0.166666682281714,0.2500000092663224,0.2500000032400078,0.14285715337076255,0.2000000039601897,0.16666667626357512,0.1250000133454705,0.2000000141178102,0.1428571664894589,0.2500000045084252,0.14285715369925267,0.14285715558845435,0.33333339507642945,0.07692310725719054,0.12500002384532127,0.25000000164064895,0.25000000332964234,0.12500001444757203,0.2500000084665168,0.100000019398653,0.25000002409112154,0.333333341185861,0.14285716322675057,0.1250000151045949,0.2500000016608239,0.14285715553787348,0.12500001297771401,0.12500001812137906,0.166666678026119,0.2500000094935082,0.1428571644167489,0.3333333917130257,0.5000002783935418,0.16666668290237485,0.25000000571392444,0.25000001522625404,0.09090911347433739,0.1250000138303271,0.2000000045033472,0.09090911661787615,0.20000003222840945,0.25000002820712997,0.33333337155026443,0.2500000169274519,0.25000000599171157,0.3333333357484545,0.12500003570293305,0.33333335242057593,0.16666667588356976,0.14285715503846852,0.25000002047628955,0.16666667390857537,0.16666667659613577,0.1428571525786566,0.11111112831543579,0.2000000082980513,0.12500001315238318,0.16666668141207186,0.14285715998473858,0.5000000692929374,0.20000000647492655,0.5000000299250489,0.20000000578031685,0.1666666799876202,0.12500001452690412,0.1428571536001213,0.33333353813007705,0.09090911557279391,0.33333333415288546,0.14285715576170777,1.0000000360575358,0.500000069389547,0.11111112820996993,0.16666667486104814,0.20000001798045908,0.2500000023545641,0.2500000091112504,0.25000001047383025,0.1666666913780297,0.33333338830968184,0.12500001704315533,0.2000000066770946,0.2500000470526107,0.2000000091502958,0.16666667480511688,0.16666667654584089,0.1666666804868333,0.3333333649433281,0.2500000152800257,0.25000000998493244,0.06666670389909157,0.25000003100136814,0.16666667841547156,0.1666666744379386,0.1428571533859584,0.16666667358512743,0.1666666942194741,0.20000001528068978,0.1666666776013228,0.25000003286222805,0.20000000675666119,0.10000002257548779,0.12500002001449406,0.5000000084953642,0.20000000838655918,0.25000003792212233,0.25000000225831664,0.16666667742647068,0.16666667525547485,0.1666666830252801,0.33333333560823775,0.3333333459927452,0.20000001189041416,0.16666668569788534,0.16666667861575135,0.20000000794119632,0.20000000891625813,0.125000014551234,0.20000001383775956,0.20000000524421857,0.2500000376570184,0.10000003532822888,0.2500000216363052,0.12500001401199157,0.1250000156672506,0.1111111296612215,0.1428571566346033,0.33333333640694063,0.3333333564318961,0.250000008094168,0.2500000046541566,0.3333333778577354,0.11111113006005624,0.12500001673084338,0.3333333413796802,0.250000012062944,0.2500000124748203,0.5000000211122657,0.20000000599017564,0.2500000078942257,0.142857154362793,0.25000001333462896,0.33333333594011716,0.20000001173794946,0.2500000433373337,0.16666667368353405,0.11111112753517993,0.07142860496579573,0.1666666819054834,0.12500001305855157,0.12500002910773045,0.25000003958322026,0.25000000408109413,0.2500000086752885,0.20000000683543995,0.2000000081681268,0.33333335407420295,0.5000000629745522,0.5000000060154395,0.20000001085269314,0.14285715357398487,0.1666666804399659,0.20000001571815584,0.25000000411915435,0.25000000305910985,0.2000000126019934,0.1250000137385081,0.14285715427760426,0.1250000137945264,0.25000001693757845,0.16666667956590597,0.12500001635687408,0.0833333591412071,0.20000000420083097,0.20000001316214533,0.1666666761032829,0.3333333738772688,0.33333335430720146,0.1000000212529315,0.33333335026768784,0.20000002911195836,0.20000001105836507,0.5000000095670478,0.14285715515769404,0.500000009247622,0.10000002201204161,0.07692310963084203,0.2000000113806948,0.3333333670287342,0.3333333422170992,0.2000000063933447,0.3333333525614801,0.20000003082660278,0.5000000044566721,0.16666667646789524,0.16666667400411672,0.5000000678241203,0.5000003256397734,0.1666666741024887,0.33333335283646326,0.12500001494104218,0.20000001030066805,0.1666666752053727,0.16666667470012797,0.16666667296062077,0.10000002047360468,0.25000000178850845,0.2500000067462236,0.14285715747078154,0.2000000036607359,0.5000000575355379,0.1428571538141714,0.16666667359672793,0.20000000952144514,0.1428571531618612,0.2500000064845307,0.11111112909568988,0.2500000150665618,0.166666674297403,0.2000000054387847,0.3333333440566153,0.3333333511676799,0.16666667538139368,0.08333336076326958,0.2500000021987536,0.16666667688432213,0.11111112833275172,0.250000000703134,0.12500001380664738,0.2500000021732376,0.14285716073605403,0.1666666812320461,0.2000000168861913,0.3333333400149354,0.1250000163316436,0.2000000066578762,0.09090911656333844,0.3333334958388643,0.3333333350812153,0.1111111282029853,0.3333333470432778,0.20000000599121392,0.16666667588797068,0.25000001197486466,0.12500003136820848,0.3333333719374525,0.12500001374760306,0.10000002426085963,0.20000001126927902,0.33333337392283635,0.2000000115227465,0.20000001302190462,0.33333334151100136,0.3333333882210954,0.14285715289879253,0.12500003126082238,0.10000002158238175,0.25000000908010467,0.14285715489038076,0.14285715415712552,0.20000002483540147,0.12500001406241878,0.33333339245481897,0.11111113411501528,0.20000000918919536,0.2500000071530408,0.16666667421783554,0.20000000726541245,0.14285715452906889,0.33333344121162556,0.11111113442483855,0.5000000573331531,0.12500001438378927,0.20000001416169866,0.1111111278005783,0.33333334428854355,0.2500000027704794,0.12500001543262051,0.12500001384447845,0.25000003631323153,0.5000000364893342,0.16666667442821304,0.16666667900546628,0.2000000110333957,0.20000000435757403,0.5000000441077579,0.16666667637272958,0.16666667584153227,0.5000000280277022,0.2500000055290914,0.1250000141289762,0.33333334798868597,0.33333334914213353,0.33333334598350506,0.2500000024333313,0.250000012825482,0.20000000772642856,0.200000011277206,0.20000001177207594,0.14285715708565938,0.16666667728101725,0.10000002056859181,0.16666667468006846,0.1428571534156733,0.3333333479508802,0.33333334024095196,0.3333333419948392,0.33333334100911705,0.2500000383291363,0.2500000082008653,0.16666670036260278,0.16666667716066108,0.09090911728157813,0.14285715619167672,0.2000000053868991,0.11111113148447416,0.142857152557192,0.25000000378911835,0.33333334227399414,0.11111114006049227,0.20000001933999023,0.14285715700471258,0.08333335899659033,0.2000000054728277,5.0,0.20000002109122228,1.41421356,3.0,0.3333333763083033,1.41421356,6.0,0.16666667659760748,1.41421356,9.0,0.1111111285209141,1.41421356,5.0,0.200000012591528,1.41421356,7.0,0.1428571541465713,1.41421356,9.0,0.11111112973580006,1.41421356,4.0,0.25000000367281716,1.41421356,2.0,0.5000000514897851,1.41421356,7.0,0.1428571767013871,1.41421356,4.0,0.25000000256310084,1.41421356,4.0,0.25000001045450926,1.41421356,7.0,0.14285715880316818,1.41421356,3.0,0.33333334702330886,1.41421356,4.0,0.25000001771317404,1.41421356,4.0,0.2500000033507299,1.41421356,2.0,0.5000000454047155,1.41421356,10.0,0.10000002831784549,1.41421356,6.0,0.16666667541854352,1.41421356,4.0,0.2500000020921629,1.41421356,8.0,0.1250000147373047,1.41421356,7.0,0.14285715657824216,1.41421356,5.0,0.20000001328731276,1.41421356,3.0,0.3333334070094014,1.41421356,4.0,0.25000000513106313,1.41421356,5.0,0.20000000980452004,1.41421356,4.0,0.25000000501428055,1.41421356,2.0,0.5000000129052242,1.41421356,5.0,0.20000000856228173,1.41421356,4.0,0.25000000341434214,1.41421356,9.0,0.11111112832324466,1.41421356,8.0,0.12500001734694433,1.41421356,3.0,0.3333335468631571,1.41421356,5.0,0.20000000606893753,1.41421356,3.0,0.3333333430430323,1.41421356,5.0,0.20000000614686364,1.41421356,3.0,0.3333333412288604,1.41421356,8.0,0.125000016298344,1.41421356,4.0,0.2500000099517985,1.41421356,3.0,0.33333341421747953,1.41421356,4.0,0.2500000155216151,1.41421356,3.0,0.3333333536470122,1.41421356,4.0,0.25000000160356617,1.41421356,7.0,0.14285715339923666,1.41421356,4.0,0.25000000192235516,1.41421356,5.0,0.20000000705534315,1.41421356,4.0,0.250000008105284,1.41421356,4.0,0.2500000621223588,1.41421356,4.0,0.25000000725341254,1.41421356,5.0,0.2000000117452494,1.41421356,4.0,0.25000000270221134,1.41421356,6.0,0.1666667036538989,1.41421356,9.0,0.11111112763705222,1.41421356,2.0,0.5000000068275874,1.41421356,2.0,0.500000062939681,1.41421356,4.0,0.250000002445558,1.41421356,6.0,0.16666667466636653,1.41421356,3.0,0.33333335131802455,1.41421356,5.0,0.2000000055079969,1.41421356,4.0,0.25000000477797846,1.41421356,3.0,0.3333333388166344,1.41421356,7.0,0.14285715328951643,1.41421356,7.0,0.14285715560532353,1.41421356,3.0,0.33333336665399127,1.41421356,7.0,0.1428571525196629,1.41421356,8.0,0.1250000138123486,1.41421356,15.0,0.06666670280053921,1.41421356,5.0,0.2000000593591702,1.41421356,7.0,0.14285715438173519,1.41421356,9.0,0.11111112825238045,1.41421356,8.0,0.1250000138006646,1.41421356,5.0,0.20000000954566932,1.41421356,7.0,0.1428571553325808,1.41421356,3.0,0.3333334233042158,1.41421356,6.0,0.1666666739726459,1.41421356,4.0,0.2500000071434201,1.41421356,7.0,0.1428571566914183,1.41421356,7.0,0.1428571534372054,1.41421356,5.0,0.2000000353108753,1.41421356,8.0,0.12500001397797433,1.41421356,3.0,0.33333334311848395,1.41421356,9.0,0.11111112752758778,1.41421356,6.0,0.16666667426767567,1.41421356,6.0,0.16666667515796885,1.41421356,1.0,1.000000021230092,1.41421356,6.0,0.1666666730429025,1.41421356,7.0,0.1428571540558119,1.41421356,2.0,0.5000000108613998,1.41421356,13.0,0.07692311035970079,1.41421356,10.0,0.10000002187531543,1.41421356,8.0,0.12500001310241782,1.41421356,12.0,0.08333335897340355,1.41421356,4.0,0.2500000361071524,1.41421356,11.0,0.0909091141243259,1.41421356,7.0,0.14285715522231524,1.41421356,8.0,0.1250000219179368,1.41421356,8.0,0.12500001450610831,1.41421356,10.0,0.10000001996793273,1.41421356,7.0,0.1428571536670331,1.41421356,3.0,0.3333333578987663,1.41421356,10.0,0.10000001941856773,1.41421356,4.0,0.2500000024289548,1.41421356,9.0,0.11111112842190707,1.41421356,10.0,0.100000019538939,1.41421356,4.0,0.25000001224094826,1.41421356,7.0,0.14285715805628296,1.41421356,7.0,0.14285716028103845,1.41421356,14.0,0.07142860728350264,1.41421356,5.0,0.20000000478820823,1.41421356,7.0,0.14285716063087595,1.41421356,2.0,0.5000000639896611,1.41421356,6.0,0.16666667439073812,1.41421356,6.0,0.16666667560127824,1.41421356,3.0,0.3333333502673841,1.41421356,4.0,0.25000000905060693,1.41421356,9.0,0.11111112857255634,1.41421356,2.0,0.5000000148816037,1.41421356,7.0,0.14285715368107077,1.41421356,6.0,0.16666668470498358,1.41421356,5.0,0.2000000478546342,1.41421356,4.0,0.250000009155952,1.41421356,5.0,0.20000000722909217,1.41421356,9.0,0.11111112826110414,1.41421356,7.0,0.14285715330242788,1.41421356,5.0,0.2000000132325832,1.41421356,7.0,0.14285715394747012,1.41421356,7.0,0.14285715612594707,1.41421356,4.0,0.25000000690039004,1.41421356,4.0,0.250000004639396,1.41421356,7.0,0.14285715328166315,1.41421356,3.0,0.3333333481115388,1.41421356,7.0,0.1428571540317254,1.41421356,5.0,0.20000000915664717,1.41421356,6.0,0.1666666765137199,1.41421356,4.0,0.25000001048343856,1.41421356,5.0,0.20000001012400936,1.41421356,5.0,0.20000000576821275,1.41421356,5.0,0.20000000411532515,1.41421356,6.0,0.166666675337102,1.41421356,6.0,0.1666666745025731,1.41421356,4.0,0.25000000530428146,1.41421356,4.0,0.2500000067985324,1.41421356,2.0,0.5000000046601984,1.41421356,3.0,0.3333333387223001,1.41421356,7.0,0.1428571568912993,1.41421356,2.0,0.5000000606471746,1.41421356,10.0,0.10000002080890802,1.41421356,3.0,0.33333336750891673,1.41421356,9.0,0.1111111282455397,1.41421356,3.0,0.33333333776119467,1.41421356,3.0,0.3333333346846765,1.41421356,4.0,0.2500000516349883,1.41421356,4.0,0.25000003656793535,1.41421356,3.0,0.333333382355006,1.41421356,13.0,0.07692311741755731,1.41421356,10.0,0.10000001939492442,1.41421356,3.0,0.3333333461148369,1.41421356,9.0,0.1111111273850387,1.41421356,8.0,0.12500001510565273,1.41421356,10.0,0.10000002045457101,1.41421356,3.0,0.33333334301301853,1.41421356,4.0,0.25000000264628186,1.41421356,5.0,0.20000000462306122,1.41421356,3.0,0.3333333454229983,1.41421356,4.0,0.2500000059609331,1.41421356,8.0,0.1250000129490978,1.41421356,2.0,0.5000000331976895,1.41421356,10.0,0.10000001998856689,1.41421356,5.0,0.20000000613077162,1.41421356,6.0,0.16666667425665782,1.41421356,10.0,0.1000000206398255,1.41421356,8.0,0.12500001475625933,1.41421356,4.0,0.250000007402865,1.41421356,6.0,0.1666666736399014,1.41421356,9.0,0.1111111273190506,1.41421356,4.0,0.250000003843573,1.41421356,4.0,0.25000000181657356,1.41421356,9.0,0.11111112854789518,1.41421356,9.0,0.11111114093458596,1.41421356,7.0,0.1428571627570303,1.41421356,2.0,0.5000003099045598,1.41421356,6.0,0.16666668747664382,1.41421356,6.0,0.1666666743064793,1.41421356,5.0,0.20000000371189497,1.41421356,8.0,0.1250000147176884,1.41421356,2.0,0.5000000146323682,1.41421356,2.0,0.5000000114955012,1.41421356,5.0,0.20000003157007384,1.41421356,3.0,0.33333334186638197,1.41421356,3.0,0.3333334161056558,1.41421356,7.0,0.14285715331427884,1.41421356,6.0,0.16666667938542012,1.41421356,6.0,0.16666667343260677,1.41421356,6.0,0.16666669104055387,1.41421356,3.0,0.3333333572503694,1.41421356,5.0,0.20000001753042262,1.41421356,6.0,0.16666669293706082,1.41421356,5.0,0.20000000884178348,1.41421356,2.0,0.5000000800505016,1.41421356,8.0,0.12500001406717587,1.41421356,3.0,0.3333333459809409,1.41421356,10.0,0.10000001951594228,1.41421356,7.0,0.14285715636203378,1.41421356,9.0,0.11111113553582186,1.41421356,10.0,0.10000001939005543,1.41421356,3.0,0.33333335377258777,1.41421356,3.0,0.3333333439602981,1.41421356,10.0,0.10000002542909314,1.41421356,3.0,0.33333334216804467,1.41421356,8.0,0.12500001429251562,1.41421356,2.0,0.500000048624712,1.41421356,6.0,0.16666668165129295,1.41421356,13.0,0.07692310720067752,1.41421356,4.0,0.25000000678941836,1.41421356,5.0,0.20000001297817693,1.41421356,6.0,0.16666667444375705,1.41421356,2.0,0.5000000141466987,1.41421356,5.0,0.20000000507199012,1.41421356,7.0,0.14285715346015326,1.41421356,5.0,0.20000002569366693,1.41421356,7.0,0.14285715351830053,1.41421356,4.0,0.2500000149909618,1.41421356,4.0,0.250000006903055,1.41421356,3.0,0.33333335509318207,1.41421356,4.0,0.2500000020437363,1.41421356,5.0,0.2000000212428752,1.41421356,8.0,0.12500001621991075,1.41421356,5.0,0.2000000389288079,1.41421356,7.0,0.14285715413933975,1.41421356,6.0,0.16666668333893675,1.41421356,6.0,0.16666667544995217,1.41421356,10.0,0.10000002120964702,1.41421356,6.0,0.16666667595603624,1.41421356,4.0,0.2500000026711975,1.41421356,7.0,0.1428571541836643,1.41421356,9.0,0.1111111321032272,1.41421356,3.0,0.3333333992026004,1.41421356,3.0,0.3333333513865888,1.41421356,3.0,0.33333333569371426,1.41421356,3.0,0.33333351048995086,1.41421356,5.0,0.20000000892593217,1.41421356,3.0,0.333333368119467,1.41421356,5.0,0.20000001318160887,1.41421356,10.0,0.10000002657993612,1.41421356,2.0,0.5000000293695512,1.41421356,5.0,0.2000000070264223,1.41421356,4.0,0.25000001074012124,1.41421356,1.0,1.000000101716786,1.41421356,7.0,0.14285715871202953,1.41421356,6.0,0.16666667297565052,1.41421356,4.0,0.2500000023128721,1.41421356,7.0,0.1428571681524753,1.41421356,10.0,0.10000002074745495,1.41421356,9.0,0.1111111279315029,1.41421356,5.0,0.20000001059911554,1.41421356,5.0,0.2000000049725177,1.41421356,4.0,0.25000001525610127,1.41421356,7.0,0.14285715458025283,1.41421356,6.0,0.16666667514262468,1.41421356,7.0,0.14285715481072092,1.41421356,7.0,0.1428571562611909,1.41421356,4.0,0.25000001223579327,1.41421356,5.0,0.2000000115169298,1.41421356,7.0,0.14285715653982045,1.41421356,8.0,0.12500001398526273,1.41421356,3.0,0.3333333411546202,1.41421356,5.0,0.2000000193665068,1.41421356,7.0,0.14285716940417714,1.41421356,3.0,0.33333344713442425,1.41421356,9.0,0.11111113092615454,1.41421356,6.0,0.1666666842448299,1.41421356,2.0,0.5000001775079508,1.41421356,5.0,0.20000002112483006,1.41421356,8.0,0.12500001417167983,1.41421356,4.0,0.2500000044447961,1.41421356,5.0,0.20000000768693127,1.41421356,10.0,0.10000002653434237,1.41421356,3.0,0.3333333572442254,1.41421356,3.0,0.3333333587681957,1.41421356,4.0,0.25000000309086445,1.41421356,3.0,0.3333333357587711,1.41421356,3.0,0.33333338666832946,1.41421356,6.0,0.16666668472488677,1.41421356,6.0,0.16666667971491478,1.41421356,10.0,0.10000003675884983,1.41421356,7.0,0.14285715251710318,1.41421356,7.0,0.1428571549067419,1.41421356,6.0,0.16666667448349592,1.41421356,2.0,0.5000000236118587,1.41421356,4.0,0.25000000130159217,1.41421356,6.0,0.16666667362075938,1.41421356,4.0,0.25000000259437716,1.41421356,11.0,0.09090911517592026,1.41421356,4.0,0.2500000056726015,1.41421356,7.0,0.14285715325512438,1.41421356,4.0,0.25000002445397174,1.41421356,6.0,0.16666670111583226,1.41421356,2.0,0.5000000106183953,1.41421356,5.0,0.2000000048039512,1.41421356,2.0,0.5000000119343726,1.41421356,3.0,0.3333333387565487,1.41421356,6.0,0.16666668513245764,1.41421356,4.0,0.25000000479849316,1.41421356,3.0,0.3333333388117019,1.41421356,3.0,0.33333334535747916,1.41421356,4.0,0.25000001587102627,1.41421356,4.0,0.25000001016974904,1.41421356,11.0,0.0909091209712809,1.41421356,6.0,0.16666667342424724,1.41421356,5.0,0.20000003236629293,1.41421356,6.0,0.16666667699788373,1.41421356,8.0,0.12500001307199327,1.41421356,6.0,0.16666667946439517,1.41421356,8.0,0.1250000212103881,1.41421356,8.0,0.1250000215365743,1.41421356,5.0,0.2000000283280592,1.41421356,4.0,0.250000020034407,1.41421356,3.0,0.3333333758948944,1.41421356,6.0,0.16666668091961334,1.41421356,3.0,0.33333338241740096,1.41421356,8.0,0.12500001386717408,1.41421356,4.0,0.2500000016303403,1.41421356,3.0,0.333333377078572,1.41421356,6.0,0.1666666745666845,1.41421356,4.0,0.2500000141877665,1.41421356,5.0,0.20000000378495564,1.41421356,7.0,0.142857160257452,1.41421356,5.0,0.2000000354286584,1.41421356,8.0,0.12500001804376826,1.41421356,6.0,0.16666667876790875,1.41421356,6.0,0.16666667697673976,1.41421356,2.0,0.5000000060478691,1.41421356,4.0,0.2500000027443998,1.41421356,6.0,0.1666666737763869,1.41421356,5.0,0.20000000865752554,1.41421356,8.0,0.12500001571757213,1.41421356,5.0,0.20000001180344196,1.41421356,9.0,0.11111113878791912,1.41421356,3.0,0.3333333512233323,1.41421356,3.0,0.33333334196282705,1.41421356,8.0,0.12500001304889885,1.41421356,5.0,0.20000001415910695,1.41421356,9.0,0.11111113110315962,1.41421356,7.0,0.1428571533738694,1.41421356,6.0,0.16666668250035688,1.41421356,11.0,0.09090911483403197,1.41421356,7.0,0.14285715548049716,1.41421356,7.0,0.1428571551253217,1.41421356,10.0,0.10000002052720447,1.41421356,2.0,0.5000000617375011,1.41421356,4.0,0.25000001058922106,1.41421356,4.0,0.2500000269762821,1.41421356,7.0,0.14285715509682984,1.41421356,6.0,0.1666666754596955,1.41421356,3.0,0.3333333479387317,1.41421356,9.0,0.11111112744944229,1.41421356,7.0,0.14285715339866023,1.41421356,5.0,0.20000000917119642,1.41421356,4.0,0.25000003926627246,1.41421356,8.0,0.12500001436693342,1.41421356,10.0,0.10000002178158418,1.41421356,3.0,0.3333333416315365,1.41421356,8.0,0.12500001702995256,1.41421356,3.0,0.3333333694974576,1.41421356,2.0,0.5000000342108288,1.41421356,12.0,0.08333335914306161,1.41421356,4.0,0.2500000139170364,1.41421356,5.0,0.20000000722381994,1.41421356,7.0,0.14285715649095287,1.41421356,9.0,0.11111113714521892,1.41421356,5.0,0.20000000548342456,1.41421356,5.0,0.200000053593687,1.41421356,7.0,0.14285715330726312,1.41421356,2.0,0.5000000644632143,1.41421356,3.0,0.3333334835492363,1.41421356,4.0,0.2500000027560403,1.41421356,8.0,0.12500001682599393,1.41421356,6.0,0.16666668107291294,1.41421356,8.0,0.12500002808237376,1.41421356,9.0,0.11111112814300483,1.41421356,7.0,0.14285715632501095,1.41421356,5.0,0.20000000605504198,1.41421356,6.0,0.16666668114988692,1.41421356,2.0,0.5000000669097835,1.41421356,6.0,0.1666666748938317,1.41421356,4.0,0.25000005555813365,1.41421356,5.0,0.2000000080511226,1.41421356,5.0,0.20000000504199633,1.41421356,4.0,0.2500000100336752,1.41421356,10.0,0.10000002501070959,1.41421356,3.0,0.33333333272858345,1.41421356,5.0,0.20000000857735323,1.41421356,12.0,0.08333336040154826,1.41421356,9.0,0.11111112780877619,1.41421356,2.0,0.5000000082766254,1.41421356,9.0,0.11111112846185023,1.41421356,7.0,0.14285715278802957,1.41421356,6.0,0.16666667381590017,1.41421356,4.0,0.25000003018495587,1.41421356,9.0,0.11111112748743146,1.41421356,3.0,0.3333333422168705,1.41421356,4.0,0.2500000044859845,1.41421356,3.0,0.33333334152821736,1.41421356,9.0,0.1111111274005161,1.41421356,2.0,0.5000000207534749,1.41421356,8.0,0.12500002582502123,1.41421356,6.0,0.1666666778730974,1.41421356,7.0,0.142857153256295,1.41421356,5.0,0.20000002166669972,1.41421356,3.0,0.3333333359665249,1.41421356,3.0,0.33333335228710004,1.41421356,8.0,0.1250000202087289,1.41421356,4.0,0.25000000247811904,1.41421356,8.0,0.1250000162330629,1.41421356,7.0,0.14285716507874646,1.41421356,7.0,0.14285715764518336,1.41421356,11.0,0.0909091184703108,1.41421356,3.0,0.3333333452608356,1.41421356,4.0,0.2500000093708894,1.41421356,4.0,0.25000000118304344,1.41421356,6.0,0.166666674267959,1.41421356,6.0,0.16666667366083132,1.41421356,13.0,0.0769231057310531,1.41421356,6.0,0.16666667419403147,1.41421356,5.0,0.2000000044801329,1.41421356,4.0,0.2500000264057234,1.41421356,3.0,0.33333333902484874,1.41421356,5.0,0.20000000553680763,1.41421356,4.0,0.2500000042579167,1.41421356,7.0,0.14285715372512175,1.41421356,4.0,0.2500000085756482,1.41421356,8.0,0.12500001374357073,1.41421356,3.0,0.33333334008619575,1.41421356,4.0,0.25000001236906444,1.41421356,3.0,0.33333333576403934,1.41421356,5.0,0.2000000039024501,1.41421356,8.0,0.1250000157571174,1.41421356,4.0,0.25000000312413695,1.41421356,3.0,0.33333335449066537,1.41421356,7.0,0.14285715364074747,1.41421356,3.0,0.3333333347194576,1.41421356,7.0,0.1428571533216516,1.41421356,8.0,0.1250000129594735,1.41421356,3.0,0.3333333405046739,1.41421356,2.0,0.5000000099726805,1.41421356,6.0,0.16666668692882602,1.41421356,2.0,0.5000000204131281,1.41421356,6.0,0.16666667385014566,1.41421356,3.0,0.33333334200587217,1.41421356,4.0,0.2500000111624572,1.41421356,4.0,0.2500000131578757,1.41421356,4.0,0.25000000197871364,1.41421356,6.0,0.166666673993209,1.41421356,2.0,0.5000000227765267,1.41421356,6.0,0.16666667584253148,1.41421356,5.0,0.20000000445210997,1.41421356,5.0,0.2000000052687687,1.41421356,6.0,0.16666667598293294,1.41421356,5.0,0.20000000380181415,1.41421356,5.0,0.2000000052122548,1.41421356,7.0,0.1428571591481722,1.41421356,5.0,0.2000000041736678,1.41421356,8.0,0.12500001387529291,1.41421356,2.0,0.5000000334401282,1.41421356,2.0,0.5000000160427811,1.41421356,4.0,0.2500000043567705,1.41421356,5.0,0.20000001079314433,1.41421356,9.0,0.1111111286828308,1.41421356,12.0,0.08333336105052958,1.41421356,2.0,0.5000000183591551,1.41421356,3.0,0.33333335363299366,1.41421356,6.0,0.16666667833125182,1.41421356,6.0,0.1666666742723697,1.41421356,6.0,0.16666669946579127,1.41421356,7.0,0.1428571735145283,1.41421356,4.0,0.2500000016317263,1.41421356,5.0,0.200000039494034,1.41421356,5.0,0.20000001319159022,1.41421356,10.0,0.10000002103741856,1.41421356,4.0,0.25000001155384144,1.41421356,8.0,0.12500001662788485,1.41421356,3.0,0.3333333420617004,1.41421356,6.0,0.1666666795207048,1.41421356,4.0,0.2500000120851009,1.41421356,9.0,0.11111112837494375,1.41421356,3.0,0.3333333351273642,1.41421356,3.0,0.3333333426480829,1.41421356,3.0,0.3333333412220756,1.41421356,12.0,0.08333336009212822,1.41421356,8.0,0.12500001414369422,1.41421356,9.0,0.1111111282665842,1.41421356,4.0,0.2500000119187731,1.41421356,8.0,0.12500001299311592,1.41421356,8.0,0.12500001379666248,1.41421356,4.0,0.2500000160258016,1.41421356,6.0,0.16666667515336364,1.41421356,7.0,0.14285715327879434,1.41421356,5.0,0.20000001365376985,1.41421356,4.0,0.2500000045276942,1.41421356,2.0,0.5000000022831581,1.41421356,5.0,0.20000001410761037,1.41421356,7.0,0.14285715251403186,1.41421356,5.0,0.2000000039739218,1.41421356,5.0,0.20000001144660207,1.41421356,3.0,0.3333334539564623,1.41421356,4.0,0.2500000016267565,1.41421356,5.0,0.20000003378691655,1.41421356,7.0,0.14285715611248406,1.41421356,3.0,0.3333333451855225,1.41421356,2.0,0.5000000389429331,1.41421356,2.0,0.5000001060199115,1.41421356,5.0,0.2000000087612248,1.41421356,8.0,0.12500001332830735,1.41421356,5.0,0.20000003122747145,1.41421356,7.0,0.14285715415310385,1.41421356,7.0,0.14285715554295653,1.41421356,9.0,0.1111111299701868,1.41421356,5.0,0.20000000485479585,1.41421356,3.0,0.33333335032100564,1.41421356,3.0,0.33333337291962506,1.41421356,7.0,0.1428571550184028,1.41421356,7.0,0.14285715422795775,1.41421356,4.0,0.2500000039671062,1.41421356,8.0,0.12500001511349446,1.41421356,6.0,0.16666668153492115,1.41421356,3.0,0.33333334764525935,1.41421356,6.0,0.16666669351365826,1.41421356,5.0,0.20000000676389096,1.41421356,7.0,0.1428571586099059,1.41421356,8.0,0.12500001909535907,1.41421356,5.0,0.20000000979240795,1.41421356,1.0,1.0000000038321164,1.41421356,3.0,0.33333336338399056,1.41421356,6.0,0.16666667802905888,1.41421356,7.0,0.1428571557897751,1.41421356,6.0,0.1666666746524763,1.41421356,5.0,0.20000001164387005,1.41421356,5.0,0.20000000838880805,1.41421356,2.0,0.5000000434406466,1.41421356,10.0,0.10000002076960257,1.41421356,3.0,0.33333334036981066,1.41421356,3.0,0.3333333944398338,1.41421356,4.0,0.25000000711769177,1.41421356,12.0,0.08333335901737016,1.41421356,8.0,0.12500001390450777,1.41421356,6.0,0.16666667302893234,1.41421356,5.0,0.2000000111150344,1.41421356,7.0,0.14285717433512346,1.41421356,5.0,0.20000002053922739,1.41421356,6.0,0.1666666736291642,1.41421356,5.0,0.2000000041132841,1.41421356,8.0,0.12500001328118326,1.41421356,5.0,0.20000000643573745,1.41421356,8.0,0.1250000238010518,1.41421356,3.0,0.3333333456350731,1.41421356,5.0,0.20000000439777832,1.41421356,3.0,0.3333333757620909,1.41421356,3.0,0.33333333816141897,1.41421356,4.0,0.25000000294636093,1.41421356,7.0,0.14285716252033342,1.41421356,3.0,0.3333333536635008,1.41421356,7.0,0.14285715431474344,1.41421356,4.0,0.25000000251803645,1.41421356,5.0,0.2000000111224125,1.41421356,9.0,0.11111112823869185,1.41421356,12.0,0.08333336043005879,1.41421356,3.0,0.33333337652868567,1.41421356,5.0,0.20000000446638388,1.41421356,6.0,0.16666667410983838,1.41421356,4.0,0.2500000062030896,1.41421356,6.0,0.1666666749298571,1.41421356,3.0,0.3333333452235743,1.41421356,4.0,0.25000003863262954,1.41421356,8.0,0.12500002857875803,1.41421356,3.0,0.33333334370734446,1.41421356,9.0,0.11111113321109833,1.41421356,2.0,0.500000017770861,1.41421356,4.0,0.250000002901384,1.41421356,5.0,0.20000000797382178,1.41421356,11.0,0.09090911872337593,1.41421356,4.0,0.25000000323204974,1.41421356,3.0,0.33333336704917027,1.41421356,1.0,1.0000000109585399,1.41421356,4.0,0.25000003114902825,1.41421356,5.0,0.20000002932705296,1.41421356,9.0,0.11111113727968736,1.41421356,5.0,0.20000000850901678,1.41421356,12.0,0.08333336246673184,1.41421356,5.0,0.20000001520581367,1.41421356,5.0,0.2000000161848936,1.41421356,4.0,0.25000000709319625,1.41421356,10.0,0.10000002130743901,1.41421356,5.0,0.20000001448853677,1.41421356,8.0,0.1250000138593954,1.41421356,4.0,0.2500000040874184,1.41421356,7.0,0.14285715449330016,1.41421356,7.0,0.14285715335991345,1.41421356,3.0,0.3333333376172858,1.41421356,6.0,0.16666668009338448,1.41421356,6.0,0.16666667364440357,1.41421356,8.0,0.12500002301731872,1.41421356,8.0,0.1250000144788075,1.41421356,6.0,0.16666667839373428,1.41421356,8.0,0.1250000229852155,1.41421356,4.0,0.2500000029955256,1.41421356,5.0,0.20000001032100823,1.41421356,6.0,0.16666667377088729,1.41421356,2.0,0.5000000802203457,1.41421356,5.0,0.20000003301274916,1.41421356,2.0,0.5000000274876699,1.41421356,7.0,0.14285715635120955,1.41421356,7.0,0.14285716131718829,1.41421356,5.0,0.2000000099198136,1.41421356,9.0,0.11111113214407453,1.41421356,7.0,0.14285715385701714,1.41421356,4.0,0.2500000079312823,1.41421356,10.0,0.10000002401832297,1.41421356,8.0,0.12500001388781445,1.41421356,9.0,0.11111113383516447,1.41421356,10.0,0.10000002492996174,1.41421356,8.0,0.12500001864812305,1.41421356,5.0,0.20000000562027953,1.41421356,2.0,0.5000000463410581,1.41421356,7.0,0.1428571534302865,1.41421356,4.0,0.2500000285316655,1.41421356,7.0,0.14285715751649786,1.41421356,3.0,0.3333333435847461,1.41421356,3.0,0.3333333383142305,1.41421356,6.0,0.16666667396217605,1.41421356,12.0,0.08333337327754542,1.41421356,2.0,0.5000000127387747,1.41421356,6.0,0.1666666742026104,1.41421356,8.0,0.12500001430478136,1.41421356,6.0,0.16666668377802374,1.41421356,8.0,0.12500001710403197,1.41421356,5.0,0.2000000047960233,1.41421356,7.0,0.14285715390866827,1.41421356,6.0,0.16666667494785514,1.41421356,8.0,0.12500001381765102,1.41421356,11.0,0.09090911673302848,1.41421356,4.0,0.2500000105916431,1.41421356,9.0,0.11111112946244894,1.41421356,7.0,0.1428571525325646,1.41421356,6.0,0.1666666781571413,1.41421356,6.0,0.1666666984509897,1.41421356,7.0,0.14285715258181053,1.41421356,5.0,0.20000001707040926,1.41421356,6.0,0.16666668956230346,1.41421356,4.0,0.2500000021930333,1.41421356,7.0,0.1428571727760346,1.41421356,7.0,0.1428571620239616,1.41421356,5.0,0.20000000349395286,1.41421356,3.0,0.33333333963705014,1.41421356,12.0,0.083333359447618,1.41421356,6.0,0.16666668519627148,1.41421356,6.0,0.16666667967063375,1.41421356,6.0,0.16666667951086023,1.41421356,6.0,0.16666667312165817,1.41421356,8.0,0.12500001504285319,1.41421356,5.0,0.20000000685357033,1.41421356,4.0,0.25000001452638854,1.41421356,6.0,0.16666669146709268,1.41421356,5.0,0.20000001296353975,1.41421356,6.0,0.16666667823646097,1.41421356,6.0,0.16666667586727435,1.41421356,8.0,0.12500001448862808,1.41421356,3.0,0.3333333646025065,1.41421356,4.0,0.25000000119004184,1.41421356,5.0,0.20000000371403193,1.41421356,9.0,0.11111112857759764,1.41421356,3.0,0.3333333585271734,1.41421356,3.0,0.33333339362449976,1.41421356,2.0,0.5000000075042625,1.41421356,4.0,0.2500000276025691,1.41421356,9.0,0.11111113038195874,1.41421356,5.0,0.20000001604365902,1.41421356,6.0,0.166666682281714,1.41421356,4.0,0.2500000092663224,1.41421356,4.0,0.2500000032400078,1.41421356,7.0,0.14285715337076255,1.41421356,5.0,0.2000000039601897,1.41421356,6.0,0.16666667626357512,1.41421356,8.0,0.1250000133454705,1.41421356,5.0,0.2000000141178102,1.41421356,7.0,0.1428571664894589,1.41421356,4.0,0.2500000045084252,1.41421356,7.0,0.14285715369925267,1.41421356,7.0,0.14285715558845435,1.41421356,3.0,0.33333339507642945,1.41421356,13.0,0.07692310725719054,1.41421356,8.0,0.12500002384532127,1.41421356,4.0,0.25000000164064895,1.41421356,4.0,0.25000000332964234,1.41421356,8.0,0.12500001444757203,1.41421356,4.0,0.2500000084665168,1.41421356,10.0,0.100000019398653,1.41421356,4.0,0.25000002409112154,1.41421356,3.0,0.333333341185861,1.41421356,7.0,0.14285716322675057,1.41421356,8.0,0.1250000151045949,1.41421356,4.0,0.2500000016608239,1.41421356,7.0,0.14285715553787348,1.41421356,8.0,0.12500001297771401,1.41421356,8.0,0.12500001812137906,1.41421356,6.0,0.166666678026119,1.41421356,4.0,0.2500000094935082,1.41421356,7.0,0.1428571644167489,1.41421356,3.0,0.3333333917130257,1.41421356,2.0,0.5000002783935418,1.41421356,6.0,0.16666668290237485,1.41421356,4.0,0.25000000571392444,1.41421356,4.0,0.25000001522625404,1.41421356,11.0,0.09090911347433739,1.41421356,8.0,0.1250000138303271,1.41421356,5.0,0.2000000045033472,1.41421356,11.0,0.09090911661787615,1.41421356,5.0,0.20000003222840945,1.41421356,4.0,0.25000002820712997,1.41421356,3.0,0.33333337155026443,1.41421356,4.0,0.2500000169274519,1.41421356,4.0,0.25000000599171157,1.41421356,3.0,0.3333333357484545,1.41421356,8.0,0.12500003570293305,1.41421356,3.0,0.33333335242057593,1.41421356,6.0,0.16666667588356976,1.41421356,7.0,0.14285715503846852,1.41421356,4.0,0.25000002047628955,1.41421356,6.0,0.16666667390857537,1.41421356,6.0,0.16666667659613577,1.41421356,7.0,0.1428571525786566,1.41421356,9.0,0.11111112831543579,1.41421356,5.0,0.2000000082980513,1.41421356,8.0,0.12500001315238318,1.41421356,6.0,0.16666668141207186,1.41421356,7.0,0.14285715998473858,1.41421356,2.0,0.5000000692929374,1.41421356,5.0,0.20000000647492655,1.41421356,2.0,0.5000000299250489,1.41421356,5.0,0.20000000578031685,1.41421356,6.0,0.1666666799876202,1.41421356,8.0,0.12500001452690412,1.41421356,7.0,0.1428571536001213,1.41421356,3.0,0.33333353813007705,1.41421356,11.0,0.09090911557279391,1.41421356,3.0,0.33333333415288546,1.41421356,7.0,0.14285715576170777,1.41421356,1.0,1.0000000360575358,1.41421356,2.0,0.500000069389547,1.41421356,9.0,0.11111112820996993,1.41421356,6.0,0.16666667486104814,1.41421356,5.0,0.20000001798045908,1.41421356,4.0,0.2500000023545641,1.41421356,4.0,0.2500000091112504,1.41421356,4.0,0.25000001047383025,1.41421356,6.0,0.1666666913780297,1.41421356,3.0,0.33333338830968184,1.41421356,8.0,0.12500001704315533,1.41421356,5.0,0.2000000066770946,1.41421356,4.0,0.2500000470526107,1.41421356,5.0,0.2000000091502958,1.41421356,6.0,0.16666667480511688,1.41421356,6.0,0.16666667654584089,1.41421356,6.0,0.1666666804868333,1.41421356,3.0,0.3333333649433281,1.41421356,4.0,0.2500000152800257,1.41421356,4.0,0.25000000998493244,1.41421356,15.0,0.06666670389909157,1.41421356,4.0,0.25000003100136814,1.41421356,6.0,0.16666667841547156,1.41421356,6.0,0.1666666744379386,1.41421356,7.0,0.1428571533859584,1.41421356,6.0,0.16666667358512743,1.41421356,6.0,0.1666666942194741,1.41421356,5.0,0.20000001528068978,1.41421356,6.0,0.1666666776013228,1.41421356,4.0,0.25000003286222805,1.41421356,5.0,0.20000000675666119,1.41421356,10.0,0.10000002257548779,1.41421356,8.0,0.12500002001449406,1.41421356,2.0,0.5000000084953642,1.41421356,5.0,0.20000000838655918,1.41421356,4.0,0.25000003792212233,1.41421356,4.0,0.25000000225831664,1.41421356,6.0,0.16666667742647068,1.41421356,6.0,0.16666667525547485,1.41421356,6.0,0.1666666830252801,1.41421356,3.0,0.33333333560823775,1.41421356,3.0,0.3333333459927452,1.41421356,5.0,0.20000001189041416,1.41421356,6.0,0.16666668569788534,1.41421356,6.0,0.16666667861575135,1.41421356,5.0,0.20000000794119632,1.41421356,5.0,0.20000000891625813,1.41421356,8.0,0.125000014551234,1.41421356,5.0,0.20000001383775956,1.41421356,5.0,0.20000000524421857,1.41421356,4.0,0.2500000376570184,1.41421356,10.0,0.10000003532822888,1.41421356,4.0,0.2500000216363052,1.41421356,8.0,0.12500001401199157,1.41421356,8.0,0.1250000156672506,1.41421356,9.0,0.1111111296612215,1.41421356,7.0,0.1428571566346033,1.41421356,3.0,0.33333333640694063,1.41421356,3.0,0.3333333564318961,1.41421356,4.0,0.250000008094168,1.41421356,4.0,0.2500000046541566,1.41421356,3.0,0.3333333778577354,1.41421356,9.0,0.11111113006005624,1.41421356,8.0,0.12500001673084338,1.41421356,3.0,0.3333333413796802,1.41421356,4.0,0.250000012062944,1.41421356,4.0,0.2500000124748203,1.41421356,2.0,0.5000000211122657,1.41421356,5.0,0.20000000599017564,1.41421356,4.0,0.2500000078942257,1.41421356,7.0,0.142857154362793,1.41421356,4.0,0.25000001333462896,1.41421356,3.0,0.33333333594011716,1.41421356,5.0,0.20000001173794946,1.41421356,4.0,0.2500000433373337,1.41421356,6.0,0.16666667368353405,1.41421356,9.0,0.11111112753517993,1.41421356,14.0,0.07142860496579573,1.41421356,6.0,0.1666666819054834,1.41421356,8.0,0.12500001305855157,1.41421356,8.0,0.12500002910773045,1.41421356,4.0,0.25000003958322026,1.41421356,4.0,0.25000000408109413,1.41421356,4.0,0.2500000086752885,1.41421356,5.0,0.20000000683543995,1.41421356,5.0,0.2000000081681268,1.41421356,3.0,0.33333335407420295,1.41421356,2.0,0.5000000629745522,1.41421356,2.0,0.5000000060154395,1.41421356,5.0,0.20000001085269314,1.41421356,7.0,0.14285715357398487,1.41421356,6.0,0.1666666804399659,1.41421356,5.0,0.20000001571815584,1.41421356,4.0,0.25000000411915435,1.41421356,4.0,0.25000000305910985,1.41421356,5.0,0.2000000126019934,1.41421356,8.0,0.1250000137385081,1.41421356,7.0,0.14285715427760426,1.41421356,8.0,0.1250000137945264,1.41421356,4.0,0.25000001693757845,1.41421356,6.0,0.16666667956590597,1.41421356,8.0,0.12500001635687408,1.41421356,12.0,0.0833333591412071,1.41421356,5.0,0.20000000420083097,1.41421356,5.0,0.20000001316214533,1.41421356,6.0,0.1666666761032829,1.41421356,3.0,0.3333333738772688,1.41421356,3.0,0.33333335430720146,1.41421356,10.0,0.1000000212529315,1.41421356,3.0,0.33333335026768784,1.41421356,5.0,0.20000002911195836,1.41421356,5.0,0.20000001105836507,1.41421356,2.0,0.5000000095670478,1.41421356,7.0,0.14285715515769404,1.41421356,2.0,0.500000009247622,1.41421356,10.0,0.10000002201204161,1.41421356,13.0,0.07692310963084203,1.41421356,5.0,0.2000000113806948,1.41421356,3.0,0.3333333670287342,1.41421356,3.0,0.3333333422170992,1.41421356,5.0,0.2000000063933447,1.41421356,3.0,0.3333333525614801,1.41421356,5.0,0.20000003082660278,1.41421356,2.0,0.5000000044566721,1.41421356,6.0,0.16666667646789524,1.41421356,6.0,0.16666667400411672,1.41421356,2.0,0.5000000678241203,1.41421356,2.0,0.5000003256397734,1.41421356,6.0,0.1666666741024887,1.41421356,3.0,0.33333335283646326,1.41421356,8.0,0.12500001494104218,1.41421356,5.0,0.20000001030066805,1.41421356,6.0,0.1666666752053727,1.41421356,6.0,0.16666667470012797,1.41421356,6.0,0.16666667296062077,1.41421356,10.0,0.10000002047360468,1.41421356,4.0,0.25000000178850845,1.41421356,4.0,0.2500000067462236,1.41421356,7.0,0.14285715747078154,1.41421356,5.0,0.2000000036607359,1.41421356,2.0,0.5000000575355379,1.41421356,7.0,0.1428571538141714,1.41421356,6.0,0.16666667359672793,1.41421356,5.0,0.20000000952144514,1.41421356,7.0,0.1428571531618612,1.41421356,4.0,0.2500000064845307,1.41421356,9.0,0.11111112909568988,1.41421356,4.0,0.2500000150665618,1.41421356,6.0,0.166666674297403,1.41421356,5.0,0.2000000054387847,1.41421356,3.0,0.3333333440566153,1.41421356,3.0,0.3333333511676799,1.41421356,6.0,0.16666667538139368,1.41421356,12.0,0.08333336076326958,1.41421356,4.0,0.2500000021987536,1.41421356,6.0,0.16666667688432213,1.41421356,9.0,0.11111112833275172,1.41421356,4.0,0.250000000703134,1.41421356,8.0,0.12500001380664738,1.41421356,4.0,0.2500000021732376,1.41421356,7.0,0.14285716073605403,1.41421356,6.0,0.1666666812320461,1.41421356,5.0,0.2000000168861913,1.41421356,3.0,0.3333333400149354,1.41421356,8.0,0.1250000163316436,1.41421356,5.0,0.2000000066578762,1.41421356,11.0,0.09090911656333844,1.41421356,3.0,0.3333334958388643,1.41421356,3.0,0.3333333350812153,1.41421356,9.0,0.1111111282029853,1.41421356,3.0,0.3333333470432778,1.41421356,5.0,0.20000000599121392,1.41421356,6.0,0.16666667588797068,1.41421356,4.0,0.25000001197486466,1.41421356,8.0,0.12500003136820848,1.41421356,3.0,0.3333333719374525,1.41421356,8.0,0.12500001374760306,1.41421356,10.0,0.10000002426085963,1.41421356,5.0,0.20000001126927902,1.41421356,3.0,0.33333337392283635,1.41421356,5.0,0.2000000115227465,1.41421356,5.0,0.20000001302190462,1.41421356,3.0,0.33333334151100136,1.41421356,3.0,0.3333333882210954,1.41421356,7.0,0.14285715289879253,1.41421356,8.0,0.12500003126082238,1.41421356,10.0,0.10000002158238175,1.41421356,4.0,0.25000000908010467,1.41421356,7.0,0.14285715489038076,1.41421356,7.0,0.14285715415712552,1.41421356,5.0,0.20000002483540147,1.41421356,8.0,0.12500001406241878,1.41421356,3.0,0.33333339245481897,1.41421356,9.0,0.11111113411501528,1.41421356,5.0,0.20000000918919536,1.41421356,4.0,0.2500000071530408,1.41421356,6.0,0.16666667421783554,1.41421356,5.0,0.20000000726541245,1.41421356,7.0,0.14285715452906889,1.41421356,3.0,0.33333344121162556,1.41421356,9.0,0.11111113442483855,1.41421356,2.0,0.5000000573331531,1.41421356,8.0,0.12500001438378927,1.41421356,5.0,0.20000001416169866,1.41421356,9.0,0.1111111278005783,1.41421356,3.0,0.33333334428854355,1.41421356,4.0,0.2500000027704794,1.41421356,8.0,0.12500001543262051,1.41421356,8.0,0.12500001384447845,1.41421356,4.0,0.25000003631323153,1.41421356,2.0,0.5000000364893342,1.41421356,6.0,0.16666667442821304,1.41421356,6.0,0.16666667900546628,1.41421356,5.0,0.2000000110333957,1.41421356,5.0,0.20000000435757403,1.41421356,2.0,0.5000000441077579,1.41421356,6.0,0.16666667637272958,1.41421356,6.0,0.16666667584153227,1.41421356,2.0,0.5000000280277022,1.41421356,4.0,0.2500000055290914,1.41421356,8.0,0.1250000141289762,1.41421356,3.0,0.33333334798868597,1.41421356,3.0,0.33333334914213353,1.41421356,3.0,0.33333334598350506,1.41421356,4.0,0.2500000024333313,1.41421356,4.0,0.250000012825482,1.41421356,5.0,0.20000000772642856,1.41421356,5.0,0.200000011277206,1.41421356,5.0,0.20000001177207594,1.41421356,7.0,0.14285715708565938,1.41421356,6.0,0.16666667728101725,1.41421356,10.0,0.10000002056859181,1.41421356,6.0,0.16666667468006846,1.41421356,7.0,0.1428571534156733,1.41421356,3.0,0.3333333479508802,1.41421356,3.0,0.33333334024095196,1.41421356,3.0,0.3333333419948392,1.41421356,3.0,0.33333334100911705,1.41421356,4.0,0.2500000383291363,1.41421356,4.0,0.2500000082008653,1.41421356,6.0,0.16666670036260278,1.41421356,6.0,0.16666667716066108,1.41421356,11.0,0.09090911728157813,1.41421356,7.0,0.14285715619167672,1.41421356,5.0,0.2000000053868991,1.41421356,9.0,0.11111113148447416,1.41421356,7.0,0.142857152557192,1.41421356,4.0,0.25000000378911835,1.41421356,3.0,0.33333334227399414,1.41421356,9.0,0.11111114006049227,1.41421356,5.0,0.20000001933999023,1.41421356,7.0,0.14285715700471258,1.41421356,12.0,0.08333335899659033,1.41421356,5.0,0.2000000054728277,1.41421356]
WARNING: For the MIP-solver-driven algorithm, optimality tolerance must be specified as MIP solver option, not Pajarito option
WARNING: For the MIP-solver-driven algorithm, optimality tolerance must be specified as MIP solver option, not Pajarito option
WARNING: Not solved to optimality, status: UserLimit
