WARNING: Method definition require(Symbol) in module Base at loading.jl:345 overwritten in module ConicBenchmarkUtilities at /home/ubuntu/.julia/v0.5/Requires/src/require.jl:12.
error in running finalizer: CPLEX.CplexError(code=1804, msg="CPLEX Error  1804: Calling routines not allowed in informational callback.
")
#SOLVERNAME# PAJ_MSD_CPLEX_MOSEK_nosocinit_violonly
#SOLVER# Pajarito.PajaritoSolver(2,3600.0,1.0e-5,true,CPLEX.CplexSolver(Any[(:CPX_PARAM_THREADS,1),(:CPX_PARAM_TILIM,3600.0),(:CPX_PARAM_EPINT,1.0e-8),(:CPX_PARAM_EPRHS,1.0e-8),(:CPX_PARAM_SCRIND,0),(:CPX_PARAM_EPGAP,0.0)]),MathProgBase.DefaultMIPSolver(),0,false,true,Mosek.MosekMathProgSolverInterface.MosekSolver(Any[(:LOG,0),(:NUM_THREADS,1),(:OPTIMIZER_MAX_TIME,120.0)]),true,false,false,true,false,true,false,false,false,true,true,false,true,true,false,false,false,true,1.0e-10,0.0001,1.0e-6,0.01,1.0e-6)
#INSTANCE# 75_0_5_w.cbf.gz
#TIMELIMIT# 3600.0

Transforming original data......Done     0.03s

Creating conic model data......Done     0.01s

Creating MIP model......Done     0.18s

Cone types summary:
Cone       | Count    | Min dim  | Max dim 
       SOC |     1800 |        3 |        3

Solving conic relaxation......Done     1.29s
 - Relaxation status    =        Optimal
 - Relaxation objective = 12132468.480226

Creating conic subproblem model......Done     0.00s

Starting MIP-solver-driven outer approximation algorithm

Pajarito MICP solve summary:
 - Total time (s)       =       3.60e+03
 - Status               =      UserLimit
 - Best feasible obj.   =  +1.225676e+07
 - Final OA obj. bound  =  +1.225043e+07
 - Relative opt. gap    =      5.162e-04
 - Conic solve count    =             21
 - Feas. solution count =             21
 - Integer repeat count =             65

Timers (s):
 - Setup                =       1.61e+00
 -- Transform data      =       3.25e-02
 -- Create conic data   =       5.35e-03
 -- Create MIP data     =       1.84e-01
 -- Load/solve relax    =       1.29e+00
 - MIP-driven algorithm =       3.60e+03
 -- Solve conic model   =       4.05e+00
 -- Process conic data  =       1.72e-01
 -- Add conic solution  =       2.04e-02
 -- Add dual cuts       =       1.42e-01
 -- Use outer inf/cuts  =       2.50e-01

#STATUS# UserLimit
#OBJVAL# 1.2256755561063726e7
#OBJBOUND# 1.2250428206183208e7
#TIMESOLVER# 3600.1308929920197
#TIMEALL# 3600.137799024582
#SOLUTION# [1.0,1.0,1.0,1.0,1.0,1.0,1.0,1.0,1.0,1.0,1.0,1.0,1.0,1.0,1.0,1.0,1.0,1.0,1.0,1.0,1.0,1.0,1.0,1.0,0.0,0.0,0.0,0.0,0.0,0.0,0.0,0.0,0.0,0.0,1.0,1.0,1.0,1.0,1.0,1.0,1.0,1.0,1.0,1.0,1.0,1.0,1.0,1.0,1.0,1.0,1.0,1.0,1.0,1.0,1.0,1.0,1.0,1.0,1.0,1.0,1.0,1.0,1.0,1.0,1.0,1.0,1.0,1.0,1.0,1.0,1.0,1.0,0.0,0.0,-0.0,-0.0,-0.0,-0.0,1.0,1.0,1.0,1.0,1.0,1.0,1.0,1.0,1.0,1.0,1.0,1.0,1.0,1.0,1.0,1.0,1.0,1.0,1.0,1.0,1.0,1.0,1.0,1.0,1.0,1.0,1.0,1.0,1.0,1.0,1.0,1.0,-0.0,0.0,-0.0,0.0,0.0,0.0,0.0,-0.0,0.0,-0.0,0.0,0.0,0.0,0.0,0.0,0.0,1.0,1.0,1.0,1.0,1.0,1.0,1.0,1.0,1.0,1.0,1.0,1.0,1.0,1.0,1.0,1.0,1.0,1.0,0.0,0.0,0.0,0.0,0.0,0.0,0.0,1.0,1.0,1.0,1.0,1.0,1.0,1.0,1.0,1.0,1.0,1.0,1.0,1.0,1.0,1.0,1.0,1.0,1.0,1.0,1.0,1.0,1.0,1.0,1.0,1.0,1.0,1.0,1.0,1.0,1.0,1.0,1.0,1.0,1.0,1.0,1.0,-0.0,0.0,-0.0,-0.0,-0.0,0.0,-0.0,-0.0,0.0,-0.0,0.0,0.0,0.0,0.0,0.0,0.0,0.0,0.0,0.0,-0.0,0.0,0.0,-0.0,0.0,0.0,0.0,-0.0,0.0,-0.0,1.0,1.0,1.0,1.0,1.0,1.0,1.0,1.0,1.0,1.0,1.0,1.0,1.0,1.0,1.0,1.0,1.0,1.0,1.0,1.0,1.0,1.0,1.0,1.0,1.0,1.0,1.0,1.0,1.0,1.0,1.0,1.0,1.0,1.0,1.0,1.0,1.0,1.0,1.0,0.0,-0.0,-0.0,0.0,-0.0,0.0,-0.0,-0.0,-0.0,1.0,1.0,1.0,1.0,1.0,1.0,1.0,1.0,1.0,1.0,1.0,1.0,1.0,1.0,1.0,1.0,1.0,1.0,1.0,1.0,1.0,1.0,1.0,1.0,1.0,1.0,1.0,1.0,1.0,-0.0,0.0,0.0,0.0,-0.0,0.0,0.0,0.0,0.0,0.0,0.0,-0.0,0.0,0.0,-0.0,0.0,0.0,0.0,-0.0,1.0,1.0,1.0,1.0,0.0,0.0,0.0,0.0,0.0,0.0,0.0,-0.0,0.0,0.0,0.0,-0.0,-0.0,0.0,0.0,0.0,-0.0,0.0,0.0,0.0,1.0,1.0,1.0,0.0,0.0,0.0,0.0,0.0,0.0,-0.0,-0.0,-0.0,-0.0,0.0,0.0,0.0,0.0,0.0,0.0,0.0,-0.0,-0.0,-0.0,0.0,1.0,1.0,1.0,1.0,0.0,0.0,0.0,0.0,0.0,0.0,0.0,0.0,-0.0,0.0,-0.0,-0.0,0.0,-0.0,0.0,-0.0,-0.0,-0.0,0.0,0.0,0.0,0.0,0.0,0.0,0.0,-0.0,1.0,1.0,1.0,1.0,1.0,1.0,1.0,1.0,1.0,1.0,1.0,1.0,1.0,1.0,1.0,1.0,1.0,1.0,1.0,1.0,1.0,1.0,1.0,1.0,1.0,1.0,1.0,1.0,1.0,1.0,1.0,1.0,1.0,1.0,1.0,1.0,1.0,1.0,1.0,1.0,1.0,1.0,1.0,1.0,1.0,0.0,0.0,0.0,0.0,0.0,0.0,-0.0,-0.0,0.0,-0.0,0.0,0.0,-0.0,0.0,-0.0,0.0,-0.0,0.0,-0.0,0.0,0.0,1.0,1.0,1.0,1.0,0.0,0.0,0.0,0.0,0.0,-0.0,-0.0,0.0,0.0,0.0,0.0,0.0,-0.0,0.0,-0.0,-0.0,0.0,-0.0,0.0,0.0,0.0,-0.0,-0.0,-0.0,-0.0,-0.0,-0.0,0.0,-0.0,-0.0,-0.0,0.0,-0.0,-0.0,-0.0,-0.0,-0.0,0.0,0.0,0.0,-0.0,-0.0,-0.0,-0.0,1.0,1.0,1.0,0.0,0.0,0.0,0.0,0.0,0.0,-0.0,-0.0,0.0,0.0,0.0,0.0,0.0,-0.0,0.0,0.0,0.0,0.0,-0.0,-0.0,-0.0,1.0,1.0,1.0,1.0,1.0,1.0,1.0,1.0,1.0,1.0,1.0,1.0,1.0,1.0,1.0,1.0,1.0,1.0,1.0,1.0,1.0,1.0,1.0,-0.0,0.0,-0.0,-0.0,-0.0,0.0,-0.0,1.0,1.0,1.0,1.0,1.0,1.0,1.0,1.0,1.0,1.0,1.0,1.0,1.0,1.0,1.0,1.0,1.0,1.0,1.0,1.0,1.0,1.0,1.0,1.0,1.0,1.0,1.0,1.0,1.0,1.0,1.0,1.0,1.0,1.0,1.0,1.0,1.0,1.0,1.0,1.0,1.0,0.0,1.0,1.0,1.0,0.0,0.0,0.0,0.0,0.0,0.0,-0.0,1.2712053631958042e-13,1.2712053631958042e-13,-0.0,-0.0,-0.0,0.0,0.0,0.0,0.0,0.0,-0.0,0.0,0.0,0.0,-0.0,0.0,0.0,0.0,0.0,0.0,0.0,0.0,0.0,-0.0,0.0,-0.0,0.0,-0.0,-0.0,-0.0,-0.0,-0.0,0.0,-0.0,-0.0,0.0,0.0,0.0,0.0,0.0,0.0,0.0,0.0,0.0,1.0,1.0,1.0,1.0,1.0,1.0,1.0,1.0,1.0,1.0,1.0,1.0,1.0,1.0,1.0,1.0,1.0,-0.0,0.0,0.0,0.0,0.0,0.0,0.0,0.0,-0.0,0.0,0.0,0.0,-0.0,0.0,0.0,-0.0,0.0,0.0,0.0,-0.0,-0.0,0.0,0.0,-0.0,0.0,1.0,1.0,1.0,1.0,0.0,0.0,0.0,0.0,0.0,-0.0,-0.0,-0.0,0.0,0.0,-0.0,0.0,-0.0,0.0,0.0,-0.0,-0.0,-0.0,0.0,0.0,0.0,0.0,0.0,0.0,0.0,0.0,0.0,1.0,1.0,1.0,1.0,1.0,1.0,1.0,1.0,1.0,1.0,1.0,1.0,1.0,1.0,1.0,1.0,1.0,0.0,0.0,0.0,0.0,-0.0,-0.0,-0.0,-0.0,-0.0,-0.0,-0.0,-0.0,0.0,0.0,-0.0,0.0,-0.0,0.0,0.0,0.0,0.0,-0.0,0.0,0.0,0.0,0.0,0.0,0.0,0.0,0.0,1.0,1.0,1.0,1.0,1.0,1.0,1.0,1.0,1.0,1.0,1.0,1.0,1.0,1.0,1.0,1.0,1.0,-0.0,0.0,0.0,0.0,0.0,0.0,0.0,1.0,1.0,1.0,1.0,1.0,1.0,1.0,1.0,1.0,1.0,1.0,1.0,1.0,1.0,1.0,1.0,1.0,1.0,0.0,0.0,0.0,0.0,0.0,0.0,0.0,-0.0,-0.0,-0.0,0.0,-0.0,0.0,-0.0,0.0,-0.0,-0.0,0.0,-0.0,0.0,-0.0,0.0,-0.0,0.0,1.0,1.0,1.0,1.0,1.0,1.0,1.0,1.0,1.0,1.0,1.0,1.0,1.0,1.0,1.0,1.0,1.0,1.0,1.0,1.0,1.0,1.0,1.0,-0.0,1.0,1.0,1.0,-0.0,0.0,0.0,0.0,0.0,0.0,0.0,0.0,0.0,-0.0,0.0,0.0,0.0,0.0,-0.0,0.0,0.0,0.0,0.0,0.0,-0.0,1.0,0.0,0.0,0.0,0.0,1.0,1.0,1.0,1.0,1.0,1.0,1.0,1.0,1.0,1.0,1.0,1.0,1.0,1.0,1.0,1.0,1.0,1.0,1.0,1.0,0.0,0.0,0.0,0.0,-0.0,1.0,1.0,1.0,1.0,1.0,1.0,1.0,1.0,1.0,1.0,1.0,1.0,1.0,1.0,1.0,1.0,1.0,1.0,1.0,-0.0,0.0,0.0,0.0,-0.0,1.0,1.0,1.0,1.0,1.0,1.0,1.0,1.0,1.0,1.0,1.0,1.0,1.0,1.0,1.0,1.0,1.0,-0.0,1.0,0.0,0.0,0.0,0.0,1.0,1.0,1.0,1.0,1.0,1.0,1.0,1.0,1.0,1.0,1.0,1.0,1.0,1.0,1.0,1.0,1.0,1.0,1.0,1.0,1.0,1.0,1.0,1.0,1.0,1.0,1.0,1.0,1.0,1.0,1.0,1.0,1.0,1.0,1.0,1.0,1.0,1.0,1.0,1.0,1.0,1.0,1.0,1.0,1.0,1.0,1.0,1.0,1.0,1.0,1.0,1.0,1.0,1.0,1.0,1.0,1.0,1.0,1.0,1.0,1.0,1.0,1.0,1.0,1.0,1.0,1.0,1.0,1.0,1.0,1.0,1.0,1.0,1.0,1.0,1.0,1.0,1.0,1.0,1.0,1.0,1.0,1.0,1.0,1.0,1.0,1.0,1.0,1.0,1.0,1.0,1.0,1.0,1.0,1.0,1.0,1.0,1.0,1.0,1.0,1.0,1.0,1.0,1.0,1.0,1.0,1.0,1.0,1.0,1.0,1.0,1.0,1.0,1.0,1.0,1.0,1.0,1.0,1.0,1.0,1.0,1.0,1.0,1.0,1.0,1.0,1.0,1.0,1.0,1.0,1.0,1.0,1.0,1.0,1.0,1.0,1.0,1.0,1.0,1.0,1.0,1.0,1.0,1.0,1.0,1.0,1.0,1.0,1.0,1.0,1.0,1.0,1.0,1.0,1.0,1.0,1.0,1.0,1.0,1.0,1.0,1.0,1.0,1.0,1.0,1.0,1.0,1.0,1.0,1.0,1.0,1.0,1.0,1.0,1.0,1.0,1.0,1.0,1.0,1.0,1.0,1.0,1.0,1.0,1.0,1.0,1.0,1.0,0.0,0.0,0.0,0.0,0.0,0.0,1.0,1.0,1.0,1.0,1.0,1.0,1.0,1.0,0.0,-0.0,-0.0,-0.0,-0.0,1.0,-0.0,-0.0,-0.0,1.0,1.0,1.0,1.0,1.0,1.0,1.0,1.0,1.0,1.0,1.0,1.0,1.0,1.0,1.0,1.0,1.0,1.0,1.0,1.0,1.0,1.0,1.0,1.0,1.0,-0.0,0.0,0.0,0.0,1.0,1.0,1.0,1.0,1.0,1.0,1.0,1.0,1.0,1.0,1.0,1.0,1.0,1.0,1.0,1.0,1.0,1.0,1.0,1.0,1.0,1.0,1.0,1.0,1.0,1.0,1.0,1.0,1.0,1.0,1.0,1.0,1.0,1.0,1.0,1.0,1.0,1.0,1.0,1.0,1.0,1.0,1.0,1.0,1.0,1.0,1.0,1.0,1.0,1.0,1.0,1.0,1.0,1.0,1.0,1.0,1.0,1.0,1.0,1.0,1.0,1.0,1.0,1.0,1.0,1.0,1.0,1.0,0.0,-0.0,0.0,0.0,1.0,1.0,1.0,1.0,1.0,1.0,1.0,1.0,1.0,1.0,1.0,1.0,1.0,1.0,1.0,1.0,1.0,1.0,1.0,1.0,1.0,1.0,0.0,0.0,0.0,1.0,1.0,1.0,1.0,1.0,1.0,1.0,1.0,1.0,1.0,1.0,1.0,1.0,1.0,1.0,1.0,1.0,1.0,1.0,0.0,0.0,0.0,-0.0,0.0,1.0,1.0,1.0,1.0,1.0,1.0,1.0,1.0,1.0,1.0,1.0,1.0,1.0,1.0,1.0,1.0,1.0,1.0,1.0,1.0,1.0,1.0,1.0,1.0,1.0,1.0,1.0,1.0,1.0,1.0,1.0,1.0,1.0,1.0,1.0,1.0,1.0,1.0,1.0,1.0,1.0,1.0,1.0,1.0,1.0,1.0,1.0,1.0,1.0,1.0,1.0,1.0,1.0,1.0,1.0,1.0,1.0,1.0,1.0,1.0,1.0,1.0,1.0,1.0,1.0,1.0,1.0,1.0,1.0,1.0,1.0,1.0,1.0,1.0,1.0,1.0,1.0,1.0,1.0,1.0,1.0,1.0,1.0,1.0,1.0,1.0,1.0,1.0,1.0,1.0,1.0,1.0,1.0,1.0,1.0,1.0,1.0,1.0,1.0,1.0,1.0,1.0,1.0,1.0,1.0,1.0,1.0,1.0,1.0,1.0,1.0,1.0,1.0,1.0,1.0,1.0,1.0,1.0,1.0,1.0,1.0,1.0,1.0,1.0,1.0,1.0,1.0,1.0,1.0,1.0,1.0,1.0,1.0,1.0,1.0,1.0,1.0,1.0,1.0,1.0,1.0,1.0,1.0,1.0,1.0,1.0,1.0,1.0,1.0,1.0,1.0,1.0,1.0,1.0,1.0,1.0,1.0,1.0,1.0,1.0,1.0,1.0,1.0,1.0,1.0,0.0,-0.0,-0.0,1.0,1.0,1.0,1.0,1.0,1.0,1.0,1.0,1.0,1.0,1.0,1.0,1.0,1.0,1.0,1.0,1.0,1.0,1.0,0.0,0.0,0.0,0.0,1.0,1.0,1.0,1.0,1.0,1.0,1.0,1.0,1.0,1.0,1.0,1.0,1.0,1.0,1.0,1.0,1.0,1.0,1.0,1.0,1.0,1.0,1.0,1.0,1.0,1.0,1.0,1.0,1.0,1.0,1.0,1.0,1.0,1.0,1.0,1.0,1.0,1.0,1.0,1.0,1.0,1.0,1.0,1.0,0.0,0.0,0.0,-0.0,-0.0,1.0,1.0,1.0,1.0,1.0,1.0,1.0,1.0,1.0,1.0,1.0,1.0,1.0,1.0,1.0,1.0,1.0,1.0,1.0,0.0,0.0,0.0,0.0,0.0,1.0,1.0,1.0,1.0,1.0,1.0,1.0,1.0,1.0,1.0,1.0,1.0,1.0,1.0,1.0,1.0,1.0,-0.0,1.0,1.0,1.0,1.0,1.0,1.0,1.0,1.0,1.0,1.0,1.0,1.0,1.0,1.0,1.0,1.0,1.0,1.0,1.0,1.0,1.0,1.0,1.0,1.0,1.0,1.0,1.0,1.0,1.0,1.0,1.0,1.0,1.0,1.0,1.0,1.0,1.0,1.0,1.0,1.0,1.0,1.0,1.0,1.0,1.0,1.0,1.0,1.0,1.0,1.0,1.0,1.0,1.0,1.0,1.0,1.0,1.0,1.0,1.0,1.0,1.0,1.0,1.0,1.0,1.0,1.0,1.0,1.0,1.0,1.0,1.0,1.0,1.0,1.0,1.0,1.0,1.0,1.0,1.0,1.0,1.0,1.0,1.0,1.0,1.0,1.0,1.0,1.0,1.0,1.0,1.0,1.0,1.0,1.0,1.0,1.0,1.0,1.0,1.0,1.0,1.0,1.0,1.0,1.0,1.0,1.0,1.0,1.0,1.0,1.0,1.0,1.0,1.0,1.0,1.0,1.0,1.0,1.0,1.0,1.0,1.0,0.0,0.0,0.0,0.0,1.0,1.0,1.0,1.0,1.0,1.0,1.0,1.0,1.0,1.0,1.0,1.0,1.0,1.0,1.0,1.0,1.0,1.0,1.0,1.0,1.0,1.0,1.0,1.0,1.0,1.0,1.0,1.0,1.0,1.0,1.0,1.0,1.0,1.0,1.0,1.0,1.0,1.0,1.0,1.0,1.0,1.0,1.0,1.0,1.0,1.0,0.0,0.0,0.0,1.0,1.0,1.0,1.0,1.0,1.0,1.0,1.0,1.0,1.0,1.0,1.0,1.0,1.0,1.0,1.0,1.0,1.0,1.0,0.0,0.0,0.0,0.0,0.0,0.0,0.0,0.0,0.0,0.0,0.0,0.0,0.0,0.0,0.0,0.0,0.0,0.0,0.0,0.0,0.0,0.0,-0.0,-0.0,0.0,0.0,0.0,0.0,0.0,0.0,0.0,0.0,0.0,1.0,0.0,0.0,0.0,0.0,0.0,0.0,0.0,0.0,0.0,0.0,0.0,0.0,-0.0,0.0,0.0,0.0,0.0,0.0,0.0,0.0,0.0,0.0,0.0,0.0,0.0,0.0,0.0,0.0,0.0,0.0,0.0,0.0,0.0,0.0,0.0,0.0,-0.0,-0.0,0.0,0.0,0.0,0.0,0.0,1.0,0.0,0.0,0.0,0.0,0.0,0.0,0.0,0.0,0.0,0.0,0.0,0.0,0.0,0.0,0.0,0.0,-0.0,-0.0,0.0,0.0,0.0,0.0,0.0,0.0,0.0,0.0,0.0,0.0,0.0,0.0,0.0,0.0,0.0,0.0,0.0,0.0,0.0,0.0,0.0,0.0,0.0,-0.0,0.0,0.0,0.0,0.0,0.0,1.0,0.0,0.0,0.0,0.0,0.0,0.0,0.0,0.0,0.0,0.0,0.0,0.0,0.0,0.0,0.0,0.0,-0.0,-0.0,0.0,0.0,0.0,0.0,0.0,0.0,1.0,0.0,0.0,0.0,0.0,0.0,0.0,0.0,0.0,0.0,0.0,0.0,0.0,0.0,0.0,0.0,-0.0,1.0,0.0,0.0,0.0,0.0,0.0,0.0,0.0,0.0,0.0,0.0,0.0,0.0,0.0,0.0,0.0,0.0,0.0,0.0,-0.0,0.0,0.0,0.0,0.0,-0.0,0.0,0.0,0.0,0.0,0.0,0.0,0.0,0.0,0.0,0.0,0.0,0.0,0.0,0.0,0.0,0.0,0.0,0.0,0.0,0.0,0.0,0.0,0.0,-0.0,0.0,0.0,0.0,0.0,0.0,0.0,0.0,0.0,0.0,0.0,0.0,0.0,0.0,0.0,0.0,0.0,0.0,0.0,0.0,0.0,0.0,0.0,-0.0,-0.0,0.0,0.0,0.0,0.0,0.0,0.0,0.0,0.0,0.0,0.0,0.0,0.0,0.0,0.0,-0.0,0.0,0.0,0.0,0.0,0.0,0.0,0.0,0.0,-0.0,0.0,0.0,0.0,0.0,0.0,0.0,0.0,0.0,0.0,0.0,0.0,0.0,0.0,0.0,0.0,0.0,0.0,0.0,0.0,0.0,0.0,0.0,-0.0,-0.0,0.0,0.0,0.0,0.0,-0.0,0.0,0.0,0.0,0.0,0.0,0.0,0.0,0.0,0.0,0.0,0.0,0.0,0.0,0.0,0.0,0.0,0.0,0.0,0.0,0.0,0.0,-0.0,-0.0,0.0,0.0,0.0,0.0,0.0,0.0,0.0,0.0,0.0,0.0,0.0,0.0,0.0,0.0,0.0,0.0,0.0,0.0,0.0,0.0,0.0,-0.0,-0.0,0.0,0.0,0.0,0.0,0.0,0.0,0.0,0.0,0.0,0.0,0.0,0.0,0.0,0.0,0.0,0.0,0.0,0.0,0.0,0.0,0.0,0.0,0.0,-0.0,-0.0,0.0,0.0,0.0,0.0,0.0,0.0,0.0,0.0,0.0,0.0,0.0,0.0,0.0,0.0,0.0,0.0,0.0,0.0,0.0,-0.0,0.0,0.0,0.0,0.0,0.0,1.0,0.0,0.0,0.0,0.0,0.0,0.0,0.0,0.0,0.0,0.0,0.0,0.0,0.0,0.0,0.0,0.0,-0.0,-0.0,0.0,0.0,0.0,0.0,0.0,0.0,0.0,0.0,0.0,0.0,0.0,0.0,0.0,0.0,0.0,0.0,0.0,0.0,0.0,0.0,0.0,0.0,-0.0,-0.0,0.0,0.0,-0.0,0.0,0.0,0.0,0.0,0.0,0.0,0.0,0.0,0.0,0.0,0.0,0.0,0.0,0.0,0.0,0.0,0.0,0.0,0.0,0.0,-0.0,0.0,0.0,0.0,-0.0,0.0,0.0,0.0,0.0,0.0,0.0,0.0,0.0,0.0,0.0,0.0,0.0,0.0,0.0,0.0,0.0,0.0,0.0,0.0,-0.0,0.0,0.0,0.0,0.0,0.0,0.0,0.0,0.0,0.0,0.0,0.0,0.0,0.0,0.0,0.0,0.0,0.0,0.0,0.0,0.0,0.0,0.0,0.0,0.0,0.0,-0.0,-0.0,0.0,0.0,0.0,0.0,0.0,0.0,0.0,0.0,0.0,0.0,0.0,0.0,0.0,0.0,0.0,0.0,0.0,0.0,0.0,0.0,-0.0,0.0,0.0,0.0,0.0,0.0,0.0,0.0,0.0,0.0,0.0,0.0,0.0,0.0,0.0,0.0,0.0,0.0,0.0,0.0,0.0,0.0,0.0,-0.0,-0.0,0.0,0.0,0.0,0.0,0.0,1.0,0.0,0.0,0.0,0.0,0.0,0.0,0.0,0.0,0.0,0.0,0.0,0.0,0.0,0.0,0.0,0.0,-0.0,0.0,0.0,0.0,0.0,0.0,0.0,0.0,0.0,0.0,0.0,0.0,0.0,0.0,0.0,0.0,0.0,0.0,0.0,0.0,0.0,0.0,0.0,0.0,-0.0,-0.0,0.0,0.0,-1.2712053631958042e-13,0.0,0.0,0.0,0.0,0.0,0.0,1.2712053631958042e-13,0.0,-0.0,0.0,0.0,0.0,0.0,0.0,0.0,0.0,0.0,0.0,0.0,0.0,-0.0,0.0,0.0,0.0,0.0,0.0,0.0,0.0,0.0,0.0,0.0,0.0,0.0,0.0,0.0,0.0,0.0,0.0,0.0,0.0,0.0,0.0,0.0,0.0,-0.0,0.0,0.0,0.0,0.0,0.0,1.0,0.0,0.0,0.0,0.0,0.0,0.0,0.0,0.0,0.0,0.0,0.0,0.0,0.0,0.0,0.0,0.0,-0.0,-0.0,0.0,0.0,0.0,0.0,0.0,0.0,0.0,0.0,0.0,0.0,0.0,0.0,0.0,0.0,0.0,0.0,0.0,0.0,0.0,0.0,0.0,0.0,0.0,0.0,0.0,0.0,-0.0,-0.0,0.0,0.0,0.0,0.0,0.0,0.0,0.0,0.0,0.0,0.0,0.0,0.0,0.0,0.0,0.0,0.0,0.0,0.0,0.0,-0.0,0.0,0.0,0.0,0.0,0.0,0.0,1.0,0.0,0.0,0.0,0.0,0.0,0.0,0.0,0.0,0.0,0.0,0.0,0.0,0.0,0.0,0.0,-0.0,-0.0,0.0,0.0,0.0,0.0,0.0,0.0,0.0,0.0,0.0,0.0,0.0,0.0,0.0,0.0,0.0,0.0,0.0,0.0,0.0,0.0,0.0,0.0,0.0,-0.0,0.0,0.0,0.0,0.0,0.0,1.0,0.0,0.0,0.0,0.0,0.0,0.0,0.0,0.0,0.0,0.0,0.0,0.0,0.0,0.0,0.0,0.0,-0.0,-0.0,0.0,0.0,0.0,0.0,0.0,1.0,0.0,0.0,0.0,0.0,0.0,0.0,0.0,0.0,0.0,0.0,0.0,0.0,0.0,0.0,0.0,0.0,-0.0,-0.0,0.0,0.0,0.0,0.0,0.0,0.0,0.0,0.0,0.0,0.0,0.0,0.0,0.0,0.0,0.0,0.0,0.0,0.0,0.0,0.0,0.0,0.0,0.0,0.0,0.0,0.0,0.0,0.0,0.0,0.0,0.0,0.0,0.0,0.0,0.0,0.0,0.0,0.0,0.0,0.0,0.0,0.0,0.0,0.0,0.0,0.0,-0.0,0.0,0.0,-0.0,-0.0,0.0,0.0,0.0,0.0,0.0,0.0,0.0,0.0,0.0,0.0,0.0,0.0,0.0,0.0,0.0,0.0,0.0,0.0,0.0,0.0,1.0,-0.0,-0.0,-0.0,-0.0,1.0,0.0,0.0,0.0,0.0,0.0,0.0,0.0,0.0,0.0,0.0,0.0,0.0,0.0,0.0,0.0,0.0,0.0,0.0,1.0,-0.0,-0.0,-0.0,-0.0,-0.0,1.0,0.0,0.0,0.0,0.0,0.0,0.0,0.0,0.0,0.0,0.0,0.0,0.0,0.0,0.0,0.0,0.0,0.0,1.0,-0.0,-0.0,-0.0,-0.0,-0.0,1.0,0.0,0.0,0.0,0.0,0.0,0.0,0.0,0.0,0.0,0.0,0.0,0.0,0.0,0.0,0.0,0.0,-0.0,1.0,-0.0,-0.0,-0.0,-0.0,1.0,0.0,0.0,0.0,0.0,0.0,0.0,0.0,0.0,0.0,0.0,0.0,0.0,0.0,0.0,0.0,0.0,0.0,0.0,1.0,0.0,0.0,0.0,0.0,0.0,0.0,0.0,0.0,0.0,0.0,0.0,0.0,0.0,0.0,0.0,0.0,0.0,0.0,0.0,0.0,0.0,0.0,0.0,0.0,0.0,0.0,0.0,0.0,0.0,0.0,0.0,0.0,0.0,0.0,0.0,0.0,0.0,0.0,0.0,0.0,0.0,0.0,0.0,0.0,0.0,0.0,0.0,0.0,0.0,0.0,0.0,0.0,0.0,0.0,0.0,0.0,0.0,0.0,0.0,0.0,0.0,0.0,0.0,0.0,0.0,0.0,0.0,0.0,0.0,0.0,0.0,0.0,0.0,0.0,0.0,0.0,0.0,0.0,0.0,0.0,0.0,0.0,0.0,0.0,0.0,0.0,0.0,0.0,0.0,0.0,0.0,0.0,0.0,0.0,0.0,1.0,0.0,0.0,0.0,0.0,0.0,0.0,0.0,0.0,0.0,0.0,0.0,0.0,0.0,0.0,0.0,0.0,0.0,0.0,0.0,0.0,0.0,0.0,0.0,0.0,0.0,0.0,0.0,0.0,0.0,0.0,0.0,0.0,0.0,0.0,0.0,0.0,0.0,0.0,0.0,0.0,0.0,0.0,0.0,0.0,0.0,0.0,0.0,1.0,0.0,0.0,0.0,0.0,0.0,0.0,0.0,0.0,0.0,0.0,0.0,0.0,0.0,0.0,0.0,0.0,0.0,0.0,0.0,0.0,0.0,0.0,0.0,1.0,-0.0,-0.0,-0.0,-0.0,-0.0,-0.0,1.0,0.0,0.0,0.0,0.0,0.0,0.0,0.0,-0.0,-0.0,-0.0,-0.0,-0.0,1.0,-0.0,-0.0,-0.0,1.0,0.0,0.0,0.0,0.0,0.0,0.0,0.0,0.0,0.0,0.0,0.0,0.0,0.0,0.0,0.0,0.0,0.0,0.0,0.0,0.0,0.0,0.0,0.0,1.0,-0.0,-0.0,-0.0,-0.0,1.0,0.0,0.0,0.0,0.0,0.0,0.0,0.0,0.0,0.0,0.0,0.0,0.0,0.0,0.0,0.0,0.0,0.0,0.0,0.0,0.0,0.0,0.0,0.0,0.0,0.0,0.0,0.0,0.0,0.0,0.0,0.0,0.0,0.0,0.0,0.0,0.0,0.0,0.0,0.0,0.0,0.0,0.0,1.0,0.0,0.0,0.0,0.0,0.0,0.0,0.0,0.0,0.0,0.0,0.0,0.0,0.0,0.0,0.0,0.0,0.0,0.0,0.0,0.0,0.0,0.0,0.0,1.0,-0.0,-0.0,-0.0,-0.0,1.0,0.0,0.0,0.0,0.0,0.0,0.0,0.0,0.0,0.0,0.0,0.0,0.0,0.0,0.0,0.0,0.0,0.0,0.0,0.0,0.0,0.0,-0.0,-0.0,-0.0,1.0,0.0,0.0,0.0,0.0,0.0,0.0,0.0,0.0,0.0,0.0,0.0,0.0,0.0,0.0,0.0,0.0,0.0,1.0,-0.0,-0.0,-0.0,-0.0,-0.0,1.0,0.0,0.0,0.0,0.0,0.0,0.0,0.0,0.0,0.0,0.0,0.0,0.0,0.0,0.0,0.0,0.0,0.0,0.0,0.0,0.0,0.0,0.0,0.0,0.0,0.0,0.0,0.0,0.0,0.0,0.0,0.0,0.0,0.0,0.0,0.0,0.0,0.0,0.0,0.0,0.0,0.0,0.0,0.0,0.0,0.0,0.0,0.0,0.0,0.0,0.0,0.0,0.0,0.0,0.0,0.0,0.0,0.0,0.0,0.0,0.0,0.0,0.0,0.0,0.0,0.0,1.0,0.0,0.0,0.0,0.0,0.0,0.0,0.0,0.0,0.0,0.0,0.0,0.0,0.0,0.0,0.0,0.0,0.0,0.0,0.0,0.0,0.0,0.0,0.0,1.0,0.0,0.0,0.0,0.0,0.0,0.0,0.0,0.0,0.0,0.0,0.0,0.0,0.0,0.0,0.0,0.0,0.0,0.0,0.0,0.0,0.0,0.0,0.0,0.0,0.0,0.0,0.0,0.0,0.0,0.0,0.0,0.0,0.0,0.0,0.0,0.0,0.0,0.0,0.0,0.0,0.0,0.0,0.0,0.0,0.0,0.0,0.0,1.0,0.0,0.0,0.0,0.0,0.0,0.0,0.0,0.0,0.0,0.0,0.0,0.0,0.0,0.0,0.0,0.0,0.0,0.0,0.0,0.0,0.0,0.0,0.0,0.0,0.0,0.0,-0.0,-0.0,-0.0,1.0,0.0,0.0,0.0,0.0,0.0,0.0,0.0,0.0,0.0,0.0,0.0,0.0,0.0,0.0,0.0,0.0,0.0,1.0,-0.0,-0.0,-0.0,-0.0,1.0,0.0,0.0,0.0,0.0,0.0,0.0,0.0,0.0,0.0,0.0,0.0,0.0,0.0,0.0,0.0,0.0,0.0,0.0,0.0,0.0,0.0,0.0,0.0,0.0,0.0,0.0,0.0,0.0,0.0,0.0,0.0,0.0,0.0,0.0,0.0,0.0,0.0,0.0,0.0,0.0,0.0,0.0,1.0,-0.0,-0.0,-0.0,-0.0,-0.0,1.0,0.0,0.0,0.0,0.0,0.0,0.0,0.0,0.0,0.0,0.0,0.0,0.0,0.0,0.0,0.0,0.0,0.0,1.0,-0.0,-0.0,-0.0,-0.0,-0.0,1.0,0.0,0.0,0.0,0.0,0.0,0.0,0.0,0.0,0.0,0.0,0.0,0.0,0.0,0.0,0.0,0.0,-0.0,0.0,0.0,0.0,0.0,0.0,0.0,0.0,0.0,0.0,0.0,0.0,0.0,0.0,0.0,0.0,0.0,0.0,0.0,0.0,0.0,0.0,0.0,0.0,0.0,1.0,0.0,0.0,0.0,0.0,0.0,0.0,0.0,0.0,0.0,0.0,0.0,0.0,0.0,0.0,0.0,0.0,0.0,0.0,0.0,0.0,0.0,0.0,0.0,1.0,0.0,0.0,0.0,0.0,0.0,0.0,0.0,0.0,0.0,0.0,0.0,0.0,0.0,0.0,0.0,0.0,0.0,0.0,0.0,0.0,0.0,0.0,0.0,1.0,0.0,0.0,0.0,0.0,0.0,0.0,0.0,0.0,0.0,0.0,0.0,0.0,0.0,0.0,0.0,0.0,0.0,0.0,0.0,0.0,0.0,0.0,0.0,0.0,0.0,0.0,0.0,0.0,0.0,0.0,0.0,0.0,0.0,0.0,0.0,0.0,0.0,0.0,0.0,0.0,0.0,0.0,0.0,0.0,0.0,0.0,0.0,1.0,-0.0,-0.0,-0.0,-0.0,1.0,0.0,0.0,0.0,0.0,0.0,0.0,0.0,0.0,0.0,0.0,0.0,0.0,0.0,0.0,0.0,0.0,0.0,0.0,0.0,0.0,0.0,0.0,0.0,0.0,0.0,0.0,0.0,0.0,0.0,0.0,0.0,0.0,0.0,0.0,0.0,0.0,0.0,0.0,0.0,0.0,0.0,0.0,0.0,0.0,0.0,-0.0,-0.0,-0.0,1.0,0.0,0.0,0.0,0.0,0.0,0.0,0.0,0.0,0.0,0.0,0.0,0.0,0.0,0.0,0.0,0.0,0.0,0.0,0.3496318264851421,7.5273257791255e-9,2.5534683524804397e-8,9.840865985157748e-8,0.23969545678560963,0.5893244156512728,0.9389560235174492,0.9999999886373554,0.9999999888718988,0.9999999769735318,0.9999999934371079,0.9999999855917722,0.6204625035772323,0.970094291515025,0.9999999885043733,0.999999989180758,0.9999999516073765,0.9110117621302024,0.9999999212798075,0.9999999932443644,0.9999999795263779,0.5848898919351394,0.16977981584551155,0.0,0.0,0.0,0.0,0.0,0.0,0.0,0.0,0.0,0.0,0.0,0.44509947693662316,0.8901989467511714,0.9723612136575573,0.9999999708082941,0.9999999894619621,0.9999999899737326,0.9999999727731193,0.9999999446113468,0.9999999665076368,0.9999999933298124,0.9999999893514815,0.9827095970571889,0.7131905035690856,0.8841120671799025,0.9999999945485794,0.9999999852493695,0.999999992184939,0.9999999930536028,0.9999999933592063,0.9999999933700028,0.9999999936336219,0.999999995046904,0.9999999950721042,0.9999999943730186,0.9999999958165959,0.9999999947823547,0.9999999930161744,0.9999999939153706,0.9999999950329814,0.9999999951066256,0.9999999939694543,0.9999999935382645,0.9999999938169616,0.9999999957706426,0.9999999950177754,0.9999999930348095,0.9999999925011638,0.0,0.0,0.0,0.0,0.0,0.0,0.0,0.3473128336303314,0.6946256659828862,0.9999999883441616,0.9999999691435267,0.9999999935668742,0.9999999759764474,0.6531796250631999,0.999999562776039,0.9999999878835701,0.999999988726288,0.9999997839634306,0.6531803062534579,0.9297598141584473,0.9999999933634758,0.9999999753786231,0.6531796047322301,0.3063592515585711,0.6358014900394136,0.36306271826846065,1.3960921833261581e-8,2.419359142003427e-8,1.0046382429280496e-7,0.11382953780660258,0.1297286592810026,0.5419382553509323,0.999999987653292,0.9999999879613093,0.9999999674132779,0.7261254306409293,0.3630627159554964,0.0,0.0,0.0,0.0,0.0,0.0,0.0,0.0,0.0,0.0,0.0,0.0,0.0,0.0,0.0,0.0,0.0,0.0,0.4074336619671581,0.8148673222922888,0.9999999936280562,0.9999999918042493,0.9999999951255335,0.9999999929308645,0.9999999861870825,0.9999999902966147,0.9999999935381941,0.9999999937063067,0.9999999904909163,0.9999999887966868,0.9999999899305405,0.9999999950434204,0.9999999935029218,0.9999999862935435,0.9999999827194638,0.0,0.0,0.0,0.0,0.0,0.0,0.0,0.0,0.48571030541575794,0.9714206081604624,0.9999999910602185,0.9999999946910583,0.9999999922713028,0.9999999853161937,0.9999999894713449,0.9999999929328077,0.9999999931170013,0.9999999896741093,0.999999987925615,0.9999999890909163,0.9999999945990472,0.9999999928942213,0.9999999854207192,0.999999981997389,0.0,0.4566252778199298,0.07198912527343787,0.4439830768469038,0.900608067604532,0.99999989686604,0.9999999008754986,0.9999999501234337,0.9999999888899441,0.9999999890817097,0.999999980986973,0.9999999931524997,0.9999999865340724,0.9464483025078779,0.9999999683378266,0.9999999887818982,0.76927232240216,0.3846361625365013,0.0,0.0,0.0,0.0,0.0,0.0,0.0,0.0,0.0,0.0,0.0,0.0,0.0,0.0,0.0,0.0,0.0,0.0,0.0,0.0,0.0,0.0,0.0,0.0,0.0,0.0,0.0,0.0,0.0,0.0,0.9146420791441965,0.9999999922579254,0.5617404429926373,0.9999999770474919,0.9999999871067463,0.9999999884144429,0.9999999884576757,0.9999999894575017,0.999999993456817,0.9999999935126608,0.9999999917875771,0.9999999949901838,0.9999999928438251,0.9999999869345788,0.9999999904196167,0.9999999934257866,0.9999999935884705,0.9999999905930815,0.9999999891077807,0.9999999900950318,0.9999999949076769,0.9999999933917414,0.9999999870206494,0.9999999842431654,0.7587861335323515,0.6170607639097979,0.2796010965821372,0.3145985324611313,0.7250859663549168,0.9999996656932749,0.9999997130462575,0.9999999373430899,0.9999999900365321,0.9999999902163667,0.9999999821149279,0.9999999939083868,0.6749193393217725,0.33745967039856756,0.0,0.0,0.0,0.0,0.0,0.0,0.0,0.0,0.0,0.0,0.7371494506072235,0.605163389973454,0.19789537950654365,0.2504477979002296,0.6554727338681066,0.8393131392154005,0.8461271978584608,0.9999993644811211,0.9999999884129116,0.9999999886575132,0.9999999759477849,0.9999999933726276,0.9999999852154066,0.6379720142396931,0.9999999369819725,0.9999999882741181,0.999999988979267,0.9999999466356653,0.9565042162605752,0.9999999070009259,0.9999999931753055,0.999999988119359,0.6481835934261807,0.38221683957453245,0.9783350763289652,0.5292660864261185,0.0801970918184591,4.087651244015054e-8,0.0,0.0,0.0,0.0,0.0,0.0,0.0,0.0,0.0,0.0,0.0,0.0,0.0,0.0,0.0,0.0,0.0,0.0,0.0,0.0,0.953027975474881,0.5247211376547748,0.09641430104623047,0.0,0.0,0.0,0.0,0.0,0.0,0.0,0.0,0.0,0.0,0.0,0.0,0.0,0.0,0.0,0.0,0.0,0.0,0.0,0.0,0.0,0.8875488202560763,0.4831939923298617,0.0,0.0,0.0,0.0,0.0,0.0,0.0,0.0,0.0,0.0,0.0,0.0,0.0,0.0,0.0,0.0,0.0,0.0,0.0,0.0,0.0,0.0,0.9795032195476214,0.6208137045283567,0.26212419082390764,0.0,0.0,0.0,0.0,0.0,0.0,0.0,0.0,0.0,0.0,0.0,0.0,0.0,0.0,0.0,0.0,0.0,0.0,0.0,0.0,0.0,0.0,0.0,0.0,0.0,0.0,0.0,0.0,0.4972310898414071,0.9944621764678028,0.9999999897898726,0.9999999860263966,0.9999999927136234,0.999999988378433,0.999999972800502,0.9999999827331073,0.9999999896097858,0.9999999899462505,0.9999999831673025,0.9999999792786846,0.9999999819069328,0.9999999925569847,0.9999999895389541,0.9999999730773153,0.9999999631311101,0.7373727282746587,0.9999999755193077,0.5725895756331846,0.9531605206525015,0.9999999527929513,0.9999999651686631,0.9999999655042932,0.9999999723158965,0.999999988681313,0.9999999888361331,0.999999983317758,0.9999999924853332,0.9999999868864141,0.9999999507615032,0.9999999775141656,0.9999999885946871,0.9999999890441178,0.9999999783411329,0.9999999701229305,0.999999975882557,0.9999999923019073,0.9999999884991504,0.9999999517915891,0.9999998914830974,0.6559914536221196,0.4353258966760999,0.0,0.0,0.0,0.0,0.0,0.0,0.0,0.0,0.0,0.0,0.0,0.0,0.0,0.0,0.0,0.0,0.0,0.0,0.0,0.0,0.0,0.0,0.9999999921712198,0.6454464713154148,0.29089294286639095,0.0,0.0,0.0,0.0,0.0,0.0,0.0,0.0,0.0,0.0,0.0,0.0,0.0,0.0,0.0,0.0,0.0,0.0,0.0,0.0,0.0,0.0,0.0,0.0,0.0,0.0,0.0,0.0,0.0,0.0,0.0,0.0,0.0,0.0,0.0,0.0,0.0,0.0,0.0,0.0,0.0,0.0,0.0,0.0,0.0,0.6030997142926566,0.4584772082002178,0.0,0.0,0.0,0.0,0.0,0.0,0.0,0.0,0.0,0.0,0.0,0.0,0.0,0.0,0.0,0.0,0.0,0.0,0.0,0.0,0.0,0.0,0.8497957211433668,0.9999999853369179,0.5241575176648866,0.9305031897015782,0.9999999677414025,0.999999973229043,0.9999999733973711,0.9999999770843012,0.9999999887234474,0.9999999888582475,0.9999999843788916,0.9999999922081828,0.9999999872009413,0.9999999669567569,0.9999999802955648,0.999999988648272,0.9999999890402307,0.9999999808430078,0.999999975837966,0.9999999792461223,0.9516858796251593,0.47584294107289826,0.0,0.0,0.0,0.0,0.0,0.0,0.0,0.0,0.0,0.41188152042305837,0.823763037263474,0.9999999875161,0.9999999808345374,0.9999999918471136,0.9999999851738158,0.9999999378574587,0.9999999736302694,0.9999999872271219,0.9999999877647965,0.9999999746681814,0.9999999641807219,0.9999999715711562,0.9999999916310468,0.9999999871126917,0.9999999393186744,0.9999998397798723,0.6869995735989755,0.49455273156986373,1.9744601205055312e-8,4.794316445254357e-8,9.425758178906314e-7,0.16154064357021197,0.16848255796458686,0.5263124879248877,0.9999999663037799,0.9999999740851412,0.9901095761295277,0.9999999893994999,0.9601461074517385,0.4655934064703168,0.5660605375015058,0.9999999723107061,0.9999999754913983,0.611226193707736,0.2809392650738806,0.5154186158955382,0.9891054704949164,0.4945527369130462,0.0,0.0,0.8760548900749894,0.4553648900886352,0.0,0.0,0.0,0.0,0.0,0.0,0.0,0.0,0.0,0.0,0.0,0.0,0.0,0.0,0.0,0.0,0.0,0.0,0.0,0.0,0.0,0.0,0.0,0.0,0.0,0.0,0.0,0.0,0.0,0.0,0.0,0.0,0.0,0.0,0.0,0.0,0.0,0.0,0.0,0.0,0.0,0.0,0.0,0.0,0.0,0.0,0.0,0.0,0.0,0.0,0.0,0.0,0.0,0.44251605195721516,0.885032113229497,0.9999999682848587,0.9802892750681007,0.9999999875187922,0.8350448486033868,0.40228328733810226,0.55748413735759,0.9999999615739903,0.9999999657898764,0.5672385754664052,0.13447740624425464,0.42300745259835426,0.8655231936746038,0.4327615987787791,0.0,0.0,0.0,0.0,0.0,0.0,0.0,0.0,0.0,0.0,0.0,0.0,0.0,0.0,0.0,0.0,0.0,0.0,0.0,0.0,0.0,0.0,0.0,0.0,0.0,0.0,0.9351771211526668,0.5801758206853026,0.2251745087321905,0.0,0.0,0.0,0.0,0.0,0.0,0.0,0.0,0.0,0.0,0.0,0.0,0.0,0.0,0.0,0.0,0.0,0.0,0.0,0.0,0.0,0.0,0.0,0.0,0.0,0.0,0.0,0.0,0.0,0.4620352476201875,0.9240704910898686,0.9999999865496073,0.9999999927986436,0.9999999887072135,0.9999999751672177,0.999999983599036,0.9999999898539893,0.999999990169436,0.999999983983443,0.9999999805891745,0.9999999828713938,0.9999999926481518,0.9999999897876973,0.9999999753931889,0.9999999675738702,0.0,0.0,0.0,0.0,0.0,0.0,0.0,0.0,0.0,0.0,0.0,0.0,0.0,0.0,0.0,0.0,0.0,0.0,0.0,0.0,0.0,0.0,0.0,0.0,0.0,0.0,0.0,0.0,0.0,0.0,0.0,0.48562609448076927,0.9712521855444715,0.9999999849119574,0.999999965873582,0.9999999915976716,0.9999999799061379,0.6107157706361308,0.9999998963281909,0.9999999843597,0.9999999853744106,0.9999999153640041,0.9163928460140695,0.9999998274356404,0.9480680869288776,0.47403404478309547,0.0,0.0,0.0,0.0,0.0,0.0,0.0,0.0,0.0,0.47108160259064824,0.9421632017100754,0.9999999885582429,0.9999999837056924,0.9999999920880731,0.9999999867808652,0.9999999632492175,0.9999999791441785,0.999999988334208,0.999999988752144,0.9999999797635915,0.9999999740070581,0.9999999779498338,0.9999999919039526,0.9999999882458711,0.9999999637422659,0.9999999437559081,0.0,0.0,0.0,0.0,0.0,0.0,0.0,0.0,0.0,0.0,0.0,0.0,0.0,0.0,0.0,0.0,0.0,0.0,0.0,0.0,0.0,0.0,0.0,0.0,0.794517323417864,0.9999999562451143,0.5579682795544643,0.9309847546983783,0.9999999328079957,0.999999954813753,0.9999999553568083,0.9999999658457904,0.9999999874923047,0.9999999876765183,0.9999999808889004,0.9999999919203283,0.9999999853310084,0.9999999287841701,0.9999999732228118,0.9999999873890817,0.9999999879234468,0.9999999743504683,0.9999999625758885,0.9999999709618123,0.884063390681054,0.44203169661230945,0.0,0.0,0.6460707766001311,0.23463604025724358,0.0,0.0,0.0,0.0,0.0,0.0,0.0,0.0,0.0,0.0,0.0,0.0,0.0,0.0,0.0,0.0,0.0,0.0,0.0,0.0,0.0,0.0,0.0,0.0,0.0,0.0,0.0,0.0,0.3463450053959338,0.6926899950070935,0.9999999727015454,0.9999999732832351,0.9999999467359695,0.9999999851434593,0.9999999653808217,0.9644227853054071,0.9999998950305137,0.9999999723732377,0.9999999740529217,0.9999999049957051,0.9999996819156582,0.9999998712238347,0.999999984620906,0.9999999720081353,0.9664090877001115,0.9146741577313845,0.0,0.0,0.0,0.0,0.0,0.0,0.0,0.46740643980018326,0.934812866779898,0.9999999711723909,0.9999999118594561,0.9999999859817114,0.9999999584075562,0.8416671557677755,0.9967260682815533,0.9999999698408124,0.9999999722737758,0.9999989012214122,0.9242100496711324,0.97656224091144,0.9999999854147019,0.999999969297367,0.8443126624826304,0.7753914634514617,0.0,0.0,0.0,0.0,0.0,0.0,0.0,0.3582896014783432,0.7007121930085868,0.70680251679986,0.5784244482157178,0.9367133999884065,0.6433744294808101,0.41393489802014777,0.5063901947714663,0.697533199617695,0.7151554269224892,0.5132396074231345,0.4631508947169481,0.530703019218377,0.888992519149777,0.45839186698229323,0.0,0.0,0.0,0.0,0.0,0.0,0.0,0.0,0.3611616983302791,0.7223233889944399,0.9999999869989088,0.9999999871096171,0.9999999839159369,0.9999999902419664,0.9999999858173736,0.9999999768934872,0.9999999816774752,0.999999986937636,0.999999987260734,0.9999999819485098,0.9999999797366718,0.9999999811796826,0.999999990056039,0.9999999868705803,0.9999999769982871,0.9999999738943344,0.0,0.3368350520332846,0.6736700911520198,0.9999999840913184,0.9999999857229197,0.9999999863273507,0.9999999863490106,0.9999999868845472,0.9999999899918595,0.9999999900511778,0.9999999884581788,0.9999999918725393,0.9999999893778352,0.9999999856500236,0.9999999874714244,0.9999999899591436,0.9999999901326811,0.999999987585842,0.9999999866893411,0.999999987264701,0.9999999917561233,0.9999999899234643,0.9999999856862933,0.9999999846711829,0.5778375087463616,0.9999999840029264,0.999999773956472,0.9999999685757925,0.9999999750434727,0.9999999770743593,0.9999999771440382,0.9999999788035718,0.9999999865178089,0.999999986639707,0.9999999830672262,0.9999999900339143,0.999999985208095,0.9999999747867112,0.9999999804929879,0.9999999864502507,0.9999999868059078,0.9999999808078435,0.9999999782123775,0.9999999799124117,0.9999999898353823,0.9999999863762935,0.9999999749148096,0.9999999710594778,0.9999999933941816,0.9999999850383051,0.9394048447906316,0.9999999638368819,0.9999999738904622,0.9999999766661212,0.9999999767585097,0.9999999789062229,0.9999999877173255,0.9999999878429201,0.9999999839961534,0.9999999911921923,0.999999986343429,0.9999999735277468,0.9999999809934041,0.9999999876475641,0.9999999880135318,0.9999999813718597,0.9999999781525536,0.9999999802869914,0.9999999910038182,0.9999999875710532,0.9999999737090363,0.999999967936596,0.6139951326176141,0.9999999805607818,0.9690964237471117,0.9999999559926375,0.9999999671225099,0.9999999703550035,0.9999999704638567,0.9999999730172956,0.9999999839796855,0.9999999841418524,0.9999999792515856,0.9999999885315414,0.999999982216735,0.9999999667054177,0.9999999755420721,0.99999998388967,0.9999999843624434,0.9999999760045492,0.9999999721161565,0.9999999746827106,0.9999999882812982,0.9999999837910126,0.9999999669137513,0.9999999604255605,0.0,0.4721511275183644,0.9443022471318274,0.999999989519972,0.999999990225587,0.9999999905012016,0.9999999905112282,0.9999999907625247,0.9999999923618409,0.999999992394945,0.999999991540729,0.9999999934649494,0.9999999920251902,0.9999999901928849,0.9999999910456153,0.9999999923436248,0.9999999924406037,0.9999999911017741,0.9999999906701638,0.999999990944959,0.9999999933933046,0.9999999923237981,0.9999999902091405,0.999999989764511,0.5893741902729103,0.9999999938463867,0.9999999910932469,0.9999999926492211,0.9999999930152016,0.9999999931615714,0.9999999931669333,0.9999999933021783,0.9999999942035571,0.9999999942229917,0.9999999937317751,0.9999999948693836,0.9999999940077585,0.9999999929979644,0.9999999934565449,0.9999999941928756,0.9999999942498519,0.9999999934874239,0.9999999932522775,0.999999993401411,0.9999999948249702,0.9999999941812624,0.9999999930065292,0.9999999927746562,0.0,0.4592884187612239,0.9185768305280916,0.9999999899407064,0.9999999905438859,0.9999999907824133,0.9999999907911222,0.9999999910101137,0.9999999924372449,0.9999999924674092,0.9999999916972261,0.9999999934565503,0.9999999921319458,0.9999999905156945,0.9999999912584909,0.9999999924206572,0.999999992509056,0.9999999913079766,0.9999999909294639,0.9999999911699723,0.999999993389452,0.9999999924026108,0.9999999905297055,0.9999999901485376,0.0,0.0,0.0,0.0,0.0,0.0,0.0,0.0,0.4417366259936388,0.7513727782741514,0.5895669316061066,0.9999997592990014,0.6733872303515487,0.3366951469687301,0.0,0.0,0.0,0.0,0.0,0.0,0.0,0.0,0.0,0.0,0.0,0.3656389329239964,0.6499874487484743,0.8732928615264405,0.9447054545304487,0.976119460624952,0.9773034182803878,0.9999991883843675,0.9999999737278185,0.999999974341982,0.9999999430528461,0.9999999862733192,0.9999999657442201,0.9411415212479606,0.999999854414267,0.9999999733796276,0.9999999751504585,0.9999998754107364,0.996478859094339,0.9999997928340548,0.9999999857704012,0.9999999729914507,0.9429162340361544,0.8967094653161838,0.0,0.0,0.0,0.0,0.0,0.0,0.34466257705604914,0.6893251466632636,0.999999987477527,0.9999999875805882,0.9999999846314802,0.9999999905196852,0.9999999863815877,0.9999999783100482,0.999999982592437,0.9999999874205647,0.9999999877213128,0.9999999828381135,0.9999999808428658,0.999999982142081,0.9999999903439188,0.9999999873582089,0.9999999784027815,0.9999999756764648,0.9878831623434404,0.9999999624078783,0.6750854745754429,0.9184711619705875,0.9963024211218707,0.9999997392684942,0.9999997497681657,0.9999998771243377,0.9999999753407273,0.9999999758221872,0.9999999554617506,0.9999999860322869,0.9999999694225012,0.9924194008131937,0.9999999234918258,0.9999999750694466,0.9999999764621533,0.9999999290002873,0.9999998482812645,0.9999999113713955,0.9999999855662014,0.9999999747685973,0.9943526601582029,0.9439924300167751,0.0,0.34130483238170983,0.6826096589421772,0.9999999906508013,0.9999999911728731,0.99999999138053,0.9999999913881248,0.9999999915794109,0.9999999928405648,0.9999999928674969,0.9999999921834365,0.9999999937570877,0.9999999925686275,0.9999999911483757,0.9999999917970804,0.9999999928257587,0.9999999929047001,0.9999999918405378,0.9999999915088961,0.9999999917194178,0.9999999936963441,0.9999999928096558,0.9999999911605497,0.9999999908302136,0.0,0.0,0.0,0.0,0.0,0.0,0.3386111486629326,0.6772222909143215,0.9999999884312633,0.9999999885242418,0.99999998587323,0.9999999911830748,0.9999999874444063,0.9999999802469911,0.9999999840501007,0.99999998837996,0.9999999886511647,0.9999999842693369,0.9999999824921275,0.9999999836485018,0.9999999910235937,0.999999988323754,0.9999999803289735,0.9999999779253677,0.8231501724669996,0.424166315338995,0.0,0.0,0.0,0.0,0.0,0.4469167130796416,0.8938334106599842,0.9999999605312219,0.9999998755087925,0.999999981225777,0.9999999425251307,0.8271505469371259,0.9932230619691444,0.9999999586602677,0.9999999620774871,0.9999976124161774,0.915556269544364,0.9716269300440706,0.9999999804372758,0.9999999578962687,0.8299838593397794,0.7561676548469629,0.0,0.0,0.0,0.0,0.0,0.0,0.0,0.4982615229479094,0.9965230420597633,0.9999999898591354,0.9999999881264763,0.999999991797967,0.99999998913103,0.999999984984847,0.9999999870354451,0.9999999897599805,0.9999999899468495,0.9999999871626617,0.9999999861608501,0.9999999868051231,0.9999999916753616,0.9999999897215116,0.9999999850261496,0.999999983862672,0.9999999936791466,0.9999999894390109,0.9999999762117133,0.9999999850355894,0.9999999865414886,0.999999987100597,0.9999999871206441,0.9999999876165525,0.9999999905034302,0.9999999905586985,0.9999999890765209,0.9999999922586039,0.9999999899316769,0.9999999864741012,0.9999999881605538,0.9999999904729506,0.9999999906346477,0.9999999882666798,0.9999999874357355,0.9999999879688674,0.9999999921497823,0.9999999904397137,0.9999999865076276,0.9999999855700724,0.9999999932546438,0.9999999880548626,0.9999999669946488,0.9999999819620456,0.9999999841333439,0.9999999849155284,0.9999999849433406,0.9999999856262483,0.9999999894170931,0.9999999894867393,0.9999999875816813,0.9999999915784434,0.9999999886903586,0.9999999840382163,0.999999986364332,0.9999999893786403,0.9999999895822722,0.9999999865069945,0.9999999853783733,0.9999999861055611,0.999999991447401,0.999999989336671,0.9999999840855696,0.9999999827437299,0.0,0.42109717964915117,0.8421943421419814,0.9999999832406551,0.9999999850600524,0.9999999857279397,0.999999985751811,0.999999986340671,0.999999989706527,0.9999999897699509,0.9999999880559853,0.9999999917024907,0.9999999890482061,0.9999999849792776,0.9999999869829964,0.999999989671534,0.9999999898570437,0.9999999871078588,0.9999999861263306,0.9999999867570953,0.999999991579822,0.9999999896333632,0.999999985019472,0.9999999838898646,0.0,0.46309094349567437,0.9261818829273344,0.9999999930385544,0.9999999933576412,0.9999999934860447,0.9999999934907571,0.9999999936098203,0.9999999944133987,0.9999999944309192,0.9999999939906112,0.999999995018437,0.9999999942373435,0.9999999933425495,0.9999999937461936,0.9999999944037723,0.9999999944551481,0.9999999937735345,0.9999999935658447,0.9999999936974279,0.9999999949777697,0.9999999943933094,0.9999999933500472,0.9999999931476015,0.9147551534338489,0.9999999843412439,0.999999705982093,0.9999999687323375,0.9999999753468369,0.9999999774025913,0.9999999774729457,0.9999999791450751,0.9999999868311964,0.9999999869515184,0.9999999834106997,0.9999999902878788,0.9999999855362137,0.9999999750862139,0.9999999808404851,0.9999999867644973,0.9999999871155153,0.9999999811556993,0.9999999785501582,0.9999999802586237,0.9999999900934697,0.9999999866914661,0.9999999752162598,0.9999999712846578,0.0,0.45068643778061845,0.7010985392628793,0.8976584506641444,0.9605168566660888,0.9881694043247199,0.9892114725096467,0.9999996730353938,0.9999999764672552,0.9999999769927239,0.9999999514298928,0.9999999874045541,0.9999999697251105,0.9573803029614595,0.9999998903421016,0.9999999761696781,0.9999999776861014,0.999999903500853,0.9999991339222263,0.9999998555996735,0.9999999869577899,0.9999999758384823,0.9589417591562776,0.9182692786409441,0.6606580806671907,0.4069631239006238,0.0,0.0,0.0,0.0,0.0,0.43205140216472276,0.864102793220461,0.9999999696907301,0.999999919670431,0.9999999847675894,0.999999957625342,0.8643928383534453,0.9999995495564594,0.9999999683936382,0.9999999707706544,0.9999996993835101,0.9491014879796259,0.9999963354563263,0.9999999841673932,0.9999999678669432,0.8671077409484446,0.7963781630951022,0.0,0.0,0.0,0.0,0.0,0.0,0.37769618893838114,0.7553923681735814,0.9999999856598856,0.9999999858288203,0.9999999804107355,0.9999999901519383,0.9999999837778321,0.999999962582093,0.9999999757997701,0.9999999855658437,0.99999998605748,0.9999999764009141,0.999999971088514,0.999999974661513,0.9999999899177379,0.999999985462511,0.9999999629371331,0.9999999506265878,0.9999999942504313,0.999999989291835,0.9999999539145622,0.9999999821547996,0.9999999848914429,0.999999985821725,0.9999999858542927,0.9999999866432537,0.9999999906784802,0.9999999907475973,0.9999999887941203,0.9999999927473329,0.9999999899470919,0.9999999847763819,0.9999999874734592,0.9999999906402509,0.9999999908421259,0.9999999876313074,0.9999999863592426,0.9999999871849921,0.9999999926262187,0.9999999905984668,0.9999999848337116,0.9999999831672693,0.0,0.0,0.0,0.0,0.0,0.0,0.0,0.46862002653787255,0.9372398987047513,0.9883903629101756,0.8257993839268293,0.9999999688525868,0.9126189915459477,0.6385283019467257,0.7489759364868855,0.9773175316890771,0.9983656023174877,0.7571583114050567,0.6973226104890394,0.7346117604896516,0.999999966152016,0.9730724514424837,0.6404125696852798,0.591321450456824,0.0,0.0,0.0,0.0,0.0,0.0,0.0,0.3729951241171649,0.7459902244438019,0.9550748860699064,0.751144316910105,0.9999999698749573,0.8600377500922661,0.5162565878350531,0.6547872696970783,0.941186540759736,0.967592802115744,0.6650502882147936,0.5899998590919507,0.6367706341540895,0.9588555753121432,0.4794277956646644,0.0,0.0,0.9360006808103407,0.9999999768139604,0.6923538271523747,0.9999998702725316,0.9999999420944531,0.9999999532163741,0.9999999535503709,0.9999999607611275,0.9999999822927713,0.9999999825317651,0.9999999744658307,0.9999999883992283,0.9999999795773701,0.9999999404662016,0.9999999668839301,0.9999999821593609,0.9999999828540768,0.9999999679134727,0.9999999583456293,0.9999999648988002,0.9999999880931749,0.9999999820125269,0.9999999412856505,0.999999908072475,0.0,0.4749341071188911,0.9498681963561195,0.9999999832813431,0.9999999850210738,0.9999999856687174,0.9999999856919566,0.9999999862672015,0.999999989630604,0.9999999896952371,0.9999999879650207,0.9999999916878154,0.9999999889624761,0.9999999849430793,0.99999998689908,0.9999999895949573,0.9999999897840748,0.9999999870224531,0.9999999860573714,0.9999999866763272,0.9999999915599951,0.9999999895560965,0.9999999849818827,0.9999999838980536,0.0,0.37693850809599094,0.7538770048790538,0.9999999865495333,0.9999999878057104,0.9999999882769066,0.9999999882938504,0.9999999887140757,0.9999999912024194,0.9999999912507704,0.9999999899634374,0.9999999927512949,0.9999999907038167,0.9999999877490956,0.9999999891774632,0.9999999911757655,0.9999999913172579,0.9999999892681559,0.9999999885606126,0.9999999890138924,0.9999999926544536,0.9999999911467111,0.9999999877772576,0.9999999869932454,0.0,0.4984505269613616,0.9969010487248808,0.9999999914125685,0.9999999918006338,0.9999999919577616,0.9999999919635388,0.9999999921097558,0.9999999931093609,0.9999999931314061,0.9999999925806474,0.9999999938769781,0.999999992888437,0.9999999917822022,0.9999999922778243,0.9999999930972536,0.9999999931619097,0.9999999923115968,0.9999999920556948,0.9999999922176519,0.9999999938249723,0.9999999930840957,0.9999999917913585,0.999999991544805,0.9690903477783572,0.9999999732065604,0.7911435439060887,0.9999999065447606,0.9999999435827175,0.9999999518707192,0.9999999521349182,0.9999999580799142,0.9999999790759265,0.9999999793412513,0.9999999708102003,0.9999999861190134,0.9999999761166752,0.9999999424469471,0.9999999635176872,0.9999999789281224,0.9999999797003924,0.9999999644701366,0.9999999560357157,0.999999961712892,0.9999999857525044,0.9999999787657768,0.9999999430162329,0.9999999231732565,0.0,0.0,0.0,0.0,0.0,0.0,0.3481138913829934,0.6962277761557638,0.9999999884353243,0.9999999885387609,0.9999999854972523,0.9999999914073249,0.9999999873226848,0.9999999783581625,0.9999999832913143,0.9999999883780383,0.9999999886797031,0.999999983561766,0.999999981326883,0.9999999827921279,0.9999999912401017,0.999999988315282,0.9999999784695638,0.9999999751033061,0.4827911491210404,0.8329040403151916,0.9999999792488196,0.9999999864891199,0.9999999877719916,0.9999999882519421,0.9999999882691881,0.9999999886966182,0.9999999912164674,0.9999999912652423,0.9999999899641782,0.9999999927753797,0.9999999907130754,0.9999999877142793,0.9999999891673155,0.9999999911895776,0.999999991332301,0.9999999892593633,0.9999999885405875,0.9999999890012413,0.9999999926781249,0.9999999911602614,0.9999999877429895,0.9999999869428133,0.8666162176639169,0.43330811039463585,0.0,0.0,0.0,0.0,0.0,0.466197817285977,0.9323956166684647,0.9999999598056746,0.9999998870599738,0.9999999805951797,0.9999999428009879,0.8457383693629758,0.9999990736829363,0.9999999579934715,0.9999999613115611,0.9999994774915525,0.9365295222594573,0.9941096401163028,0.9999999797771276,0.999999957256673,0.8486480856235591,0.7728400600707538,1.0,1.0,1.0,1.0,1.0,1.0,1.0,1.0,1.0,1.0,1.0,1.0,1.0,1.0,1.0,1.0,1.0,1.0,1.0,1.0,1.0,1.0,1.0,1.0,-0.0,-0.0,-0.0,-0.0,-0.0,-0.0,-0.0,-0.0,-0.0,-0.0,1.0,1.0,1.0,1.0,1.0,1.0,1.0,1.0,1.0,1.0,1.0,1.0,1.0,1.0,1.0,1.0,1.0,1.0,1.0,1.0,1.0,1.0,1.0,1.0,1.0,1.0,1.0,1.0,1.0,1.0,1.0,1.0,1.0,1.0,1.0,1.0,1.0,1.0,-0.0,-0.0,-0.0,-0.0,-0.0,-0.0,1.0,1.0,1.0,1.0,1.0,1.0,1.0,1.0,1.0,1.0,1.0,1.0,1.0,1.0,1.0,1.0,1.0,1.0,1.0,1.0,1.0,1.0,1.0,1.0,1.0,1.0,1.0,1.0,1.0,1.0,1.0,1.0,-0.0,-0.0,-0.0,-0.0,-0.0,-0.0,-0.0,-0.0,-0.0,-0.0,-0.0,-0.0,-0.0,-0.0,-0.0,-0.0,1.0,1.0,1.0,1.0,1.0,1.0,1.0,1.0,1.0,1.0,1.0,1.0,1.0,1.0,1.0,1.0,1.0,1.0,-0.0,-0.0,-0.0,-0.0,-0.0,-0.0,-0.0,1.0,1.0,1.0,1.0,1.0,1.0,1.0,1.0,1.0,1.0,1.0,1.0,1.0,1.0,1.0,1.0,1.0,1.0,1.0,1.0,1.0,1.0,1.0,1.0,1.0,1.0,1.0,1.0,1.0,1.0,1.0,1.0,1.0,1.0,1.0,1.0,-0.0,-0.0,-0.0,-0.0,-0.0,-0.0,-0.0,-0.0,-0.0,-0.0,-0.0,-0.0,-0.0,-0.0,-0.0,-0.0,-0.0,-0.0,-0.0,-0.0,-0.0,-0.0,-0.0,-0.0,-0.0,-0.0,-0.0,-0.0,-0.0,1.0,1.0,1.0,1.0,1.0,1.0,1.0,1.0,1.0,1.0,1.0,1.0,1.0,1.0,1.0,1.0,1.0,1.0,1.0,1.0,1.0,1.0,1.0,1.0,1.0,1.0,1.0,1.0,1.0,1.0,1.0,1.0,1.0,1.0,1.0,1.0,1.0,1.0,1.0,-0.0,-0.0,-0.0,-0.0,-0.0,-0.0,-0.0,-0.0,-0.0,1.0,1.0,1.0,1.0,1.0,1.0,1.0,1.0,1.0,1.0,1.0,1.0,1.0,1.0,1.0,1.0,1.0,1.0,1.0,1.0,1.0,1.0,1.0,1.0,1.0,1.0,1.0,1.0,1.0,-0.0,-0.0,-0.0,-0.0,-0.0,-0.0,-0.0,-0.0,-0.0,-0.0,-0.0,-0.0,-0.0,-0.0,-0.0,-0.0,-0.0,-0.0,-0.0,1.0,1.0,1.0,1.0,-0.0,-0.0,-0.0,-0.0,-0.0,-0.0,-0.0,-0.0,-0.0,-0.0,-0.0,-0.0,-0.0,-0.0,-0.0,-0.0,-0.0,-0.0,-0.0,-0.0,1.0,1.0,1.0,-0.0,-0.0,-0.0,-0.0,-0.0,-0.0,-0.0,-0.0,-0.0,-0.0,-0.0,-0.0,-0.0,-0.0,-0.0,-0.0,-0.0,-0.0,-0.0,-0.0,-0.0,1.0,1.0,1.0,1.0,-0.0,-0.0,-0.0,-0.0,-0.0,-0.0,-0.0,-0.0,-0.0,-0.0,-0.0,-0.0,-0.0,-0.0,-0.0,-0.0,-0.0,-0.0,-0.0,-0.0,-0.0,-0.0,-0.0,-0.0,-0.0,-0.0,1.0,1.0,1.0,1.0,1.0,1.0,1.0,1.0,1.0,1.0,1.0,1.0,1.0,1.0,1.0,1.0,1.0,1.0,1.0,1.0,1.0,1.0,1.0,1.0,1.0,1.0,1.0,1.0,1.0,1.0,1.0,1.0,1.0,1.0,1.0,1.0,1.0,1.0,1.0,1.0,1.0,1.0,1.0,1.0,1.0,-0.0,-0.0,-0.0,-0.0,-0.0,-0.0,-0.0,-0.0,-0.0,-0.0,-0.0,-0.0,-0.0,-0.0,-0.0,-0.0,-0.0,-0.0,-0.0,-0.0,-0.0,1.0,1.0,1.0,1.0,-0.0,-0.0,-0.0,-0.0,-0.0,-0.0,-0.0,-0.0,-0.0,-0.0,-0.0,-0.0,-0.0,-0.0,-0.0,-0.0,-0.0,-0.0,-0.0,-0.0,-0.0,-0.0,-0.0,-0.0,-0.0,-0.0,-0.0,-0.0,-0.0,-0.0,-0.0,-0.0,-0.0,-0.0,-0.0,-0.0,-0.0,-0.0,-0.0,-0.0,-0.0,-0.0,-0.0,-0.0,1.0,1.0,1.0,-0.0,-0.0,-0.0,-0.0,-0.0,-0.0,-0.0,-0.0,-0.0,-0.0,-0.0,-0.0,-0.0,-0.0,-0.0,-0.0,-0.0,-0.0,-0.0,-0.0,-0.0,1.0,1.0,1.0,1.0,1.0,1.0,1.0,1.0,1.0,1.0,1.0,1.0,1.0,1.0,1.0,1.0,1.0,1.0,1.0,1.0,1.0,1.0,1.0,-0.0,-0.0,-0.0,-0.0,-0.0,-0.0,-0.0,1.0,1.0,1.0,1.0,1.0,1.0,1.0,1.0,1.0,1.0,1.0,1.0,1.0,1.0,1.0,1.0,1.0,1.0,1.0,1.0,1.0,1.0,1.0,1.0,1.0,1.0,1.0,1.0,1.0,1.0,1.0,1.0,1.0,1.0,1.0,1.0,1.0,1.0,1.0,1.0,1.0,-0.0,1.0,1.0,1.0,-0.0,-0.0,-0.0,-0.0,-0.0,-0.0,-0.0,1.2712053631958042e-13,1.2712053631958042e-13,-0.0,-0.0,-0.0,-0.0,-0.0,-0.0,-0.0,-0.0,-0.0,-0.0,-0.0,-0.0,-0.0,-0.0,-0.0,-0.0,-0.0,-0.0,-0.0,-0.0,-0.0,-0.0,-0.0,-0.0,-0.0,-0.0,-0.0,-0.0,-0.0,-0.0,-0.0,-0.0,-0.0,-0.0,-0.0,-0.0,-0.0,-0.0,-0.0,-0.0,-0.0,-0.0,1.0,1.0,1.0,1.0,1.0,1.0,1.0,1.0,1.0,1.0,1.0,1.0,1.0,1.0,1.0,1.0,1.0,-0.0,-0.0,-0.0,-0.0,-0.0,-0.0,-0.0,-0.0,-0.0,-0.0,-0.0,-0.0,-0.0,-0.0,-0.0,-0.0,-0.0,-0.0,-0.0,-0.0,-0.0,-0.0,-0.0,-0.0,-0.0,1.0,1.0,1.0,1.0,-0.0,-0.0,-0.0,-0.0,-0.0,-0.0,-0.0,-0.0,-0.0,-0.0,-0.0,-0.0,-0.0,-0.0,-0.0,-0.0,-0.0,-0.0,-0.0,-0.0,-0.0,-0.0,-0.0,-0.0,-0.0,-0.0,-0.0,1.0,1.0,1.0,1.0,1.0,1.0,1.0,1.0,1.0,1.0,1.0,1.0,1.0,1.0,1.0,1.0,1.0,-0.0,-0.0,-0.0,-0.0,-0.0,-0.0,-0.0,-0.0,-0.0,-0.0,-0.0,-0.0,-0.0,-0.0,-0.0,-0.0,-0.0,-0.0,-0.0,-0.0,-0.0,-0.0,-0.0,-0.0,-0.0,-0.0,-0.0,-0.0,-0.0,-0.0,1.0,1.0,1.0,1.0,1.0,1.0,1.0,1.0,1.0,1.0,1.0,1.0,1.0,1.0,1.0,1.0,1.0,-0.0,-0.0,-0.0,-0.0,-0.0,-0.0,-0.0,1.0,1.0,1.0,1.0,1.0,1.0,1.0,1.0,1.0,1.0,1.0,1.0,1.0,1.0,1.0,1.0,1.0,1.0,-0.0,-0.0,-0.0,-0.0,-0.0,-0.0,-0.0,-0.0,-0.0,-0.0,-0.0,-0.0,-0.0,-0.0,-0.0,-0.0,-0.0,-0.0,-0.0,-0.0,-0.0,-0.0,-0.0,-0.0,1.0,1.0,1.0,1.0,1.0,1.0,1.0,1.0,1.0,1.0,1.0,1.0,1.0,1.0,1.0,1.0,1.0,1.0,1.0,1.0,1.0,1.0,1.0,-0.0,1.0,1.0,1.0,-0.0,-0.0,-0.0,-0.0,-0.0,-0.0,-0.0,-0.0,-0.0,-0.0,-0.0,-0.0,-0.0,-0.0,-0.0,-0.0,-0.0,-0.0,-0.0,-0.0,-0.0,1.0,-0.0,-0.0,-0.0,-0.0,1.0,1.0,1.0,1.0,1.0,1.0,1.0,1.0,1.0,1.0,1.0,1.0,1.0,1.0,1.0,1.0,1.0,1.0,1.0,1.0,-0.0,-0.0,-0.0,-0.0,-0.0,1.0,1.0,1.0,1.0,1.0,1.0,1.0,1.0,1.0,1.0,1.0,1.0,1.0,1.0,1.0,1.0,1.0,1.0,1.0,-0.0,-0.0,-0.0,-0.0,-0.0,1.0,1.0,1.0,1.0,1.0,1.0,1.0,1.0,1.0,1.0,1.0,1.0,1.0,1.0,1.0,1.0,1.0,-0.0,1.0,-0.0,-0.0,-0.0,-0.0,1.0,1.0,1.0,1.0,1.0,1.0,1.0,1.0,1.0,1.0,1.0,1.0,1.0,1.0,1.0,1.0,1.0,1.0,1.0,1.0,1.0,1.0,1.0,1.0,1.0,1.0,1.0,1.0,1.0,1.0,1.0,1.0,1.0,1.0,1.0,1.0,1.0,1.0,1.0,1.0,1.0,1.0,1.0,1.0,1.0,1.0,1.0,1.0,1.0,1.0,1.0,1.0,1.0,1.0,1.0,1.0,1.0,1.0,1.0,1.0,1.0,1.0,1.0,1.0,1.0,1.0,1.0,1.0,1.0,1.0,1.0,1.0,1.0,1.0,1.0,1.0,1.0,1.0,1.0,1.0,1.0,1.0,1.0,1.0,1.0,1.0,1.0,1.0,1.0,1.0,1.0,1.0,1.0,1.0,1.0,1.0,1.0,1.0,1.0,1.0,1.0,1.0,1.0,1.0,1.0,1.0,1.0,1.0,1.0,1.0,1.0,1.0,1.0,1.0,1.0,1.0,1.0,1.0,1.0,1.0,1.0,1.0,1.0,1.0,1.0,1.0,1.0,1.0,1.0,1.0,1.0,1.0,1.0,1.0,1.0,1.0,1.0,1.0,1.0,1.0,1.0,1.0,1.0,1.0,1.0,1.0,1.0,1.0,1.0,1.0,1.0,1.0,1.0,1.0,1.0,1.0,1.0,1.0,1.0,1.0,1.0,1.0,1.0,1.0,1.0,1.0,1.0,1.0,1.0,1.0,1.0,1.0,1.0,1.0,1.0,1.0,1.0,1.0,1.0,1.0,1.0,1.0,1.0,1.0,1.0,1.0,1.0,1.0,-0.0,-0.0,-0.0,-0.0,-0.0,-0.0,1.0,1.0,1.0,1.0,1.0,1.0,1.0,1.0,-0.0,-0.0,-0.0,-0.0,-0.0,1.0,-0.0,-0.0,-0.0,1.0,1.0,1.0,1.0,1.0,1.0,1.0,1.0,1.0,1.0,1.0,1.0,1.0,1.0,1.0,1.0,1.0,1.0,1.0,1.0,1.0,1.0,1.0,1.0,1.0,-0.0,-0.0,-0.0,-0.0,1.0,1.0,1.0,1.0,1.0,1.0,1.0,1.0,1.0,1.0,1.0,1.0,1.0,1.0,1.0,1.0,1.0,1.0,1.0,1.0,1.0,1.0,1.0,1.0,1.0,1.0,1.0,1.0,1.0,1.0,1.0,1.0,1.0,1.0,1.0,1.0,1.0,1.0,1.0,1.0,1.0,1.0,1.0,1.0,1.0,1.0,1.0,1.0,1.0,1.0,1.0,1.0,1.0,1.0,1.0,1.0,1.0,1.0,1.0,1.0,1.0,1.0,1.0,1.0,1.0,1.0,1.0,1.0,-0.0,-0.0,-0.0,-0.0,1.0,1.0,1.0,1.0,1.0,1.0,1.0,1.0,1.0,1.0,1.0,1.0,1.0,1.0,1.0,1.0,1.0,1.0,1.0,1.0,1.0,1.0,-0.0,-0.0,-0.0,1.0,1.0,1.0,1.0,1.0,1.0,1.0,1.0,1.0,1.0,1.0,1.0,1.0,1.0,1.0,1.0,1.0,1.0,1.0,-0.0,-0.0,-0.0,-0.0,-0.0,1.0,1.0,1.0,1.0,1.0,1.0,1.0,1.0,1.0,1.0,1.0,1.0,1.0,1.0,1.0,1.0,1.0,1.0,1.0,1.0,1.0,1.0,1.0,1.0,1.0,1.0,1.0,1.0,1.0,1.0,1.0,1.0,1.0,1.0,1.0,1.0,1.0,1.0,1.0,1.0,1.0,1.0,1.0,1.0,1.0,1.0,1.0,1.0,1.0,1.0,1.0,1.0,1.0,1.0,1.0,1.0,1.0,1.0,1.0,1.0,1.0,1.0,1.0,1.0,1.0,1.0,1.0,1.0,1.0,1.0,1.0,1.0,1.0,1.0,1.0,1.0,1.0,1.0,1.0,1.0,1.0,1.0,1.0,1.0,1.0,1.0,1.0,1.0,1.0,1.0,1.0,1.0,1.0,1.0,1.0,1.0,1.0,1.0,1.0,1.0,1.0,1.0,1.0,1.0,1.0,1.0,1.0,1.0,1.0,1.0,1.0,1.0,1.0,1.0,1.0,1.0,1.0,1.0,1.0,1.0,1.0,1.0,1.0,1.0,1.0,1.0,1.0,1.0,1.0,1.0,1.0,1.0,1.0,1.0,1.0,1.0,1.0,1.0,1.0,1.0,1.0,1.0,1.0,1.0,1.0,1.0,1.0,1.0,1.0,1.0,1.0,1.0,1.0,1.0,1.0,1.0,1.0,1.0,1.0,1.0,1.0,1.0,1.0,1.0,1.0,-0.0,-0.0,-0.0,1.0,1.0,1.0,1.0,1.0,1.0,1.0,1.0,1.0,1.0,1.0,1.0,1.0,1.0,1.0,1.0,1.0,1.0,1.0,-0.0,-0.0,-0.0,-0.0,1.0,1.0,1.0,1.0,1.0,1.0,1.0,1.0,1.0,1.0,1.0,1.0,1.0,1.0,1.0,1.0,1.0,1.0,1.0,1.0,1.0,1.0,1.0,1.0,1.0,1.0,1.0,1.0,1.0,1.0,1.0,1.0,1.0,1.0,1.0,1.0,1.0,1.0,1.0,1.0,1.0,1.0,1.0,1.0,-0.0,-0.0,-0.0,-0.0,-0.0,1.0,1.0,1.0,1.0,1.0,1.0,1.0,1.0,1.0,1.0,1.0,1.0,1.0,1.0,1.0,1.0,1.0,1.0,1.0,-0.0,-0.0,-0.0,-0.0,-0.0,1.0,1.0,1.0,1.0,1.0,1.0,1.0,1.0,1.0,1.0,1.0,1.0,1.0,1.0,1.0,1.0,1.0,-0.0,1.0,1.0,1.0,1.0,1.0,1.0,1.0,1.0,1.0,1.0,1.0,1.0,1.0,1.0,1.0,1.0,1.0,1.0,1.0,1.0,1.0,1.0,1.0,1.0,1.0,1.0,1.0,1.0,1.0,1.0,1.0,1.0,1.0,1.0,1.0,1.0,1.0,1.0,1.0,1.0,1.0,1.0,1.0,1.0,1.0,1.0,1.0,1.0,1.0,1.0,1.0,1.0,1.0,1.0,1.0,1.0,1.0,1.0,1.0,1.0,1.0,1.0,1.0,1.0,1.0,1.0,1.0,1.0,1.0,1.0,1.0,1.0,1.0,1.0,1.0,1.0,1.0,1.0,1.0,1.0,1.0,1.0,1.0,1.0,1.0,1.0,1.0,1.0,1.0,1.0,1.0,1.0,1.0,1.0,1.0,1.0,1.0,1.0,1.0,1.0,1.0,1.0,1.0,1.0,1.0,1.0,1.0,1.0,1.0,1.0,1.0,1.0,1.0,1.0,1.0,1.0,1.0,1.0,1.0,1.0,1.0,-0.0,-0.0,-0.0,-0.0,1.0,1.0,1.0,1.0,1.0,1.0,1.0,1.0,1.0,1.0,1.0,1.0,1.0,1.0,1.0,1.0,1.0,1.0,1.0,1.0,1.0,1.0,1.0,1.0,1.0,1.0,1.0,1.0,1.0,1.0,1.0,1.0,1.0,1.0,1.0,1.0,1.0,1.0,1.0,1.0,1.0,1.0,1.0,1.0,1.0,1.0,-0.0,-0.0,-0.0,1.0,1.0,1.0,1.0,1.0,1.0,1.0,1.0,1.0,1.0,1.0,1.0,1.0,1.0,1.0,1.0,1.0,1.0,492.59447,-0.0,-0.0,-0.0,-0.0,-0.0,-0.0,-0.0,-0.0,-0.0,-0.0,-0.0,-0.0,-0.0,-0.0,-0.0,-0.0,-0.0,-0.0,-0.0,-0.0,-0.0,-0.0,-0.0,-0.0,-0.0,-0.0,-0.0,-0.0,-0.0,-0.0,-0.0,-0.0,-0.0,416.662212,-0.0,-0.0,-0.0,-0.0,-0.0,-0.0,-0.0,-0.0,-0.0,-0.0,-0.0,-0.0,-0.0,-0.0,-0.0,-0.0,-0.0,-0.0,-0.0,-0.0,-0.0,-0.0,-0.0,-0.0,-0.0,-0.0,-0.0,-0.0,-0.0,-0.0,-0.0,-0.0,-0.0,-0.0,-0.0,-0.0,-0.0,-0.0,-0.0,-0.0,-0.0,-0.0,-0.0,428.097857,-0.0,-0.0,-0.0,-0.0,-0.0,-0.0,-0.0,-0.0,-0.0,-0.0,-0.0,-0.0,-0.0,-0.0,-0.0,-0.0,-0.0,-0.0,-0.0,-0.0,-0.0,-0.0,-0.0,-0.0,-0.0,-0.0,-0.0,-0.0,-0.0,-0.0,-0.0,0.0,-0.0,-0.0,-0.0,-0.0,-0.0,-0.0,-0.0,-0.0,-0.0,-0.0,-0.0,-0.0,-0.0,-0.0,-0.0,487.063763,-0.0,-0.0,-0.0,-0.0,-0.0,-0.0,-0.0,-0.0,-0.0,-0.0,-0.0,-0.0,-0.0,-0.0,-0.0,-0.0,-0.0,-0.0,-0.0,-0.0,-0.0,-0.0,-0.0,-0.0,410.039447,-0.0,-0.0,-0.0,-0.0,-0.0,-0.0,-0.0,-0.0,-0.0,-0.0,-0.0,-0.0,-0.0,-0.0,-0.0,-0.0,428.69252,-0.0,-0.0,-0.0,-0.0,-0.0,-0.0,-0.0,-0.0,-0.0,-0.0,-0.0,-0.0,-0.0,-0.0,-0.0,-0.0,-0.0,-0.0,0.0,-0.0,-0.0,-0.0,-0.0,-0.0,-0.0,-0.0,-0.0,-0.0,-0.0,-0.0,-0.0,-0.0,-0.0,-0.0,-0.0,-0.0,-0.0,-0.0,-0.0,-0.0,-0.0,-0.0,-0.0,-0.0,-0.0,-0.0,-0.0,-0.0,-0.0,-0.0,-0.0,-0.0,-0.0,-0.0,-0.0,-0.0,-0.0,-0.0,-0.0,-0.0,-0.0,-0.0,-0.0,-0.0,-0.0,-0.0,-0.0,-0.0,-0.0,-0.0,-0.0,-0.0,-0.0,-0.0,-0.0,-0.0,-0.0,-0.0,-0.0,-0.0,-0.0,-0.0,-0.0,-0.0,-0.0,-0.0,0.0,-0.0,-0.0,-0.0,-0.0,-0.0,-0.0,-0.0,-0.0,-0.0,-0.0,-0.0,-0.0,-0.0,-0.0,-0.0,-0.0,-0.0,-0.0,-0.0,-0.0,-0.0,-0.0,-0.0,-0.0,-0.0,-0.0,-0.0,-0.0,-0.0,-0.0,-0.0,-0.0,-0.0,-0.0,-0.0,-0.0,-0.0,0.0,-0.0,-0.0,-0.0,-0.0,-0.0,-0.0,-0.0,-0.0,-0.0,-0.0,-0.0,-0.0,-0.0,-0.0,-0.0,-0.0,-0.0,-0.0,-0.0,-0.0,-0.0,-0.0,0.0,-0.0,-0.0,-0.0,-0.0,-0.0,-0.0,-0.0,-0.0,-0.0,-0.0,-0.0,-0.0,-0.0,-0.0,-0.0,-0.0,-0.0,-0.0,-0.0,-0.0,-0.0,-0.0,0.0,-0.0,-0.0,-0.0,-0.0,-0.0,-0.0,-0.0,-0.0,-0.0,-0.0,-0.0,-0.0,-0.0,-0.0,-0.0,-0.0,-0.0,-0.0,-0.0,-0.0,-0.0,-0.0,-0.0,-0.0,0.0,-0.0,-0.0,-0.0,-0.0,-0.0,-0.0,-0.0,-0.0,-0.0,-0.0,-0.0,-0.0,-0.0,-0.0,-0.0,-0.0,-0.0,-0.0,-0.0,-0.0,-0.0,-0.0,-0.0,-0.0,-0.0,262.475082,-0.0,-0.0,-0.0,-0.0,-0.0,-0.0,-0.0,-0.0,-0.0,-0.0,-0.0,-0.0,-0.0,-0.0,-0.0,-0.0,-0.0,-0.0,-0.0,-0.0,-0.0,-0.0,-0.0,-0.0,-0.0,-0.0,-0.0,-0.0,-0.0,-0.0,-0.0,-0.0,-0.0,-0.0,-0.0,-0.0,-0.0,-0.0,-0.0,-0.0,-0.0,-0.0,-0.0,-0.0,0.0,-0.0,-0.0,-0.0,-0.0,-0.0,-0.0,-0.0,-0.0,-0.0,-0.0,-0.0,-0.0,-0.0,-0.0,-0.0,-0.0,-0.0,-0.0,-0.0,-0.0,-0.0,-0.0,-0.0,-0.0,0.0,-0.0,-0.0,-0.0,-0.0,-0.0,-0.0,-0.0,-0.0,-0.0,-0.0,-0.0,-0.0,-0.0,-0.0,-0.0,-0.0,-0.0,-0.0,-0.0,-0.0,-0.0,-0.0,-0.0,-0.0,-0.0,-0.0,-0.0,-0.0,-0.0,-0.0,-0.0,-0.0,-0.0,-0.0,-0.0,-0.0,-0.0,-0.0,-0.0,-0.0,-0.0,-0.0,-0.0,-0.0,-0.0,-0.0,0.0,-0.0,-0.0,-0.0,-0.0,-0.0,-0.0,-0.0,-0.0,-0.0,-0.0,-0.0,-0.0,-0.0,-0.0,-0.0,-0.0,-0.0,-0.0,-0.0,-0.0,-0.0,-0.0,-0.0,-0.0,-0.0,-0.0,-0.0,-0.0,-0.0,-0.0,-0.0,-0.0,-0.0,-0.0,-0.0,-0.0,-0.0,-0.0,-0.0,-0.0,-0.0,-0.0,-0.0,0.0,-0.0,-0.0,-0.0,-0.0,-0.0,-0.0,265.074568,-0.0,-0.0,-0.0,-0.0,-0.0,-0.0,-0.0,-0.0,-0.0,-0.0,-0.0,-0.0,-0.0,-0.0,-0.0,-0.0,-0.0,-0.0,-0.0,-0.0,-0.0,-0.0,-0.0,-0.0,-0.0,-0.0,-0.0,-0.0,-0.0,-0.0,-0.0,-0.0,-0.0,-0.0,-0.0,-0.0,-0.0,-0.0,-0.0,-0.0,0.0,-0.0,-0.0,-0.0,0.0,-0.0,-0.0,-0.0,-0.0,-0.0,-0.0,3.10915828982683e-11,-0.0,0.0,-0.0,-0.0,-0.0,-0.0,-0.0,-0.0,-0.0,-0.0,-0.0,-0.0,-0.0,-0.0,-0.0,-0.0,-0.0,-0.0,-0.0,-0.0,-0.0,-0.0,-0.0,-0.0,-0.0,-0.0,-0.0,-0.0,-0.0,-0.0,-0.0,-0.0,-0.0,-0.0,-0.0,-0.0,-0.0,-0.0,-0.0,-0.0,-0.0,-0.0,-0.0,262.176014,-0.0,-0.0,-0.0,-0.0,-0.0,-0.0,-0.0,-0.0,-0.0,-0.0,-0.0,-0.0,-0.0,-0.0,-0.0,-0.0,0.0,-0.0,-0.0,-0.0,-0.0,-0.0,-0.0,-0.0,-0.0,-0.0,-0.0,-0.0,-0.0,-0.0,-0.0,-0.0,-0.0,-0.0,-0.0,-0.0,-0.0,-0.0,-0.0,-0.0,-0.0,-0.0,-0.0,-0.0,-0.0,0.0,-0.0,-0.0,-0.0,-0.0,-0.0,-0.0,-0.0,-0.0,-0.0,-0.0,-0.0,-0.0,-0.0,-0.0,-0.0,-0.0,-0.0,-0.0,-0.0,-0.0,-0.0,-0.0,-0.0,-0.0,-0.0,-0.0,288.054762,-0.0,-0.0,-0.0,-0.0,-0.0,-0.0,-0.0,-0.0,-0.0,-0.0,-0.0,-0.0,-0.0,-0.0,-0.0,-0.0,-0.0,-0.0,-0.0,-0.0,-0.0,-0.0,-0.0,-0.0,-0.0,-0.0,-0.0,-0.0,-0.0,-0.0,-0.0,-0.0,-0.0,-0.0,-0.0,-0.0,-0.0,-0.0,-0.0,-0.0,-0.0,-0.0,-0.0,-0.0,-0.0,-0.0,306.962557,-0.0,-0.0,-0.0,-0.0,-0.0,-0.0,-0.0,-0.0,-0.0,-0.0,-0.0,-0.0,-0.0,-0.0,-0.0,-0.0,0.0,-0.0,-0.0,-0.0,-0.0,-0.0,-0.0,293.724498,-0.0,-0.0,-0.0,-0.0,-0.0,-0.0,-0.0,-0.0,-0.0,-0.0,-0.0,-0.0,-0.0,-0.0,-0.0,-0.0,-0.0,-0.0,-0.0,-0.0,-0.0,-0.0,-0.0,-0.0,-0.0,-0.0,-0.0,-0.0,-0.0,-0.0,-0.0,-0.0,-0.0,-0.0,-0.0,-0.0,-0.0,-0.0,-0.0,-0.0,-0.0,-0.0,-0.0,-0.0,-0.0,-0.0,-0.0,-0.0,-0.0,-0.0,-0.0,-0.0,-0.0,-0.0,-0.0,-0.0,-0.0,-0.0,-0.0,-0.0,-0.0,-0.0,-0.0,-0.0,0.0,-0.0,-0.0,-0.0,0.0,-0.0,-0.0,-0.0,-0.0,-0.0,-0.0,-0.0,-0.0,-0.0,-0.0,-0.0,-0.0,-0.0,-0.0,-0.0,-0.0,-0.0,-0.0,-0.0,-0.0,136.991961,0.0,-0.0,-0.0,-0.0,136.991961,-0.0,-0.0,-0.0,-0.0,-0.0,-0.0,-0.0,-0.0,-0.0,-0.0,-0.0,-0.0,-0.0,-0.0,-0.0,-0.0,-0.0,-0.0,175.299737,0.0,-0.0,-0.0,-0.0,-0.0,175.299737,-0.0,-0.0,-0.0,-0.0,-0.0,-0.0,-0.0,-0.0,-0.0,-0.0,-0.0,-0.0,-0.0,-0.0,-0.0,-0.0,-0.0,179.177294,0.0,-0.0,-0.0,-0.0,-0.0,179.177294,-0.0,-0.0,-0.0,-0.0,-0.0,-0.0,-0.0,-0.0,-0.0,-0.0,-0.0,-0.0,-0.0,-0.0,-0.0,-0.0,0.0,145.970087,0.0,-0.0,-0.0,-0.0,145.970087,-0.0,-0.0,-0.0,-0.0,-0.0,-0.0,-0.0,-0.0,-0.0,-0.0,-0.0,-0.0,-0.0,-0.0,-0.0,-0.0,-0.0,-0.0,150.414154,-0.0,-0.0,-0.0,-0.0,-0.0,-0.0,-0.0,-0.0,-0.0,-0.0,-0.0,-0.0,-0.0,-0.0,-0.0,-0.0,-0.0,-0.0,-0.0,-0.0,-0.0,-0.0,-0.0,-0.0,-0.0,-0.0,-0.0,-0.0,-0.0,-0.0,-0.0,-0.0,-0.0,-0.0,-0.0,-0.0,-0.0,-0.0,-0.0,-0.0,-0.0,-0.0,-0.0,-0.0,-0.0,-0.0,-0.0,-0.0,-0.0,-0.0,-0.0,-0.0,-0.0,-0.0,-0.0,-0.0,-0.0,-0.0,-0.0,-0.0,-0.0,-0.0,-0.0,-0.0,-0.0,-0.0,-0.0,-0.0,-0.0,-0.0,-0.0,-0.0,-0.0,-0.0,-0.0,-0.0,-0.0,-0.0,-0.0,-0.0,-0.0,-0.0,-0.0,-0.0,-0.0,-0.0,-0.0,-0.0,-0.0,-0.0,-0.0,-0.0,-0.0,-0.0,-0.0,162.108753,-0.0,-0.0,-0.0,-0.0,-0.0,-0.0,-0.0,-0.0,-0.0,-0.0,-0.0,-0.0,-0.0,-0.0,-0.0,-0.0,-0.0,-0.0,-0.0,-0.0,-0.0,-0.0,-0.0,-0.0,-0.0,-0.0,-0.0,-0.0,-0.0,-0.0,-0.0,-0.0,-0.0,-0.0,-0.0,-0.0,-0.0,-0.0,-0.0,-0.0,-0.0,-0.0,-0.0,-0.0,-0.0,-0.0,-0.0,170.266602,-0.0,-0.0,-0.0,-0.0,-0.0,-0.0,-0.0,-0.0,-0.0,-0.0,-0.0,-0.0,-0.0,-0.0,-0.0,-0.0,-0.0,-0.0,-0.0,-0.0,-0.0,-0.0,-0.0,147.849046,0.0,-0.0,-0.0,-0.0,-0.0,-0.0,147.849046,-0.0,-0.0,-0.0,-0.0,-0.0,-0.0,-0.0,0.0,-0.0,-0.0,-0.0,-0.0,147.849046,0.0,-0.0,-0.0,173.435143,-0.0,-0.0,-0.0,-0.0,-0.0,-0.0,-0.0,-0.0,-0.0,-0.0,-0.0,-0.0,-0.0,-0.0,-0.0,-0.0,-0.0,-0.0,-0.0,-0.0,-0.0,-0.0,-0.0,135.125348,0.0,-0.0,-0.0,-0.0,135.125348,-0.0,-0.0,-0.0,-0.0,-0.0,-0.0,-0.0,-0.0,-0.0,-0.0,-0.0,-0.0,-0.0,-0.0,-0.0,-0.0,-0.0,-0.0,-0.0,-0.0,-0.0,-0.0,-0.0,-0.0,-0.0,-0.0,-0.0,-0.0,-0.0,-0.0,-0.0,-0.0,-0.0,-0.0,-0.0,-0.0,-0.0,-0.0,-0.0,-0.0,-0.0,-0.0,156.354145,-0.0,-0.0,-0.0,-0.0,-0.0,-0.0,-0.0,-0.0,-0.0,-0.0,-0.0,-0.0,-0.0,-0.0,-0.0,-0.0,-0.0,-0.0,-0.0,-0.0,-0.0,-0.0,-0.0,167.249795,0.0,-0.0,-0.0,-0.0,167.249795,-0.0,-0.0,-0.0,-0.0,-0.0,-0.0,-0.0,-0.0,-0.0,-0.0,-0.0,-0.0,-0.0,-0.0,-0.0,-0.0,-0.0,-0.0,-0.0,-0.0,-0.0,0.0,-0.0,-0.0,148.411013,-0.0,-0.0,-0.0,-0.0,-0.0,-0.0,-0.0,-0.0,-0.0,-0.0,-0.0,-0.0,-0.0,-0.0,-0.0,-0.0,-0.0,162.248984,0.0,-0.0,-0.0,-0.0,-0.0,162.248984,-0.0,-0.0,-0.0,-0.0,-0.0,-0.0,-0.0,-0.0,-0.0,-0.0,-0.0,-0.0,-0.0,-0.0,-0.0,-0.0,-0.0,-0.0,-0.0,-0.0,-0.0,-0.0,-0.0,-0.0,-0.0,-0.0,-0.0,-0.0,-0.0,-0.0,-0.0,-0.0,-0.0,-0.0,-0.0,-0.0,-0.0,-0.0,-0.0,-0.0,-0.0,-0.0,-0.0,-0.0,-0.0,-0.0,-0.0,-0.0,-0.0,-0.0,-0.0,-0.0,-0.0,-0.0,-0.0,-0.0,-0.0,-0.0,-0.0,-0.0,-0.0,-0.0,-0.0,-0.0,-0.0,153.422895,-0.0,-0.0,-0.0,-0.0,-0.0,-0.0,-0.0,-0.0,-0.0,-0.0,-0.0,-0.0,-0.0,-0.0,-0.0,-0.0,-0.0,-0.0,-0.0,-0.0,-0.0,-0.0,-0.0,183.971089,-0.0,-0.0,-0.0,-0.0,-0.0,-0.0,-0.0,-0.0,-0.0,-0.0,-0.0,-0.0,-0.0,-0.0,-0.0,-0.0,-0.0,-0.0,-0.0,-0.0,-0.0,-0.0,-0.0,-0.0,-0.0,-0.0,-0.0,-0.0,-0.0,-0.0,-0.0,-0.0,-0.0,-0.0,-0.0,-0.0,-0.0,-0.0,-0.0,-0.0,-0.0,-0.0,-0.0,-0.0,-0.0,-0.0,-0.0,176.05753,-0.0,-0.0,-0.0,-0.0,-0.0,-0.0,-0.0,-0.0,-0.0,-0.0,-0.0,-0.0,-0.0,-0.0,-0.0,-0.0,-0.0,-0.0,-0.0,-0.0,-0.0,-0.0,-0.0,-0.0,-0.0,-0.0,0.0,-0.0,-0.0,179.007095,-0.0,-0.0,-0.0,-0.0,-0.0,-0.0,-0.0,-0.0,-0.0,-0.0,-0.0,-0.0,-0.0,-0.0,-0.0,-0.0,-0.0,171.351286,0.0,-0.0,-0.0,-0.0,171.351286,-0.0,-0.0,-0.0,-0.0,-0.0,-0.0,-0.0,-0.0,-0.0,-0.0,-0.0,-0.0,-0.0,-0.0,-0.0,-0.0,-0.0,-0.0,-0.0,-0.0,-0.0,-0.0,-0.0,-0.0,-0.0,-0.0,-0.0,-0.0,-0.0,-0.0,-0.0,-0.0,-0.0,-0.0,-0.0,-0.0,-0.0,-0.0,-0.0,-0.0,-0.0,-0.0,148.03739,0.0,-0.0,-0.0,-0.0,-0.0,148.03739,-0.0,-0.0,-0.0,-0.0,-0.0,-0.0,-0.0,-0.0,-0.0,-0.0,-0.0,-0.0,-0.0,-0.0,-0.0,-0.0,-0.0,176.770979,0.0,-0.0,-0.0,-0.0,-0.0,176.770979,-0.0,-0.0,-0.0,-0.0,-0.0,-0.0,-0.0,-0.0,-0.0,-0.0,-0.0,-0.0,-0.0,-0.0,-0.0,-0.0,0.0,-0.0,-0.0,-0.0,-0.0,-0.0,-0.0,-0.0,-0.0,-0.0,-0.0,-0.0,-0.0,-0.0,-0.0,-0.0,-0.0,-0.0,-0.0,-0.0,-0.0,-0.0,-0.0,-0.0,-0.0,141.234432,-0.0,-0.0,-0.0,-0.0,-0.0,-0.0,-0.0,-0.0,-0.0,-0.0,-0.0,-0.0,-0.0,-0.0,-0.0,-0.0,-0.0,-0.0,-0.0,-0.0,-0.0,-0.0,-0.0,188.592679,-0.0,-0.0,-0.0,-0.0,-0.0,-0.0,-0.0,-0.0,-0.0,-0.0,-0.0,-0.0,-0.0,-0.0,-0.0,-0.0,-0.0,-0.0,-0.0,-0.0,-0.0,-0.0,-0.0,149.430764,-0.0,-0.0,-0.0,-0.0,-0.0,-0.0,-0.0,-0.0,-0.0,-0.0,-0.0,-0.0,-0.0,-0.0,-0.0,-0.0,-0.0,-0.0,-0.0,-0.0,-0.0,-0.0,-0.0,-0.0,-0.0,-0.0,-0.0,-0.0,-0.0,-0.0,-0.0,-0.0,-0.0,-0.0,-0.0,-0.0,-0.0,-0.0,-0.0,-0.0,-0.0,-0.0,-0.0,-0.0,-0.0,-0.0,-0.0,187.822783,0.0,-0.0,-0.0,-0.0,187.822783,-0.0,-0.0,-0.0,-0.0,-0.0,-0.0,-0.0,-0.0,-0.0,-0.0,-0.0,-0.0,-0.0,-0.0,-0.0,-0.0,-0.0,-0.0,-0.0,-0.0,-0.0,-0.0,-0.0,-0.0,-0.0,-0.0,-0.0,-0.0,-0.0,-0.0,-0.0,-0.0,-0.0,-0.0,-0.0,-0.0,-0.0,-0.0,-0.0,-0.0,-0.0,-0.0,-0.0,-0.0,-0.0,0.0,-0.0,-0.0,147.974311,-0.0,-0.0,-0.0,-0.0,-0.0,-0.0,-0.0,-0.0,-0.0,-0.0,-0.0,-0.0,-0.0,-0.0,-0.0,-0.0,-0.0,7.25934450909131e-8,0.06112121279878695,7.259345038045853e-8,7.259346759115904e-8,7.259310628250736e-8,0.028726962620700198,0.17365163542052942,0.44081920019891446,0.4999999798937455,0.4999999801281315,0.49999996822921744,0.49999998469354195,0.4999999768478341,0.19248686049677896,0.4705414593957629,0.49999997976058563,0.499999980437035,0.4999999428617575,0.4149712094242681,0.49999991253130166,0.49999998450081623,0.49999997078272757,0.17104809496609416,0.014412600233428108,-2.3364997409659336e-8,-2.3364997409659336e-8,-2.3364997409659336e-8,-2.3364997409659336e-8,-2.3364997409659336e-8,-2.3364997409659336e-8,-2.3364997409659336e-8,-2.3364997409659336e-8,-2.3364997409659336e-8,-2.3364997409659336e-8,-2.336499728405834e-8,0.09905674157258802,0.396227041970692,0.47274312197098484,0.499999926952401,0.49999994560664224,0.4999999461184576,0.4999999289173825,0.49999990075485923,0.4999999226516829,0.49999994947463583,0.4999999454962725,0.48285903278839626,0.25432031145136036,0.3908270446119888,0.49999996188802376,0.49999995258815244,0.4999999595243279,0.49999996039301475,0.49999996069862235,0.49999996070940944,0.49999996097303595,0.4999999623864044,0.4999999624115757,0.49999996171246813,0.4999999631560964,0.4999999621218165,0.49999996035556854,0.499999961254801,0.4999999623724491,0.4999999624461056,0.4999999613088925,0.4999999608776783,0.49999996115638684,0.49999996311014816,0.49999996235727395,0.49999996037420585,0.49999995984053697,-1.99820587535799e-8,-1.99820587535799e-8,-1.99820587535799e-8,-1.99820587535799e-8,-1.99820587535799e-8,-1.99820587535799e-8,-1.9982059196587548e-8,0.06031307448560265,0.2412523742283356,0.4999999461046935,0.4999999269034344,0.49999995132757347,0.4999999337366349,0.2133217785283327,0.4999995205287074,0.4999999456440848,0.4999999464868667,0.49999974171868844,0.21332222346972954,0.43222661599681245,0.49999995112419204,0.4999999331392408,0.21332176524876156,0.046927968233003346,0.20212174096887775,0.06590724679792492,-5.540987143690983e-9,-5.540954119051124e-9,-5.5406927790894245e-9,0.006478561897847563,0.008414742526265426,0.14684851180742017,0.4999999514153558,0.4999999517233132,0.4999999311748213,0.26362904208094134,0.06590724595817903,-5.540963563777611e-9,-5.540963515536631e-9,-5.540963515536631e-9,-5.540963515536631e-9,-5.540963515536631e-9,-5.540963515536631e-9,-5.540963515536631e-9,-5.540963515536631e-9,-5.540963515536631e-9,-5.540963515536631e-9,-5.540963515536631e-9,-1.7851570548181517e-8,-1.7851570548181517e-8,-1.7851570548181517e-8,-1.7851570548181517e-8,-1.7851570548181517e-8,-1.7851570548181517e-8,-1.7851570529050557e-8,0.08300106694544408,0.33200434073914725,0.4999999523482339,0.49999995052436774,0.4999999538457808,0.49999995165101835,0.4999999449069077,0.49999994901665495,0.4999999522583695,0.49999995242650985,0.4999999492109832,0.49999994751664717,0.4999999486505678,0.49999995376367534,0.499999952223158,0.4999999450134524,0.49999994143916066,-2.417149601884119e-8,-2.417149601884119e-8,-2.417149601884119e-8,-2.417149601884119e-8,-2.417149601884119e-8,-2.417149601884119e-8,-2.417149601884119e-8,-2.4171496215004624e-8,0.11795721875062833,0.4718289556480832,0.49999994679834003,0.4999999504293055,0.49999994800946995,0.4999999410541846,0.4999999452094209,0.49999994867099484,0.4999999488552068,0.49999994541219656,0.4999999436636686,0.4999999448289958,0.4999999503373043,0.49999994863245784,0.49999994115874496,0.4999999377353381,-1.3352526652868344e-8,0.10425329588569451,0.002591194152140731,0.09856046014419048,0.40554740949263834,0.4999998575047054,0.499999861514249,0.4999999107642167,0.4999999495325209,0.49999994972419953,0.4999999416292216,0.49999995379509543,0.499999947176445,0.4478821570428285,0.49999992897951445,0.49999994942437936,0.2958899203912209,0.07397246347926138,-1.3352526652868344e-8,-1.3352526685824942e-8,-1.3352526685824942e-8,-1.3352526685824942e-8,-1.3352526685824942e-8,-1.3352526685824942e-8,-2.718072360296833e-8,-2.718072360296833e-8,-2.718072360296833e-8,-2.718072360296833e-8,-2.718072360296833e-8,-2.718072360296833e-8,-2.718072360296833e-8,-2.718072360296833e-8,-2.718072360296833e-8,-2.718072360296833e-8,-2.718072360296833e-8,-2.718072360296833e-8,-2.718072360296833e-8,-2.718072360296833e-8,-2.718072360296833e-8,-2.718072360296833e-8,-2.718072360296833e-8,-2.718072360296833e-8,-2.718072360296833e-8,-2.718072360296833e-8,-2.718072360296833e-8,-2.718072360296833e-8,-2.718072360296833e-8,-2.718072360296833e-8,0.4182850413086267,0.4999999643967973,0.1577761460892814,0.4999999491854259,0.49999995924540114,0.4999999605531458,0.49999996059636787,0.4999999615962641,0.4999999655958093,0.499999965651601,0.49999996392645796,0.4999999671291809,0.49999996498273563,0.4999999590732298,0.49999996255840967,0.49999996556471693,0.4999999657274243,0.49999996273191855,0.4999999612465361,0.4999999622338299,0.49999996704668137,0.4999999655307327,0.49999995915935624,0.49999995638169925,0.28787816296037777,0.1903819611362171,0.03908835956028934,0.04948609093012878,0.26287479487804916,0.49999962342451953,0.4999996707772128,0.49999989507435005,0.49999994776983225,0.499999947949585,0.49999993984783253,0.4999999516417051,0.22775802402076525,0.05693948694024182,-2.0041590742898955e-8,-2.0041590961105174e-8,-2.0041590961105174e-8,-2.0041590961105174e-8,-2.0041590961105174e-8,-2.0041590961105174e-8,-2.0041590961105174e-8,-2.0041590961105174e-8,-2.0041590961105174e-8,-2.0041590961105174e-8,0.2716946192808151,0.18311133022327805,0.01958126195721615,0.0313620204815473,0.21482221724684286,0.35222323318845106,0.3579655776406964,0.49999931995464403,0.49999994388747826,0.49999994413200727,0.4999999314219718,0.499999948847235,0.49999994068979875,0.2035041107439985,0.4999998924552875,0.4999999437485928,0.49999994445377954,0.4999999021092725,0.4574501147434611,0.49999986247370987,0.49999994864992203,0.49999994359393746,0.21007095045020768,0.07304482580472743,0.4785697274841697,0.1400612729975073,0.0032157691681406527,3.147139452350928e-10,3.1466914187302973e-10,3.146690772244551e-10,3.146690772244551e-10,3.146690772244551e-10,3.146690772244551e-10,3.146690772244551e-10,3.146690772244551e-10,3.146690772244551e-10,3.146690772244551e-10,3.146690772244551e-10,3.146690772244551e-10,3.146690772244551e-10,3.146690772244551e-10,3.146690772244551e-10,3.146690772244551e-10,3.146690772244551e-10,3.146690772244551e-10,3.146690772244551e-10,3.146690772244551e-10,3.146690772244551e-10,0.45413112629380775,0.1376661118760216,0.004647838853423839,-5.568317197337355e-9,-5.568317307678332e-9,-5.568317307678332e-9,-5.568317307678332e-9,-5.568317307678332e-9,-5.568317307678332e-9,-5.568317307678332e-9,-5.568317307678332e-9,-5.568317307678332e-9,-5.568317307678332e-9,-5.568317307678332e-9,-5.568317307678332e-9,-5.568317307678332e-9,-5.568317307678332e-9,-5.568317307678332e-9,-5.568317307678332e-9,-5.568317307678332e-9,-5.568317307678332e-9,-5.568317307678332e-9,-5.568317307678332e-9,-5.568317307678332e-9,0.3938714168590465,0.11673818895485281,-1.679140681690646e-8,-1.6791406810051533e-8,-1.6791406810051533e-8,-1.6791406810051533e-8,-1.6791406810051533e-8,-1.6791406810051533e-8,-1.6791406810051533e-8,-1.6791406810051533e-8,-1.6791406810051533e-8,-1.6791406810051533e-8,-1.6791406810051533e-8,-1.6791406810051533e-8,-1.6791406810051533e-8,-1.6791406810051533e-8,-1.6791406810051533e-8,-1.6791406810051533e-8,-1.6791406810051533e-8,-1.6791406810051533e-8,-1.6791406810051533e-8,-1.6791406810051533e-8,-1.6791406810051533e-8,-1.6791406810051533e-8,0.47971324779810604,0.19270480658949707,0.03435452967570937,7.323325425044348e-9,7.323325220278649e-9,7.323325220278649e-9,7.323325220278649e-9,7.323325220278649e-9,7.323325220278649e-9,7.323325220278649e-9,7.323325220278649e-9,7.323325220278649e-9,7.323325220278649e-9,7.323325220278649e-9,7.323325220278649e-9,7.323325220278649e-9,7.323325220278649e-9,7.323325220278649e-9,7.323325220278649e-9,7.323325220278649e-9,7.323325220278649e-9,7.323325220278649e-9,7.323325220278649e-9,7.323325220278649e-9,-9.692110489383893e-9,-9.692110489383893e-9,-9.692110489383893e-9,-9.692110489383893e-9,-9.692110489383893e-9,-9.692110489383893e-9,-9.692110186419711e-9,0.12361935291515583,0.49447747252621255,0.4999999519210601,0.49999994815747484,0.49999995484491305,0.4999999505095653,0.4999999349308816,0.4999999448640016,0.4999999517409917,0.4999999520774548,0.49999994529821784,0.4999999414093747,0.4999999440377937,0.4999999546882884,0.49999995167024514,0.4999999352079176,0.4999999252611375,0.2718592374944935,0.49999993527585435,0.16392938191947007,0.4542574503290033,0.49999991254850257,0.49999992492469436,0.49999992526033515,0.4999999320723789,0.4999999484386955,0.49999994859338,0.4999999430748343,0.49999995224272525,0.4999999466435776,0.49999991051696036,0.49999993727090386,0.49999994835195777,0.4999999488013851,0.4999999380979273,0.49999992987925174,0.4999999356391993,0.4999999520593214,0.4999999482565425,0.4999999115474551,0.4999998512370421,0.2151623709768193,0.09475429949904808,5.628416392857325e-9,5.6284162696878055e-9,5.6284162696878055e-9,5.6284162696878055e-9,5.6284162696878055e-9,5.6284162696878055e-9,5.6284162696878055e-9,5.6284162696878055e-9,5.6284162696878055e-9,5.6284162696878055e-9,5.6284162696878055e-9,5.6284162696878055e-9,5.6284162696878055e-9,5.6284162696878055e-9,5.6284162696878055e-9,5.6284162696878055e-9,5.6284162696878055e-9,5.6284162696878055e-9,5.6284162696878055e-9,5.6284162696878055e-9,5.6284162696878055e-9,5.6284162696878055e-9,0.49999995147205284,0.20830054260236808,0.04230932652268273,-1.652293903744272e-8,-1.652293889231799e-8,-1.652293889231799e-8,-1.652293889231799e-8,-1.652293889231799e-8,-1.652293889231799e-8,-1.652293889231799e-8,-1.652293889231799e-8,-1.652293889231799e-8,-1.652293889231799e-8,-1.652293889231799e-8,-1.652293889231799e-8,-1.652293889231799e-8,-1.652293889231799e-8,-1.652293889231799e-8,-1.652293889231799e-8,-1.652293889231799e-8,-1.652293889231799e-8,-1.652293889231799e-8,-1.652293889231799e-8,-1.652293889231799e-8,-1.4326879656546174e-8,-1.4326879656546174e-8,-1.4326879656546174e-8,-1.4326879656546174e-8,-1.4326879656546174e-8,-1.4326879656546174e-8,-1.4326879656546174e-8,-1.4326879656546174e-8,-1.4326879656546174e-8,-1.4326879656546174e-8,-1.4326879656546174e-8,-1.4326879656546174e-8,-1.4326879656546174e-8,-1.4326879656546174e-8,-1.4326879656546174e-8,-1.4326879656546174e-8,-1.4326879656546174e-8,-1.4326879656546174e-8,-1.4326879656546174e-8,-1.4326879656546174e-8,-1.4326879656546174e-8,-1.4326879656546174e-8,-1.4326879656546174e-8,-1.4326879656546174e-8,0.18186460360864445,0.1051006486736138,-1.3909333996285112e-8,-1.390933404781155e-8,-1.390933404781155e-8,-1.390933404781155e-8,-1.390933404781155e-8,-1.390933404781155e-8,-1.390933404781155e-8,-1.390933404781155e-8,-1.390933404781155e-8,-1.390933404781155e-8,-1.390933404781155e-8,-1.390933404781155e-8,-1.390933404781155e-8,-1.390933404781155e-8,-1.390933404781155e-8,-1.390933404781155e-8,-1.390933404781155e-8,-1.390933404781155e-8,-1.390933404781155e-8,-1.390933404781155e-8,-1.390933404781155e-8,-1.390933404781155e-8,0.3610763528178723,0.49999994972908945,0.13737052802250055,0.4329180596286723,0.49999993213278215,0.499999937620663,0.4999999377890009,0.4999999414762231,0.49999995311593765,0.49999995325061536,0.49999994877112225,0.4999999566006703,0.49999995159326105,0.4999999313481475,0.4999999446876097,0.49999995304065226,0.49999995343263015,0.4999999452350711,0.49999994022975436,0.4999999436381083,0.452852972688681,0.11321322945212306,-3.902786905932919e-9,-3.902786698893608e-9,-5.673002945943283e-9,-5.673002945943283e-9,-5.673002945943283e-9,-5.673002945943283e-9,-5.673002945943283e-9,-5.673002945943283e-9,-5.673003013359242e-9,0.08482317085680588,0.33929273979978575,0.49999995122691404,0.49999994454515456,0.49999995555806365,0.4999999488845247,0.4999999015658644,0.49999993734047427,0.4999999509379491,0.4999999514755816,0.49999993837839696,0.4999999278903669,0.49999993528122155,0.49999995534200836,0.49999995082364507,0.4999999030276539,0.49999980348517503,0.23598417468450406,0.12229117352860096,-1.743988815451111e-8,-1.7439728667559813e-8,-1.7423200397973964e-8,0.01304766474684073,0.01419316111980333,0.1385023883130286,0.4999999252049341,0.49999993298603745,0.49015844560345784,0.49999994830088,0.4609402340023005,0.10838858188797579,0.16021223616214356,0.49999993121161207,0.4999999343923787,0.18679869919548958,0.03946340944476661,0.1328281458373616,0.48916477514065365,0.1222911761710957,-1.7439928763754266e-8,-1.7439929130879977e-8,0.38373605235975394,0.10367856796009439,-6.711333394238905e-9,-6.711333522672447e-9,-6.711333522672447e-9,-6.711333522672447e-9,-6.711333522672447e-9,-6.711333522672447e-9,-6.711333522672447e-9,-6.711333522672447e-9,-6.711333522672441e-9,-6.711333522672441e-9,-6.711333522672447e-9,-6.711333522672447e-9,-6.711333522672447e-9,-6.711333522672447e-9,-6.711333522672447e-9,-6.711333522672447e-9,-6.711333522672447e-9,-6.711333522672447e-9,-6.711333522672447e-9,-6.711333522672447e-9,-6.711333522672447e-9,-6.711333522672447e-9,3.837607934860077e-9,3.837607934860077e-9,3.837607934860077e-9,3.837607934860077e-9,3.837607934860077e-9,3.837607934860077e-9,3.837607934860077e-9,3.837607934860077e-9,3.837607934860077e-9,3.837607934860077e-9,3.837607934860077e-9,3.837607934860077e-9,3.837607934860077e-9,3.837607934860077e-9,3.837607934860077e-9,3.837607934860077e-9,3.837607934860077e-9,3.837607934860077e-9,3.837607934860077e-9,3.837607934860077e-9,3.837607934860077e-9,3.837607934860077e-9,3.837607934860077e-9,3.837607934860077e-9,-8.354761457675336e-10,-8.354761457675336e-10,-8.354761457675336e-10,-8.354761457675336e-10,-8.354761457675336e-10,-8.354761457675336e-10,-8.35476385708621e-10,0.09791020695726622,0.3916408898590948,0.49999993384103075,0.4804834976060898,0.4999999530755143,0.34864992011148854,0.08091590100463539,0.15539425863893305,0.4999999271300731,0.49999993134589343,0.160879777503074,0.00904206816098488,0.0894676315898859,0.3745651690940808,0.0936412796672309,-8.35476385708621e-10,-8.354761457675336e-10,-1.4203061376025108e-8,-1.4203061376025108e-8,-1.4203061376025108e-8,-1.4203061376025108e-8,-1.4203061376025108e-8,-1.4203061376025108e-8,-1.4203061376025108e-8,-1.4203061376025108e-8,-1.4203061376025108e-8,-1.4203061376025108e-8,-1.4203061376025108e-8,-1.4203061376025108e-8,-1.4203061376025108e-8,-1.4203061376025108e-8,-1.4203061376025108e-8,-1.4203061376025108e-8,-1.4203061376025108e-8,-1.4203061376025108e-8,-1.4203061376025108e-8,-1.4203061376025108e-8,-1.4203061376025108e-8,-1.4203061376025108e-8,-1.4203061376025108e-8,-1.4203061376025108e-8,0.4372780890432978,0.16830196541729245,0.02535175837635838,-7.477116349505385e-9,-7.47711606981977e-9,-7.47711606981977e-9,-7.47711606981977e-9,-7.47711606981977e-9,-7.47711606981977e-9,-7.47711606981977e-9,-7.47711606981977e-9,-7.47711606981977e-9,-7.47711606981977e-9,-7.47711606981977e-9,-7.47711606981977e-9,-7.47711606981977e-9,-7.47711606981977e-9,-7.47711606981977e-9,-7.47711606981977e-9,-7.47711606981977e-9,-7.47711606981977e-9,-7.47711606981977e-9,-7.47711606981977e-9,-7.47711606981977e-9,-7.592293584362229e-9,-7.592293584362229e-9,-7.592293584362229e-9,-7.592293584362229e-9,-7.592293584362229e-9,-7.592293584362229e-9,-7.592293584362229e-9,-7.592293398312472e-9,0.10673826097343118,0.42695310162692385,0.4999999495121585,0.4999999557613794,0.49999995166980465,0.4999999381291873,0.49999994656142077,0.4999999528166482,0.49999995313209356,0.49999994694584843,0.4999999435513931,0.49999994583375085,0.4999999556109015,0.49999995275043463,0.49999993835534157,0.4999999305355658,-1.5566838931858305e-8,-1.5566838931858305e-8,-1.5566838931858305e-8,-1.5566838931858305e-8,-1.5566838931858305e-8,-1.5566838931858305e-8,-1.5566838931858305e-8,-1.5566838931858305e-8,-1.5566838931858305e-8,-1.5566838931858305e-8,-1.5566838931858305e-8,-1.5566838931858305e-8,-1.5566838931858305e-8,-1.5566838931858305e-8,-1.5566838931858305e-8,-1.5566838931858305e-8,-1.5566838931858305e-8,-1.5566838931858305e-8,-1.5566838931858305e-8,-1.5566838931858305e-8,-1.5566838931858305e-8,-1.5566838931858305e-8,-1.5566838931858305e-8,-1.5566838931858305e-8,-2.0192526685824418e-8,-2.0192526685824418e-8,-2.0192526685824418e-8,-2.0192526685824418e-8,-2.0192526685824418e-8,-2.0192526685824418e-8,-2.0192526694775018e-8,0.11791632210428431,0.4716653625619551,0.4999999425754609,0.49999992353644673,0.4999999492613819,0.49999993756937233,0.18648684427082385,0.49999985398863117,0.4999999420231865,0.4999999430379364,0.49999987302512233,0.41988788442433866,0.4999997850946493,0.44941650806100814,0.11235410827438118,-2.0192526694775018e-8,-2.0192526685824418e-8,-4.165353947449461e-9,-4.165353947449461e-9,-4.165353947449461e-9,-4.165353947449461e-9,-4.165353947449461e-9,-4.165353947449461e-9,-4.1653540828279695e-9,0.11095891529120125,0.4438357154752165,0.49999995284999643,0.4999999479972792,0.4999999563799466,0.4999999510725639,0.499999927539825,0.4999999434355767,0.49999995262597347,0.4999999530439289,0.4999999440550174,0.4999999382981743,0.4999999422411728,0.4999999561958479,0.4999999525377462,0.49999992803321147,0.4999999080457646,-1.362238885448973e-8,-1.362238885448973e-8,-1.362238885448973e-8,-1.362238885448973e-8,-1.362238885448973e-8,-1.362238885448973e-8,-1.362238885448973e-8,-1.362238885448973e-8,-1.362238885448973e-8,-1.362238885448973e-8,-1.362238885448973e-8,-1.362238885448973e-8,-1.362238885448973e-8,-1.362238885448973e-8,-1.362238885448973e-8,-1.362238885448973e-8,-1.362238885448973e-8,-1.362238885448973e-8,-1.362238885448973e-8,-1.362238885448973e-8,-1.362238885448973e-8,-1.362238885448973e-8,-1.362238885448973e-8,-1.362238885448973e-8,0.31562885726849293,0.49999991881688655,0.15566427444076972,0.4333662708527351,0.49999989537854894,0.4999999173852394,0.49999991792831067,0.49999992841802526,0.4999999500655688,0.49999995024966115,0.4999999434618568,0.4999999544936001,0.4999999479040672,0.4999998913545144,0.49999993579538143,0.4999999499622427,0.49999995049660856,0.49999993692309114,0.4999999251478164,0.4999999335342302,0.3907840055518792,0.09769598626588515,-8.580403522947561e-9,-8.580403864369616e-9,0.20870369610185527,0.02752701359144976,-9.288374432311607e-9,-9.288374357012374e-9,-9.288374357012374e-9,-9.288374357012374e-9,-9.288374357012374e-9,-9.288374357012374e-9,-9.288374357012374e-9,-9.288374357012374e-9,-9.288374357012374e-9,-9.288374357012374e-9,-9.288374357012374e-9,-9.288374357012374e-9,-9.288374357012374e-9,-9.288374357012374e-9,-9.288374357012374e-9,-9.288374357012374e-9,-9.288374357012374e-9,-9.288374357012374e-9,-9.288374357012374e-9,-9.288374357012374e-9,-9.288374357012374e-9,-9.288374357012374e-9,-2.99706546429868e-8,-2.9970654691077565e-8,-2.9970654691077565e-8,-2.9970654691077565e-8,-2.9970654691077565e-8,-2.99706546429868e-8,0.059977398344159674,0.23990967561169063,0.49999992513174507,0.4999999257134279,0.4999998991660855,0.49999993757373995,0.49999991781100533,0.46505560799450896,0.49999984746064574,0.499999924803418,0.49999992648311253,0.49999985742586134,0.49999963434662753,0.4999998236540201,0.49999993705119145,0.4999999244383745,0.46697321591676705,0.41831436253981363,-2.9428272076215807e-8,-2.9428272120257325e-8,-2.9428272120257325e-8,-2.9428272120257325e-8,-2.9428272120257325e-8,-2.9428272120257325e-8,-2.9428272076215807e-8,0.10923435566738768,0.43693750280941107,0.49999992395032866,0.4999998646371131,0.4999999387598122,0.4999999111854341,0.3542017581438281,0.4967313805704299,0.4999999226187541,0.4999999250517086,0.49999885401266775,0.4270820631440067,0.4768368587286678,0.49999993819280875,0.49999992207541505,0.3564318935351033,0.30061592016075844,-3.209310248413325e-8,-3.209310232982218e-8,-3.209310232982218e-8,-3.209310232982218e-8,-3.209310232982218e-8,-3.209310232982218e-8,-3.209310248413325e-8,0.06418568460548552,0.24549874803073926,0.2497848580947602,0.1672873831032306,0.4387159498378537,0.20696528888550778,0.08567101453678881,0.12821547791303378,0.24327624171681683,0.2557236012651402,0.13170741043242973,0.10725433956307015,0.14082281012207767,0.3951538039691808,0.10506151585145442,-3.209310248413325e-8,-3.209310232982218e-8,-2.3251390190036536e-8,-2.325139010579327e-8,-2.325139010579327e-8,-2.325139010579327e-8,-2.325139010579327e-8,-2.3251390190036536e-8,0.06521885673250685,0.26087550324362946,0.4999999432001338,0.49999994331069225,0.49999994011689375,0.49999994644317736,0.4999999420183872,0.4999999330942896,0.4999999378783751,0.49999994313869356,0.49999994346180887,0.4999999381494113,0.49999993593756187,0.49999993738057746,0.4999999462573002,0.49999994307182466,0.49999993319913216,0.49999993009508,-1.261693774650192e-8,0.056728901726275816,0.2269156658224122,0.49999994503662726,0.49999994666889097,0.4999999472732559,0.4999999472949113,0.4999999478305216,0.49999995093818195,0.4999999509973818,0.49999994940427545,0.4999999528188327,0.49999995032396993,0.4999999465959019,0.49999994841744655,0.49999995090532323,0.4999999510788747,0.49999994853185703,0.49999994763527994,0.4999999482107012,0.4999999527024584,0.49999995086979315,0.4999999466322383,0.499999945617009,0.1669480581622531,0.4999999379075993,0.49999972786128716,0.49999992248020114,0.49999992894802003,0.49999993097898426,0.4999999310487109,0.4999999327083307,0.49999994042261703,0.4999999405444544,0.4999999369719418,0.49999994393873015,0.4999999391128287,0.49999992869141363,0.4999999343977182,0.49999994035498,0.4999999407106417,0.4999999347125799,0.49999993211714455,0.49999993381715396,0.49999994374021023,0.4999999402811112,0.49999992881955263,0.49999992496413803,0.49999994532286074,0.49999993696711187,0.4412406850746599,0.4999999157657695,0.49999992581934355,0.4999999285950161,0.4999999286874153,0.4999999308351275,0.4999999396459769,0.4999999397716439,0.4999999359249472,0.49999994312086066,0.49999993827218936,0.4999999254566895,0.4999999329222706,0.49999993957626676,0.49999993994224096,0.49999993330072323,0.49999993008148796,0.49999993221587413,0.49999994293247535,0.49999993949970784,0.49999992563799306,0.4999999198655559,0.18849497572732923,0.4999999345601174,0.4695738942622805,0.4999999099916904,0.4999999211217212,0.49999992435431256,0.49999992446323044,0.49999992701675877,0.499999937979239,0.49999993814130744,0.4999999332510115,0.4999999425310954,0.4999999362161882,0.49999992070482385,0.4999999295415079,0.49999993788912805,0.4999999383619043,0.4999999300039924,0.49999992611563804,0.49999992868216075,0.49999994228088057,0.49999993779057644,0.4999999209131877,0.4999999144249059,-6.691806405969561e-9,0.11146331975642745,0.44585333207203115,0.49999995283486537,0.4999999535404656,0.4999999538160934,0.4999999538261238,0.4999999540774355,0.49999995567692396,0.49999995570995587,0.49999995485568843,0.499999956780022,0.49999995534017094,0.49999995350776105,0.49999995436055006,0.49999995565864785,0.4999999557556145,0.499999954416696,0.499999953985059,0.499999954259878,0.4999999567083903,0.49999995563888466,0.49999995352403864,0.49999995307938083,0.1736809404656477,0.4999999554539691,0.49999995270069836,0.4999999542567484,0.49999995462276975,0.49999995476916587,0.49999995477454146,0.49999995490980575,0.49999995581131157,0.4999999558306835,0.49999995533943276,0.4999999564771243,0.49999995561543525,0.49999995460556196,0.49999995506417877,0.4999999558005938,0.49999995585754686,0.49999995509505846,0.4999999548598887,0.4999999550090409,0.49999995643272066,0.4999999557890203,0.49999995461414565,0.49999995438225053,-8.269487320147355e-9,0.10547290153100959,0.42189166206709977,0.49999995263667313,0.49999995323982366,0.499999953478373,0.49999995348709275,0.49999995370610795,0.4999999551334124,0.49999995516350826,0.49999995439327155,0.49999995615269577,0.4999999548280087,0.49999995321164914,0.4999999539545057,0.4999999551167403,0.4999999552051483,0.49999995400398656,0.49999995362544053,0.49999995386597595,0.4999999560856244,0.49999995509878215,0.499999953225687,0.4999999528444867,-3.015844838828268e-8,-3.0158448374933365e-8,-3.0158448374933365e-8,-3.0158448374933365e-8,-3.0158448374933365e-8,-3.0158448374933365e-8,-3.0158448374933365e-8,-3.015844838828268e-8,0.09756558896961448,0.2822804854651452,0.17379454650653905,0.49999971160601786,0.22672514220275478,0.0566817779412841,-3.015844838828268e-8,-3.0158448374933365e-8,-3.0158448374933365e-8,-3.0158448374933365e-8,-3.0158448374933365e-8,-3.0158448374933365e-8,-3.015844838828268e-8,-3.0158448374933365e-8,-3.0158448374933365e-8,-3.0158448374933365e-8,-3.134000036272673e-8,0.06684588042918532,0.21124180280654678,0.38132016641327976,0.44623415116519527,0.47640455298747353,0.4775609379355164,0.49999913989711714,0.4999999252298416,0.49999992584413205,0.499999894555223,0.49999993777533314,0.49999991724645987,0.4428736348981612,0.49999980591721854,0.499999924881759,0.49999992665256815,0.49999982691352995,0.4964850099667758,0.4999997443375459,0.4999999372723931,0.49999992449343966,0.44454546553945573,0.4020438873325439,-1.4573608292374734e-8,-1.4573608494961414e-8,-1.4573608494961414e-8,-1.4573608494961414e-8,-1.4573608494961414e-8,-1.4573608292374734e-8,0.059396120696669524,0.23758454771101362,0.4999999476099015,0.49999994771279577,0.49999994476352133,0.4999999506520738,0.4999999465137087,0.4999999384416747,0.49999994272434245,0.49999994755275406,0.49999994785352736,0.49999994297001543,0.49999994097462863,0.4999999422739474,0.499999950476336,0.499999947490616,0.4999999385345285,0.4999999358079762,0.4879565238312502,0.49999991462056376,0.2278701601929989,0.42179459247616713,0.49630920948822793,0.4999996914817101,0.4999997019814215,0.4999998293372186,0.49999992755329636,0.4999999280348024,0.49999990767440516,0.49999993824490385,0.49999992163514945,0.49244808602847145,0.49999987570458027,0.4999999272820546,0.49999992867474957,0.4999998812130461,0.49999980049428483,0.4999998635842025,0.4999999377788141,0.49999992698117746,0.49436855879405794,0.4455608079759252,9.584503068964698e-9,0.05824447829165793,0.23297795145716294,0.4999999600476544,0.49999996056984874,0.4999999607775027,0.4999999607850821,0.4999999609763689,0.4999999622376771,0.49999996226453075,0.499999961580427,0.49999996315418593,0.49999996196563484,0.4999999605453097,0.49999996119403356,0.4999999622228084,0.4999999623017586,0.4999999612375073,0.49999996090584725,0.4999999611163788,0.4999999630934565,0.4999999622067676,0.4999999605574986,0.49999996022715515,-2.3316733093550803e-8,-2.3316733035222466e-8,-2.3316733035222466e-8,-2.3316733035222466e-8,-2.3316733035222466e-8,-2.3316733093550803e-8,0.05732872578963776,0.22931498076510062,0.4999999446000341,0.4999999446928687,0.49999994204176207,0.49999994735184133,0.4999999436129876,0.4999999364153931,0.4999999402185744,0.499999944548623,0.49999994481984433,0.4999999404378284,0.49999993866060477,0.49999993981698126,0.49999994719238305,0.49999994449253743,0.4999999364974171,0.4999999340937141,0.33878806347500995,0.08995850001157901,-2.570908540876563e-8,-2.5709085693407756e-8,-2.5709085693407756e-8,-2.5709085693407756e-8,-2.570908540876563e-8,0.09986724236527339,0.3994690412602262,0.4999999154645474,0.49999983044094953,0.49999993615963634,0.4999998974581142,0.34208897379997744,0.4932459805998533,0.4999999135935806,0.49999991701085195,0.499997567428307,0.41912159895771867,0.4720294014496344,0.499999935371201,0.4999999128300811,0.34443656345559875,0.28589472312478553,1.0383586209262978e-8,1.0383586233567645e-8,1.0383586233567645e-8,1.0383586233567645e-8,1.0383586233567645e-8,1.0383586233567645e-8,1.0383586209262978e-8,0.12413225472598177,0.49652905647870543,0.49999995954505405,0.4999999578123084,0.4999999614840201,0.4999999588169124,0.49999995467051767,0.4999999567212297,0.4999999594459365,0.49999995963275895,0.49999995684842685,0.4999999558465745,0.49999995649088247,0.49999996136143965,0.4999999594075813,0.4999999547118608,0.49999995354830334,0.4999999535468127,0.49999994930639197,0.49999993607816245,0.49999994490276134,0.4999999464087482,0.4999999469678442,0.49999994698788647,0.4999999474838668,0.4999999503710924,0.49999995042623746,0.49999994894395244,0.49999995212625525,0.49999994979915047,0.49999994634131495,0.49999994802791276,0.4999999503404778,0.49999995050222334,0.499999948134039,0.4999999473030122,0.4999999478362027,0.4999999520174561,0.4999999503073871,0.4999999463749093,0.4999999454372447,0.49999994893517924,0.4999999437352167,0.4999999226744719,0.4999999376421069,0.49999993981352236,0.49999994059575564,0.4999999406235873,0.49999994130656084,0.4999999450976036,0.4999999451671503,0.4999999432620254,0.4999999472589491,0.49999994437073053,0.49999993971845813,0.49999994204464726,0.49999994505902834,0.4999999452626714,0.4999999421873099,0.499999941058672,0.4999999417858738,0.4999999471279275,0.4999999450171931,0.4999999397658614,0.4999999384239371,-5.227878533535456e-9,0.0886613948233732,0.35464562365116753,0.49999994712315843,0.49999994894277155,0.49999994961065886,0.499999949634516,0.4999999502234216,0.4999999535895775,0.49999995365289507,0.4999999519388316,0.4999999555855137,0.49999995293109006,0.49999994886193583,0.49999995086575694,0.49999995355449045,0.49999995373998707,0.49999995099064054,0.4999999500090491,0.4999999506398615,0.49999995546287984,0.499999953516417,0.4999999489021898,0.49999994777248696,-1.0688895599391825e-9,0.10722658941566761,0.4289064079483155,0.49999995850732837,0.499999958826439,0.4999999589548572,0.49999995895957355,0.499999959078629,0.4999999598823009,0.49999995989976714,0.49999995945943454,0.49999996048732726,0.49999995970618233,0.4999999588113502,0.4999999592150014,0.49999995987264206,0.499999959924,0.4999999592423441,0.49999995903464917,0.49999995916623574,0.4999999604466676,0.49999995986221335,0.4999999588188502,0.49999995861640756,0.4183884520666655,0.49999993834532036,0.49999965998678014,0.4999999227361477,0.49999992935075704,0.4999999314065901,0.4999999314769995,0.499999933149207,0.4999999408353923,0.4999999409556484,0.4999999374147956,0.4999999442920823,0.49999993954033045,0.4999999290902973,0.49999993484459104,0.49999994076861554,0.4999999411196572,0.499999935159812,0.4999999325543031,0.49999993426274114,0.4999999440976852,0.49999994069567294,0.4999999292203698,0.499999925288701,-3.2168146143412876e-8,0.10155909665446344,0.24576954017073468,0.40289530112501476,0.46129626813221863,0.48823933710799355,0.48926961992469353,0.49999962393157765,0.4999999273628512,0.4999999278883213,0.49999990232544456,0.499999938300199,0.4999999206207042,0.45828847452358046,0.4999998412376362,0.49999992706526847,0.49999992858168635,0.49999985439642824,0.49999908482543787,0.49999980649527237,0.4999999378534361,0.49999992673409704,0.4597846009512398,0.42160918753306087,0.21823451261658525,0.08280945942142384,-2.8192094966589645e-8,-2.8192094710775805e-8,-2.8192094710775805e-8,-2.8192094710775805e-8,-2.8192094966589645e-8,0.09333417402272431,0.3733367763438715,0.4999999232252958,0.4999998732045872,0.4999999383024159,0.4999999111598059,0.37358744720989306,0.49999950309177066,0.4999999219282284,0.4999999243052325,0.4999996529179486,0.45039677241713916,0.49999628912520583,0.4999999377022336,0.4999999214017162,0.3759378748397753,0.31710904890356273,-2.8295612582717927e-8,-2.829561302487894e-8,-2.829561302487894e-8,-2.829561302487894e-8,-2.829561302487894e-8,-2.8295612582717927e-8,0.07132717320097828,0.2853087755115404,0.49999993913313395,0.49999993930201725,0.49999993388390185,0.49999994362521033,0.4999999372510248,0.49999991605527827,0.4999999292729669,0.49999993903905104,0.4999999395306943,0.4999999298741053,0.4999999245617744,0.49999992813471605,0.4999999433910182,0.49999993893577915,0.49999991641033353,0.4999999040997366,0.49999994656213803,0.49999994160354083,0.49999990622627183,0.4999999344664388,0.4999999372031343,0.49999993813344756,0.49999993816602845,0.49999993895503453,0.49999994299016065,0.4999999430592922,0.49999994110584406,0.49999994505901835,0.4999999422588048,0.49999993708814183,0.49999993978522217,0.49999994295194417,0.49999994315381174,0.49999993994306907,0.49999993867103126,0.49999993949676286,0.4999999449379045,0.4999999429101493,0.4999999371455065,0.49999993547901905,-3.0213292590290016e-8,-3.02132926905835e-8,-3.02132926905835e-8,-3.02132926905835e-8,-3.02132926905835e-8,-3.02132926905835e-8,-3.0213292590290016e-8,0.10980232979321256,0.4392092681402447,0.4884577074008803,0.34097226877213177,0.49999992112379843,0.41643666689250325,0.2038591582463674,0.280482436241049,0.4775747318849521,0.4983668895893976,0.28664431358595194,0.2431293723054432,0.26982717919985766,0.4999999184232092,0.47343495103072364,0.20506409172024243,0.17483049189687486,-2.957440637435798e-8,-2.9574406127662663e-8,-2.9574406127662663e-8,-2.9574406127662663e-8,-2.9574406127662663e-8,-2.9574406127662663e-8,-2.957440637435798e-8,0.0695626482090362,0.27825066749159943,0.45608397313793797,0.2821088522973151,0.499999922560222,0.36983242277393186,0.13326039704046777,0.21437314639925,0.442916006825252,0.4681178689588013,0.22114590482595792,0.17404988031584712,0.20273838276718875,0.459701961169717,0.11492547103114849,-2.957440637435798e-8,-2.9574406127662663e-8,0.43804859412870695,0.49999993165734924,0.2396768744257927,0.4999998251150201,0.49999989693734376,0.4999999080594703,0.4999999083935742,0.4999999156044349,0.4999999371364578,0.49999993737530485,0.49999992930920695,0.49999994324293917,0.4999999344208382,0.4999998953093333,0.4999999217272423,0.49999993700291584,0.4999999376976099,0.49999992275679656,0.49999991318897963,0.4999999197421094,0.4999999429369088,0.49999993685623567,0.4999998961288083,0.49999986291542875,-2.3224622687787696e-8,0.11278117205687749,0.4511247530524956,0.49999993949546384,0.4999999412353606,0.4999999418830405,0.49999994190628777,0.49999994248155394,0.4999999458451804,0.499999945909604,0.4999999441793523,0.49999994790232977,0.4999999451768593,0.49999994115735674,0.4999999431134091,0.4999999458092856,0.4999999459984544,0.4999999432367812,0.4999999422716985,0.49999994289065164,0.49999994777453927,0.4999999457706664,0.4999999411962151,0.49999994011231563,-9.722442918226104e-9,0.07104129573000117,0.2841652384904972,0.499999948668253,0.49999994992460367,0.49999995039577155,0.4999999504127183,0.4999999508329908,0.4999999533215899,0.4999999533698451,0.4999999520824366,0.49999995487045357,0.49999995282284787,0.4999999498679316,0.4999999512963873,0.499999953294861,0.4999999534363683,0.49999995138710546,0.49999995067949854,0.4999999511328202,0.4999999547736286,0.49999995326588725,0.4999999498961481,0.4999999491120528,4.925733378456887e-8,0.12422645961724728,0.49690583386757625,0.4999999747037671,0.4999999750918274,0.4999999752489463,0.4999999752547197,0.4999999754009211,0.49999997640068006,0.49999997642263344,0.4999999758718278,0.49999997716826117,0.49999997617963376,0.49999997507335997,0.4999999755689919,0.4999999763884639,0.4999999764531284,0.4999999756027586,0.4999999753468589,0.4999999755088153,0.4999999771162873,0.4999999763754079,0.4999999750825151,0.49999997483596464,0.46956800916647,0.49999993028859746,0.3129540167922455,0.4999998636252952,0.4999999006638972,0.49999990895214846,0.4999999092164041,0.49999991516152525,0.4999999361584955,0.4999999364233109,0.4999999278920185,0.4999999432015106,0.4999999331987095,0.4999998995281718,0.4999999205993592,0.49999993601013565,0.49999993678252674,0.49999992155182577,0.4999999131173021,0.49999991879451566,0.499999942835071,0.4999999358483404,0.49999990009752326,0.49999988025425707,-2.6364636491949766e-8,-2.6364636330471987e-8,-2.6364636330471987e-8,-2.6364636330471987e-8,-2.6364636330471987e-8,-2.6364636491949766e-8,0.06059160977840695,0.24236652123269356,0.4999999430133413,0.4999999431166882,0.49999994007513354,0.49999994598534425,0.4999999419005957,0.4999999329359909,0.49999993786918584,0.4999999429559853,0.4999999432576618,0.4999999381396457,0.4999999359047798,0.49999993737000736,0.499999945818136,0.49999994289331223,0.49999993304742923,0.4999999296810895,0.11654362045782632,0.34686453620250307,0.4999999402055623,0.4999999474465379,0.4999999487294707,0.49999994920942475,0.4999999492266815,0.4999999496541685,0.49999995217430193,0.49999995222297167,0.4999999509218256,0.49999995373320305,0.4999999516707564,0.4999999486717489,0.499999950124902,0.4999999521472959,0.4999999522900613,0.4999999502169514,0.4999999494981067,0.4999999499588086,0.4999999536359656,0.4999999521181032,0.499999948700515,0.49999994790024427,0.3755117942709728,0.09387792848132162,-2.40496473721241e-8,-2.404964761237994e-8,-2.404964761237994e-8,-2.404964761237994e-8,-2.40496473721241e-8,0.10867017114694323,0.4346807509485292,0.49999991560471924,0.4999998428579175,0.4999999363950978,0.49999989859980437,0.3576366552100171,0.49999902948928227,0.4999999137925085,0.49999991711076647,0.49999943329110935,0.43854373086367254,0.4941269443289288,0.49999993557711975,0.4999999130565984,0.36010174703821857,0.29864084167663496]
WARNING: For the MIP-solver-driven algorithm, optimality tolerance must be specified as MIP solver option, not Pajarito option
WARNING: For the MIP-solver-driven algorithm, optimality tolerance must be specified as MIP solver option, not Pajarito option
WARNING: Not solved to optimality, status: UserLimit
