WARNING: Method definition require(Symbol) in module Base at loading.jl:345 overwritten in module ConicBenchmarkUtilities at /home/ubuntu/.julia/v0.5/Requires/src/require.jl:12.
#SOLVERNAME# PAJ_NEW_MSD_CPLEX_MOSEK_nosocinit
#SOLVER# Pajarito.PajaritoSolver(2,3600.0,1.0e-5,true,CPLEX.CplexSolver(Any[(:CPX_PARAM_THREADS,1),(:CPX_PARAM_TILIM,3600.0),(:CPX_PARAM_EPINT,1.0e-8),(:CPX_PARAM_EPRHS,1.0e-8),(:CPX_PARAM_SCRIND,0),(:CPX_PARAM_EPGAP,1.0e-5)]),CPLEX.CplexSolver(Any[]),0,false,true,Mosek.MosekMathProgSolverInterface.MosekSolver(Any[(:LOG,0),(:NUM_THREADS,1),(:OPTIMIZER_MAX_TIME,120.0)]),true,false,false,true,false,true,false,false,false,true,true,false,false,true,false,false,false,true,1.0e-8,1.0e-6,1.0e-6,0.01,1.0e-6)
#INSTANCE# uflquad-psc-10-100.cbf.gz
#TIMELIMIT# 3600.0

Transforming original data......Done     0.00s

Creating conic model data......Done     0.00s

Creating MIP model......Done     0.05s

Cone types summary:
Cone       | Count    | Min dim  | Max dim 
       SOC |     1000 |        3 |        3

Solving conic relaxation......Done     0.18s
 - Relaxation status    =        Optimal
 - Relaxation objective =     540.196080

Creating conic subproblem model......Done

Starting MIP-solver-driven outer approximation algorithm

Pajarito MICP solve summary:
 - Total time (s)       =       6.59e+00
 - Status               =        Optimal
 - Best feasible obj.   =  +5.402875e+02
 - Final OA obj. bound  =  +5.402875e+02
 - Relative opt. gap    =      0.000e+00
 - Conic solve count    =              2
 - Feas. solution count =              2
 - Integer repeat count =            401

Timers (s):
 - Setup                =       2.80e-01
 -- Transform data      =       3.13e-03
 -- Create conic data   =       1.30e-03
 -- Create MIP data     =       5.17e-02
 -- Load/solve relax    =       1.78e-01
 - MIP-driven algorithm =       6.31e+00
 -- Solve conic model   =       5.46e-02

#STATUS# Optimal
#OBJVAL# 540.2875192721034
#OBJBOUND# 540.2875192721034
#TIMESOLVER# 6.593190908432007
#TIMEALL# 6.597200155258179
#SOLUTION# [0.0,0.0,0.0,0.0,0.0,0.0,0.0,0.0,0.0,0.0,0.0,0.0,0.0,0.0,0.0,0.0,0.0,0.0,0.0,0.0,0.0,0.0,0.0,0.0,0.0,0.0,0.0,0.0,0.0,0.0,0.0,0.0,0.0,0.0,0.0,0.0,0.0,0.0,0.0,0.0,0.0,0.0,0.0,0.0,0.0,0.0,0.0,0.0,0.0,0.0,0.0,0.0,0.0,0.0,0.0,0.0,0.0,0.0,0.0,0.0,0.0,0.0,0.0,0.0,0.0,0.0,0.0,0.0,0.0,0.0,0.0,0.0,0.0,0.0,0.0,0.0,0.0,0.0,0.0,0.0,0.0,0.0,0.0,0.0,0.0,0.0,0.0,0.0,0.0,0.0,0.0,0.0,0.0,0.0,0.0,0.0,0.0,0.0,0.0,0.0,0.0,0.0,0.0,0.0,0.0,0.0,0.0,0.0,0.0,0.0,0.0,0.0,0.0,0.0,0.0,0.0,0.0,0.0,0.0,0.0,0.0,0.0,0.0,0.0,0.0,0.0,0.0,0.0,0.0,0.0,0.0,0.0,0.0,0.0,0.0,0.0,0.0,0.0,0.0,0.0,0.0,0.0,0.0,0.0,0.0,0.0,0.0,0.0,0.0,0.0,0.0,0.0,0.0,0.0,0.0,0.0,0.0,0.0,0.0,0.0,0.0,0.0,0.0,0.0,0.0,0.0,0.0,0.0,0.0,0.0,0.0,0.0,0.0,0.0,0.0,0.0,0.0,0.0,0.0,0.0,0.0,0.0,0.0,0.0,0.0,0.0,0.0,0.0,0.0,0.0,0.0,0.0,0.0,0.0,0.0,0.0,0.0,0.0,0.0,0.0,0.0778756268754711,0.28349247531242583,0.34559732708950414,0.3974043345045881,0.1074481243159055,0.3978670618213609,0.13900728478540547,0.10572130819298016,0.23679241731098777,0.09938838303232529,0.05212949311147025,0.119300898659484,0.10290187921465856,0.15781939232090658,0.20719594572248295,0.07483115261600362,0.12375010064433781,0.10552396692301041,0.09230181052045663,0.12534397738950775,0.16388016457101406,0.07045476561313685,0.13094478149264221,0.11943465529367667,0.13423292911405127,0.11791110887421558,0.190444242174367,0.14924011841003287,0.08066761897602527,0.2135545485512359,0.28864464788134003,0.1106342187754234,0.10023097727955477,0.1815056072394942,0.1224449885486805,0.10437956002441878,0.20950869344724143,0.2224491483739186,0.15513012506195056,0.11350344901146979,0.08700434346055408,0.1157219223064872,0.2614111762045277,0.13584643453090423,0.09334913573784798,0.32916846840228964,0.11500522888659237,0.09516960453074402,0.07621880598780559,0.08864959400672197,0.21616793728697137,0.18188752975886258,0.19476620323109128,0.27586802527246995,0.11001037726138602,0.5420716392437028,0.057980454181760864,0.12045449113745144,0.10937100589186959,0.1339828752860257,0.12325224263098936,0.20123135909632406,0.1308004529349328,0.5298093390411556,0.15901873782316245,0.3184680691816567,0.10207878650004816,0.3370205143351914,0.07739309299994288,0.12125972732488985,0.17029678058899356,0.55573344264729,0.10834230299895528,0.08671223336094441,0.13196286418106898,0.17148298359926745,0.12679018091110994,0.07557799180352454,0.13553974713675238,0.4040981787942832,0.16445087336457015,0.11188076861221719,0.11026519567418269,0.042374296192944624,0.40134349558292315,0.27383723688146877,0.35285080094398646,0.1305351431541261,0.6423793959841563,0.07625102421768318,0.0657560420242064,0.14665599075322827,0.199200445750629,0.2822935630138591,0.32754249674117203,0.08803424239547009,0.1295913534670461,0.30894307057830467,0.09849504773723942,0.082841620072032,0.0,0.0,0.0,0.0,0.0,0.0,0.0,0.0,0.0,0.0,0.0,0.0,0.0,0.0,0.0,0.0,0.0,0.0,0.0,0.0,0.0,0.0,0.0,0.0,0.0,0.0,0.0,0.0,0.0,0.0,0.0,0.0,0.0,0.0,0.0,0.0,0.0,0.0,0.0,0.0,0.0,0.0,0.0,0.0,0.0,0.0,0.0,0.0,0.0,0.0,0.0,0.0,0.0,0.0,0.0,0.0,0.0,0.0,0.0,0.0,0.0,0.0,0.0,0.0,0.0,0.0,0.0,0.0,0.0,0.0,0.0,0.0,0.0,0.0,0.0,0.0,0.0,0.0,0.0,0.0,0.0,0.0,0.0,0.0,0.0,0.0,0.0,0.0,0.0,0.0,0.0,0.0,0.0,0.0,0.0,0.0,0.0,0.0,0.0,0.0,0.07654909390904807,0.1554565390061245,0.13156540971523706,0.10036146602394717,0.34052551513111223,0.12655965978696643,0.08995354503347261,0.0820766931929079,0.16592546628479898,0.18423049881941406,0.6549979092573909,0.18178254522405224,0.07586093266321958,0.09475855501562801,0.12858254418810333,0.5469818206131547,0.11266351977465314,0.10681598700846115,0.3708385240003216,0.25424853660444324,0.10605318936706191,0.5702973905433797,0.16626671686434844,0.10992656098479625,0.14844301453224648,0.3343071386315738,0.10956207808657838,0.15401338918514604,0.09276494507360078,0.12859107513471346,0.15246096636515105,0.19055093538585402,0.1460909296245772,0.1737446967966173,0.21657464911356863,0.25929974351331786,0.1655272088804392,0.10530120991287263,0.15468138837630047,0.1624579093527881,0.4234671099446955,0.18410891962120565,0.152456656629888,0.09203616450630533,0.45445994937364825,0.14648418931145518,0.1989755972026125,0.34528068432206216,0.2043212333347219,0.43900622599865347,0.12365174965102144,0.15864394390392839,0.17693914902664282,0.1542633462086252,0.1479057457427032,0.08511597406927633,0.6058878376318014,0.20398832447176454,0.15104688366977748,0.088220695045777,0.2721294183417768,0.10223123763767017,0.09574415801743422,0.08666846146982984,0.17021579400654685,0.10587552183459345,0.31219136464769587,0.1032889944752763,0.5017814135824917,0.0854365719443156,0.11984938429747924,0.0863512355935702,0.25744470519087426,0.13509696193226955,0.10105514106191632,0.16097455748103118,0.16709591657945388,0.12354371621085336,0.17966526712116324,0.10345277005112297,0.1856141960596214,0.18018773716191375,0.21891385338906671,0.08113280833497756,0.1176574754199815,0.11594839499403858,0.13868982541616504,0.09775218022734034,0.06557045019291098,0.1419626111550234,0.07384159935563735,0.2067010469821147,0.16581250347850224,0.11859576611019114,0.10450153336284602,0.46583374916894715,0.17137806152045987,0.1505386118054354,0.1427596131265273,0.0658383542787767,0.1948669842091454,0.16283323566862085,0.16366556430227702,0.20571538422075816,0.20397780162568563,0.15655007786647523,0.3061150583674237,0.4794129864919101,0.1587474072731796,0.33814494666482264,0.09420608206925818,0.25953628244607846,0.23929183166643597,0.29623798357771614,0.22944089226816772,0.11832463312734429,0.22983395827221811,0.2286844828349895,0.18670901762872216,0.22830998231816835,0.24009317622252585,0.11127604550795506,0.12347016413667306,0.2283510135640276,0.12490357359572048,0.1469816213650454,0.24251439422422813,0.13279752766338168,0.2521772019010502,0.22830919952143133,0.16230808558051985,0.1599602943657661,0.1025838177042786,0.14671185412910007,0.2480363031832988,0.2819439259308554,0.1533415328170261,0.2602354478498845,0.15450897943663866,0.26658485868128223,0.1866196525197653,0.26588034841418734,0.1617959456809992,0.39945509596817297,0.1443908767026424,0.1646898238729413,0.2660075458728852,0.2277478511791509,0.10577372457927356,0.17274456743323668,0.23029020457531715,0.25057988034837547,0.15174893263746245,0.16188777046093766,0.26593715414780433,0.1382833186140252,0.09877665042793062,0.2959715966254627,0.26970477967752415,0.280226902148102,0.1403242524016458,0.27850680384157456,0.2299163067799469,0.1408841245974627,0.13741129542330188,0.22513173597595304,0.2369715226418678,0.2285803366274023,0.11194524868712344,0.2388445458537887,0.23461087096473157,0.1245670159465547,0.1973766255973799,0.46036104554715757,0.45108266667073665,0.14158952856707202,0.34743807755234296,0.09264417820902633,0.12850755768651773,0.1980166807635499,0.14308899295155925,0.27454559709757753,0.31105937047410104,0.049131454576492845,0.16035936851903376,0.22268934406907567,0.1607680748914052,0.2285565973451902,0.10990680094413204,0.08563908405072058,0.65125932177592,0.14048386455613052,0.15085385957211603,0.21720213592256743,0.23787444704810473,0.15312804728868706,0.1233041699588099,0.16360057196783384,0.10051839920936212,0.19593907482092626,0.0,0.0,0.0,0.0,0.0,0.0,0.0,0.0,0.0,0.0,0.0,0.0,0.0,0.0,0.0,0.0,0.0,0.0,0.0,0.0,0.0,0.0,0.0,0.0,0.0,0.0,0.0,0.0,0.0,0.0,0.0,0.0,0.0,0.0,0.0,0.0,0.0,0.0,0.0,0.0,0.0,0.0,0.0,0.0,0.0,0.0,0.0,0.0,0.0,0.0,0.0,0.0,0.0,0.0,0.0,0.0,0.0,0.0,0.0,0.0,0.0,0.0,0.0,0.0,0.0,0.0,0.0,0.0,0.0,0.0,0.0,0.0,0.0,0.0,0.0,0.0,0.0,0.0,0.0,0.0,0.0,0.0,0.0,0.0,0.0,0.0,0.0,0.0,0.0,0.0,0.0,0.0,0.0,0.0,0.0,0.0,0.0,0.0,0.0,0.0,0.5807947299494616,0.13388969347236962,0.12724028506614396,0.16372738843921114,0.17475067706120087,0.13673991556685336,0.36896557484180403,0.2449528202086419,0.1279594406855851,0.24481609810610797,0.06748484032929902,0.3014659022402735,0.505068627458957,0.3486014893131786,0.3012288397879109,0.09422652405566612,0.4290889268027779,0.46306803878314956,0.12091963229882915,0.223958342211971,0.3807367972630143,0.08800484589142832,0.09434574882002578,0.44048703834991965,0.09218140975798617,0.12013881393489749,0.3413462181519284,0.09918704479468873,0.49377929209835797,0.29497165809319503,0.13232656399815623,0.10394064989084675,0.07688796012773916,0.11523583823697865,0.2600282419056577,0.16013468437107192,0.12048760165312004,0.29378511084505776,0.10752865834660166,0.3304186180397962,0.13363281995591472,0.29716078565667864,0.12660382065456394,0.2713917426010941,0.11884235123729775,0.1423462843754456,0.2775469977882042,0.1494298632176617,0.07420627071235014,0.13485133467014493,0.299008388465802,0.15043078132698856,0.12097871432867252,0.13056700970096485,0.35717226316950723,0.10858857035367686,0.07048830617558781,0.15559760237465278,0.34967052645802205,0.4048024975241483,0.11215611649475302,0.30371537663717396,0.44796587514480823,0.13144840051778894,0.10644486146215683,0.2247333618524166,0.18366321554505163,0.20396263808925683,0.08640682297652805,0.4674473384659838,0.35496260355811654,0.1007319277794134,0.12258583537975362,0.20491671447530727,0.20006793715032667,0.10789162194125293,0.16525371195205746,0.06426136562071151,0.09953072272964521,0.15017371518063793,0.11352789597029453,0.29955689409110947,0.16222902078212137,0.03594126173864176,0.12406676837105657,0.2568260672776881,0.13737971591662865,0.44633363049039954,0.08936494456478562,0.0639770930411494,0.134920023590629,0.11186884713565964,0.11784522540792497,0.2479783603972606,0.19946850782217543,0.12412188907264357,0.09490835514736441,0.13744885566940096,0.07538952063049854,0.590473803046386,0.0699135650568739,0.26432805654045916,0.23193141382683777,0.13279142681149536,0.17329788186609565,0.182283284958344,0.09595853697189419,0.08783619191355992,0.3105752684454486,0.13342007337733006,0.13118167523258176,0.13791437143011182,0.07687672899672891,0.10258257977257068,0.1335517780333352,0.16563586958783127,0.10466349450601306,0.0959075244503894,0.2292310155516705,0.16813916147590965,0.10923667257638392,0.15996695244410003,0.48497258868631044,0.10180073180757983,0.5002390729999956,0.2806613171942678,0.11613306736289805,0.4647619199467506,0.08061094195096581,0.13457351869942424,0.26425973617483284,0.43491390158210985,0.5742063152638504,0.3828020035978098,0.1529158172487943,0.19424208616033603,0.35113496320217324,0.11822908301826651,0.4281508487785086,0.1270351649146636,0.16927607411907042,0.1371280240014412,0.2977324008300212,0.1012705623935233,0.18895768694856363,0.2173112340378683,0.14246463024970576,0.18237199675038127,0.5394799653858487,0.1647482778912429,0.13088172002088802,0.25845786466184506,0.35556700077613096,0.27741384835700245,0.11897445967859917,0.12594049771931876,0.16686675158291925,0.22398798539066855,0.12020680430280681,0.09276702999594699,0.35213797013083503,0.11431522278725721,0.09557320712287788,0.11118967437376297,0.426909311284832,0.12579131115538017,0.16509511066533658,0.12714751647287317,0.2224734217539139,0.08701181641102199,0.12028036059067906,0.13261637803317167,0.3142505308330369,0.1129130446843212,0.11583139093595136,0.41806130841137634,0.1934221130050358,0.6439727481558842,0.4567567053259214,0.14425865521040593,0.3933180416539546,0.13382900303718206,0.19753255968052824,0.7914201791569432,0.196572892107005,0.13069895677772886,0.21031158283181464,0.09682244878294385,0.09277840831401511,0.6321701875354234,0.07422301325360717,0.39429025057286693,0.36628796579082773,0.13393017455612174,0.13061301502570186,0.16888207207425213,0.48081805990631976,0.2394688899790252,0.5828374192963727,0.06490714778187912,0.0,0.0,0.0,0.0,0.0,0.0,0.0,0.0,0.0,0.0,0.0,0.0,0.0,0.0,0.0,0.0,0.0,0.0,0.0,0.0,0.0,0.0,0.0,0.0,0.0,0.0,0.0,0.0,0.0,0.0,0.0,0.0,0.0,0.0,0.0,0.0,0.0,0.0,0.0,0.0,0.0,0.0,0.0,0.0,0.0,0.0,0.0,0.0,0.0,0.0,0.0,0.0,0.0,0.0,0.0,0.0,0.0,0.0,0.0,0.0,0.0,0.0,0.0,0.0,0.0,0.0,0.0,0.0,0.0,0.0,0.0,0.0,0.0,0.0,0.0,0.0,0.0,0.0,0.0,0.0,0.0,0.0,0.0,0.0,0.0,0.0,0.0,0.0,0.0,0.0,0.0,0.0,0.0,0.0,0.0,0.0,0.0,0.0,0.0,0.0,-0.0,-0.0,1.0,-0.0,1.0,1.0,-0.0,1.0,1.0,0.0,0.0,0.0,0.0,0.0,0.0,0.0,0.0,0.0,0.0,0.0,0.0,0.0,0.0,0.0,0.0,0.0,0.0,0.0,0.0,0.0,0.0,0.0,0.0,0.0,0.0,0.0,0.0,0.0,0.0,0.0,0.0,0.0,0.0,0.0,0.0,0.0,0.0,0.0,0.0,0.0,0.0,0.0,0.0,0.0,0.0,0.0,0.0,0.0,0.0,0.0,0.0,0.0,0.0,0.0,0.0,0.0,0.0,0.0,0.0,0.0,0.0,0.0,0.0,0.0,0.0,0.0,0.0,0.0,0.0,0.0,0.0,0.0,0.0,0.0,0.0,0.0,0.0,0.0,0.0,0.0,0.0,0.0,0.0,0.0,0.0,0.0,0.0,0.0,0.0,0.0,0.0,0.0,0.0,0.0,0.0,0.0,0.0,0.0,0.0,0.0,0.0,0.0,0.0,0.0,0.0,0.0,0.0,0.0,0.0,0.0,0.0,0.0,0.0,0.0,0.0,0.0,0.0,0.0,0.0,0.0,0.0,0.0,0.0,0.0,0.0,0.0,0.0,0.0,0.0,0.0,0.0,0.0,0.0,0.0,0.0,0.0,0.0,0.0,0.0,0.0,0.0,0.0,0.0,0.0,0.0,0.0,0.0,0.0,0.0,0.0,0.0,0.0,0.0,0.0,0.0,0.0,0.0,0.0,0.0,0.0,0.0,0.0,0.0,0.0,0.0,0.0,0.0,0.0,0.0,0.0,0.0,0.0,0.0,0.0,0.0,0.0,0.0,0.0,0.0,0.0,0.0,0.0,0.0,0.0,0.0,0.0,0.0,0.0,0.0,0.0,0.0,0.0,0.0,0.0,0.0,0.0,0.0,0.0,0.0,0.0,0.0060646012831153395,0.0803677610905578,0.11943734444596357,0.15792985356709008,0.011545022377358022,0.15829773529327107,0.01932293596115503,0.011176958922519464,0.05607035753642006,0.009878005412108176,0.002717478745357882,0.014232615791923614,0.010588767313798292,0.02490682165199068,0.042930137002109986,0.0055996786767113504,0.01531401204125657,0.011135265343302614,0.008519575015260628,0.015710985068354555,0.026856532760257262,0.004963855991792943,0.017146533618346615,0.014264571236291934,0.018018476839680164,0.013902853624314093,0.036268976937866265,0.022272605485846725,0.006507249579376456,0.04560554196581809,0.08331548652148182,0.012239796130674219,0.010046081425232195,0.03294408465391169,0.014992668564243194,0.010895024438482476,0.04389359558214881,0.049483580116695625,0.024065149559299948,0.012882963416563226,0.007569720712263944,0.013391483918044705,0.06833562476409552,0.018454165646076798,0.00871400738395825,0.1083516600315336,0.013226122380243871,0.00905720491080897,0.005809273251600466,0.007858712377399352,0.04672854538096802,0.033083034975568,0.03793362471430442,0.07610291197324465,0.012102224004766626,0.2938413464825732,0.003361724496856816,0.014509162111215917,0.011961958467834433,0.017951333137868397,0.015190859390743189,0.040494031640399414,0.017108680192943898,0.280697727820783,0.025286946601311505,0.10142156007673653,0.01042001890880409,0.1135824827260141,0.005989660748036557,0.014703866313873076,0.02900076606817298,0.30883951896646483,0.011737953110050658,0.007518986604279715,0.017414102837377238,0.029406134905861553,0.0160756174554898,0.005711994860947811,0.018371020584818515,0.16329489994620228,0.027044077726101873,0.012517237237013007,0.012158330694017366,0.0017950985961234429,0.16107642937459957,0.0749864281252565,0.12450343176412182,0.017039344227014502,0.41265088747970596,0.00581417314744892,0.004323849644731842,0.02150797623269088,0.03968062370181777,0.07968922972575157,0.1072837228784369,0.007749988689687376,0.016793887973962696,0.09544536894923666,0.009701118027042127,0.006862720881873674,0.0,0.0,0.0,0.0,0.0,0.0,0.0,0.0,0.0,0.0,0.0,0.0,0.0,0.0,0.0,0.0,0.0,0.0,0.0,0.0,0.0,0.0,0.0,0.0,0.0,0.0,0.0,0.0,0.0,0.0,0.0,0.0,0.0,0.0,0.0,0.0,0.0,0.0,0.0,0.0,0.0,0.0,0.0,0.0,0.0,0.0,0.0,0.0,0.0,0.0,0.0,0.0,0.0,0.0,0.0,0.0,0.0,0.0,0.0,0.0,0.0,0.0,0.0,0.0,0.0,0.0,0.0,0.0,0.0,0.0,0.0,0.0,0.0,0.0,0.0,0.0,0.0,0.0,0.0,0.0,0.0,0.0,0.0,0.0,0.0,0.0,0.0,0.0,0.0,0.0,0.0,0.0,0.0,0.0,0.0,0.0,0.0,0.0,0.0,0.0,0.00585975220482382,0.024166562009196507,0.017309005907076014,0.010072267721209172,0.11595744651123488,0.01601701319324686,0.008091602893797872,0.006736561819851938,0.02753122841565281,0.03394072108127899,0.4290220332326838,0.03304468789815154,0.005754865110614682,0.008979133675912049,0.016533291968580416,0.2991888978747877,0.01269300622228589,0.011409611787479235,0.13752106556905155,0.06464204077541011,0.011247205468015053,0.3252389389698155,0.02764444325139551,0.012083793199891169,0.02203512238493835,0.1117609161281031,0.012003753638463621,0.023719922389028345,0.008605314969718447,0.016535479346873105,0.02324415854022102,0.036309502815251166,0.021342428432932214,0.030187218941963634,0.04690454978232006,0.06723585835202237,0.027399254557849972,0.011088247421824016,0.023926056532971696,0.026392429852242244,0.1793240013964342,0.033895893272080646,0.023242844527619266,0.008470615134045012,0.20653338361639473,0.021457445538503123,0.03959104781941167,0.11921860572603246,0.04174716053010702,0.19272608134262562,0.015289590960822247,0.02516740510840168,0.03130746126467562,0.023796987778638812,0.021876002774050385,0.0072445561125239755,0.36709966081603107,0.04161121509879448,0.022815049539146676,0.007782857340615845,0.074054161630969,0.010451145112230859,0.009166901850338666,0.007511309125901533,0.028973151801419617,0.01120948984015499,0.0974632790107477,0.010668482228049586,0.25178426591425423,0.0072993804485688984,0.014363762318052947,0.007456194380582842,0.06627759157282345,0.01825112888697883,0.010212086017949401,0.025912784024576918,0.02792104292921721,0.015263030370703895,0.03227941509210458,0.010702263776377147,0.034452369132091334,0.03246744119860079,0.047923121629796755,0.006582517659367626,0.013842846228159345,0.013443863516542531,0.01923467496534087,0.009555444235464172,0.004299430782974872,0.020153366898509495,0.005452572440277248,0.04272509161717312,0.02749377882210316,0.01406476716520022,0.010920429332228337,0.21700071874510904,0.02937015544773249,0.022661520321970302,0.02037981371504155,0.004334680599057866,0.03797306649570106,0.026514657778331147,0.026786354764642334,0.04231858010146761,0.04160680292368535,0.024507920306843234,0.09370642801556756,0.22983657888724396,0.025200255930612137,0.11434187851224614,0.00887476856254138,0.06735864900985739,0.057260579868823575,0.08775672483108327,0.052642844474252895,0.014000661975022533,0.05282363198842757,0.05229658576624199,0.03486005579998558,0.05212522922008456,0.05764439820512665,0.012382313380240595,0.015244755421186057,0.05214417212394437,0.01560075965081396,0.021603579334530276,0.058813105054837146,0.017634954876727588,0.06359334090973634,0.052124920028553054,0.026343908764168616,0.025587278053073342,0.010523436655110324,0.021524240942702888,0.06152184239333097,0.07949217514889595,0.023513321434754,0.06772228647544053,0.023873019188379724,0.07106718510894736,0.03482684340689188,0.07069195551710558,0.026177926733569445,0.15956392774819456,0.02084859662120636,0.027122734025451484,0.07075955356858848,0.05186869991484894,0.011188016987732169,0.029840626871677656,0.05303329911456339,0.06278991979095336,0.02302757877440619,0.026207643802589886,0.0707223375112031,0.019122015987700636,0.009756801789695208,0.08759892468461791,0.07274043156277402,0.07852711441477275,0.019690891613235645,0.07756588737951445,0.052861497161499765,0.01984816512774043,0.018881569647461793,0.05068404827827483,0.05615505195427248,0.052248740760208884,0.012531675725932057,0.057046712984352044,0.05504177439006461,0.015516880888977402,0.03895751004411832,0.21193203855845083,0.20347514632462607,0.02004715965422513,0.12071299731858148,0.008582886675145646,0.016514054764677898,0.039210294090887776,0.02047416670196053,0.07537493551452945,0.0967577294414741,0.0024138943561982373,0.025715064582550906,0.04959039045940333,0.025846368526242808,0.052238106123843275,0.012079442378287314,0.007333995261316978,0.42413850224434163,0.01973555098335103,0.022756655890858235,0.04717661005943263,0.05658402016847827,0.0234480803953111,0.015203448124329694,0.026765138334441024,0.010103785683705707,0.038392047526651985,0.0,0.0,0.0,0.0,0.0,0.0,0.0,0.0,0.0,0.0,0.0,0.0,0.0,0.0,0.0,0.0,0.0,0.0,0.0,0.0,0.0,0.0,0.0,0.0,0.0,0.0,0.0,0.0,0.0,0.0,0.0,0.0,0.0,0.0,0.0,0.0,0.0,0.0,0.0,0.0,0.0,0.0,0.0,0.0,0.0,0.0,0.0,0.0,0.0,0.0,0.0,0.0,0.0,0.0,0.0,0.0,0.0,0.0,0.0,0.0,0.0,0.0,0.0,0.0,0.0,0.0,0.0,0.0,0.0,0.0,0.0,0.0,0.0,0.0,0.0,0.0,0.0,0.0,0.0,0.0,0.0,0.0,0.0,0.0,0.0,0.0,0.0,0.0,0.0,0.0,0.0,0.0,0.0,0.0,0.0,0.0,0.0,0.0,0.0,0.0,0.33732213985821746,0.01792632154986482,0.016189668318385718,0.02680663418571766,0.030537793460519047,0.018697414165827448,0.1361351213867242,0.06000188222582145,0.016373305023080723,0.05993462332199373,0.004554194779506804,0.0908815023346019,0.2550941363285305,0.12152284826198731,0.09073858714987176,0.008878601800562269,0.18411690309853632,0.21443173075330332,0.014621473007692204,0.05015731048227673,0.1449603520695659,0.007744824804632566,0.008900824509079475,0.19402846733425055,0.008497098977416379,0.01443315192715805,0.11651702625673385,0.009837942478639618,0.24381782934433327,0.08700811781753073,0.017510178380031202,0.010803540222651564,0.0059116599315286456,0.013278983395148382,0.06761444655118191,0.025642956776267295,0.014517074625735323,0.0863095090566321,0.011562014303932444,0.10917631254216242,0.017857647820966382,0.08830435103366083,0.016028398314207094,0.07365347202212222,0.014123417305924535,0.020262302114470793,0.07703213971004211,0.022329163886732895,0.005506539205457434,0.0181847941883527,0.08940578914237182,0.022628974189717627,0.014635441550971528,0.017047606624944492,0.1275718993175807,0.011791196099877194,0.004968588639540195,0.02421040970463692,0.12226934775432732,0.16386466663318397,0.012578782568432617,0.0922428791294228,0.20067307185765362,0.017278673110888876,0.01133033195352628,0.05050500464654009,0.03373198325033194,0.04160069898682914,0.00746610154062069,0.2185067385795602,0.12599824801965936,0.010146456477698573,0.015027157070827746,0.04199084220381896,0.0400271439161371,0.011640349760809708,0.027308564136606206,0.004129495652644866,0.009906032863580577,0.022552133287410625,0.012888398714775972,0.08973416422235306,0.026318076152000797,0.0012917728980329501,0.015392078906991367,0.065959243803214,0.018872997271618796,0.19921334844730973,0.007985994569048693,0.0040930363723447605,0.018203381522000073,0.012514217780258519,0.013887356356933828,0.06149282734356723,0.03978763123829371,0.015406165519136011,0.009007317379579632,0.018891893603849037,0.005683488205199483,0.3486589648978089,0.004887896925354407,0.06986918787494739,0.053791739520404364,0.01763328961518837,0.030031955375788816,0.0332270051600579,0.009207998290342495,0.0077151717045310375,0.0964567152359429,0.01780083438794558,0.01720859829472207,0.019020255392876384,0.005910015036036942,0.010523126987689313,0.017835884628967485,0.027435224238173073,0.010954393174574778,0.009198218345673304,0.05254650180135276,0.028270547954876213,0.011932572648170964,0.025589412761593155,0.23519821925280363,0.010363341305758333,0.25023892706251016,0.0787706241846456,0.01348678223910571,0.21600341002743267,0.006498108811631376,0.018109829030979796,0.06983306115136138,0.18914987931076346,0.3297127006023695,0.1465371765067146,0.023383080790513044,0.03772975203314766,0.12329552471363489,0.013977993294627483,0.18331290065310696,0.01613784603381105,0.028654256466364464,0.018803983484966813,0.08864441847500448,0.010255677839533961,0.03570496204266624,0.047224011175144666,0.020296047644544846,0.033259366222650466,0.29103831664249524,0.02714186329306642,0.017129840629183962,0.06680012976322416,0.12642763996825943,0.07695829980729109,0.014154852928668277,0.015860998455310416,0.027844441756835092,0.05017042002219278,0.014449605177281027,0.008605684597544266,0.12400087615711003,0.013067869078028954,0.009134196125303085,0.012362957525172608,0.1822512418182983,0.01582326155958963,0.02725623923605952,0.016166287628267245,0.0494944185010609,0.007571027799077812,0.014467251733863484,0.017586663245351034,0.09875322671942999,0.012749313586159633,0.013416838181184332,0.17477502416802165,0.0374119295453348,0.41470069215056204,0.20862647257276798,0.020810147512083155,0.15469875511169623,0.01791010310349131,0.03901909722386568,0.6263455528718125,0.03864041732330135,0.017082005361151897,0.044230773398998856,0.009374542927300583,0.008607726611188415,0.39963887358769407,0.005509046244399102,0.15546453353967396,0.13416662068277269,0.017937051137989185,0.01705953916521638,0.02852110352116778,0.231185744677535,0.05734504713270268,0.33969927877936934,0.00421292977114357,0.0,0.0,0.0,0.0,0.0,0.0,0.0,0.0,0.0,0.0,0.0,0.0,0.0,0.0,0.0,0.0,0.0,0.0,0.0,0.0,0.0,0.0,0.0,0.0,0.0,0.0,0.0,0.0,0.0,0.0,0.0,0.0,0.0,0.0,0.0,0.0,0.0,0.0,0.0,0.0,0.0,0.0,0.0,0.0,0.0,0.0,0.0,0.0,0.0,0.0,0.0,0.0,0.0,0.0,0.0,0.0,0.0,0.0,0.0,0.0,0.0,0.0,0.0,0.0,0.0,0.0,0.0,0.0,0.0,0.0,0.0,0.0,0.0,0.0,0.0,0.0,0.0,0.0,0.0,0.0,0.0,0.0,0.0,0.0,0.0,0.0,0.0,0.0,0.0,0.0,0.0,0.0,0.0,0.0,0.0,0.0,0.0,0.0,0.0,0.0,-0.0,-0.0,-0.0,-0.0,-0.0,-0.0,-0.0,-0.0,-0.0,-0.0,-0.0,-0.0,-0.0,-0.0,-0.0,-0.0,-0.0,-0.0,-0.0,-0.0,-0.0,-0.0,-0.0,-0.0,-0.0,-0.0,-0.0,-0.0,-0.0,-0.0,-0.0,-0.0,-0.0,-0.0,-0.0,-0.0,-0.0,-0.0,-0.0,-0.0,-0.0,-0.0,-0.0,-0.0,-0.0,-0.0,-0.0,-0.0,-0.0,-0.0,-0.0,-0.0,-0.0,-0.0,-0.0,-0.0,-0.0,-0.0,-0.0,-0.0,-0.0,-0.0,-0.0,-0.0,-0.0,-0.0,-0.0,-0.0,-0.0,-0.0,-0.0,-0.0,-0.0,-0.0,-0.0,-0.0,-0.0,-0.0,-0.0,-0.0,-0.0,-0.0,-0.0,-0.0,-0.0,-0.0,-0.0,-0.0,-0.0,-0.0,-0.0,-0.0,-0.0,-0.0,-0.0,-0.0,-0.0,-0.0,-0.0,-0.0,-0.0,-0.0,-0.0,-0.0,-0.0,-0.0,-0.0,-0.0,-0.0,-0.0,-0.0,-0.0,-0.0,-0.0,-0.0,-0.0,-0.0,-0.0,-0.0,-0.0,-0.0,-0.0,-0.0,-0.0,-0.0,-0.0,-0.0,-0.0,-0.0,-0.0,-0.0,-0.0,-0.0,-0.0,-0.0,-0.0,-0.0,-0.0,-0.0,-0.0,-0.0,-0.0,-0.0,-0.0,-0.0,-0.0,-0.0,-0.0,-0.0,-0.0,-0.0,-0.0,-0.0,-0.0,-0.0,-0.0,-0.0,-0.0,-0.0,-0.0,-0.0,-0.0,-0.0,-0.0,-0.0,-0.0,-0.0,-0.0,-0.0,-0.0,-0.0,-0.0,-0.0,-0.0,-0.0,-0.0,-0.0,-0.0,-0.0,-0.0,-0.0,-0.0,-0.0,-0.0,-0.0,-0.0,-0.0,-0.0,-0.0,-0.0,-0.0,-0.0,-0.0,-0.0,-0.0,-0.0,-0.0,-0.0,-0.0,-0.0,0.5,0.5,0.5,0.5,0.5,0.5,0.5,0.5,0.5,0.5,0.5,0.5,0.5,0.5,0.5,0.5,0.5,0.5,0.5,0.5,0.5,0.5,0.5,0.5,0.5,0.5,0.5,0.5,0.5,0.5,0.5,0.5,0.5,0.5,0.5,0.5,0.5,0.5,0.5,0.5,0.5,0.5,0.5,0.5,0.5,0.5,0.5,0.5,0.5,0.5,0.5,0.5,0.5,0.5,0.5,0.5,0.5,0.5,0.5,0.5,0.5,0.5,0.5,0.5,0.5,0.5,0.5,0.5,0.5,0.5,0.5,0.5,0.5,0.5,0.5,0.5,0.5,0.5,0.5,0.5,0.5,0.5,0.5,0.5,0.5,0.5,0.5,0.5,0.5,0.5,0.5,0.5,0.5,0.5,0.5,0.5,0.5,0.5,0.5,0.5,-0.0,-0.0,-0.0,-0.0,-0.0,-0.0,-0.0,-0.0,-0.0,-0.0,-0.0,-0.0,-0.0,-0.0,-0.0,-0.0,-0.0,-0.0,-0.0,-0.0,-0.0,-0.0,-0.0,-0.0,-0.0,-0.0,-0.0,-0.0,-0.0,-0.0,-0.0,-0.0,-0.0,-0.0,-0.0,-0.0,-0.0,-0.0,-0.0,-0.0,-0.0,-0.0,-0.0,-0.0,-0.0,-0.0,-0.0,-0.0,-0.0,-0.0,-0.0,-0.0,-0.0,-0.0,-0.0,-0.0,-0.0,-0.0,-0.0,-0.0,-0.0,-0.0,-0.0,-0.0,-0.0,-0.0,-0.0,-0.0,-0.0,-0.0,-0.0,-0.0,-0.0,-0.0,-0.0,-0.0,-0.0,-0.0,-0.0,-0.0,-0.0,-0.0,-0.0,-0.0,-0.0,-0.0,-0.0,-0.0,-0.0,-0.0,-0.0,-0.0,-0.0,-0.0,-0.0,-0.0,-0.0,-0.0,-0.0,-0.0,0.5,0.5,0.5,0.5,0.5,0.5,0.5,0.5,0.5,0.5,0.5,0.5,0.5,0.5,0.5,0.5,0.5,0.5,0.5,0.5,0.5,0.5,0.5,0.5,0.5,0.5,0.5,0.5,0.5,0.5,0.5,0.5,0.5,0.5,0.5,0.5,0.5,0.5,0.5,0.5,0.5,0.5,0.5,0.5,0.5,0.5,0.5,0.5,0.5,0.5,0.5,0.5,0.5,0.5,0.5,0.5,0.5,0.5,0.5,0.5,0.5,0.5,0.5,0.5,0.5,0.5,0.5,0.5,0.5,0.5,0.5,0.5,0.5,0.5,0.5,0.5,0.5,0.5,0.5,0.5,0.5,0.5,0.5,0.5,0.5,0.5,0.5,0.5,0.5,0.5,0.5,0.5,0.5,0.5,0.5,0.5,0.5,0.5,0.5,0.5,0.5,0.5,0.5,0.5,0.5,0.5,0.5,0.5,0.5,0.5,0.5,0.5,0.5,0.5,0.5,0.5,0.5,0.5,0.5,0.5,0.5,0.5,0.5,0.5,0.5,0.5,0.5,0.5,0.5,0.5,0.5,0.5,0.5,0.5,0.5,0.5,0.5,0.5,0.5,0.5,0.5,0.5,0.5,0.5,0.5,0.5,0.5,0.5,0.5,0.5,0.5,0.5,0.5,0.5,0.5,0.5,0.5,0.5,0.5,0.5,0.5,0.5,0.5,0.5,0.5,0.5,0.5,0.5,0.5,0.5,0.5,0.5,0.5,0.5,0.5,0.5,0.5,0.5,0.5,0.5,0.5,0.5,0.5,0.5,0.5,0.5,0.5,0.5,0.5,0.5,0.5,0.5,0.5,0.5,0.5,0.5,0.5,0.5,0.5,0.5,-0.0,-0.0,-0.0,-0.0,-0.0,-0.0,-0.0,-0.0,-0.0,-0.0,-0.0,-0.0,-0.0,-0.0,-0.0,-0.0,-0.0,-0.0,-0.0,-0.0,-0.0,-0.0,-0.0,-0.0,-0.0,-0.0,-0.0,-0.0,-0.0,-0.0,-0.0,-0.0,-0.0,-0.0,-0.0,-0.0,-0.0,-0.0,-0.0,-0.0,-0.0,-0.0,-0.0,-0.0,-0.0,-0.0,-0.0,-0.0,-0.0,-0.0,-0.0,-0.0,-0.0,-0.0,-0.0,-0.0,-0.0,-0.0,-0.0,-0.0,-0.0,-0.0,-0.0,-0.0,-0.0,-0.0,-0.0,-0.0,-0.0,-0.0,-0.0,-0.0,-0.0,-0.0,-0.0,-0.0,-0.0,-0.0,-0.0,-0.0,-0.0,-0.0,-0.0,-0.0,-0.0,-0.0,-0.0,-0.0,-0.0,-0.0,-0.0,-0.0,-0.0,-0.0,-0.0,-0.0,-0.0,-0.0,-0.0,-0.0,0.5,0.5,0.5,0.5,0.5,0.5,0.5,0.5,0.5,0.5,0.5,0.5,0.5,0.5,0.5,0.5,0.5,0.5,0.5,0.5,0.5,0.5,0.5,0.5,0.5,0.5,0.5,0.5,0.5,0.5,0.5,0.5,0.5,0.5,0.5,0.5,0.5,0.5,0.5,0.5,0.5,0.5,0.5,0.5,0.5,0.5,0.5,0.5,0.5,0.5,0.5,0.5,0.5,0.5,0.5,0.5,0.5,0.5,0.5,0.5,0.5,0.5,0.5,0.5,0.5,0.5,0.5,0.5,0.5,0.5,0.5,0.5,0.5,0.5,0.5,0.5,0.5,0.5,0.5,0.5,0.5,0.5,0.5,0.5,0.5,0.5,0.5,0.5,0.5,0.5,0.5,0.5,0.5,0.5,0.5,0.5,0.5,0.5,0.5,0.5,0.5,0.5,0.5,0.5,0.5,0.5,0.5,0.5,0.5,0.5,0.5,0.5,0.5,0.5,0.5,0.5,0.5,0.5,0.5,0.5,0.5,0.5,0.5,0.5,0.5,0.5,0.5,0.5,0.5,0.5,0.5,0.5,0.5,0.5,0.5,0.5,0.5,0.5,0.5,0.5,0.5,0.5,0.5,0.5,0.5,0.5,0.5,0.5,0.5,0.5,0.5,0.5,0.5,0.5,0.5,0.5,0.5,0.5,0.5,0.5,0.5,0.5,0.5,0.5,0.5,0.5,0.5,0.5,0.5,0.5,0.5,0.5,0.5,0.5,0.5,0.5,0.5,0.5,0.5,0.5,0.5,0.5,0.5,0.5,0.5,0.5,0.5,0.5,0.5,0.5,0.5,0.5,0.5,0.5,0.5,0.5,0.5,0.5,0.5,0.5,0.0,0.0,0.0,0.0,0.0,0.0,0.0,0.0,0.0,0.0,0.0,0.0,0.0,0.0,0.0,0.0,0.0,0.0,0.0,0.0,0.0,0.0,0.0,0.0,0.0,0.0,0.0,0.0,0.0,0.0,0.0,0.0,0.0,0.0,0.0,0.0,0.0,0.0,0.0,0.0,0.0,0.0,0.0,0.0,0.0,0.0,0.0,0.0,0.0,0.0,0.0,0.0,0.0,0.0,0.0,0.0,0.0,0.0,0.0,0.0,0.0,0.0,0.0,0.0,0.0,0.0,0.0,0.0,0.0,0.0,0.0,0.0,0.0,0.0,0.0,0.0,0.0,0.0,0.0,0.0,0.0,0.0,0.0,0.0,0.0,0.0,0.0,0.0,0.0,0.0,0.0,0.0,0.0,0.0,0.0,0.0,0.0,0.0,0.0,0.0,0.0]
WARNING: For the MIP-solver-driven algorithm, optimality tolerance must be specified as MIP solver option, not Pajarito option
WARNING: When using primal cuts, primal cut zero tolerance should be at least 1e-5 to avoid numerical issues
WARNING: For the MIP-solver-driven algorithm, optimality tolerance must be specified as MIP solver option, not Pajarito option
WARNING: When using primal cuts, primal cut zero tolerance should be at least 1e-5 to avoid numerical issues
