WARNING: Method definition require(Symbol) in module Base at loading.jl:345 overwritten in module ConicBenchmarkUtilities at /home/ubuntu/.julia/v0.5/Requires/src/require.jl:12.
error in running finalizer: CPLEX.CplexError(code=1804, msg="CPLEX Error  1804: Calling routines not allowed in informational callback.
")
#SOLVERNAME# PAJ_MSD_CPLEX_MOSEK_violonly
#SOLVER# Pajarito.PajaritoSolver(2,3600.0,1.0e-5,true,CPLEX.CplexSolver(Any[(:CPX_PARAM_THREADS,1),(:CPX_PARAM_TILIM,3600.0),(:CPX_PARAM_EPINT,1.0e-8),(:CPX_PARAM_EPRHS,1.0e-8),(:CPX_PARAM_SCRIND,0),(:CPX_PARAM_EPGAP,0.0)]),MathProgBase.DefaultMIPSolver(),0,false,true,Mosek.MosekMathProgSolverInterface.MosekSolver(Any[(:LOG,0),(:NUM_THREADS,1),(:OPTIMIZER_MAX_TIME,120.0)]),true,false,false,true,false,true,false,true,true,true,true,false,true,true,false,false,false,true,1.0e-10,0.0001,1.0e-6,0.01,1.0e-6)
#INSTANCE# shortfall_200_1.cbf.gz
#TIMELIMIT# 3600.0

Transforming original data......Done     0.01s

Creating conic model data......Done     0.01s

Creating MIP model......Done     0.03s

Cone types summary:
Cone       | Count    | Min dim  | Max dim 
       SOC |        2 |      201 |      201

Solving conic relaxation......Done     0.12s
 - Relaxation status    =        Optimal
 - Relaxation objective =      -1.151632

Creating conic subproblem model......Done     0.00s

Starting MIP-solver-driven outer approximation algorithm

Pajarito MICP solve summary:
 - Total time (s)       =       3.60e+03
 - Status               =      UserLimit
 - Best feasible obj.   =  -1.133978e+00
 - Final OA obj. bound  =  -1.144082e+00
 - Relative opt. gap    =      8.910e-03
 - Conic solve count    =             32
 - Feas. solution count =             24
 - Integer repeat count =             49

Timers (s):
 - Setup                =       1.80e-01
 -- Transform data      =       1.05e-02
 -- Create conic data   =       6.38e-03
 -- Create MIP data     =       2.68e-02
 -- Load/solve relax    =       1.23e-01
 - MIP-driven algorithm =       3.60e+03
 -- Solve conic model   =       4.53e-01
 -- Process conic data  =       2.21e-02
 -- Add conic solution  =       1.04e-03
 -- Add dual cuts       =       2.41e-02
 -- Use outer inf/cuts  =       6.49e-02

#STATUS# UserLimit
#OBJVAL# -1.1339778360592028
#OBJBOUND# -1.1440820092227035
#TIMESOLVER# 3600.028111934662
#TIMEALL# 3600.0283761024475
#SOLUTION# [0.0,0.0,0.0,0.0,0.0,0.0,0.0,0.0,0.0,0.0,0.0,0.0,0.0,0.0,0.0,0.0,0.0,0.0,0.0,0.0,0.07045720718616355,0.0,0.0,0.0,0.0,0.0,0.0,0.0,0.0,0.0,0.0,0.0,0.0,0.0,0.0,0.0,0.0,0.0,0.0,0.0,0.0,0.0,0.0,0.0,0.0,0.0,0.0,0.0,0.0,0.0,0.0,0.0,0.0,0.0,0.0,0.0,0.0,0.0,0.0,0.0,0.08909756562184759,0.0,0.0,0.0,0.0,0.0,0.0,0.0,0.0,0.0,0.0,0.0,0.0,0.03494363605844232,0.0,0.0,0.0,0.0,0.0,0.0,0.0,0.0,0.0,0.0,0.0,0.0,0.1952403632796877,0.0,0.0,0.0,0.0,0.0,0.0,0.0,0.0,0.0,0.0,0.0,0.0,0.0,0.0,0.0,0.0,0.0,0.0,0.0,0.07146717584687888,0.0,0.0,0.0,0.0,0.0,0.0,0.0,0.0,0.0,0.0,0.0,0.0,0.0,0.0,0.0,0.0,0.0,0.0,0.0,0.0,0.0,0.0,0.0,0.0,0.0,0.10666984497768803,0.0,0.0,0.0,0.0,0.0,0.0,0.0,0.0,0.0,0.0,0.0,0.0,0.0,0.0,0.0,0.0,0.0,0.0,0.0,0.09217092407680792,0.0,0.0,0.0,0.0,0.0,0.0,0.0,0.0,0.0,0.0,0.0,0.0,0.0,0.0,0.0,0.0,0.010372504230659982,0.20944422274828872,0.0,0.0,0.0,0.0,0.0,0.0,0.0,0.0,0.0,0.0,0.0,0.0,0.0,0.0,0.0,0.0,0.0,0.0,0.0,0.0,0.0,0.0,0.0,0.0,0.0,0.1201365535710635,0.0,0.0,0.0,0.0,0.0,0.0,0.0,0.0,0.0,0.0,0.0,0.0,0.0,0.0,0.0,0.0,0.0,0.0,0.0,0.0,0.0,0.0,0.0,0.0,0.0,1.0,0.0,0.0,0.0,0.0,0.0,0.0,0.0,0.0,0.0,0.0,0.0,0.0,0.0,0.0,0.0,0.0,0.0,0.0,0.0,0.0,0.0,0.0,0.0,0.0,0.0,0.0,0.0,0.0,0.0,0.0,0.0,0.0,0.0,0.0,0.0,0.0,0.0,0.0,0.0,1.0,0.0,0.0,0.0,0.0,0.0,0.0,0.0,0.0,0.0,0.0,0.0,0.0,1.0,0.0,0.0,0.0,0.0,0.0,0.0,0.0,0.0,0.0,0.0,0.0,0.0,1.0,0.0,0.0,0.0,0.0,0.0,0.0,0.0,0.0,0.0,0.0,0.0,0.0,0.0,0.0,0.0,0.0,0.0,0.0,0.0,1.0,0.0,0.0,0.0,0.0,0.0,0.0,0.0,0.0,0.0,0.0,0.0,0.0,0.0,0.0,0.0,0.0,0.0,0.0,0.0,0.0,0.0,0.0,0.0,0.0,0.0,1.0,0.0,0.0,0.0,0.0,0.0,0.0,0.0,0.0,0.0,0.0,0.0,0.0,0.0,0.0,0.0,0.0,0.0,0.0,0.0,1.0,0.0,0.0,0.0,0.0,0.0,0.0,0.0,0.0,0.0,0.0,0.0,0.0,0.0,0.0,0.0,0.0,1.0,1.0,0.0,0.0,0.0,0.0,0.0,0.0,0.0,0.0,0.0,0.0,0.0,0.0,0.0,0.0,0.0,0.0,0.0,0.0,0.0,0.0,0.0,0.0,0.0,0.0,0.0,1.0,0.0,0.0,0.0,0.0,0.009179073308556667,0.005696957042784113,0.003047111624466452,0.015192453108998706,0.006984150091541746,0.004675378286721422,0.00405104132812979,0.00712757635290568,0.002551403874511444,0.001956044892450219,0.019951465919652262,0.0024652529887406946,0.015589199287577455,0.005832653902537256,0.005122283762621535,0.012040700824821468,0.0038481282785001636,0.008358081140667193,0.019413455455170654,0.0041470652128278674,0.06994621963967738,0.0062887362621583745,0.007186263457819392,0.010262102019735847,0.004883495631880147,0.0024282942260747875,0.0018934108473330187,0.003831002891203663,0.003358202509709227,0.002415215671250504,0.0013876612809218991,0.0015673627798860818,0.0016765566494672808,0.005096263388472047,0.003990222754455234,0.0030307807114621967,0.005095575384345538,0.013932306782069663,0.0075194474009212895,0.00251031751493391,0.009324573300348086,0.0031696338040301157,0.003936500039638511,0.010403757459855011,0.0005404991667291916,0.021592135157371475,0.0075208224482340505,0.0062931416195313615,0.006911186197521744,0.008035906845891084,-0.00018726234399724388,0.007739679572134994,0.006181583409632468,0.0027363920534175822,0.007912847971242396,0.00280023515610382,0.007445891511606765,0.00901449732821388,0.004234949093650203,0.007597600665842921,0.04710673555816723,0.007157882970838993,0.004000152791453679,0.008813121188684735,0.011270131095436902,0.006105573480735346,0.003914495410477983,0.0055361595380468065,0.016086629939697884,0.006456053992804983,0.004044115259325616,0.020853556513309043,0.0026794340005628016,0.03547381816637957,0.0006224546978842475,0.019545550770646895,0.004994028460539356,-0.0005698445765965973,0.00150976783291904,0.012515332135659423,-0.00036953229965805856,0.007440227696807395,0.0057189634277786845,-0.0042376507476318374,0.01755197029016338,0.01380528769270974,0.07124141219668396,0.008469602973555472,0.002002023765706399,0.011606316687363743,0.006683614088893173,0.002785026778779089,0.0028929040123086944,0.012687282832419695,0.0038179306009888036,0.006547363060607222,0.004463177695010753,0.019639421325201745,0.009145757059037824,0.006815448712275449,0.00038170236096312515,0.0059429904871207495,0.01655545353515934,0.012245282341362147,0.008681078866634733,0.006477497504745753,0.032829511355674794,0.01999858812682306,0.0043161093560150875,0.002162115015343795,0.008754777986742355,0.005294962770906258,0.0025531641658649543,0.014533701281343419,0.004081344780803073,0.004671339125394441,0.009652740493557153,0.014814412731661541,0.00695944819263668,0.007551065404855836,0.0034648643400911018,0.001384773966386445,0.008561726015348308,0.014137331515857358,0.003986230304313613,0.019380762874079346,0.011560736352653063,0.017349661862110687,0.004117305955126827,0.009355900130587565,0.008146512770871844,0.007294171062076753,0.039549799708479445,0.0024817850610573395,0.009678827193905287,0.0012238443035634688,0.0019420836760618747,0.004332740251033969,0.00968500359938913,0.0039720025417969715,0.003129911781910432,-0.0003409547666149708,0.002278164715679346,0.01492879557925482,0.010041381289019104,0.005395819186757369,0.0042535651172366145,0.009105370157048992,0.0069895941425980376,0.006589608565902847,0.003476943554571042,0.0064731836622210406,0.05326681266209989,0.01030114903015778,0.0034665701869026205,0.006301688266891925,0.002306876901960846,0.007176836971069711,0.012510471598580174,0.008280325718142623,0.0018028392691344965,0.00817401544557279,0.0032340991143273317,0.0038923916911267993,0.005777522698814208,0.0048635560854402874,0.01574418112592884,0.004663449690030166,0.005807432936872232,0.02428801361332275,0.040320944028747835,0.006978202857617929,0.004932767231444568,0.010857119224792969,0.007279924819223671,0.010013884710204304,0.009567604231605766,-0.00014482606198586886,0.00876421417443171,0.009229325710583292,0.00918493800305706,-0.0016968984964215732,0.00781764634501501,-0.008096370780522737,0.009905401289978978,0.0008418538106784356,0.007313294804906049,0.01080212054977029,0.012545822273530483,0.004355356810568012,0.003292242649177753,0.012620081781692827,0.00980280293783873,0.00758648176531949,0.001675722997731458,0.0012731811701558757,0.05524593342828512,0.0035666701955992487,0.0015529382088988926,0.005021369206195177,0.23397784302661057,0.020512688831065492,0.012731122541721903,0.006809451291043229,0.03395092867608205,0.015607642816316422,0.010448176710513074,0.009052956373060007,0.01592816082206344,0.005701681640215849,0.004371219062291642,0.04458600540507061,0.005509158250193754,0.034837546598583576,0.013034367472750129,0.011446886782374667,0.026907634467205278,0.00859950185690878,0.018677998519327978,0.04338370089392077,0.009267543183679137,0.15631044552729548,0.014053585341330365,0.016059310261292214,0.02293295830771796,0.010913261387181872,0.0054265656430712485,0.004231249303193276,0.008561231354871341,0.007504653334653884,0.005397338691848583,0.0031010389720274936,0.0035026220961540473,0.0037466401784830503,0.011388738446733618,0.008917043690199697,0.006772956219505524,0.011387200947654436,0.031134850340791803,0.016803884176179118,0.005609864996453473,0.020837841051414993,0.007083254457695049,0.008796988288741463,0.023249519018443472,0.0012078660720841467,0.04825244714864955,0.016806957026761927,0.014063430095064824,0.015444588703518659,0.017958028122095446,-0.00041847952046131844,0.01729604213636516,0.013814128365901058,0.006115079030826373,0.017683025589356922,0.0062577506991795834,0.01663950711785859,0.0201449070568335,0.009463939338521058,0.01697853509666243,0.10527051869861731,0.0159958877264562,0.008939234575548375,0.01969488710921288,0.025185624352528163,0.013644267208627419,0.008747814031925516,0.012371784613711356,0.0359491664589273,0.014427494168730116,0.009037478526126259,0.04660192825648999,0.005987793543939231,0.07927416736021194,0.001391014005285072,0.043678897370770166,0.011160271672809407,-0.0012734449422101112,0.0033739133267484873,0.027968304107252283,-0.0008258024333638955,0.01662685005842273,0.012780300722362295,-0.009469976787257821,0.03922379665879679,0.030850997824350655,0.15920484249362307,0.01892721895593976,0.004473969120838254,0.025936906122496106,0.014936028013928168,0.006223764184663856,0.006464839949292134,0.02835256633346104,0.008532018403203098,0.014631544668456712,0.009973967107514818,0.04388867208398697,0.02043823623232928,0.015230641916273274,0.0008529991530378158,0.013280939207963275,0.03699685745980615,0.027364817545574967,0.019399809057770598,0.014475414484759613,0.07336487336666284,0.044691310498068314,0.00964531006635925,0.004831728763582845,0.019564506197730345,0.011832776582671272,0.005705615404657283,0.032478800629310065,0.009120676204264695,0.010439150302413453,0.021571203918277503,0.03310611304366694,0.015552440907277192,0.016874541665904637,0.007743013010003845,0.003094586623061285,0.019133088463106893,0.03159302388700547,0.0089081216692404,0.043310642021103664,0.025835046687189094,0.038771693301836406,0.009201039477717601,0.020907847848621784,0.01820520175753095,0.016300453896215455,0.08838285821369461,0.0055461028569793866,0.021629500474345524,0.0027349533592192507,0.004340019606848495,0.009682475514696424,0.021643303031875664,0.008876326556915596,0.0069944867302115035,-0.0007619395553607812,0.005091067731150541,0.03336172705542171,0.022439708553654663,0.012058162763479206,0.009505540999361484,0.020347982683203175,0.015619808763385722,0.014725951683098612,0.007770006711900347,0.014465774240175915,0.11903658642274775,0.023020217570899927,0.007746825106287797,0.014082529487665524,0.005155231522055141,0.01603824467219208,0.027957442152128024,0.018504236666268527,0.004028846888672668,0.018266662625710972,0.007227316588016343,0.008698418335209063,0.012911164488348911,0.010868702018637428,0.03518388812143707,0.010421519597625795,0.012978005593799807,0.05427698949410688,0.09010615238775249,0.015594352393698151,0.011023369777763432,0.024262657109355285,0.016268617486441525,0.0223782613073497,0.02138094793115501,-0.00032364617240404224,0.01958559346595974,0.02062498904453223,0.020525794801469804,-0.0037920985773530758,0.01747027629922862,-0.01809314828523988,0.02213583088200559,0.0018813103108783443,0.01634319016964818,0.02413975029043236,0.02803644112918027,0.009733017267087704,0.007357251298751831,0.02820239058089583,0.021906551955581943,0.01695368743134761,0.0037447771973459173,0.0028452076035651907,0.12345937367862242,0.007970520926450647,0.0034703871712962824,0.011221370673813505,0.43397785257807103]
WARNING: For the MIP-solver-driven algorithm, optimality tolerance must be specified as MIP solver option, not Pajarito option
WARNING: For the MIP-solver-driven algorithm, optimality tolerance must be specified as MIP solver option, not Pajarito option
WARNING: Not solved to optimality, status: UserLimit
