#SOLVERNAME# BONMIN_OADIS
#SOLVER# ConicNonlinearBridge.ConicNLPWrapper(AmplNLWriter.AmplNLSolver("/home/ubuntu/.julia/v0.5/CoinOptServices/deps/usr/lib/../bin/bonmin",String["bonmin.algorithm=\"B-OA\"","bonmin.time_limit=3600.0","halt_on_ampl_error=yes","bonmin.allowable_fraction_gap=1.0e-5","bonmin.oa_log_level=1","bonmin.bb_log_level=1"],""),false,true,false)
#FILENAME# robust_50_2.cbf.gz
#INSTANCE# robust_50_2
#TIMELIMIT# 3600.0
#STATUS# Optimal
#OBJVAL# -0.143655394977827
#OBJBOUND# NaN
#TIMESOLVER# 2.289337158203125
#TIMEALL# 11.256397008895874
#SOLUTION# [0.143655,0.0,0.0,0.0,0.0312498,1.0,0.0,0.0,0.0,0.0,0.0,0.0,0.0,0.0,0.0,0.0,0.0,0.0,0.0,0.0,0.0,0.0,0.0,0.0,0.0,0.0,8.8819e-9,0.0,0.0,0.0,0.304229,1.0,0.0,0.0,0.0,0.0,0.0,0.0,0.0,0.0,0.0,0.0,0.0,0.0,0.22359,1.0,0.0,0.0,0.0,0.0,0.0452916,1.0,0.0,0.0,0.0,0.0,0.0216408,1.0,0.0,0.0,0.0,0.0,9.4902e-9,0.0,0.0,0.0,0.0,0.0,0.0,0.0,0.0,0.0,0.0,0.0,0.104918,1.0,0.00673164,1.0,0.0,0.0,0.0235329,1.0,0.0,0.0,0.0,0.0,0.0,0.0,0.0127038,1.0,0.0,0.0,0.0,0.0,0.0,0.0,0.0,0.0,0.0,0.0,0.226112,1.0,1.0,0.0117182,0.026665,0.0128813,0.0135708,0.0134975,0.0107423,0.00905855,0.0145253,0.0461561,0.0203689,0.0153689,0.0262876,0.00299072,0.00811082,0.071801,0.00617946,0.0203448,0.0184752,0.0164431,0.015899,0.0115935,0.117281,0.00763251,0.00982987,0.0369324,0.00432298,0.0123781,0.015377,0.0113324,0.0336241,0.0173288,0.0108205,-0.000930547,0.00434999,0.0073553,0.0127975,0.0564818,0.0226264,0.0161481,0.0103548,0.0123684,0.0077147,0.0241079,0.0254059,0.0224418,0.0168637,0.0118054,0.0165493,0.027473,0.0547361,0.0,0.2,0.00304448,0.00692777,0.00334667,0.0035258,0.00350674,0.00279093,0.00235348,0.00377379,0.0119917,0.00529199,0.00399295,0.00682971,0.000777011,0.00210725,0.0186544,0.00160547,0.00528574,0.00479999,0.00427205,0.00413068,0.00301209,0.0304705,0.00198298,0.00255388,0.00959531,0.00112314,0.00321592,0.00399505,0.00294424,0.0087358,0.00450216,0.00281125,-0.000241763,0.00113016,0.00191096,0.0033249,0.0146744,0.00587851,0.00419541,0.00269025,0.00321341,0.00200434,0.00626342,0.00660065,0.00583055,0.00438131,0.00306712,0.00429963,0.0071377,0.0142209,0.0,0.0519613,0.2,0.0117182,0.026665,0.0128813,0.0135708,0.0134975,0.0107423,0.00905855,0.0145253,0.0461561,0.0203689,0.0153689,0.0262876,0.00299072,0.00811082,0.071801,0.00617946,0.0203448,0.0184752,0.0164431,0.015899,0.0115935,0.117281,0.00763251,0.00982987,0.0369324,0.00432298,0.0123781,0.015377,0.0113324,0.0336241,0.0173288,0.0108205,-0.000930547,0.00434999,0.0073553,0.0127975,0.0564818,0.0226264,0.0161481,0.0103548,0.0123684,0.0077147,0.0241079,0.0254059,0.0224418,0.0168637,0.0118054,0.0165493,0.027473,0.0547361,0.0,0.0519613,0.00304448,0.00692777,0.00334667,0.0035258,0.00350674,0.00279093,0.00235348,0.00377379,0.0119917,0.00529199,0.00399295,0.00682971,0.000777011,0.00210725,0.0186544,0.00160547,0.00528574,0.00479999,0.00427205,0.00413068,0.00301209,0.0304705,0.00198298,0.00255388,0.00959531,0.00112314,0.00321592,0.00399505,0.00294424,0.0087358,0.00450216,0.00281125,-0.000241763,0.00113016,0.00191096,0.0033249,0.0146744,0.00587851,0.00419541,0.00269025,0.00321341,0.00200434,0.00626342,0.00660065,0.00583055,0.00438131,0.00306712,0.00429963,0.0071377,0.0142209,0.0]
