#SOLVERNAME# PAJ_CBC_CIP
#SOLVER# Pajarito.PajaritoSolver(2,3600.0,1.0e-5,false,Cbc.CbcMathProgSolverInterface.CbcSolver(Any[(:logLevel,0),(:ratioGap,0.0),(:seconds,3600.0)]),MathProgBase.DefaultMIPSolver(),0,false,true,ConicIP.ConicIPSolver(true,Any[(:verbose,false)]),true,false,false,true,false,true,false,true,true,true,true,false,false,true,false,false,false,false,1.0e-10,0.0001,1.0e-6,0.01,1.0e-6)
#FILENAME# turbine07_lowb.cbf.gz
#INSTANCE# turbine07_lowb
#TIMELIMIT# 3600.0
#STATUS# Optimal
#OBJVAL# 0.899311938479879
#OBJBOUND# 0.8993113932210424
#TIMESOLVER# 2.231290817260742
#TIMEALL# 2.2315900325775146
#SOLUTION# [0.899312,-0.00010933,118.47,1.06997,-0.209302,0.534334,-1.90384,-0.236777,-1.7001,0.256325,1.15684,0.0007,1.78559e-16,-1.19032e-16,0.0007,0.000189154,-0.000673959,0.0007,0.000222235,0.000170426,0.0007,-2.12519e-17,1.70057e-17,0.0007,-0.000406743,0.00045179,0.0007,-4.24908e-17,-4.48386e-18,0.0007,-5.50707e-19,-1.63603e-18,0.0007,9.28014e-18,-2.55559e-17,0.0007,-2.28904e-17,-3.68276e-17,0.0004,0.000123826,-0.000360828,0.0007,1.80775e-17,2.4762e-17,0.0899312,0.0477329,-0.00698155,0.0899312,0.064014,0.0336897,0.179862,0.0135875,-0.179348,0.179862,-0.0128815,-0.102712,0.449656,0.276948,0.117622,0.449656,-0.359065,0.190137,0.899312,0.492729,-0.000104115,0.0899312,0.0400017,0.0052393,0.0899312,0.0546928,0.052719,0.179862,-0.08,0.0132336,0.179862,-0.0947148,0.152904,0.449656,-0.2,0.162397,0.449656,0.0320275,0.448514,0.899312,-0.668748,-0.60128,1.0,0.0,0.0,0.0,1.0,0.0,0.0,0.0,0.0,0.0,0.0,1.0,0.0,0.0,0.0,1.0,1.0,0.0,0.0,0.0,0.0,1.0,0.0,0.0,1.0,0.0,0.0,0.0,1.0,0.0,0.0,0.0,1.0,0.0,0.0,0.0,0.0,1.0,0.0,0.0,0.0,0.0,1.0,0.0,0.0,1.0,0.0,0.0,0.0,0.0,1.0,0.0,0.0,1.0,0.0,0.0,0.00773289,0.352267,0.393018,0.406982,0.024014,0.335986,0.43369,0.36631,0.813587,0.786413,0.620652,0.0993484,0.787119,0.812881,0.697288,0.0227118,0.0769481,1.72305,2.11762,1.88238,1.64094,0.159065,2.19014,1.80986,0.0927285,3.50727,3.9999,4.0001,1.72513e-6,0.359998,0.405239,0.394761,0.0146928,0.345307,0.452719,0.347281,0.72,2.39512e-8,0.813234,0.786766,0.705285,0.894715,0.0729038,0.647096,1.8,1.63558e-7,2.1624,1.8376,2.03203,1.96797,0.248514,1.55149,3.33125,0.268748,3.39872,4.60128,2.61891e-16,8.67638e-17,-2.05668e-16,3.15539e-17,6.86932e-17,3.33338e-16,7.09912e-16,4.41782e-16,2.55831e-16,-1.01054e-16,-8.33142e-17,-1.66294e-22,-5.88135e-18,0.0]
