#SOLVERNAME# PAJ_CBC_ECOS
#SOLVER# Pajarito.PajaritoSolver(2,3600.0,1.0e-5,false,Cbc.CbcMathProgSolverInterface.CbcSolver(Any[(:logLevel,0),(:ratioGap,0.0),(:seconds,3600.0)]),MathProgBase.DefaultMIPSolver(),0,false,true,ECOS.ECOSSolver(Any[(:verbose,false)]),true,false,false,true,false,true,false,true,true,true,true,false,false,true,false,false,false,false,1.0e-10,0.0001,1.0e-6,0.01,1.0e-6)
#FILENAME# ck_n75_m10_o1_5.cbf.gz
#INSTANCE# ck_n75_m10_o1_5
#TIMELIMIT# 3600.0
#STATUS# Optimal
#OBJVAL# 30802.0
#OBJBOUND# 30802.0
#TIMESOLVER# 53.82816815376282
#TIMEALL# 53.82851982116699
#SOLUTION# [0.0,1.0,1.0,1.0,1.0,1.0,0.0,1.0,0.0,0.0,1.0,0.0,1.0,0.0,1.0,0.0,1.0,0.0,1.0,0.0,1.0,1.0,1.0,1.0,1.0,0.0,1.0,0.0,1.0,1.0,1.0,1.0,1.0,1.0,1.0,1.0,0.0,0.0,1.0,0.0,0.0,1.0,0.0,0.0,1.0,1.0,1.0,0.0,1.0,1.0,1.0,0.0,0.0,0.0,0.0,1.0,1.0,0.0,1.0,1.0,0.0,1.0,1.0,1.0,1.0,1.0,1.0,1.0,1.0,1.0,0.0,1.0,0.0,0.0,1.0,0.0,3.69256e-15,9.0,3.0,3.69256e-15,3.69256e-15,3.69256e-15,3.69256e-15,3.69256e-15,3.69256e-15,3.69256e-15,3.69256e-15,3.69256e-15,3.69256e-15,3.69256e-15,3.69256e-15,3.69256e-15,3.69256e-15,3.69256e-15,81.0,3.69256e-15,3.69256e-15,3.69256e-15,3.69256e-15,3.69256e-15,35.0,3.69256e-15,3.69256e-15,3.69256e-15,3.69256e-15,3.69256e-15,3.69256e-15,3.69256e-15,1.0,3.69256e-15,3.69256e-15,3.69256e-15,3.69256e-15,3.69256e-15,3.69256e-15,3.69256e-15,3.69256e-15,3.69256e-15,3.69256e-15,3.69256e-15,3.69256e-15,3.69256e-15,3.69256e-15,3.69256e-15,40.0,3.69256e-15,3.69256e-15,3.69256e-15,3.69256e-15,3.69256e-15,3.69256e-15,3.69256e-15,3.69256e-15,3.69256e-15,3.69256e-15,3.69256e-15,3.69256e-15,2.0,3.69256e-15,3.69256e-15,3.69256e-15,3.69256e-15,3.69256e-15,63.0,3.69256e-15,3.69256e-15,3.69256e-15,3.69256e-15,3.69256e-15,3.69256e-15,20.0,117.805,3.69256e-15,31.0,21.0,3.69256e-15,3.69256e-15,3.69256e-15,3.69256e-15,3.69256e-15,3.69256e-15,3.69256e-15,3.69256e-15,3.69256e-15,3.69256e-15,3.69256e-15,3.69256e-15,3.69256e-15,3.69256e-15,3.69256e-15,3.69256e-15,3.69256e-15,3.69256e-15,3.69256e-15,3.69256e-15,3.69256e-15,3.69256e-15,3.69256e-15,3.69256e-15,3.69256e-15,3.69256e-15,3.69256e-15,3.69256e-15,3.69256e-15,3.69256e-15,3.69256e-15,3.69256e-15,3.69256e-15,3.69256e-15,3.69256e-15,3.69256e-15,3.69256e-15,3.69256e-15,3.69256e-15,3.69256e-15,3.69256e-15,13.0,3.69256e-15,3.69256e-15,3.69256e-15,3.69256e-15,3.69256e-15,70.0,3.69256e-15,3.69256e-15,3.69256e-15,3.69256e-15,3.69256e-15,3.69256e-15,3.69256e-15,3.69256e-15,3.69256e-15,3.69256e-15,3.69256e-15,3.69256e-15,3.69256e-15,3.69256e-15,3.69256e-15,3.69256e-15,3.69256e-15,9.0,3.69256e-15,3.69256e-15,3.69256e-15,3.69256e-15,3.69256e-15,3.69256e-15,86.4564,3.69256e-15,3.69256e-15,3.69256e-15,3.69256e-15,3.69256e-15,3.69256e-15,3.69256e-15,3.69256e-15,3.69256e-15,3.69256e-15,3.69256e-15,3.69256e-15,18.0,3.69256e-15,3.69256e-15,3.69256e-15,3.69256e-15,3.69256e-15,3.69256e-15,3.69256e-15,3.69256e-15,22.0,3.69256e-15,3.69256e-15,3.69256e-15,3.69256e-15,3.69256e-15,3.69256e-15,3.69256e-15,3.69256e-15,3.69256e-15,3.69256e-15,3.69256e-15,12.0,3.69256e-15,3.69256e-15,3.69256e-15,3.69256e-15,3.69256e-15,3.69256e-15,3.69256e-15,3.69256e-15,3.69256e-15,3.69256e-15,3.69256e-15,3.69256e-15,3.69256e-15,3.69256e-15,3.69256e-15,3.69256e-15,3.69256e-15,3.69256e-15,3.69256e-15,3.69256e-15,3.69256e-15,3.69256e-15,3.69256e-15,3.69256e-15,3.69256e-15,3.69256e-15,3.69256e-15,3.69256e-15,10.0,34.0,3.69256e-15,3.69256e-15,3.69256e-15,3.69256e-15,3.69256e-15,3.69256e-15,3.69256e-15,3.69256e-15,3.69256e-15,3.69256e-15,3.69256e-15,57.7843,3.69256e-15,3.69256e-15,3.69256e-15,3.69256e-15,3.69256e-15,3.69256e-15,3.69256e-15,1.0,3.69256e-15,3.69256e-15,3.69256e-15,3.69256e-15,3.69256e-15,3.69256e-15,3.69256e-15,3.69256e-15,3.69256e-15,3.69256e-15,3.69256e-15,3.69256e-15,3.69256e-15,3.69256e-15,3.69256e-15,3.69256e-15,3.69256e-15,3.69256e-15,3.69256e-15,3.69256e-15,3.69256e-15,3.69256e-15,3.69256e-15,3.69256e-15,3.69256e-15,3.69256e-15,3.69256e-15,3.69256e-15,3.69256e-15,3.69256e-15,3.69256e-15,3.69256e-15,3.69256e-15,3.69256e-15,3.69256e-15,3.69256e-15,3.69256e-15,3.69256e-15,3.69256e-15,3.69256e-15,3.69256e-15,9.0,3.69256e-15,3.69256e-15,3.69256e-15,3.69256e-15,3.69256e-15,31.0,3.69256e-15,3.69256e-15,3.69256e-15,3.69256e-15,3.69256e-15,3.69256e-15,3.69256e-15,16.0,3.69256e-15,3.69256e-15,3.69256e-15,1.0,3.69256e-15,93.0,3.69256e-15,3.69256e-15,3.69256e-15,3.69256e-15,3.69256e-15,107.464,3.69256e-15,3.69256e-15,3.69256e-15,3.69256e-15,2.0,3.69256e-15,3.69256e-15,3.69256e-15,3.69256e-15,3.69256e-15,3.69256e-15,3.69256e-15,3.69256e-15,3.69256e-15,3.69256e-15,3.69256e-15,3.69256e-15,3.69256e-15,3.69256e-15,3.69256e-15,16.0,3.69256e-15,3.69256e-15,3.69256e-15,3.69256e-15,3.69256e-15,3.69256e-15,3.69256e-15,3.69256e-15,3.69256e-15,9.0,3.0,3.69256e-15,3.69256e-15,3.69256e-15,3.69256e-15,3.69256e-15,3.69256e-15,73.0,3.69256e-15,3.69256e-15,3.69256e-15,3.69256e-15,3.69256e-15,3.69256e-15,3.69256e-15,3.69256e-15,3.69256e-15,3.69256e-15,45.0,3.69256e-15,3.69256e-15,3.69256e-15,3.69256e-15,3.69256e-15,3.69256e-15,3.69256e-15,3.69256e-15,57.0,3.69256e-15,3.69256e-15,3.69256e-15,3.69256e-15,3.69256e-15,27.0,3.69256e-15,3.69256e-15,3.69256e-15,3.69256e-15,3.69256e-15,3.69256e-15,3.69256e-15,3.69256e-15,3.69256e-15,3.69256e-15,117.497,3.69256e-15,3.69256e-15,3.69256e-15,3.69256e-15,27.0,3.69256e-15,3.69256e-15,39.0,3.69256e-15,3.69256e-15,3.69256e-15,3.69256e-15,3.69256e-15,3.69256e-15,3.69256e-15,3.69256e-15,3.69256e-15,3.69256e-15,62.0,3.69256e-15,3.69256e-15,3.69256e-15,3.69256e-15,3.69256e-15,3.69256e-15,3.69256e-15,3.69256e-15,3.69256e-15,3.69256e-15,3.69256e-15,3.69256e-15,3.69256e-15,52.0,3.69256e-15,18.0,17.0,3.69256e-15,3.69256e-15,3.69256e-15,3.69256e-15,3.69256e-15,3.69256e-15,3.69256e-15,3.69256e-15,3.69256e-15,3.0,3.69256e-15,3.69256e-15,3.69256e-15,1.0,3.69256e-15,3.69256e-15,3.69256e-15,3.69256e-15,3.69256e-15,3.69256e-15,3.69256e-15,3.69256e-15,3.69256e-15,9.0,3.69256e-15,3.69256e-15,3.69256e-15,3.69256e-15,32.0,3.69256e-15,3.69256e-15,3.69256e-15,30.0,3.69256e-15,3.69256e-15,3.69256e-15,3.69256e-15,3.69256e-15,3.69256e-15,117.697,3.69256e-15,3.69256e-15,3.69256e-15,3.69256e-15,3.69256e-15,3.69256e-15,3.69256e-15,57.0,3.69256e-15,3.69256e-15,1.0,3.69256e-15,34.0,3.69256e-15,3.69256e-15,3.69256e-15,12.0,3.69256e-15,3.69256e-15,3.69256e-15,3.69256e-15,3.69256e-15,3.69256e-15,3.69256e-15,3.69256e-15,3.69256e-15,3.69256e-15,3.69256e-15,3.69256e-15,3.69256e-15,3.69256e-15,3.69256e-15,3.69256e-15,3.69256e-15,3.69256e-15,3.69256e-15,3.69256e-15,3.69256e-15,3.69256e-15,3.69256e-15,3.69256e-15,3.69256e-15,3.69256e-15,3.69256e-15,3.69256e-15,3.69256e-15,3.69256e-15,3.69256e-15,12.0,3.69256e-15,3.69256e-15,3.69256e-15,3.69256e-15,3.69256e-15,3.69256e-15,3.69256e-15,3.69256e-15,3.69256e-15,3.69256e-15,3.69256e-15,3.69256e-15,3.69256e-15,3.69256e-15,3.69256e-15,3.69256e-15,3.69256e-15,3.69256e-15,3.69256e-15,5.0,3.69256e-15,3.69256e-15,3.69256e-15,3.69256e-15,3.69256e-15,3.69256e-15,70.9488,3.69256e-15,3.69256e-15,3.69256e-15,3.69256e-15,1.0,3.69256e-15,3.69256e-15,3.69256e-15,3.69256e-15,3.69256e-15,3.69256e-15,3.69256e-15,3.69256e-15,3.69256e-15,3.69256e-15,3.69256e-15,3.69256e-15,3.69256e-15,3.69256e-15,3.69256e-15,3.69256e-15,3.69256e-15,3.69256e-15,3.69256e-15,3.69256e-15,3.69256e-15,3.69256e-15,3.69256e-15,3.69256e-15,3.69256e-15,3.69256e-15,3.69256e-15,3.69256e-15,32.0,3.69256e-15,3.69256e-15,3.69256e-15,3.69256e-15,3.69256e-15,3.69256e-15,3.69256e-15,3.69256e-15,3.69256e-15,3.69256e-15,3.69256e-15,3.69256e-15,3.69256e-15,3.69256e-15,17.0,3.69256e-15,3.69256e-15,3.69256e-15,3.69256e-15,3.69256e-15,3.69256e-15,3.69256e-15,3.69256e-15,3.69256e-15,18.0,3.69256e-15,3.69256e-15,3.69256e-15,3.69256e-15,3.69256e-15,3.69256e-15,3.69256e-15,3.69256e-15,3.69256e-15,3.69256e-15,3.69256e-15,3.69256e-15,3.69256e-15,3.69256e-15,3.69256e-15,3.69256e-15,44.6468,3.69256e-15,3.69256e-15,3.69256e-15,3.69256e-15,3.69256e-15,3.69256e-15,3.69256e-15,3.69256e-15,3.69256e-15,3.69256e-15,3.69256e-15,3.69256e-15,3.69256e-15,3.69256e-15,3.69256e-15,3.69256e-15,3.69256e-15,3.69256e-15,3.69256e-15,3.69256e-15,3.69256e-15,1.0,3.69256e-15,3.69256e-15,3.69256e-15,3.69256e-15,3.69256e-15,3.69256e-15,3.69256e-15,3.69256e-15,3.69256e-15,3.69256e-15,3.69256e-15,3.69256e-15,3.69256e-15,3.69256e-15,3.69256e-15,3.69256e-15,56.0,3.69256e-15,3.69256e-15,3.69256e-15,3.69256e-15,3.69256e-15,3.69256e-15,50.0,3.69256e-15,3.69256e-15,3.69256e-15,33.0,3.69256e-15,3.69256e-15,3.69256e-15,3.69256e-15,3.69256e-15,3.69256e-15,2.0,3.69256e-15,3.69256e-15,64.0,3.69256e-15,3.69256e-15,3.69256e-15,3.69256e-15,3.69256e-15,3.69256e-15,3.69256e-15,3.69256e-15,3.69256e-15,3.69256e-15,3.69256e-15,3.69256e-15,3.69256e-15,3.69256e-15,3.69256e-15,111.251,3.69256e-15,3.69256e-15,3.69256e-15,3.69256e-15,3.69256e-15,3.69256e-15,3.69256e-15,3.69256e-15,3.69256e-15,3.69256e-15,3.69256e-15,3.69256e-15,3.69256e-15,3.69256e-15,16.0,3.69256e-15,3.69256e-15,3.69256e-15,3.69256e-15,3.69256e-15,3.69256e-15,3.69256e-15,3.69256e-15,3.69256e-15,3.69256e-15,3.69256e-15,33.0,3.69256e-15,3.69256e-15,3.69256e-15,3.69256e-15,3.69256e-15,3.69256e-15,3.69256e-15,3.69256e-15,3.69256e-15,3.69256e-15,3.69256e-15,3.69256e-15,3.69256e-15,3.69256e-15,3.69256e-15,3.69256e-15,3.69256e-15,3.69256e-15,3.69256e-15,3.69256e-15,3.69256e-15,3.69256e-15,3.69256e-15,3.69256e-15,3.69256e-15,3.69256e-15,3.69256e-15,3.69256e-15,3.69256e-15,3.69256e-15,3.69256e-15,3.69256e-15,3.69256e-15,3.69256e-15,3.69256e-15,3.69256e-15,3.69256e-15,3.69256e-15,3.69256e-15,3.69256e-15,3.69256e-15,3.69256e-15,3.69256e-15,3.69256e-15,3.69256e-15,3.69256e-15,3.69256e-15,3.69256e-15,41.3412,166.602,83.3009,5.22206e-15,12.7279,4.24264,5.22206e-15,5.22206e-15,5.22206e-15,5.22206e-15,5.22206e-15,5.22206e-15,5.22206e-15,5.22206e-15,5.22206e-15,5.22206e-15,5.22206e-15,5.22206e-15,5.22206e-15,5.22206e-15,5.22206e-15,114.551,5.22206e-15,5.22206e-15,5.22206e-15,5.22206e-15,5.22206e-15,49.4975,5.22206e-15,5.22206e-15,5.22206e-15,5.22206e-15,5.22206e-15,5.22206e-15,5.22206e-15,1.41421,5.22206e-15,5.22206e-15,5.22206e-15,5.22206e-15,5.22206e-15,5.22206e-15,5.22206e-15,5.22206e-15,5.22206e-15,5.22206e-15,5.22206e-15,5.22206e-15,5.22206e-15,5.22206e-15,5.22206e-15,56.5685,5.22206e-15,5.22206e-15,5.22206e-15,5.22206e-15,5.22206e-15,5.22206e-15,5.22206e-15,5.22206e-15,5.22206e-15,5.22206e-15,5.22206e-15,5.22206e-15,2.82843,5.22206e-15,5.22206e-15,5.22206e-15,5.22206e-15,5.22206e-15,89.0955,5.22206e-15,5.22206e-15,5.22206e-15,5.22206e-15,5.22206e-15,5.22206e-15,28.2843,122.268,61.1339,5.22206e-15,43.8406,29.6985,5.22206e-15,5.22206e-15,5.22206e-15,5.22206e-15,5.22206e-15,5.22206e-15,5.22206e-15,5.22206e-15,5.22206e-15,5.22206e-15,5.22206e-15,5.22206e-15,5.22206e-15,5.22206e-15,5.22206e-15,5.22206e-15,5.22206e-15,5.22206e-15,5.22206e-15,5.22206e-15,5.22206e-15,5.22206e-15,5.22206e-15,5.22206e-15,5.22206e-15,5.22206e-15,5.22206e-15,5.22206e-15,5.22206e-15,5.22206e-15,5.22206e-15,5.22206e-15,5.22206e-15,5.22206e-15,5.22206e-15,5.22206e-15,5.22206e-15,5.22206e-15,5.22206e-15,5.22206e-15,5.22206e-15,18.3848,5.22206e-15,5.22206e-15,5.22206e-15,5.22206e-15,5.22206e-15,98.9949,5.22206e-15,5.22206e-15,5.22206e-15,5.22206e-15,5.22206e-15,5.22206e-15,5.22206e-15,5.22206e-15,5.22206e-15,5.22206e-15,5.22206e-15,5.22206e-15,5.22206e-15,5.22206e-15,5.22206e-15,5.22206e-15,5.22206e-15,12.7279,5.22206e-15,5.22206e-15,5.22206e-15,5.22206e-15,5.22206e-15,5.22206e-15,81.7194,40.8597,5.22206e-15,5.22206e-15,5.22206e-15,5.22206e-15,5.22206e-15,5.22206e-15,5.22206e-15,5.22206e-15,5.22206e-15,5.22206e-15,5.22206e-15,5.22206e-15,25.4558,5.22206e-15,5.22206e-15,5.22206e-15,5.22206e-15,5.22206e-15,5.22206e-15,5.22206e-15,5.22206e-15,31.1127,5.22206e-15,5.22206e-15,5.22206e-15,5.22206e-15,5.22206e-15,5.22206e-15,5.22206e-15,5.22206e-15,5.22206e-15,5.22206e-15,5.22206e-15,16.9706,5.22206e-15,5.22206e-15,5.22206e-15,5.22206e-15,5.22206e-15,5.22206e-15,5.22206e-15,5.22206e-15,5.22206e-15,5.22206e-15,5.22206e-15,5.22206e-15,5.22206e-15,5.22206e-15,5.22206e-15,5.22206e-15,5.22206e-15,5.22206e-15,5.22206e-15,5.22206e-15,5.22206e-15,5.22206e-15,5.22206e-15,5.22206e-15,5.22206e-15,5.22206e-15,5.22206e-15,5.22206e-15,14.1421,48.0833,5.22206e-15,5.22206e-15,5.22206e-15,5.22206e-15,5.22206e-15,5.22206e-15,5.22206e-15,5.22206e-15,5.22206e-15,5.22206e-15,5.22206e-15,151.977,75.9885,5.22206e-15,5.22206e-15,5.22206e-15,5.22206e-15,5.22206e-15,5.22206e-15,5.22206e-15,1.41421,5.22206e-15,5.22206e-15,5.22206e-15,5.22206e-15,5.22206e-15,5.22206e-15,5.22206e-15,5.22206e-15,5.22206e-15,5.22206e-15,5.22206e-15,5.22206e-15,5.22206e-15,5.22206e-15,5.22206e-15,5.22206e-15,5.22206e-15,5.22206e-15,5.22206e-15,5.22206e-15,5.22206e-15,5.22206e-15,5.22206e-15,5.22206e-15,5.22206e-15,5.22206e-15,5.22206e-15,5.22206e-15,5.22206e-15,5.22206e-15,5.22206e-15,5.22206e-15,5.22206e-15,5.22206e-15,5.22206e-15,5.22206e-15,5.22206e-15,5.22206e-15,5.22206e-15,5.22206e-15,5.22206e-15,12.7279,5.22206e-15,5.22206e-15,5.22206e-15,5.22206e-15,5.22206e-15,43.8406,5.22206e-15,5.22206e-15,5.22206e-15,5.22206e-15,5.22206e-15,5.22206e-15,5.22206e-15,22.6274,5.22206e-15,5.22206e-15,5.22206e-15,1.41421,5.22206e-15,131.522,5.22206e-15,5.22206e-15,5.22206e-15,5.22206e-15,5.22206e-15,166.165,83.0826,5.22206e-15,5.22206e-15,5.22206e-15,5.22206e-15,2.82843,5.22206e-15,5.22206e-15,5.22206e-15,5.22206e-15,5.22206e-15,5.22206e-15,5.22206e-15,5.22206e-15,5.22206e-15,5.22206e-15,5.22206e-15,5.22206e-15,5.22206e-15,5.22206e-15,5.22206e-15,22.6274,5.22206e-15,5.22206e-15,5.22206e-15,5.22206e-15,5.22206e-15,5.22206e-15,5.22206e-15,5.22206e-15,5.22206e-15,12.7279,4.24264,5.22206e-15,5.22206e-15,5.22206e-15,5.22206e-15,5.22206e-15,5.22206e-15,103.238,5.22206e-15,5.22206e-15,5.22206e-15,5.22206e-15,5.22206e-15,5.22206e-15,5.22206e-15,5.22206e-15,5.22206e-15,5.22206e-15,63.6396,5.22206e-15,5.22206e-15,5.22206e-15,5.22206e-15,5.22206e-15,5.22206e-15,5.22206e-15,5.22206e-15,80.6102,5.22206e-15,5.22206e-15,5.22206e-15,5.22206e-15,5.22206e-15,38.1838,5.22206e-15,5.22206e-15,5.22206e-15,5.22206e-15,5.22206e-15,5.22206e-15,5.22206e-15,5.22206e-15,5.22206e-15,5.22206e-15,166.449,83.2244,5.22206e-15,5.22206e-15,5.22206e-15,5.22206e-15,38.1838,5.22206e-15,5.22206e-15,55.1543,5.22206e-15,5.22206e-15,5.22206e-15,5.22206e-15,5.22206e-15,5.22206e-15,5.22206e-15,5.22206e-15,5.22206e-15,5.22206e-15,87.6812,5.22206e-15,5.22206e-15,5.22206e-15,5.22206e-15,5.22206e-15,5.22206e-15,5.22206e-15,5.22206e-15,5.22206e-15,5.22206e-15,5.22206e-15,5.22206e-15,5.22206e-15,73.5391,5.22206e-15,25.4558,24.0416,5.22206e-15,5.22206e-15,5.22206e-15,5.22206e-15,5.22206e-15,5.22206e-15,5.22206e-15,5.22206e-15,5.22206e-15,4.24264,5.22206e-15,5.22206e-15,5.22206e-15,1.41421,5.22206e-15,5.22206e-15,5.22206e-15,5.22206e-15,5.22206e-15,5.22206e-15,5.22206e-15,5.22206e-15,5.22206e-15,12.7279,5.22206e-15,5.22206e-15,5.22206e-15,5.22206e-15,45.2548,5.22206e-15,5.22206e-15,5.22206e-15,42.4264,5.22206e-15,5.22206e-15,5.22206e-15,5.22206e-15,5.22206e-15,5.22206e-15,100.337,50.1684,5.22206e-15,5.22206e-15,5.22206e-15,5.22206e-15,5.22206e-15,5.22206e-15,5.22206e-15,80.6102,5.22206e-15,5.22206e-15,1.41421,5.22206e-15,48.0833,5.22206e-15,5.22206e-15,5.22206e-15,16.9706,5.22206e-15,5.22206e-15,5.22206e-15,5.22206e-15,5.22206e-15,5.22206e-15,5.22206e-15,5.22206e-15,5.22206e-15,5.22206e-15,5.22206e-15,5.22206e-15,5.22206e-15,5.22206e-15,5.22206e-15,5.22206e-15,5.22206e-15,5.22206e-15,5.22206e-15,5.22206e-15,5.22206e-15,5.22206e-15,5.22206e-15,5.22206e-15,5.22206e-15,5.22206e-15,5.22206e-15,5.22206e-15,5.22206e-15,5.22206e-15,5.22206e-15,16.9706,5.22206e-15,5.22206e-15,5.22206e-15,5.22206e-15,5.22206e-15,5.22206e-15,5.22206e-15,5.22206e-15,5.22206e-15,5.22206e-15,5.22206e-15,5.22206e-15,5.22206e-15,5.22206e-15,5.22206e-15,5.22206e-15,5.22206e-15,5.22206e-15,5.22206e-15,7.07107,5.22206e-15,5.22206e-15,5.22206e-15,5.22206e-15,5.22206e-15,5.22206e-15,63.1401,31.5701,5.22206e-15,5.22206e-15,5.22206e-15,5.22206e-15,1.41421,5.22206e-15,5.22206e-15,5.22206e-15,5.22206e-15,5.22206e-15,5.22206e-15,5.22206e-15,5.22206e-15,5.22206e-15,5.22206e-15,5.22206e-15,5.22206e-15,5.22206e-15,5.22206e-15,5.22206e-15,5.22206e-15,5.22206e-15,5.22206e-15,5.22206e-15,5.22206e-15,5.22206e-15,5.22206e-15,5.22206e-15,5.22206e-15,5.22206e-15,5.22206e-15,5.22206e-15,5.22206e-15,45.2548,5.22206e-15,5.22206e-15,5.22206e-15,5.22206e-15,5.22206e-15,5.22206e-15,5.22206e-15,5.22206e-15,5.22206e-15,5.22206e-15,5.22206e-15,5.22206e-15,5.22206e-15,5.22206e-15,24.0416,5.22206e-15,5.22206e-15,5.22206e-15,5.22206e-15,5.22206e-15,5.22206e-15,5.22206e-15,5.22206e-15,5.22206e-15,25.4558,5.22206e-15,5.22206e-15,5.22206e-15,5.22206e-15,5.22206e-15,5.22206e-15,5.22206e-15,5.22206e-15,5.22206e-15,5.22206e-15,5.22206e-15,5.22206e-15,5.22206e-15,5.22206e-15,5.22206e-15,5.22206e-15,157.332,78.666,5.22206e-15,5.22206e-15,5.22206e-15,5.22206e-15,5.22206e-15,5.22206e-15,5.22206e-15,5.22206e-15,5.22206e-15,5.22206e-15,5.22206e-15,5.22206e-15,5.22206e-15,5.22206e-15,5.22206e-15,5.22206e-15,5.22206e-15,5.22206e-15,5.22206e-15,5.22206e-15,5.22206e-15,1.41421,5.22206e-15,5.22206e-15,5.22206e-15,5.22206e-15,5.22206e-15,5.22206e-15,5.22206e-15,5.22206e-15,5.22206e-15,5.22206e-15,5.22206e-15,5.22206e-15,5.22206e-15,5.22206e-15,5.22206e-15,5.22206e-15,79.196,5.22206e-15,5.22206e-15,5.22206e-15,5.22206e-15,5.22206e-15,5.22206e-15,70.7107,5.22206e-15,5.22206e-15,5.22206e-15,46.669,5.22206e-15,5.22206e-15,5.22206e-15,5.22206e-15,5.22206e-15,5.22206e-15,2.82843,5.22206e-15,5.22206e-15,90.5097,5.22206e-15,5.22206e-15,5.22206e-15,5.22206e-15,5.22206e-15,5.22206e-15,5.22206e-15,5.22206e-15,5.22206e-15,5.22206e-15,5.22206e-15,5.22206e-15,5.22206e-15,5.22206e-15,5.22206e-15,58.4653,29.2326,5.22206e-15,5.22206e-15,5.22206e-15,5.22206e-15,5.22206e-15,5.22206e-15,5.22206e-15,5.22206e-15,5.22206e-15,5.22206e-15,5.22206e-15,5.22206e-15,5.22206e-15,5.22206e-15,22.6274,5.22206e-15,5.22206e-15,5.22206e-15,5.22206e-15,5.22206e-15,5.22206e-15,5.22206e-15,5.22206e-15,5.22206e-15,5.22206e-15,5.22206e-15,46.669,5.22206e-15,5.22206e-15,5.22206e-15,5.22206e-15,5.22206e-15,5.22206e-15,5.22206e-15,5.22206e-15,5.22206e-15,5.22206e-15,5.22206e-15,5.22206e-15,5.22206e-15,5.22206e-15,5.22206e-15,5.22206e-15,5.22206e-15,5.22206e-15,5.22206e-15,5.22206e-15,5.22206e-15,5.22206e-15,5.22206e-15,5.22206e-15,5.22206e-15,5.22206e-15,5.22206e-15,5.22206e-15,5.22206e-15,5.22206e-15,5.22206e-15,5.22206e-15,5.22206e-15,5.22206e-15,5.22206e-15,5.22206e-15,5.22206e-15,5.22206e-15,5.22206e-15,5.22206e-15,5.22206e-15,5.22206e-15,5.22206e-15,5.22206e-15,5.22206e-15,5.22206e-15,5.22206e-15,5.22206e-15]
