#SOLVERNAME# PAJ_CBC_CIP
#SOLVER# Pajarito.PajaritoSolver(2,3600.0,1.0e-5,false,Cbc.CbcMathProgSolverInterface.CbcSolver(Any[(:logLevel,0),(:ratioGap,0.0),(:seconds,3600.0)]),MathProgBase.DefaultMIPSolver(),0,false,true,ConicIP.ConicIPSolver(true,Any[(:verbose,false)]),true,false,false,true,false,true,false,true,true,true,true,false,false,true,false,false,false,false,1.0e-10,0.0001,1.0e-6,0.01,1.0e-6)
#FILENAME# sssd-weak-30-4.cbf.gz
#INSTANCE# sssd-weak-30-4
#TIMELIMIT# 3600.0
#STATUS# Optimal
#OBJVAL# 264127.33701132826
#OBJBOUND# 264127.5980447206
#TIMESOLVER# 103.57072806358337
#TIMEALL# 103.57101011276245
#SOLUTION# [0.0,0.0,1.0,0.0,1.0,0.0,0.0,0.0,1.0,0.0,0.0,0.0,1.0,0.0,0.0,0.0,1.0,0.0,0.0,0.0,1.0,0.0,0.0,0.0,0.0,0.0,1.0,0.0,0.0,0.0,0.0,1.0,0.0,0.0,0.0,1.0,0.0,1.0,0.0,0.0,0.0,0.0,0.0,1.0,1.0,0.0,0.0,0.0,0.0,0.0,1.0,0.0,0.0,1.0,0.0,0.0,1.0,0.0,0.0,0.0,0.0,0.0,0.0,1.0,1.0,0.0,0.0,0.0,0.0,0.0,0.0,1.0,0.0,0.0,0.0,1.0,0.0,0.0,1.0,0.0,0.0,1.0,0.0,0.0,0.0,0.0,0.0,1.0,0.0,1.0,0.0,0.0,1.0,0.0,0.0,0.0,0.0,1.0,0.0,0.0,0.0,0.0,1.0,0.0,0.0,0.0,1.0,0.0,0.0,0.0,0.0,1.0,0.0,0.0,1.0,0.0,0.0,1.0,0.0,0.0,0.0,0.0,1.0,0.0,0.0,1.0,0.0,0.0,1.0,0.0,0.0,1.0,0.689858,0.614176,0.700666,0.709001,8.97993e-8,8.74295e-8,0.408235,9.39816e-8,9.96318e-8,0.380489,9.36253e-8,8.74956e-8,0.411995,9.48982e-8,9.86791e-8,0.414863,0.0,0.344929,0.344929,0.140812,0.307088,0.307088,0.116843,0.350333,0.350333,0.144336,0.354501,0.354501,0.147069,1.68986,1.68986,1.68986,1.61418,1.61418,1.61418,1.70067,1.70067,1.70067,1.709,1.709,1.709,0.689858,0.689858,0.689858,0.614176,0.614176,0.614176,0.700666,0.700666,0.700666,0.709001,0.709001,0.709001]
