#SOLVERNAME# PAJ_CBC_ECOS
#SOLVER# Pajarito.PajaritoSolver(2,3600.0,1.0e-5,false,Cbc.CbcMathProgSolverInterface.CbcSolver(Any[(:logLevel,0),(:ratioGap,0.0),(:seconds,3600.0)]),MathProgBase.DefaultMIPSolver(),0,false,true,ECOS.ECOSSolver(Any[(:verbose,false)]),true,false,false,true,false,true,false,true,true,true,true,false,false,true,false,false,false,false,1.0e-10,0.0001,1.0e-6,0.01,1.0e-6)
#FILENAME# classical_50_1.cbf.gz
#INSTANCE# classical_50_1
#TIMELIMIT# 3600.0
#STATUS# Optimal
#OBJVAL# -0.09476023125257005
#OBJBOUND# -0.09476023526858887
#TIMESOLVER# 61.74879193305969
#TIMEALL# 61.74900984764099
#SOLUTION# [0.0886324,7.49543e-14,1.53026e-13,1.23441e-13,1.51867e-14,-6.73207e-14,6.76973e-14,9.57134e-14,7.28777e-14,0.0931656,7.10407e-14,3.21329e-15,1.57445e-13,1.06868e-13,7.93738e-14,-1.06102e-13,0.159446,4.17881e-14,4.26138e-14,1.69537e-14,-5.44245e-14,-1.55619e-14,6.20725e-14,0.107544,7.87248e-14,1.0365e-13,0.107663,0.0918267,1.01306e-13,7.09141e-14,9.24699e-14,-1.8293e-14,0.138524,1.19976e-13,0.0972648,4.61192e-14,1.59529e-13,0.0854116,4.87463e-14,1.59473e-13,3.94445e-14,-8.29979e-15,1.03225e-13,7.12659e-14,8.91322e-14,7.39811e-14,7.84698e-14,9.89002e-14,0.0305222,1.1192e-13,0.0,1.0,0.0,0.0,0.0,0.0,0.0,0.0,0.0,0.0,1.0,0.0,0.0,0.0,0.0,0.0,0.0,1.0,0.0,0.0,0.0,0.0,0.0,0.0,1.0,0.0,0.0,1.0,1.0,0.0,0.0,0.0,0.0,1.0,0.0,1.0,0.0,0.0,1.0,0.0,0.0,0.0,0.0,0.0,0.0,0.0,0.0,0.0,0.0,1.0,0.0,0.0363859,0.00775123,0.0069693,0.00321892,0.0133149,0.0435331,0.011479,0.0115852,0.0123593,0.057793,0.0132317,0.0219268,0.00665828,0.00994611,0.012082,0.0280247,0.0515865,0.0154501,0.0205106,0.020171,0.0222293,0.0263916,0.0124406,0.0254153,0.00824861,0.0113504,0.0579019,0.078801,0.00926101,0.0117365,0.00855026,0.0312639,0.0593771,0.0106289,0.0701305,0.00998736,0.00508282,0.0439507,0.0102075,0.00689717,0.0149297,0.0221672,0.0121647,0.00888667,0.0133956,0.0105726,0.0105448,0.0123828,0.0435112,0.00934642,0.2]
