#SOLVERNAME# PAJ_CBC_ECOS
#SOLVER# Pajarito.PajaritoSolver(2,3600.0,1.0e-5,false,Cbc.CbcMathProgSolverInterface.CbcSolver(Any[(:logLevel,0),(:ratioGap,0.0),(:seconds,3600.0)]),MathProgBase.DefaultMIPSolver(),0,false,true,ECOS.ECOSSolver(Any[(:verbose,false)]),true,false,false,true,false,true,false,true,true,true,true,false,false,true,false,false,false,false,1.0e-10,0.0001,1.0e-6,0.01,1.0e-6)
#FILENAME# estein5_A.cbf.gz
#INSTANCE# estein5_A
#TIMELIMIT# 3600.0
#STATUS# Optimal
#OBJVAL# 1.045372493555322
#OBJBOUND# 1.045372493689761
#TIMESOLVER# 15.450820207595825
#TIMEALL# 15.451121091842651
#SOLUTION# [0.758739,0.488744,0.655386,0.641629,0.420495,0.62496,0.0598004,0.0596504,0.00423329,0.493351,0.163003,-0.148652,0.493351,0.397894,-0.131983,0.493351,-0.352739,0.157658,0.493351,-0.249386,0.00477321,0.0258823,-0.0144955,0.0214424,0.209003,-0.0914266,-0.187946,0.493351,0.0119264,-0.340831,0.493351,0.246817,-0.324162,0.493351,-0.430353,-0.0531357,0.493351,-0.327,-0.206021,0.210566,-0.0921095,-0.189352,0.493351,-0.0508176,0.260882,0.120097,0.0525354,0.107997,0.493351,0.287426,0.124666,0.184542,0.103353,-0.152885,0.493351,0.338243,-0.136216,0.235481,0.23489,0.0166692,0.0598004,-3.01276e-12,-3.0238e-12,-3.02443e-12,-3.00717e-12,0.0258823,0.209003,-3.01213e-12,-3.02037e-12,-3.03039e-12,-3.00758e-12,0.210566,-3.01575e-12,0.120097,-3.01668e-12,0.184542,-3.02083e-12,0.235481,1.0,0.0,0.0,0.0,0.0,1.0,1.0,0.0,0.0,0.0,0.0,1.0,0.0,1.0,0.0,1.0,0.0,1.0,3.87028e-14,1.0,1.0,1.0,1.0,3.87028e-14,3.87028e-14,1.0,1.0,1.0,1.0,3.87028e-14,1.0,3.87028e-14,1.0,3.87028e-14,1.0,3.87028e-14,0.433551,3.09894e-12,3.11119e-12,3.11205e-12,3.0937e-12,0.467469,0.284348,3.09889e-12,3.10715e-12,3.11748e-12,3.09432e-12,0.282785,3.10233e-12,0.373254,3.10359e-12,0.308809,3.10868e-12,0.25787]
