#SOLVERNAME# PAJ_CBC_CIP
#SOLVER# Pajarito.PajaritoSolver(2,3600.0,1.0e-5,false,Cbc.CbcMathProgSolverInterface.CbcSolver(Any[(:logLevel,0),(:ratioGap,0.0),(:seconds,3600.0)]),MathProgBase.DefaultMIPSolver(),0,false,true,ConicIP.ConicIPSolver(true,Any[(:verbose,false)]),true,false,false,true,false,true,false,true,true,true,true,false,false,true,false,false,false,false,1.0e-10,0.0001,1.0e-6,0.01,1.0e-6)
#FILENAME# sssd-strong-25-4.cbf.gz
#INSTANCE# sssd-strong-25-4
#TIMELIMIT# 3600.0
#STATUS# Optimal
#OBJVAL# 311721.0722487661
#OBJBOUND# 311721.13243562373
#TIMESOLVER# 18.02387809753418
#TIMEALL# 18.0241219997406
#SOLUTION# [0.0,1.0,0.0,0.0,0.0,1.0,0.0,0.0,0.0,0.0,0.0,1.0,0.0,0.0,0.0,1.0,1.0,0.0,0.0,0.0,0.0,0.0,0.0,1.0,1.0,0.0,0.0,0.0,0.0,0.0,1.0,0.0,0.0,1.0,0.0,0.0,0.0,0.0,1.0,0.0,0.0,0.0,0.0,1.0,0.0,0.0,1.0,0.0,0.0,1.0,0.0,0.0,0.0,1.0,0.0,0.0,0.0,0.0,0.0,1.0,0.0,0.0,1.0,0.0,0.0,0.0,1.0,0.0,0.0,1.0,0.0,0.0,0.0,0.0,0.0,1.0,0.0,0.0,0.0,1.0,0.0,0.0,1.0,0.0,0.0,1.0,0.0,0.0,1.0,0.0,0.0,0.0,1.0,0.0,0.0,0.0,1.0,0.0,0.0,0.0,0.0,0.0,1.0,0.0,0.0,1.0,0.0,0.0,1.0,0.0,0.0,1.0,0.632357,0.811153,0.838841,0.863321,1.69596e-8,1.34184e-8,0.387389,1.57308e-8,1.49962e-8,0.447866,1.64516e-8,1.39915e-8,0.456179,1.92406e-8,1.58337e-8,0.463324,0.0,0.316178,0.316178,0.122484,0.405577,0.405577,0.181644,0.41942,0.41942,0.191331,0.431661,0.431661,0.199999,0.632357,0.632357,1.63236,0.811153,0.811153,1.81115,0.838841,0.838841,1.83884,0.863321,0.863321,1.86332,0.632357,0.632357,0.632357,0.811153,0.811153,0.811153,0.838841,0.838841,0.838841,0.863321,0.863321,0.863321]
