#SOLVERNAME# PAJ_CBC_ECOS
#SOLVER# Pajarito.PajaritoSolver(2,3600.0,1.0e-5,false,Cbc.CbcMathProgSolverInterface.CbcSolver(Any[(:logLevel,0),(:ratioGap,0.0),(:seconds,3600.0)]),MathProgBase.DefaultMIPSolver(),0,false,true,ECOS.ECOSSolver(Any[(:verbose,false)]),true,false,false,true,false,true,false,true,true,true,true,false,false,true,false,false,false,false,1.0e-10,0.0001,1.0e-6,0.01,1.0e-6)
#FILENAME# sssd-strong-15-8.cbf.gz
#INSTANCE# sssd-strong-15-8
#TIMELIMIT# 3600.0
#STATUS# UserLimit
#OBJVAL# 629359.1389995338
#OBJBOUND# 612700.8247467198
#TIMESOLVER# 3620.2834610939026
#TIMEALL# 3620.283797979355
#SOLUTION# [0.0,0.0,0.0,0.0,0.0,0.0,1.0,0.0,0.0,0.0,0.0,0.0,0.0,0.0,0.0,1.0,0.0,0.0,0.0,1.0,0.0,0.0,0.0,0.0,0.0,1.0,0.0,0.0,0.0,0.0,0.0,0.0,0.0,0.0,0.0,0.0,1.0,0.0,0.0,0.0,0.0,0.0,0.0,1.0,0.0,0.0,0.0,0.0,0.0,0.0,0.0,0.0,0.0,1.0,0.0,0.0,0.0,0.0,0.0,0.0,1.0,0.0,0.0,0.0,0.0,0.0,0.0,0.0,0.0,1.0,0.0,0.0,0.0,0.0,1.0,0.0,0.0,0.0,0.0,0.0,0.0,0.0,0.0,0.0,0.0,0.0,0.0,1.0,1.0,0.0,0.0,0.0,0.0,0.0,0.0,0.0,0.0,0.0,0.0,0.0,0.0,0.0,1.0,0.0,1.0,0.0,0.0,0.0,0.0,0.0,0.0,0.0,0.0,0.0,1.0,0.0,0.0,0.0,0.0,0.0,0.0,0.0,1.0,0.0,0.0,1.0,0.0,0.0,1.0,0.0,0.0,1.0,0.0,0.0,1.0,0.0,0.0,1.0,0.0,0.0,1.0,0.0,0.0,1.0,1.04641,0.619517,0.767785,1.24522,0.746657,1.08391,0.805884,0.666232,2.3225e-8,2.72448e-8,0.511342,7.30713e-9,9.1921e-9,0.382533,1.06574e-8,1.29372e-8,0.434322,-6.6291e-8,-7.87094e-8,0.554599,9.93926e-9,1.20999e-8,0.427479,2.49686e-8,2.97898e-8,0.520135,1.26374e-8,1.54691e-8,0.446256,8.05253e-9,1.00525e-8,0.399845,0.0,0.523204,0.523204,0.267533,0.309758,0.309758,0.118492,0.383892,0.383892,0.166732,0.622608,0.622608,0.345308,0.373329,0.373329,0.159589,0.541953,0.541953,0.281885,0.402942,0.402942,0.179814,0.333116,0.333116,0.133194,1.04641,1.04641,2.04641,0.619517,0.619517,1.61952,0.767785,0.767785,1.76778,1.24522,1.24522,2.24522,0.746657,0.746657,1.74666,1.08391,1.08391,2.08391,0.805884,0.805884,1.80588,0.666232,0.666232,1.66623,1.04641,1.04641,1.04641,0.619517,0.619517,0.619517,0.767785,0.767785,0.767785,1.24522,1.24522,1.24522,0.746657,0.746657,0.746657,1.08391,1.08391,1.0839,0.805884,0.805884,0.805884,0.666232,0.666232,0.666232]
