#SOLVERNAME# PAJ_CBC_CIP
#SOLVER# Pajarito.PajaritoSolver(2,3600.0,1.0e-5,false,Cbc.CbcMathProgSolverInterface.CbcSolver(Any[(:logLevel,0),(:ratioGap,0.0),(:seconds,3600.0)]),MathProgBase.DefaultMIPSolver(),0,false,true,ConicIP.ConicIPSolver(true,Any[(:verbose,false)]),true,false,false,true,false,true,false,true,true,true,true,false,false,true,false,false,false,false,1.0e-10,0.0001,1.0e-6,0.01,1.0e-6)
#FILENAME# pp-n1000-d10000.cbf.gz
#INSTANCE# pp-n1000-d10000
#TIMELIMIT# 3600.0
#STATUS# UserLimit
#OBJVAL# 220441.76608480417
#OBJBOUND# 216112.18674772736
#TIMESOLVER# 3601.6549780368805
#TIMEALL# 3601.658765077591
#SOLUTION# [95.0,228.0,66.0,137.0,117.0,50.0,199.0,126.0,32.0,149.0,52.0,127.0,120.0,140.0,258.0,166.0,213.0,57.0,179.0,38.0,176.0,67.0,109.0,40.0,140.0,189.0,190.0,210.0,58.0,172.0,262.0,107.0,27.0,165.0,149.0,144.0,116.0,109.0,53.0,41.0,105.0,138.0,157.0,136.0,134.0,146.0,86.0,117.0,76.0,144.0,171.0,149.0,161.0,115.0,199.0,83.0,180.0,144.0,151.0,184.0,191.0,282.0,163.0,125.0,138.0,129.0,135.0,91.0,117.0,153.0,47.0,75.0,58.0,150.0,168.0,74.0,205.0,70.0,80.0,143.0,125.0,95.0,73.0,88.0,85.0,157.0,123.0,145.0,317.0,82.0,111.0,151.0,97.0,119.0,107.0,161.0,118.0,220.0,101.0,149.0,52.0,204.0,92.0,172.0,257.0,117.0,157.0,74.0,117.0,202.0,131.0,69.0,85.0,89.0,110.0,149.0,133.0,82.0,187.0,90.0,137.0,78.0,103.0,180.0,190.0,172.0,134.0,168.0,208.0,109.0,189.0,190.0,175.0,79.0,30.0,97.0,163.0,126.0,139.0,163.0,244.0,192.0,201.0,96.0,124.0,78.0,144.0,162.0,129.0,155.0,82.0,194.0,241.0,175.0,101.0,137.0,257.0,81.0,153.0,40.0,155.0,225.0,173.0,42.0,149.0,189.0,117.0,58.0,34.0,175.0,111.0,225.0,120.0,75.0,86.0,190.0,113.0,103.0,58.0,222.0,87.0,202.0,66.0,116.0,81.0,90.0,220.0,57.0,126.0,112.0,204.0,46.0,115.0,216.0,124.0,117.0,122.0,190.0,112.0,190.0,152.0,78.0,108.0,89.0,93.0,117.0,94.0,93.0,142.0,62.0,91.0,111.0,187.0,70.0,82.0,130.0,180.0,259.0,125.0,65.0,44.0,172.0,228.0,163.0,256.0,175.0,175.0,100.0,144.0,148.0,190.0,66.0,140.0,137.0,13.0,82.0,245.0,234.0,126.0,50.0,245.0,164.0,141.0,184.0,59.0,239.0,137.0,154.0,153.0,101.0,170.0,188.0,88.0,195.0,21.0,110.0,48.0,105.0,110.0,73.0,62.0,69.0,65.0,100.0,120.0,117.0,193.0,32.0,151.0,142.0,109.0,129.0,73.0,198.0,186.0,160.0,78.0,197.0,93.0,18.0,254.0,60.0,105.0,168.0,146.0,57.0,252.0,167.0,140.0,190.0,165.0,84.0,207.0,80.0,126.0,134.0,170.0,196.0,160.0,106.0,129.0,122.0,98.0,90.0,190.0,94.0,177.0,251.0,144.0,78.0,63.0,83.0,136.0,195.0,77.0,168.0,168.0,117.0,129.0,186.0,157.0,237.0,128.0,225.0,47.0,112.0,94.0,130.0,213.0,262.0,82.0,131.0,175.0,121.0,173.0,162.0,58.0,117.0,266.0,59.0,67.0,117.0,167.0,96.0,120.0,166.0,41.0,149.0,105.0,132.0,39.0,137.0,133.0,172.0,58.0,47.0,87.0,220.0,168.0,186.0,140.0,74.0,159.0,155.0,137.0,100.0,192.0,168.0,221.0,42.0,71.0,241.0,153.0,161.0,111.0,140.0,124.0,94.0,212.0,25.0,192.0,269.0,100.0,168.0,73.0,144.0,167.0,127.0,153.0,120.0,60.0,201.0,250.0,81.0,50.0,184.0,48.0,176.0,26.0,221.0,253.0,96.0,244.0,96.0,93.0,193.0,104.0,15.0,112.0,100.0,168.0,166.0,73.0,139.0,103.0,101.0,206.0,22.0,153.0,87.0,44.0,142.0,190.0,144.0,149.0,177.0,125.0,106.0,146.0,120.0,218.0,175.0,68.0,199.0,203.0,43.0,220.0,137.0,153.0,118.0,189.0,185.0,146.0,36.0,190.0,160.0,190.0,107.0,120.0,160.0,275.0,58.0,88.0,87.0,165.0,163.0,157.0,85.0,71.0,194.0,34.0,180.0,192.0,192.0,200.0,168.0,109.0,61.0,274.0,56.0,168.0,173.0,153.0,210.0,146.0,142.0,190.0,75.0,117.0,208.0,61.0,117.0,204.0,140.0,243.0,98.0,141.0,201.0,23.0,155.0,95.0,192.0,107.0,252.0,70.0,146.0,156.0,167.0,150.0,77.0,93.0,22.0,241.0,251.0,133.0,96.0,144.0,101.0,257.0,190.0,119.0,214.0,73.0,66.0,133.0,174.0,235.0,204.0,192.0,259.0,137.0,100.0,88.0,202.0,147.0,107.0,96.0,120.0,148.0,241.0,151.0,203.0,228.0,25.0,179.0,59.0,44.0,239.0,140.0,131.0,172.0,225.0,116.0,44.0,132.0,253.0,105.0,189.0,83.0,158.0,228.0,220.0,90.0,137.0,29.0,172.0,185.0,117.0,120.0,209.0,165.0,47.0,117.0,190.0,71.0,209.0,239.0,196.0,110.0,92.0,106.0,107.0,221.0,155.0,266.0,204.0,155.0,57.0,78.0,142.0,52.0,173.0,188.0,116.0,77.0,71.0,242.0,228.0,132.0,100.0,117.0,171.0,132.0,112.0,81.0,63.0,37.0,165.0,143.0,130.0,171.0,93.0,161.0,108.0,28.0,213.0,194.0,155.0,50.0,97.0,62.0,179.0,91.0,195.0,195.0,44.0,117.0,224.0,81.0,167.0,34.0,96.0,123.0,122.0,107.0,63.0,172.0,146.0,175.0,124.0,149.0,192.0,162.0,38.0,125.0,66.0,107.0,155.0,136.0,189.0,168.0,230.0,65.0,152.0,208.0,195.0,262.0,22.0,21.0,89.0,142.0,95.0,117.0,108.0,119.0,119.0,153.0,139.0,130.0,208.0,250.0,96.0,73.0,80.0,127.0,214.0,200.0,171.0,72.0,205.0,93.0,111.0,37.0,93.0,118.0,146.0,69.0,55.0,155.0,155.0,164.0,105.0,120.0,62.0,119.0,77.0,96.0,191.0,100.0,84.0,36.0,194.0,100.0,228.0,101.0,134.0,155.0,59.0,112.0,218.0,205.0,108.0,110.0,85.0,176.0,148.0,107.0,221.0,89.0,259.0,300.0,61.0,237.0,56.0,76.0,70.0,161.0,263.0,62.0,136.0,223.0,208.0,259.0,148.0,144.0,146.0,133.0,76.0,246.0,149.0,52.0,100.0,73.0,65.0,89.0,104.0,262.0,85.0,94.0,136.0,146.0,133.0,94.0,153.0,14.0,132.0,164.0,173.0,92.0,172.0,50.0,71.0,195.0,211.0,126.0,156.0,281.0,136.0,211.0,108.0,186.0,61.0,144.0,155.0,108.0,119.0,122.0,119.0,204.0,105.0,168.0,212.0,155.0,189.0,66.0,234.0,195.0,137.0,220.0,121.0,137.0,82.0,214.0,142.0,114.0,81.0,127.0,129.0,49.0,223.0,146.0,121.0,155.0,142.0,145.0,97.0,230.0,206.0,195.0,93.0,108.0,164.0,197.0,190.0,81.0,153.0,158.0,134.0,214.0,104.0,107.0,48.0,137.0,214.0,43.0,83.0,146.0,62.0,113.0,120.0,155.0,215.0,220.0,112.0,137.0,135.0,74.0,140.0,223.0,155.0,137.0,177.0,139.0,89.0,38.0,99.0,100.0,197.0,49.0,100.0,115.0,119.0,53.0,200.0,223.0,96.0,100.0,146.0,149.0,48.0,109.0,100.0,101.0,145.0,148.0,104.0,148.0,105.0,214.0,94.0,214.0,159.0,226.0,110.0,241.0,83.0,119.0,176.0,162.0,49.0,62.0,137.0,77.0,173.0,41.0,268.0,109.0,197.0,150.0,127.0,91.0,48.0,137.0,59.0,59.0,176.0,70.0,203.0,46.0,242.0,140.0,153.0,113.0,251.0,225.0,106.0,142.0,105.0,87.0,110.0,186.0,19.0,208.0,47.0,129.0,58.0,40.0,159.0,157.0,158.0,73.0,168.0,95.0,107.0,199.0,20.0,170.0,103.0,213.0,75.0,143.0,105.0,149.0,168.0,62.0,128.0,53.0,172.0,186.0,91.0,212.0,97.0,179.0,107.0,208.0,153.0,252.0,142.0,192.0,196.0,210.0,127.0,38.0,175.0,166.0,172.0,138.0,175.0,124.0,175.0,215.0,89.0,39.0,170.0,55.0,124.0,134.0,205.0,161.0,124.0,127.0,149.0,129.0,94.0,204.0,161.0,161.0,125.0,225.0,158.0,71.0,21.0,96.0,247.0,124.0,117.0,44.0,142.0,85.0,133.0,172.0,27.0,186.0,79.0,296.0,144.0,89.0,280.0,175.0,146.0,197.0,207.0,125.0,229.0,147.0,152.0,127.0,206.0,85.0,85.0,0.0105264,0.00438597,0.0151516,0.00729929,0.00854704,0.0200005,0.00502513,0.00793653,0.0312506,0.00671143,0.0192309,0.00787403,0.00833335,0.00714288,0.00387599,0.0060241,0.00469484,0.0175439,0.0055866,0.0263177,0.00568185,0.0149254,0.00917433,0.0250002,0.00714286,0.00529101,0.00526318,0.00476191,0.0172415,0.00581396,0.00381679,0.00934582,0.0370375,0.00606061,0.00671141,0.00694445,0.0086207,0.00917433,0.018868,0.0243905,0.00952383,0.0072464,0.00636944,0.00735295,0.0074627,0.00684932,0.011628,0.00854704,0.0131579,0.00694445,0.00584795,0.00671141,0.0062112,0.00869567,0.00502513,0.0120483,0.00555556,0.00694451,0.00662252,0.0054348,0.0052356,0.0035461,0.00613497,0.00800001,0.00724641,0.00775197,0.00740744,0.010989,0.00854705,0.00653596,0.0212771,0.0133334,0.0172414,0.00666667,0.00595238,0.0135135,0.00487805,0.0142857,0.0125001,0.00699307,0.00800005,0.0105264,0.0136987,0.0113639,0.0117649,0.00636947,0.00813009,0.00689656,0.00315457,0.0121952,0.00900906,0.00662256,0.0103093,0.00840345,0.00934582,0.00621119,0.00847459,0.00454546,0.00990107,0.00671142,0.0192309,0.00490196,0.0108697,0.00581396,0.00389106,0.00854704,0.00636944,0.013514,0.00854709,0.00495053,0.00763359,0.0144929,0.0117648,0.011236,0.00909097,0.00671142,0.00751881,0.0121953,0.0053476,0.0111111,0.00729928,0.0128205,0.00970875,0.00555556,0.00526317,0.00581396,0.0074627,0.00595239,0.00480769,0.00917435,0.00529104,0.00526317,0.00571429,0.0126585,0.0333336,0.0103093,0.00613499,0.00793652,0.00719425,0.00613498,0.00409836,0.00520834,0.00497513,0.0104167,0.00806453,0.0128208,0.00694448,0.00617284,0.00775195,0.00645162,0.0121952,0.00515466,0.00414939,0.00571433,0.00990101,0.00729929,0.00389105,0.0123458,0.00653596,0.0250004,0.00645162,0.00444445,0.00578035,0.0238098,0.00671145,0.00529102,0.0085471,0.0172415,0.0294127,0.00571429,0.00900937,0.00444446,0.00833336,0.0133335,0.0116279,0.00526316,0.0088496,0.00970877,0.0172414,0.00450451,0.0114943,0.0049505,0.0151517,0.00862075,0.0123457,0.0111111,0.00454547,0.017544,0.00793651,0.00892858,0.00490196,0.0217397,0.00869567,0.00462963,0.00806453,0.00854702,0.00819673,0.00526316,0.00892859,0.00526317,0.00657895,0.0128205,0.00925928,0.0112361,0.0107528,0.00854704,0.0106383,0.0107527,0.00704229,0.0161292,0.0109891,0.00900908,0.0053476,0.0142858,0.0121952,0.00769231,0.00555556,0.00386101,0.00800008,0.0153847,0.0227274,0.00581396,0.00438599,0.00613499,0.00390625,0.00571431,0.00571432,0.0100003,0.00694447,0.00675677,0.00526316,0.0151516,0.00714286,0.00729934,0.0769242,0.0121951,0.00408166,0.00427352,0.00793652,0.0200001,0.00408164,0.00609758,0.00709221,0.0054348,0.0169492,0.0041841,0.00729927,0.00649352,0.00653595,0.00990101,0.00588235,0.00531915,0.0113637,0.00512822,0.0476197,0.00909095,0.0208334,0.00952384,0.00909094,0.0136987,0.0161292,0.0144928,0.0153848,0.01,0.00833335,0.00854702,0.00518136,0.0312513,0.00662252,0.00704226,0.00917432,0.00775195,0.0136987,0.00505051,0.00537636,0.00625,0.0128208,0.00507614,0.0107527,0.0555565,0.00393701,0.0166667,0.00952383,0.00595238,0.00684932,0.0175441,0.00396826,0.00598803,0.00714288,0.00526316,0.00606061,0.0119048,0.00483093,0.0125001,0.00793651,0.0074627,0.00588242,0.00510204,0.00625002,0.00943413,0.00775199,0.00819675,0.0102042,0.0111111,0.00526317,0.0106384,0.00564972,0.00398407,0.00694456,0.0128206,0.0158731,0.0120482,0.00735294,0.00512822,0.012987,0.00595239,0.00595238,0.0085471,0.00775196,0.00537635,0.00636948,0.00421941,0.00781251,0.00444445,0.0212768,0.00892859,0.0106384,0.00769231,0.00469484,0.0038168,0.0121954,0.0076336,0.00571429,0.00826449,0.00578035,0.00617292,0.0172414,0.00854703,0.0037594,0.0169498,0.0149257,0.00854702,0.00598813,0.0104167,0.00833337,0.0060241,0.0243908,0.00671142,0.00952396,0.00757577,0.0256413,0.00729929,0.00751882,0.00581395,0.0172414,0.0212783,0.0114943,0.00454546,0.00595239,0.00537635,0.00714287,0.0135136,0.00628931,0.00645162,0.00729927,0.01,0.00520834,0.00595245,0.0045249,0.0238097,0.0140846,0.00414938,0.00653597,0.00621119,0.00900903,0.00714286,0.00806452,0.0106385,0.00471699,0.0400011,0.00520834,0.00371747,0.0100001,0.00595238,0.0136987,0.00694446,0.00598803,0.00787402,0.00653597,0.00833334,0.0166667,0.00497514,0.004,0.0123457,0.0200001,0.00543478,0.0208334,0.00568183,0.0384625,0.00452489,0.00395257,0.0104167,0.00409836,0.0104169,0.0107527,0.00518141,0.0096154,0.0666678,0.00892861,0.01,0.00595238,0.0060241,0.0136987,0.00719426,0.00970886,0.00990104,0.00485437,0.0454568,0.00653606,0.0114943,0.0227274,0.00704227,0.00526316,0.00694445,0.00671141,0.00564972,0.00800001,0.00943399,0.00684932,0.00833334,0.00458716,0.00571432,0.014706,0.00502514,0.00492611,0.0232561,0.00454546,0.00729927,0.00653597,0.00847459,0.00529101,0.00540541,0.00684932,0.0277785,0.00526316,0.00625001,0.00526317,0.0093458,0.00833336,0.00625001,0.00363637,0.0172414,0.0113637,0.0114943,0.00606061,0.00613499,0.00636943,0.0117647,0.0140846,0.00515465,0.0294119,0.00555556,0.00520834,0.00520834,0.005,0.00595238,0.00917432,0.0163936,0.00364964,0.0178573,0.00595238,0.00578035,0.00653597,0.00476191,0.00684935,0.00704226,0.00526317,0.0133334,0.00854702,0.00480769,0.0163938,0.00854703,0.00490199,0.0071429,0.00411523,0.0102042,0.00709222,0.00497513,0.043479,0.00645164,0.0105263,0.00520834,0.00934583,0.00396825,0.0142858,0.00684932,0.00641026,0.00598803,0.00666669,0.0129871,0.0107527,0.0454551,0.00414938,0.00398406,0.00751897,0.0104167,0.00694445,0.009901,0.00389105,0.00526316,0.00840338,0.0046729,0.0136987,0.0151517,0.00751882,0.00574713,0.00425532,0.00490196,0.00520834,0.003861,0.00729928,0.01,0.0113637,0.00495051,0.00680275,0.00934582,0.0104167,0.00833334,0.00675676,0.00414938,0.00662253,0.00492614,0.00438598,0.0400004,0.0055866,0.0169495,0.0227274,0.0041841,0.00714287,0.00763366,0.00581396,0.00444449,0.00862073,0.0227287,0.0075758,0.00395257,0.00952383,0.00529101,0.0120483,0.00632911,0.00438597,0.00454546,0.0111116,0.00729928,0.0344832,0.00581397,0.00540541,0.00854704,0.00833334,0.00478471,0.00606061,0.0212769,0.00854702,0.00526316,0.0140846,0.0047847,0.00418412,0.00510204,0.00909095,0.0108698,0.00943398,0.00934581,0.00452489,0.00645164,0.0037594,0.00490197,0.00645163,0.0175441,0.0128206,0.00704226,0.0192309,0.00578035,0.00531915,0.00862073,0.0129872,0.0140846,0.00413224,0.00438598,0.00757577,0.01,0.00854703,0.00584796,0.00757583,0.00892859,0.0123459,0.0158731,0.0270305,0.00606062,0.00699302,0.00769232,0.00584796,0.0107527,0.00621119,0.00925928,0.035715,0.00469484,0.00515464,0.00645164,0.0200004,0.0103093,0.0161291,0.00558662,0.010989,0.00512821,0.00512821,0.0227279,0.00854705,0.00446429,0.0123458,0.00598803,0.0294119,0.0104167,0.00813011,0.00819673,0.00934583,0.0158731,0.00581396,0.00684932,0.00571429,0.00806459,0.00671148,0.00520834,0.00617289,0.0263161,0.00800008,0.0151517,0.00934585,0.00645162,0.00735296,0.00529101,0.00595239,0.00434783,0.0153846,0.00657897,0.00480769,0.00512821,0.0038168,0.045456,0.0476306,0.011236,0.00704227,0.0105267,0.00854705,0.00925931,0.00840337,0.00840339,0.00653595,0.00719425,0.00769232,0.0048077,0.00400003,0.0104168,0.0136987,0.0125001,0.00787402,0.0046729,0.00500002,0.00584795,0.0138889,0.00487805,0.0107528,0.00900903,0.0270273,0.0107527,0.0084746,0.00684933,0.0144928,0.0181821,0.00645164,0.00645166,0.00609757,0.00952383,0.00833341,0.0161291,0.00840339,0.0129871,0.0104168,0.0052356,0.01,0.0119048,0.0277781,0.00515465,0.01,0.00438597,0.00990102,0.00746271,0.00645162,0.0169495,0.00892858,0.00458716,0.00487806,0.00925927,0.00909093,0.0117647,0.00568182,0.00675678,0.00934582,0.00452489,0.0112361,0.00386101,0.00333334,0.0163935,0.00421941,0.0178579,0.0131579,0.0142858,0.00621119,0.00380228,0.0161291,0.00735295,0.00448432,0.00480769,0.00386102,0.00675681,0.00694446,0.00684934,0.00751892,0.013158,0.00406504,0.00671142,0.0192315,0.0100001,0.0136988,0.0153848,0.0112361,0.0096154,0.0038168,0.0117648,0.0106384,0.00735295,0.00684933,0.00751881,0.0106384,0.00653596,0.0714299,0.00757577,0.00609758,0.00578035,0.0108696,0.00581396,0.0200011,0.0140848,0.00512822,0.00473934,0.00793654,0.00641028,0.00355872,0.00735298,0.00473934,0.00925927,0.00537636,0.0163936,0.00694454,0.00645162,0.00925927,0.00840337,0.00819674,0.00840339,0.00490197,0.00952396,0.00595239,0.00471699,0.00645163,0.00529101,0.0151516,0.00427351,0.00512822,0.00729929,0.00454546,0.00826451,0.00729928,0.0121952,0.00467291,0.00704227,0.00877215,0.0123458,0.00787403,0.00775199,0.0204084,0.0044843,0.00684936,0.00826448,0.00645163,0.00704228,0.00689657,0.0103093,0.00434783,0.00485438,0.00512821,0.0107528,0.00925927,0.00609756,0.00507614,0.0052632,0.0123457,0.00653596,0.00632918,0.00746272,0.0046729,0.00961544,0.00934581,0.0208335,0.00729927,0.0046729,0.0232563,0.0120484,0.00684932,0.0161292,0.00884958,0.00833334,0.00645162,0.00465116,0.00454546,0.00892864,0.00729928,0.00740744,0.0135135,0.00714288,0.00448431,0.00645162,0.00729928,0.00564972,0.00719426,0.011236,0.0263162,0.0101011,0.0100001,0.00507616,0.0204086,0.01,0.00869567,0.00840342,0.0188684,0.005,0.00448431,0.0104167,0.01,0.00684932,0.00671143,0.0208336,0.00917434,0.01,0.00990107,0.00689659,0.00675676,0.00961549,0.00675677,0.00952382,0.0046729,0.0106383,0.0046729,0.00628933,0.00442478,0.00909094,0.00414938,0.0120483,0.00840339,0.00568182,0.00617284,0.0204083,0.0161291,0.00729928,0.0129872,0.00578038,0.0243912,0.00373135,0.00917433,0.00507615,0.00666667,0.00787402,0.010989,0.0208336,0.00729928,0.0169492,0.0169492,0.00568182,0.0142857,0.00492611,0.0217392,0.00413223,0.00714288,0.00653597,0.00884957,0.00398407,0.00444445,0.00943399,0.00704228,0.00952383,0.0114943,0.00909093,0.00537636,0.0526326,0.00480769,0.0212769,0.00775198,0.0172414,0.0250019,0.00628931,0.00636943,0.00632913,0.0136987,0.00595238,0.0105263,0.009346,0.00502513,0.0500015,0.00588242,0.00970878,0.00469484,0.0133334,0.00699304,0.00952384,0.00671141,0.0059524,0.0161294,0.00781252,0.018868,0.00581397,0.00537635,0.010989,0.00471699,0.0103093,0.0055866,0.00934586,0.00480769,0.006536,0.00396825,0.00704226,0.00520834,0.00510205,0.00476192,0.00787403,0.0263169,0.00571429,0.00602411,0.00581395,0.00724643,0.00571429,0.00806452,0.0057143,0.00465117,0.011236,0.0256412,0.00588236,0.0181819,0.00806453,0.00746269,0.00487806,0.00621119,0.00806454,0.00787403,0.00671142,0.00775195,0.0106384,0.00490197,0.00621119,0.00621118,0.00800003,0.00444445,0.00632912,0.0140847,0.0476213,0.0104167,0.00404859,0.00806456,0.00854702,0.0227274,0.00704232,0.0117647,0.00751881,0.00581401,0.0370375,0.00537635,0.0126583,0.00337838,0.00694445,0.011236,0.00357143,0.00571429,0.00684933,0.00507614,0.00483093,0.00800002,0.00436682,0.00680278,0.00657895,0.00787405,0.00485437,0.0117648,0.0117647,95.0,0.0105264,1.41421,228.0,0.00438597,1.41421,66.0,0.0151516,1.41421,137.0,0.00729929,1.41421,117.0,0.00854704,1.41421,50.0,0.0200005,1.41421,199.0,0.00502513,1.41421,126.0,0.00793653,1.41421,32.0,0.0312506,1.41421,149.0,0.00671143,1.41421,52.0,0.0192309,1.41421,127.0,0.00787403,1.41421,120.0,0.00833335,1.41421,140.0,0.00714288,1.41421,258.0,0.00387599,1.41421,166.0,0.0060241,1.41421,213.0,0.00469484,1.41421,57.0,0.0175439,1.41421,179.0,0.0055866,1.41421,38.0,0.0263177,1.41421,176.0,0.00568185,1.41421,67.0,0.0149254,1.41421,109.0,0.00917433,1.41421,40.0,0.0250002,1.41421,140.0,0.00714286,1.41421,189.0,0.00529101,1.41421,190.0,0.00526318,1.41421,210.0,0.00476191,1.41421,58.0,0.0172415,1.41421,172.0,0.00581396,1.41421,262.0,0.00381679,1.41421,107.0,0.00934582,1.41421,27.0,0.0370375,1.41421,165.0,0.00606061,1.41421,149.0,0.00671141,1.41421,144.0,0.00694445,1.41421,116.0,0.0086207,1.41421,109.0,0.00917433,1.41421,53.0,0.018868,1.41421,41.0,0.0243905,1.41421,105.0,0.00952383,1.41421,138.0,0.0072464,1.41421,157.0,0.00636944,1.41421,136.0,0.00735295,1.41421,134.0,0.0074627,1.41421,146.0,0.00684932,1.41421,86.0,0.011628,1.41421,117.0,0.00854704,1.41421,76.0,0.0131579,1.41421,144.0,0.00694445,1.41421,171.0,0.00584795,1.41421,149.0,0.00671141,1.41421,161.0,0.0062112,1.41421,115.0,0.00869567,1.41421,199.0,0.00502513,1.41421,83.0,0.0120483,1.41421,180.0,0.00555556,1.41421,144.0,0.00694451,1.41421,151.0,0.00662252,1.41421,184.0,0.0054348,1.41421,191.0,0.0052356,1.41421,282.0,0.0035461,1.41421,163.0,0.00613497,1.41421,125.0,0.00800001,1.41421,138.0,0.00724641,1.41421,129.0,0.00775197,1.41421,135.0,0.00740744,1.41421,91.0,0.010989,1.41421,117.0,0.00854705,1.41421,153.0,0.00653596,1.41421,47.0,0.0212771,1.41421,75.0,0.0133334,1.41421,58.0,0.0172414,1.41421,150.0,0.00666667,1.41421,168.0,0.00595238,1.41421,74.0,0.0135135,1.41421,205.0,0.00487805,1.41421,70.0,0.0142857,1.41421,80.0,0.0125001,1.41421,143.0,0.00699307,1.41421,125.0,0.00800005,1.41421,95.0,0.0105264,1.41421,73.0,0.0136987,1.41421,88.0,0.0113639,1.41421,85.0,0.0117649,1.41421,157.0,0.00636947,1.41421,123.0,0.00813009,1.41421,145.0,0.00689656,1.41421,317.0,0.00315457,1.41421,82.0,0.0121952,1.41421,111.0,0.00900906,1.41421,151.0,0.00662256,1.41421,97.0,0.0103093,1.41421,119.0,0.00840345,1.41421,107.0,0.00934582,1.41421,161.0,0.00621119,1.41421,118.0,0.00847459,1.41421,220.0,0.00454546,1.41421,101.0,0.00990107,1.41421,149.0,0.00671142,1.41421,52.0,0.0192309,1.41421,204.0,0.00490196,1.41421,92.0,0.0108697,1.41421,172.0,0.00581396,1.41421,257.0,0.00389106,1.41421,117.0,0.00854704,1.41421,157.0,0.00636944,1.41421,74.0,0.013514,1.41421,117.0,0.00854709,1.41421,202.0,0.00495053,1.41421,131.0,0.00763359,1.41421,69.0,0.0144929,1.41421,85.0,0.0117648,1.41421,89.0,0.011236,1.41421,110.0,0.00909097,1.41421,149.0,0.00671142,1.41421,133.0,0.00751881,1.41421,82.0,0.0121953,1.41421,187.0,0.0053476,1.41421,90.0,0.0111111,1.41421,137.0,0.00729928,1.41421,78.0,0.0128205,1.41421,103.0,0.00970875,1.41421,180.0,0.00555556,1.41421,190.0,0.00526317,1.41421,172.0,0.00581396,1.41421,134.0,0.0074627,1.41421,168.0,0.00595239,1.41421,208.0,0.00480769,1.41421,109.0,0.00917435,1.41421,189.0,0.00529104,1.41421,190.0,0.00526317,1.41421,175.0,0.00571429,1.41421,79.0,0.0126585,1.41421,30.0,0.0333336,1.41421,97.0,0.0103093,1.41421,163.0,0.00613499,1.41421,126.0,0.00793652,1.41421,139.0,0.00719425,1.41421,163.0,0.00613498,1.41421,244.0,0.00409836,1.41421,192.0,0.00520834,1.41421,201.0,0.00497513,1.41421,96.0,0.0104167,1.41421,124.0,0.00806453,1.41421,78.0,0.0128208,1.41421,144.0,0.00694448,1.41421,162.0,0.00617284,1.41421,129.0,0.00775195,1.41421,155.0,0.00645162,1.41421,82.0,0.0121952,1.41421,194.0,0.00515466,1.41421,241.0,0.00414939,1.41421,175.0,0.00571433,1.41421,101.0,0.00990101,1.41421,137.0,0.00729929,1.41421,257.0,0.00389105,1.41421,81.0,0.0123458,1.41421,153.0,0.00653596,1.41421,40.0,0.0250004,1.41421,155.0,0.00645162,1.41421,225.0,0.00444445,1.41421,173.0,0.00578035,1.41421,42.0,0.0238098,1.41421,149.0,0.00671145,1.41421,189.0,0.00529102,1.41421,117.0,0.0085471,1.41421,58.0,0.0172415,1.41421,34.0,0.0294127,1.41421,175.0,0.00571429,1.41421,111.0,0.00900937,1.41421,225.0,0.00444446,1.41421,120.0,0.00833336,1.41421,75.0,0.0133335,1.41421,86.0,0.0116279,1.41421,190.0,0.00526316,1.41421,113.0,0.0088496,1.41421,103.0,0.00970877,1.41421,58.0,0.0172414,1.41421,222.0,0.00450451,1.41421,87.0,0.0114943,1.41421,202.0,0.0049505,1.41421,66.0,0.0151517,1.41421,116.0,0.00862075,1.41421,81.0,0.0123457,1.41421,90.0,0.0111111,1.41421,220.0,0.00454547,1.41421,57.0,0.017544,1.41421,126.0,0.00793651,1.41421,112.0,0.00892858,1.41421,204.0,0.00490196,1.41421,46.0,0.0217397,1.41421,115.0,0.00869567,1.41421,216.0,0.00462963,1.41421,124.0,0.00806453,1.41421,117.0,0.00854702,1.41421,122.0,0.00819673,1.41421,190.0,0.00526316,1.41421,112.0,0.00892859,1.41421,190.0,0.00526317,1.41421,152.0,0.00657895,1.41421,78.0,0.0128205,1.41421,108.0,0.00925928,1.41421,89.0,0.0112361,1.41421,93.0,0.0107528,1.41421,117.0,0.00854704,1.41421,94.0,0.0106383,1.41421,93.0,0.0107527,1.41421,142.0,0.00704229,1.41421,62.0,0.0161292,1.41421,91.0,0.0109891,1.41421,111.0,0.00900908,1.41421,187.0,0.0053476,1.41421,70.0,0.0142858,1.41421,82.0,0.0121952,1.41421,130.0,0.00769231,1.41421,180.0,0.00555556,1.41421,259.0,0.00386101,1.41421,125.0,0.00800008,1.41421,65.0,0.0153847,1.41421,44.0,0.0227274,1.41421,172.0,0.00581396,1.41421,228.0,0.00438599,1.41421,163.0,0.00613499,1.41421,256.0,0.00390625,1.41421,175.0,0.00571431,1.41421,175.0,0.00571432,1.41421,100.0,0.0100003,1.41421,144.0,0.00694447,1.41421,148.0,0.00675677,1.41421,190.0,0.00526316,1.41421,66.0,0.0151516,1.41421,140.0,0.00714286,1.41421,137.0,0.00729934,1.41421,13.0,0.0769242,1.41421,82.0,0.0121951,1.41421,245.0,0.00408166,1.41421,234.0,0.00427352,1.41421,126.0,0.00793652,1.41421,50.0,0.0200001,1.41421,245.0,0.00408164,1.41421,164.0,0.00609758,1.41421,141.0,0.00709221,1.41421,184.0,0.0054348,1.41421,59.0,0.0169492,1.41421,239.0,0.0041841,1.41421,137.0,0.00729927,1.41421,154.0,0.00649352,1.41421,153.0,0.00653595,1.41421,101.0,0.00990101,1.41421,170.0,0.00588235,1.41421,188.0,0.00531915,1.41421,88.0,0.0113637,1.41421,195.0,0.00512822,1.41421,21.0,0.0476197,1.41421,110.0,0.00909095,1.41421,48.0,0.0208334,1.41421,105.0,0.00952384,1.41421,110.0,0.00909094,1.41421,73.0,0.0136987,1.41421,62.0,0.0161292,1.41421,69.0,0.0144928,1.41421,65.0,0.0153848,1.41421,100.0,0.01,1.41421,120.0,0.00833335,1.41421,117.0,0.00854702,1.41421,193.0,0.00518136,1.41421,32.0,0.0312513,1.41421,151.0,0.00662252,1.41421,142.0,0.00704226,1.41421,109.0,0.00917432,1.41421,129.0,0.00775195,1.41421,73.0,0.0136987,1.41421,198.0,0.00505051,1.41421,186.0,0.00537636,1.41421,160.0,0.00625,1.41421,78.0,0.0128208,1.41421,197.0,0.00507614,1.41421,93.0,0.0107527,1.41421,18.0,0.0555565,1.41421,254.0,0.00393701,1.41421,60.0,0.0166667,1.41421,105.0,0.00952383,1.41421,168.0,0.00595238,1.41421,146.0,0.00684932,1.41421,57.0,0.0175441,1.41421,252.0,0.00396826,1.41421,167.0,0.00598803,1.41421,140.0,0.00714288,1.41421,190.0,0.00526316,1.41421,165.0,0.00606061,1.41421,84.0,0.0119048,1.41421,207.0,0.00483093,1.41421,80.0,0.0125001,1.41421,126.0,0.00793651,1.41421,134.0,0.0074627,1.41421,170.0,0.00588242,1.41421,196.0,0.00510204,1.41421,160.0,0.00625002,1.41421,106.0,0.00943413,1.41421,129.0,0.00775199,1.41421,122.0,0.00819675,1.41421,98.0,0.0102042,1.41421,90.0,0.0111111,1.41421,190.0,0.00526317,1.41421,94.0,0.0106384,1.41421,177.0,0.00564972,1.41421,251.0,0.00398407,1.41421,144.0,0.00694456,1.41421,78.0,0.0128206,1.41421,63.0,0.0158731,1.41421,83.0,0.0120482,1.41421,136.0,0.00735294,1.41421,195.0,0.00512822,1.41421,77.0,0.012987,1.41421,168.0,0.00595239,1.41421,168.0,0.00595238,1.41421,117.0,0.0085471,1.41421,129.0,0.00775196,1.41421,186.0,0.00537635,1.41421,157.0,0.00636948,1.41421,237.0,0.00421941,1.41421,128.0,0.00781251,1.41421,225.0,0.00444445,1.41421,47.0,0.0212768,1.41421,112.0,0.00892859,1.41421,94.0,0.0106384,1.41421,130.0,0.00769231,1.41421,213.0,0.00469484,1.41421,262.0,0.0038168,1.41421,82.0,0.0121954,1.41421,131.0,0.0076336,1.41421,175.0,0.00571429,1.41421,121.0,0.00826449,1.41421,173.0,0.00578035,1.41421,162.0,0.00617292,1.41421,58.0,0.0172414,1.41421,117.0,0.00854703,1.41421,266.0,0.0037594,1.41421,59.0,0.0169498,1.41421,67.0,0.0149257,1.41421,117.0,0.00854702,1.41421,167.0,0.00598813,1.41421,96.0,0.0104167,1.41421,120.0,0.00833337,1.41421,166.0,0.0060241,1.41421,41.0,0.0243908,1.41421,149.0,0.00671142,1.41421,105.0,0.00952396,1.41421,132.0,0.00757577,1.41421,39.0,0.0256413,1.41421,137.0,0.00729929,1.41421,133.0,0.00751882,1.41421,172.0,0.00581395,1.41421,58.0,0.0172414,1.41421,47.0,0.0212783,1.41421,87.0,0.0114943,1.41421,220.0,0.00454546,1.41421,168.0,0.00595239,1.41421,186.0,0.00537635,1.41421,140.0,0.00714287,1.41421,74.0,0.0135136,1.41421,159.0,0.00628931,1.41421,155.0,0.00645162,1.41421,137.0,0.00729927,1.41421,100.0,0.01,1.41421,192.0,0.00520834,1.41421,168.0,0.00595245,1.41421,221.0,0.0045249,1.41421,42.0,0.0238097,1.41421,71.0,0.0140846,1.41421,241.0,0.00414938,1.41421,153.0,0.00653597,1.41421,161.0,0.00621119,1.41421,111.0,0.00900903,1.41421,140.0,0.00714286,1.41421,124.0,0.00806452,1.41421,94.0,0.0106385,1.41421,212.0,0.00471699,1.41421,25.0,0.0400011,1.41421,192.0,0.00520834,1.41421,269.0,0.00371747,1.41421,100.0,0.0100001,1.41421,168.0,0.00595238,1.41421,73.0,0.0136987,1.41421,144.0,0.00694446,1.41421,167.0,0.00598803,1.41421,127.0,0.00787402,1.41421,153.0,0.00653597,1.41421,120.0,0.00833334,1.41421,60.0,0.0166667,1.41421,201.0,0.00497514,1.41421,250.0,0.004,1.41421,81.0,0.0123457,1.41421,50.0,0.0200001,1.41421,184.0,0.00543478,1.41421,48.0,0.0208334,1.41421,176.0,0.00568183,1.41421,26.0,0.0384625,1.41421,221.0,0.00452489,1.41421,253.0,0.00395257,1.41421,96.0,0.0104167,1.41421,244.0,0.00409836,1.41421,96.0,0.0104169,1.41421,93.0,0.0107527,1.41421,193.0,0.00518141,1.41421,104.0,0.0096154,1.41421,15.0,0.0666678,1.41421,112.0,0.00892861,1.41421,100.0,0.01,1.41421,168.0,0.00595238,1.41421,166.0,0.0060241,1.41421,73.0,0.0136987,1.41421,139.0,0.00719426,1.41421,103.0,0.00970886,1.41421,101.0,0.00990104,1.41421,206.0,0.00485437,1.41421,22.0,0.0454568,1.41421,153.0,0.00653606,1.41421,87.0,0.0114943,1.41421,44.0,0.0227274,1.41421,142.0,0.00704227,1.41421,190.0,0.00526316,1.41421,144.0,0.00694445,1.41421,149.0,0.00671141,1.41421,177.0,0.00564972,1.41421,125.0,0.00800001,1.41421,106.0,0.00943399,1.41421,146.0,0.00684932,1.41421,120.0,0.00833334,1.41421,218.0,0.00458716,1.41421,175.0,0.00571432,1.41421,68.0,0.014706,1.41421,199.0,0.00502514,1.41421,203.0,0.00492611,1.41421,43.0,0.0232561,1.41421,220.0,0.00454546,1.41421,137.0,0.00729927,1.41421,153.0,0.00653597,1.41421,118.0,0.00847459,1.41421,189.0,0.00529101,1.41421,185.0,0.00540541,1.41421,146.0,0.00684932,1.41421,36.0,0.0277785,1.41421,190.0,0.00526316,1.41421,160.0,0.00625001,1.41421,190.0,0.00526317,1.41421,107.0,0.0093458,1.41421,120.0,0.00833336,1.41421,160.0,0.00625001,1.41421,275.0,0.00363637,1.41421,58.0,0.0172414,1.41421,88.0,0.0113637,1.41421,87.0,0.0114943,1.41421,165.0,0.00606061,1.41421,163.0,0.00613499,1.41421,157.0,0.00636943,1.41421,85.0,0.0117647,1.41421,71.0,0.0140846,1.41421,194.0,0.00515465,1.41421,34.0,0.0294119,1.41421,180.0,0.00555556,1.41421,192.0,0.00520834,1.41421,192.0,0.00520834,1.41421,200.0,0.005,1.41421,168.0,0.00595238,1.41421,109.0,0.00917432,1.41421,61.0,0.0163936,1.41421,274.0,0.00364964,1.41421,56.0,0.0178573,1.41421,168.0,0.00595238,1.41421,173.0,0.00578035,1.41421,153.0,0.00653597,1.41421,210.0,0.00476191,1.41421,146.0,0.00684935,1.41421,142.0,0.00704226,1.41421,190.0,0.00526317,1.41421,75.0,0.0133334,1.41421,117.0,0.00854702,1.41421,208.0,0.00480769,1.41421,61.0,0.0163938,1.41421,117.0,0.00854703,1.41421,204.0,0.00490199,1.41421,140.0,0.0071429,1.41421,243.0,0.00411523,1.41421,98.0,0.0102042,1.41421,141.0,0.00709222,1.41421,201.0,0.00497513,1.41421,23.0,0.043479,1.41421,155.0,0.00645164,1.41421,95.0,0.0105263,1.41421,192.0,0.00520834,1.41421,107.0,0.00934583,1.41421,252.0,0.00396825,1.41421,70.0,0.0142858,1.41421,146.0,0.00684932,1.41421,156.0,0.00641026,1.41421,167.0,0.00598803,1.41421,150.0,0.00666669,1.41421,77.0,0.0129871,1.41421,93.0,0.0107527,1.41421,22.0,0.0454551,1.41421,241.0,0.00414938,1.41421,251.0,0.00398406,1.41421,133.0,0.00751897,1.41421,96.0,0.0104167,1.41421,144.0,0.00694445,1.41421,101.0,0.009901,1.41421,257.0,0.00389105,1.41421,190.0,0.00526316,1.41421,119.0,0.00840338,1.41421,214.0,0.0046729,1.41421,73.0,0.0136987,1.41421,66.0,0.0151517,1.41421,133.0,0.00751882,1.41421,174.0,0.00574713,1.41421,235.0,0.00425532,1.41421,204.0,0.00490196,1.41421,192.0,0.00520834,1.41421,259.0,0.003861,1.41421,137.0,0.00729928,1.41421,100.0,0.01,1.41421,88.0,0.0113637,1.41421,202.0,0.00495051,1.41421,147.0,0.00680275,1.41421,107.0,0.00934582,1.41421,96.0,0.0104167,1.41421,120.0,0.00833334,1.41421,148.0,0.00675676,1.41421,241.0,0.00414938,1.41421,151.0,0.00662253,1.41421,203.0,0.00492614,1.41421,228.0,0.00438598,1.41421,25.0,0.0400004,1.41421,179.0,0.0055866,1.41421,59.0,0.0169495,1.41421,44.0,0.0227274,1.41421,239.0,0.0041841,1.41421,140.0,0.00714287,1.41421,131.0,0.00763366,1.41421,172.0,0.00581396,1.41421,225.0,0.00444449,1.41421,116.0,0.00862073,1.41421,44.0,0.0227287,1.41421,132.0,0.0075758,1.41421,253.0,0.00395257,1.41421,105.0,0.00952383,1.41421,189.0,0.00529101,1.41421,83.0,0.0120483,1.41421,158.0,0.00632911,1.41421,228.0,0.00438597,1.41421,220.0,0.00454546,1.41421,90.0,0.0111116,1.41421,137.0,0.00729928,1.41421,29.0,0.0344832,1.41421,172.0,0.00581397,1.41421,185.0,0.00540541,1.41421,117.0,0.00854704,1.41421,120.0,0.00833334,1.41421,209.0,0.00478471,1.41421,165.0,0.00606061,1.41421,47.0,0.0212769,1.41421,117.0,0.00854702,1.41421,190.0,0.00526316,1.41421,71.0,0.0140846,1.41421,209.0,0.0047847,1.41421,239.0,0.00418412,1.41421,196.0,0.00510204,1.41421,110.0,0.00909095,1.41421,92.0,0.0108698,1.41421,106.0,0.00943398,1.41421,107.0,0.00934581,1.41421,221.0,0.00452489,1.41421,155.0,0.00645164,1.41421,266.0,0.0037594,1.41421,204.0,0.00490197,1.41421,155.0,0.00645163,1.41421,57.0,0.0175441,1.41421,78.0,0.0128206,1.41421,142.0,0.00704226,1.41421,52.0,0.0192309,1.41421,173.0,0.00578035,1.41421,188.0,0.00531915,1.41421,116.0,0.00862073,1.41421,77.0,0.0129872,1.41421,71.0,0.0140846,1.41421,242.0,0.00413224,1.41421,228.0,0.00438598,1.41421,132.0,0.00757577,1.41421,100.0,0.01,1.41421,117.0,0.00854703,1.41421,171.0,0.00584796,1.41421,132.0,0.00757583,1.41421,112.0,0.00892859,1.41421,81.0,0.0123459,1.41421,63.0,0.0158731,1.41421,37.0,0.0270305,1.41421,165.0,0.00606062,1.41421,143.0,0.00699302,1.41421,130.0,0.00769232,1.41421,171.0,0.00584796,1.41421,93.0,0.0107527,1.41421,161.0,0.00621119,1.41421,108.0,0.00925928,1.41421,28.0,0.035715,1.41421,213.0,0.00469484,1.41421,194.0,0.00515464,1.41421,155.0,0.00645164,1.41421,50.0,0.0200004,1.41421,97.0,0.0103093,1.41421,62.0,0.0161291,1.41421,179.0,0.00558662,1.41421,91.0,0.010989,1.41421,195.0,0.00512821,1.41421,195.0,0.00512821,1.41421,44.0,0.0227279,1.41421,117.0,0.00854705,1.41421,224.0,0.00446429,1.41421,81.0,0.0123458,1.41421,167.0,0.00598803,1.41421,34.0,0.0294119,1.41421,96.0,0.0104167,1.41421,123.0,0.00813011,1.41421,122.0,0.00819673,1.41421,107.0,0.00934583,1.41421,63.0,0.0158731,1.41421,172.0,0.00581396,1.41421,146.0,0.00684932,1.41421,175.0,0.00571429,1.41421,124.0,0.00806459,1.41421,149.0,0.00671148,1.41421,192.0,0.00520834,1.41421,162.0,0.00617289,1.41421,38.0,0.0263161,1.41421,125.0,0.00800008,1.41421,66.0,0.0151517,1.41421,107.0,0.00934585,1.41421,155.0,0.00645162,1.41421,136.0,0.00735296,1.41421,189.0,0.00529101,1.41421,168.0,0.00595239,1.41421,230.0,0.00434783,1.41421,65.0,0.0153846,1.41421,152.0,0.00657897,1.41421,208.0,0.00480769,1.41421,195.0,0.00512821,1.41421,262.0,0.0038168,1.41421,22.0,0.045456,1.41421,21.0,0.0476306,1.41421,89.0,0.011236,1.41421,142.0,0.00704227,1.41421,95.0,0.0105267,1.41421,117.0,0.00854705,1.41421,108.0,0.00925931,1.41421,119.0,0.00840337,1.41421,119.0,0.00840339,1.41421,153.0,0.00653595,1.41421,139.0,0.00719425,1.41421,130.0,0.00769232,1.41421,208.0,0.0048077,1.41421,250.0,0.00400003,1.41421,96.0,0.0104168,1.41421,73.0,0.0136987,1.41421,80.0,0.0125001,1.41421,127.0,0.00787402,1.41421,214.0,0.0046729,1.41421,200.0,0.00500002,1.41421,171.0,0.00584795,1.41421,72.0,0.0138889,1.41421,205.0,0.00487805,1.41421,93.0,0.0107528,1.41421,111.0,0.00900903,1.41421,37.0,0.0270273,1.41421,93.0,0.0107527,1.41421,118.0,0.0084746,1.41421,146.0,0.00684933,1.41421,69.0,0.0144928,1.41421,55.0,0.0181821,1.41421,155.0,0.00645164,1.41421,155.0,0.00645166,1.41421,164.0,0.00609757,1.41421,105.0,0.00952383,1.41421,120.0,0.00833341,1.41421,62.0,0.0161291,1.41421,119.0,0.00840339,1.41421,77.0,0.0129871,1.41421,96.0,0.0104168,1.41421,191.0,0.0052356,1.41421,100.0,0.01,1.41421,84.0,0.0119048,1.41421,36.0,0.0277781,1.41421,194.0,0.00515465,1.41421,100.0,0.01,1.41421,228.0,0.00438597,1.41421,101.0,0.00990102,1.41421,134.0,0.00746271,1.41421,155.0,0.00645162,1.41421,59.0,0.0169495,1.41421,112.0,0.00892858,1.41421,218.0,0.00458716,1.41421,205.0,0.00487806,1.41421,108.0,0.00925927,1.41421,110.0,0.00909093,1.41421,85.0,0.0117647,1.41421,176.0,0.00568182,1.41421,148.0,0.00675678,1.41421,107.0,0.00934582,1.41421,221.0,0.00452489,1.41421,89.0,0.0112361,1.41421,259.0,0.00386101,1.41421,300.0,0.00333334,1.41421,61.0,0.0163935,1.41421,237.0,0.00421941,1.41421,56.0,0.0178579,1.41421,76.0,0.0131579,1.41421,70.0,0.0142858,1.41421,161.0,0.00621119,1.41421,263.0,0.00380228,1.41421,62.0,0.0161291,1.41421,136.0,0.00735295,1.41421,223.0,0.00448432,1.41421,208.0,0.00480769,1.41421,259.0,0.00386102,1.41421,148.0,0.00675681,1.41421,144.0,0.00694446,1.41421,146.0,0.00684934,1.41421,133.0,0.00751892,1.41421,76.0,0.013158,1.41421,246.0,0.00406504,1.41421,149.0,0.00671142,1.41421,52.0,0.0192315,1.41421,100.0,0.0100001,1.41421,73.0,0.0136988,1.41421,65.0,0.0153848,1.41421,89.0,0.0112361,1.41421,104.0,0.0096154,1.41421,262.0,0.0038168,1.41421,85.0,0.0117648,1.41421,94.0,0.0106384,1.41421,136.0,0.00735295,1.41421,146.0,0.00684933,1.41421,133.0,0.00751881,1.41421,94.0,0.0106384,1.41421,153.0,0.00653596,1.41421,14.0,0.0714299,1.41421,132.0,0.00757577,1.41421,164.0,0.00609758,1.41421,173.0,0.00578035,1.41421,92.0,0.0108696,1.41421,172.0,0.00581396,1.41421,50.0,0.0200011,1.41421,71.0,0.0140848,1.41421,195.0,0.00512822,1.41421,211.0,0.00473934,1.41421,126.0,0.00793654,1.41421,156.0,0.00641028,1.41421,281.0,0.00355872,1.41421,136.0,0.00735298,1.41421,211.0,0.00473934,1.41421,108.0,0.00925927,1.41421,186.0,0.00537636,1.41421,61.0,0.0163936,1.41421,144.0,0.00694454,1.41421,155.0,0.00645162,1.41421,108.0,0.00925927,1.41421,119.0,0.00840337,1.41421,122.0,0.00819674,1.41421,119.0,0.00840339,1.41421,204.0,0.00490197,1.41421,105.0,0.00952396,1.41421,168.0,0.00595239,1.41421,212.0,0.00471699,1.41421,155.0,0.00645163,1.41421,189.0,0.00529101,1.41421,66.0,0.0151516,1.41421,234.0,0.00427351,1.41421,195.0,0.00512822,1.41421,137.0,0.00729929,1.41421,220.0,0.00454546,1.41421,121.0,0.00826451,1.41421,137.0,0.00729928,1.41421,82.0,0.0121952,1.41421,214.0,0.00467291,1.41421,142.0,0.00704227,1.41421,114.0,0.00877215,1.41421,81.0,0.0123458,1.41421,127.0,0.00787403,1.41421,129.0,0.00775199,1.41421,49.0,0.0204084,1.41421,223.0,0.0044843,1.41421,146.0,0.00684936,1.41421,121.0,0.00826448,1.41421,155.0,0.00645163,1.41421,142.0,0.00704228,1.41421,145.0,0.00689657,1.41421,97.0,0.0103093,1.41421,230.0,0.00434783,1.41421,206.0,0.00485438,1.41421,195.0,0.00512821,1.41421,93.0,0.0107528,1.41421,108.0,0.00925927,1.41421,164.0,0.00609756,1.41421,197.0,0.00507614,1.41421,190.0,0.0052632,1.41421,81.0,0.0123457,1.41421,153.0,0.00653596,1.41421,158.0,0.00632918,1.41421,134.0,0.00746272,1.41421,214.0,0.0046729,1.41421,104.0,0.00961544,1.41421,107.0,0.00934581,1.41421,48.0,0.0208335,1.41421,137.0,0.00729927,1.41421,214.0,0.0046729,1.41421,43.0,0.0232563,1.41421,83.0,0.0120484,1.41421,146.0,0.00684932,1.41421,62.0,0.0161292,1.41421,113.0,0.00884958,1.41421,120.0,0.00833334,1.41421,155.0,0.00645162,1.41421,215.0,0.00465116,1.41421,220.0,0.00454546,1.41421,112.0,0.00892864,1.41421,137.0,0.00729928,1.41421,135.0,0.00740744,1.41421,74.0,0.0135135,1.41421,140.0,0.00714288,1.41421,223.0,0.00448431,1.41421,155.0,0.00645162,1.41421,137.0,0.00729928,1.41421,177.0,0.00564972,1.41421,139.0,0.00719426,1.41421,89.0,0.011236,1.41421,38.0,0.0263162,1.41421,99.0,0.0101011,1.41421,100.0,0.0100001,1.41421,197.0,0.00507616,1.41421,49.0,0.0204086,1.41421,100.0,0.01,1.41421,115.0,0.00869567,1.41421,119.0,0.00840342,1.41421,53.0,0.0188684,1.41421,200.0,0.005,1.41421,223.0,0.00448431,1.41421,96.0,0.0104167,1.41421,100.0,0.01,1.41421,146.0,0.00684932,1.41421,149.0,0.00671143,1.41421,48.0,0.0208336,1.41421,109.0,0.00917434,1.41421,100.0,0.01,1.41421,101.0,0.00990107,1.41421,145.0,0.00689659,1.41421,148.0,0.00675676,1.41421,104.0,0.00961549,1.41421,148.0,0.00675677,1.41421,105.0,0.00952382,1.41421,214.0,0.0046729,1.41421,94.0,0.0106383,1.41421,214.0,0.0046729,1.41421,159.0,0.00628933,1.41421,226.0,0.00442478,1.41421,110.0,0.00909094,1.41421,241.0,0.00414938,1.41421,83.0,0.0120483,1.41421,119.0,0.00840339,1.41421,176.0,0.00568182,1.41421,162.0,0.00617284,1.41421,49.0,0.0204083,1.41421,62.0,0.0161291,1.41421,137.0,0.00729928,1.41421,77.0,0.0129872,1.41421,173.0,0.00578038,1.41421,41.0,0.0243912,1.41421,268.0,0.00373135,1.41421,109.0,0.00917433,1.41421,197.0,0.00507615,1.41421,150.0,0.00666667,1.41421,127.0,0.00787402,1.41421,91.0,0.010989,1.41421,48.0,0.0208336,1.41421,137.0,0.00729928,1.41421,59.0,0.0169492,1.41421,59.0,0.0169492,1.41421,176.0,0.00568182,1.41421,70.0,0.0142857,1.41421,203.0,0.00492611,1.41421,46.0,0.0217392,1.41421,242.0,0.00413223,1.41421,140.0,0.00714288,1.41421,153.0,0.00653597,1.41421,113.0,0.00884957,1.41421,251.0,0.00398407,1.41421,225.0,0.00444445,1.41421,106.0,0.00943399,1.41421,142.0,0.00704228,1.41421,105.0,0.00952383,1.41421,87.0,0.0114943,1.41421,110.0,0.00909093,1.41421,186.0,0.00537636,1.41421,19.0,0.0526326,1.41421,208.0,0.00480769,1.41421,47.0,0.0212769,1.41421,129.0,0.00775198,1.41421,58.0,0.0172414,1.41421,40.0,0.0250019,1.41421,159.0,0.00628931,1.41421,157.0,0.00636943,1.41421,158.0,0.00632913,1.41421,73.0,0.0136987,1.41421,168.0,0.00595238,1.41421,95.0,0.0105263,1.41421,107.0,0.009346,1.41421,199.0,0.00502513,1.41421,20.0,0.0500015,1.41421,170.0,0.00588242,1.41421,103.0,0.00970878,1.41421,213.0,0.00469484,1.41421,75.0,0.0133334,1.41421,143.0,0.00699304,1.41421,105.0,0.00952384,1.41421,149.0,0.00671141,1.41421,168.0,0.0059524,1.41421,62.0,0.0161294,1.41421,128.0,0.00781252,1.41421,53.0,0.018868,1.41421,172.0,0.00581397,1.41421,186.0,0.00537635,1.41421,91.0,0.010989,1.41421,212.0,0.00471699,1.41421,97.0,0.0103093,1.41421,179.0,0.0055866,1.41421,107.0,0.00934586,1.41421,208.0,0.00480769,1.41421,153.0,0.006536,1.41421,252.0,0.00396825,1.41421,142.0,0.00704226,1.41421,192.0,0.00520834,1.41421,196.0,0.00510205,1.41421,210.0,0.00476192,1.41421,127.0,0.00787403,1.41421,38.0,0.0263169,1.41421,175.0,0.00571429,1.41421,166.0,0.00602411,1.41421,172.0,0.00581395,1.41421,138.0,0.00724643,1.41421,175.0,0.00571429,1.41421,124.0,0.00806452,1.41421,175.0,0.0057143,1.41421,215.0,0.00465117,1.41421,89.0,0.011236,1.41421,39.0,0.0256412,1.41421,170.0,0.00588236,1.41421,55.0,0.0181819,1.41421,124.0,0.00806453,1.41421,134.0,0.00746269,1.41421,205.0,0.00487806,1.41421,161.0,0.00621119,1.41421,124.0,0.00806454,1.41421,127.0,0.00787403,1.41421,149.0,0.00671142,1.41421,129.0,0.00775195,1.41421,94.0,0.0106384,1.41421,204.0,0.00490197,1.41421,161.0,0.00621119,1.41421,161.0,0.00621118,1.41421,125.0,0.00800003,1.41421,225.0,0.00444445,1.41421,158.0,0.00632912,1.41421,71.0,0.0140847,1.41421,21.0,0.0476213,1.41421,96.0,0.0104167,1.41421,247.0,0.00404859,1.41421,124.0,0.00806456,1.41421,117.0,0.00854702,1.41421,44.0,0.0227274,1.41421,142.0,0.00704232,1.41421,85.0,0.0117647,1.41421,133.0,0.00751881,1.41421,172.0,0.00581401,1.41421,27.0,0.0370375,1.41421,186.0,0.00537635,1.41421,79.0,0.0126583,1.41421,296.0,0.00337838,1.41421,144.0,0.00694445,1.41421,89.0,0.011236,1.41421,280.0,0.00357143,1.41421,175.0,0.00571429,1.41421,146.0,0.00684933,1.41421,197.0,0.00507614,1.41421,207.0,0.00483093,1.41421,125.0,0.00800002,1.41421,229.0,0.00436682,1.41421,147.0,0.00680278,1.41421,152.0,0.00657895,1.41421,127.0,0.00787405,1.41421,206.0,0.00485437,1.41421,85.0,0.0117648,1.41421,85.0,0.0117647,1.41421]
