#SOLVERNAME# PAJ_CBC_ECOS
#SOLVER# Pajarito.PajaritoSolver(2,3600.0,1.0e-5,false,Cbc.CbcMathProgSolverInterface.CbcSolver(Any[(:logLevel,0),(:ratioGap,0.0),(:seconds,3600.0)]),MathProgBase.DefaultMIPSolver(),0,false,true,ECOS.ECOSSolver(Any[(:verbose,false)]),true,false,false,true,false,true,false,true,true,true,true,false,false,true,false,false,false,false,1.0e-10,0.0001,1.0e-6,0.01,1.0e-6)
#FILENAME# estein5_C.cbf.gz
#INSTANCE# estein5_C
#TIMELIMIT# 3600.0
#STATUS# Optimal
#OBJVAL# 1.4990779345953729
#OBJBOUND# 1.4990779350587267
#TIMESOLVER# 10.19876503944397
#TIMEALL# 10.199023008346558
#SOLUTION# [0.481826,0.586309,0.62553,0.527914,0.789565,0.655544,1.02872,0.500123,0.33849,1.02872,0.356419,0.396885,0.330923,0.192384,0.269255,1.02872,0.307739,0.069235,1.02872,0.164035,0.12763,3.58567e-11,6.27715e-11,-4.71968e-11,1.02872,0.195674,-0.43363,0.378816,0.0519696,-0.375235,1.02872,-0.112065,-0.502865,2.56632e-10,-1.11831e-11,3.14681e-10,1.02872,-0.143704,0.0583955,1.02872,-0.307739,-0.069235,0.426384,-0.377623,-0.198001,1.02872,-0.521327,-0.139606,1.02872,-0.685362,-0.267236,0.155116,-0.143704,0.0583955,1.02872,-0.307739,-0.069235,0.207839,-0.164035,-0.12763,-1.29094e-11,-1.29074e-11,0.330923,-1.29074e-11,-1.29077e-11,3.55733e-11,-1.29009e-11,0.378816,-1.29021e-11,2.56569e-10,-1.29051e-11,-1.29057e-11,0.426384,-1.28985e-11,-1.28994e-11,0.155116,-1.29062e-11,0.207839,0.0,0.0,1.0,0.0,0.0,1.0,0.0,1.0,0.0,1.0,0.0,0.0,1.0,0.0,0.0,1.0,0.0,1.0,1.0,1.0,5.94537e-13,1.0,1.0,5.94537e-13,1.0,5.94537e-13,1.0,5.94537e-13,1.0,1.0,5.94537e-13,1.0,1.0,5.94537e-13,1.0,5.94537e-13,1.38111e-11,1.3806e-11,0.697796,1.38052e-11,1.38051e-11,1.02872,1.37891e-11,0.649903,1.37924e-11,1.02872,1.37987e-11,1.38002e-11,0.602335,1.37831e-11,1.37856e-11,0.873603,1.38044e-11,0.82088]
