#SOLVERNAME# PAJ_CBC_CIP
#SOLVER# Pajarito.PajaritoSolver(2,3600.0,1.0e-5,false,Cbc.CbcMathProgSolverInterface.CbcSolver(Any[(:logLevel,0),(:ratioGap,0.0),(:seconds,3600.0)]),MathProgBase.DefaultMIPSolver(),0,false,true,ConicIP.ConicIPSolver(true,Any[(:verbose,false)]),true,false,false,true,false,true,false,true,true,true,true,false,false,true,false,false,false,false,1.0e-10,0.0001,1.0e-6,0.01,1.0e-6)
#FILENAME# shortfall_100_3.cbf.gz
#INSTANCE# shortfall_100_3
#TIMELIMIT# 3600.0
#STATUS# UserLimit
#OBJVAL# -1.1031176233070175
#OBJBOUND# -1.1034624037528942
#TIMESOLVER# 3601.255228996277
#TIMEALL# 3601.2555339336395
#SOLUTION# [4.05492e-12,4.07945e-12,4.06258e-12,4.05678e-12,4.1092e-12,0.0464335,4.05579e-12,4.05368e-12,4.0579e-12,4.10124e-12,4.04114e-12,4.03321e-12,4.06181e-12,0.120097,4.04984e-12,4.09224e-12,4.07001e-12,4.05077e-12,4.05069e-12,4.06822e-12,4.05484e-12,4.09332e-12,4.08646e-12,4.02865e-12,4.08734e-12,4.08816e-12,4.09606e-12,4.08115e-12,4.09329e-12,4.04883e-12,4.07276e-12,4.04613e-12,4.09241e-12,4.05331e-12,4.06648e-12,4.07699e-12,4.0718e-12,4.08654e-12,4.05282e-12,4.06123e-12,4.05586e-12,4.08581e-12,4.06331e-12,4.10316e-12,4.0569e-12,4.10023e-12,4.06207e-12,4.12351e-12,4.0496e-12,4.06476e-12,4.08391e-12,4.05111e-12,0.116749,4.07847e-12,4.03609e-12,0.0104755,4.04978e-12,4.062e-12,0.102769,4.07781e-12,4.08403e-12,4.1016e-12,4.05703e-12,4.06434e-12,0.133316,4.04854e-12,4.09502e-12,4.08041e-12,4.0394e-12,4.05776e-12,0.0749862,4.05781e-12,4.06822e-12,4.06147e-12,4.05778e-12,4.04703e-12,4.08489e-12,4.08407e-12,4.10963e-12,4.10518e-12,4.07467e-12,4.05186e-12,4.07942e-12,0.237859,4.08204e-12,4.07628e-12,4.04627e-12,0.114165,4.07783e-12,4.08263e-12,4.08181e-12,4.07515e-12,4.0698e-12,4.04024e-12,0.0431482,4.12129e-12,4.04173e-12,4.05327e-12,4.06711e-12,4.0526e-12,4.12332e-12,0.0,0.0,0.0,0.0,0.0,0.0,1.0,0.0,0.0,0.0,0.0,0.0,0.0,0.0,1.0,0.0,0.0,0.0,0.0,0.0,0.0,0.0,0.0,0.0,0.0,0.0,0.0,0.0,0.0,0.0,0.0,0.0,0.0,0.0,0.0,0.0,0.0,0.0,0.0,0.0,0.0,0.0,0.0,0.0,0.0,0.0,0.0,0.0,0.0,0.0,0.0,0.0,0.0,1.0,0.0,0.0,1.0,0.0,0.0,1.0,0.0,0.0,0.0,0.0,0.0,1.0,0.0,0.0,0.0,0.0,0.0,1.0,0.0,0.0,0.0,0.0,0.0,0.0,0.0,0.0,0.0,0.0,0.0,0.0,1.0,0.0,0.0,0.0,1.0,0.0,0.0,0.0,0.0,0.0,0.0,1.0,0.0,0.0,0.0,0.0,0.0,0.0,0.0141324,0.0240904,0.0152076,0.0116746,0.00531743,0.0473135,0.00599359,0.0129056,0.00394452,0.0231687,0.00971905,0.0140529,0.00874971,0.040807,0.00397275,0.0188384,0.00545929,0.00806113,0.0117748,0.00830716,0.0110967,0.00336446,0.00630301,0.00553513,0.0143458,0.00724337,0.0113308,0.00747085,0.00658952,0.00781129,0.00733411,0.00468062,0.00360532,0.00701487,0.00812356,0.0153569,0.00388534,0.00748127,0.0100165,0.0101302,0.00979364,0.00412335,0.0140328,0.00593397,0.005395,0.00893163,0.0103819,0.00664387,0.00663739,0.00747091,0.00565527,0.0103371,0.0482036,0.00499199,0.00445633,0.0400183,0.0182654,0.00392605,0.0457077,0.00817575,0.00189683,0.00109099,0.0076446,0.0120329,0.0571248,0.0118091,0.00367046,0.00429311,0.0130436,0.00453824,0.0527597,0.0126699,0.00757776,0.00751774,0.00414507,0.00753062,0.00854586,0.00377369,0.00576759,0.00844449,0.00302001,0.00451139,0.00779321,0.0540139,0.000648985,0.00333529,0.0114918,0.045333,0.0184088,0.00306891,0.00586097,0.0116259,0.013177,0.0112809,0.0444776,0.037834,0.00022871,0.00858147,0.00969619,0.010918,0.203118,0.031582,0.0538354,0.0339848,0.0260894,0.011883,0.105733,0.013394,0.0288404,0.00881492,0.0517756,0.0217194,0.0314044,0.0195532,0.0911923,0.00887799,0.0420985,0.0122,0.0180144,0.0263134,0.0185642,0.024798,0.00751863,0.0140855,0.0123695,0.0320589,0.0161869,0.0253211,0.0166953,0.0147257,0.0174561,0.0163897,0.0104599,0.00805689,0.0156763,0.0181539,0.0343185,0.00868267,0.0167186,0.022384,0.0226382,0.0218861,0.00921455,0.0313594,0.0132608,0.0120563,0.0199597,0.0232007,0.0148472,0.0148327,0.0166954,0.012638,0.0231006,0.107722,0.0111557,0.00995865,0.0894298,0.0408182,0.00877364,0.102144,0.0182705,0.00423889,0.00243805,0.0170836,0.0268901,0.127658,0.02639,0.00820247,0.00959391,0.0291489,0.0101417,0.117903,0.0283136,0.0169342,0.0168001,0.00926309,0.0168289,0.0190976,0.00843314,0.012889,0.0188711,0.00674889,0.0100817,0.0174157,0.120706,0.0014503,0.00745344,0.0256809,0.101307,0.0411386,0.00685816,0.0130976,0.0259806,0.0294469,0.0252097,0.0993951,0.0845485,0.000511104,0.0191772,0.0216683,0.0243987,0.403118]
