#SOLVERNAME# PAJ_CBC_CIP
#SOLVER# Pajarito.PajaritoSolver(2,3600.0,1.0e-5,false,Cbc.CbcMathProgSolverInterface.CbcSolver(Any[(:logLevel,0),(:ratioGap,0.0),(:seconds,3600.0)]),MathProgBase.DefaultMIPSolver(),0,false,true,ConicIP.ConicIPSolver(true,Any[(:verbose,false)]),true,false,false,true,false,true,false,true,true,true,true,false,false,true,false,false,false,false,1.0e-10,0.0001,1.0e-6,0.01,1.0e-6)
#FILENAME# robust_50_1.cbf.gz
#INSTANCE# robust_50_1
#TIMELIMIT# 3600.0
#STATUS# Optimal
#OBJVAL# -0.08569474714796237
#OBJBOUND# -0.08569479589395201
#TIMESOLVER# 3.286007881164551
#TIMEALL# 3.2862401008605957
#SOLUTION# [0.0856947,0.0,1.74778e-11,0.0,0.0621451,1.0,0.105021,1.0,0.0804006,1.0,1.74542e-11,0.0,1.74598e-11,0.0,1.7475e-11,0.0,1.74762e-11,0.0,1.74873e-11,0.0,1.74891e-11,0.0,1.74778e-11,0.0,1.74915e-11,0.0,1.74863e-11,0.0,1.74821e-11,0.0,1.74709e-11,0.0,0.123696,1.0,1.74855e-11,0.0,0.00781665,1.0,1.74833e-11,0.0,1.74635e-11,0.0,1.74588e-11,0.0,1.74517e-11,0.0,1.74796e-11,0.0,1.74725e-11,0.0,1.74513e-11,0.0,1.74856e-11,0.0,1.74848e-11,0.0,1.74808e-11,0.0,0.166502,1.0,1.74814e-11,0.0,1.74697e-11,0.0,1.74764e-11,0.0,1.7474e-11,0.0,0.137022,1.0,0.0952955,1.0,1.74595e-11,0.0,1.74817e-11,0.0,1.74828e-11,0.0,1.7489e-11,0.0,1.74736e-11,0.0,0.0145605,1.0,1.7473e-11,0.0,1.74818e-11,0.0,0.20754,1.0,1.74529e-11,0.0,1.74837e-11,0.0,1.74827e-11,0.0,1.74858e-11,0.0,1.74793e-11,0.0,1.74833e-11,0.0,1.0,0.0153667,0.0487532,0.0585542,0.089448,0.0323378,0.0284743,0.0109864,0.0110728,0.00844984,0.000968227,0.0128057,-0.00101521,0.00834463,0.010469,0.0259814,0.0528831,0.00988559,0.0348863,0.0102332,0.0154252,0.0126641,0.0263584,0.0142288,0.0170859,0.0347563,0.0109259,0.0097892,0.0103691,0.0534508,0.0132438,0.0171044,0.0115517,0.0241315,0.0478087,0.0633499,0.0262365,0.0135606,0.0130655,0.00539774,0.0150476,0.0282845,0.0200156,0.00959877,0.0403216,0.0215131,0.00957178,0.0119929,0.00368435,0.00659005,0.0109394,2.01803e-26,0.2,0.0039924,0.0126665,0.0152128,0.0232393,0.00840161,0.00739784,0.00285436,0.00287681,0.00219533,0.000251553,0.00332702,-0.000263759,0.002168,0.00271992,0.00675017,0.0137394,0.00256835,0.00906373,0.00265867,0.00400758,0.00329022,0.00684811,0.00369675,0.00443904,0.00902995,0.00283862,0.00254331,0.00269396,0.0138869,0.00344084,0.00444386,0.00300122,0.00626955,0.0124211,0.0164588,0.00681646,0.00352315,0.00339452,0.00140237,0.00390947,0.00734854,0.00520021,0.00249383,0.0104759,0.00558927,0.00248682,0.00311584,0.000957222,0.00171215,0.00284214,3.78405e-26,0.0519615]
