#SOLVERNAME# PAJ_CBC_CIP
#SOLVER# Pajarito.PajaritoSolver(2,3600.0,1.0e-5,false,Cbc.CbcMathProgSolverInterface.CbcSolver(Any[(:logLevel,0),(:ratioGap,0.0),(:seconds,3600.0)]),MathProgBase.DefaultMIPSolver(),0,false,true,ConicIP.ConicIPSolver(true,Any[(:verbose,false)]),true,false,false,true,false,true,false,true,true,true,true,false,false,true,false,false,false,false,1.0e-10,0.0001,1.0e-6,0.01,1.0e-6)
#FILENAME# sssd-weak-20-8.cbf.gz
#INSTANCE# sssd-weak-20-8
#TIMELIMIT# 3600.0
#STATUS# UserLimit
#OBJVAL# 600350.1556313992
#OBJBOUND# 600338.785153759
#TIMESOLVER# 3600.263200044632
#TIMEALL# 3600.263518810272
#SOLUTION# [0.0,0.0,0.0,0.0,0.0,0.0,0.0,1.0,0.0,0.0,0.0,0.0,0.0,1.0,0.0,0.0,0.0,0.0,0.0,0.0,0.0,0.0,1.0,0.0,0.0,0.0,0.0,0.0,1.0,0.0,0.0,0.0,0.0,1.0,0.0,0.0,0.0,0.0,0.0,0.0,0.0,0.0,0.0,1.0,0.0,0.0,0.0,0.0,0.0,1.0,0.0,0.0,0.0,0.0,0.0,0.0,0.0,0.0,0.0,0.0,0.0,1.0,0.0,0.0,0.0,0.0,0.0,0.0,0.0,0.0,0.0,1.0,0.0,0.0,0.0,0.0,0.0,0.0,1.0,0.0,1.0,0.0,0.0,0.0,0.0,0.0,0.0,0.0,0.0,0.0,0.0,0.0,0.0,0.0,0.0,1.0,0.0,0.0,0.0,0.0,1.0,0.0,0.0,0.0,1.0,0.0,0.0,0.0,0.0,0.0,0.0,0.0,1.0,0.0,0.0,0.0,0.0,0.0,0.0,0.0,0.0,0.0,0.0,1.0,0.0,0.0,0.0,0.0,0.0,0.0,0.0,0.0,0.0,1.0,0.0,0.0,0.0,0.0,1.0,0.0,0.0,0.0,0.0,0.0,0.0,1.0,0.0,0.0,0.0,0.0,0.0,0.0,0.0,0.0,1.0,0.0,0.0,0.0,0.0,0.0,0.0,0.0,1.0,0.0,0.0,1.0,0.0,0.0,1.0,0.0,0.0,1.0,0.0,0.0,1.0,0.0,0.0,1.0,0.0,0.0,1.0,0.0,0.0,1.0,0.739675,0.697998,0.699849,0.721827,0.743255,0.738829,0.816656,0.771316,2.05221e-8,2.32004e-8,0.42518,1.80618e-8,2.1672e-8,0.411071,1.79366e-8,2.14219e-8,0.411712,2.04425e-8,2.27767e-8,0.419221,1.98554e-8,2.34929e-8,0.426361,2.08353e-8,2.3548e-8,0.4249,2.15357e-8,2.73559e-8,0.449538,1.63926e-8,2.24843e-8,0.435448,0.0,0.369838,0.369838,0.157248,0.348999,0.348999,0.143463,0.349924,0.349924,0.144068,0.360913,0.360913,0.151303,0.371628,0.371628,0.158447,0.369415,0.369415,0.156964,0.408328,0.408328,0.183559,0.385658,0.385658,0.167934,1.73968,1.73968,1.73968,1.698,1.698,1.698,1.69985,1.69985,1.69985,1.72183,1.72183,1.72183,1.74326,1.74326,1.74326,1.73883,1.73883,1.73883,1.81666,1.81666,1.81666,1.77132,1.77132,1.77132,0.739675,0.739675,0.739675,0.697998,0.697998,0.697998,0.699849,0.699849,0.699849,0.721827,0.721827,0.721827,0.743255,0.743255,0.743255,0.738829,0.738829,0.738829,0.816656,0.816656,0.816656,0.771316,0.771316,0.771316]
