----------------------------------------------------------------------------
	SCS v1.2.6 - Splitting Conic Solver
	(c) Brendan O'Donoghue, Stanford University, 2012-2016
----------------------------------------------------------------------------
Lin-sys: sparse-direct, nnz in A = 90027
eps = 1.00e-04, alpha = 1.80, max_iters = 50000, normalize = 1, scale = 5.00
Variables n = 2376, constraints m = 6081
Cones:	primal zero / dual free vars: 1024
	linear vars: 2065
	soc vars: 808, soc blks: 8
	sd vars: 1224, sd blks: 8
	exp vars: 960, dual exp vars: 0
Setup time: 1.69e-02s
----------------------------------------------------------------------------
 Iter | pri res | dua res | rel gap | pri obj | dua obj | kap/tau | time (s)
----------------------------------------------------------------------------
     0|      inf       inf      -nan      -inf      -inf       inf  6.35e-03 
   100| 1.06e-02  1.17e-02  7.08e-02 -3.99e-01 -2.80e-01  0.00e+00  8.80e-01 
   200| 1.25e-03  8.00e-03  1.64e-02 -2.93e-01 -2.67e-01  0.00e+00  1.81e+00 
   300| 9.15e-04  8.47e-03  1.10e-02 -2.82e-01 -2.65e-01  0.00e+00  2.74e+00 
   400| 1.01e-03  6.80e-03  9.67e-03 -2.78e-01 -2.63e-01  0.00e+00  3.68e+00 
   500| 1.09e-03  3.77e-03  8.94e-03 -2.76e-01 -2.62e-01  0.00e+00  4.63e+00 
   600| 7.73e-04  3.90e-03  9.57e-03 -2.76e-01 -2.61e-01  0.00e+00  5.58e+00 
   700| 7.93e-04  3.74e-03  8.88e-03 -2.74e-01 -2.60e-01  0.00e+00  6.56e+00 
   800| 7.15e-04  3.61e-03  8.80e-03 -2.73e-01 -2.59e-01  0.00e+00  7.56e+00 
   900| 6.05e-04  2.89e-03  8.91e-03 -2.73e-01 -2.59e-01  0.00e+00  8.53e+00 
  1000| 7.35e-04  1.95e-03  8.10e-03 -2.71e-01 -2.58e-01  0.00e+00  9.48e+00 
  1100| 5.48e-04  2.10e-03  8.48e-03 -2.71e-01 -2.58e-01  0.00e+00  1.04e+01 
  1200| 5.54e-04  2.33e-03  8.11e-03 -2.70e-01 -2.57e-01  0.00e+00  1.14e+01 
  1300| 5.71e-04  1.98e-03  7.81e-03 -2.69e-01 -2.57e-01  0.00e+00  1.23e+01 
  1400| 4.66e-04  1.54e-03  8.03e-03 -2.69e-01 -2.57e-01  0.00e+00  1.33e+01 
  1500| 5.53e-04  1.46e-03  7.44e-03 -2.68e-01 -2.56e-01  0.00e+00  1.42e+01 
  1600| 4.69e-04  1.55e-03  7.56e-03 -2.68e-01 -2.56e-01  0.00e+00  1.52e+01 
  1700| 4.45e-04  1.50e-03  7.45e-03 -2.67e-01 -2.56e-01  0.00e+00  1.62e+01 
  1800| 4.83e-04  1.32e-03  7.10e-03 -2.66e-01 -2.55e-01  0.00e+00  1.71e+01 
  1900| 3.97e-04  1.20e-03  7.28e-03 -2.66e-01 -2.55e-01  0.00e+00  1.81e+01 
  2000| 4.40e-04  1.12e-03  6.93e-03 -2.66e-01 -2.55e-01  0.00e+00  1.90e+01 
  2100| 4.16e-04  1.09e-03  6.88e-03 -2.65e-01 -2.55e-01  0.00e+00  2.00e+01 
  2200| 3.78e-04  1.14e-03  6.88e-03 -2.65e-01 -2.55e-01  0.00e+00  2.09e+01 
  2300| 4.11e-04  1.12e-03  6.59e-03 -2.64e-01 -2.54e-01  0.00e+00  2.19e+01 
  2400| 3.60e-04  9.10e-04  6.67e-03 -2.64e-01 -2.54e-01  0.00e+00  2.29e+01 
  2500| 3.74e-04  7.41e-04  6.48e-03 -2.64e-01 -2.54e-01  0.00e+00  2.38e+01 
  2600| 3.68e-04  9.09e-04  6.36e-03 -2.64e-01 -2.54e-01  0.00e+00  2.48e+01 
  2700| 3.34e-04  1.05e-03  6.37e-03 -2.63e-01 -2.54e-01  0.00e+00  2.57e+01 
  2800| 3.58e-04  8.75e-04  6.16e-03 -2.63e-01 -2.54e-01  0.00e+00  2.67e+01 
  2900| 3.35e-04  5.29e-04  6.16e-03 -2.63e-01 -2.54e-01  0.00e+00  2.77e+01 
  3000| 3.30e-04  6.26e-04  6.06e-03 -2.63e-01 -2.53e-01  0.00e+00  2.86e+01 
  3100| 3.30e-04  9.08e-04  5.94e-03 -2.62e-01 -2.53e-01  0.00e+00  2.96e+01 
  3200| 3.09e-04  8.73e-04  5.92e-03 -2.62e-01 -2.53e-01  0.00e+00  3.05e+01 
  3300| 3.20e-04  5.19e-04  5.80e-03 -2.62e-01 -2.53e-01  0.00e+00  3.15e+01 
  3400| 3.10e-04  3.70e-04  5.74e-03 -2.62e-01 -2.53e-01  0.00e+00  3.25e+01 
  3500| 2.99e-04  7.05e-04  5.68e-03 -2.61e-01 -2.53e-01  0.00e+00  3.34e+01 
  3600| 2.97e-04  8.15e-04  5.59e-03 -2.61e-01 -2.53e-01  0.00e+00  3.44e+01 
  3700| 2.91e-04  5.86e-04  5.55e-03 -2.61e-01 -2.53e-01  0.00e+00  3.54e+01 
  3800| 2.84e-04  2.74e-04  5.50e-03 -2.61e-01 -2.53e-01  0.00e+00  3.63e+01 
  3900| 2.76e-04  4.94e-04  5.44e-03 -2.61e-01 -2.52e-01  0.00e+00  3.73e+01 
  4000| 2.70e-04  6.93e-04  5.37e-03 -2.60e-01 -2.52e-01  0.00e+00  3.83e+01 
  4100| 2.63e-04  6.06e-04  5.32e-03 -2.60e-01 -2.52e-01  0.00e+00  3.93e+01 
  4200| 2.64e-04  3.41e-04  5.24e-03 -2.60e-01 -2.52e-01  0.00e+00  4.02e+01 
  4300| 2.59e-04  3.46e-04  5.18e-03 -2.60e-01 -2.52e-01  0.00e+00  4.12e+01 
  4400| 2.48e-04  5.43e-04  5.14e-03 -2.60e-01 -2.52e-01  0.00e+00  4.22e+01 
  4500| 2.52e-04  5.58e-04  5.05e-03 -2.60e-01 -2.52e-01  0.00e+00  4.32e+01 
  4600| 2.41e-04  4.00e-04  5.03e-03 -2.60e-01 -2.52e-01  0.00e+00  4.42e+01 
  4700| 2.41e-04  3.07e-04  4.95e-03 -2.59e-01 -2.52e-01  0.00e+00  4.52e+01 
  4800| 2.39e-04  4.17e-04  4.88e-03 -2.59e-01 -2.52e-01  0.00e+00  4.62e+01 
  4900| 2.25e-04  4.69e-04  4.87e-03 -2.59e-01 -2.52e-01  0.00e+00  4.72e+01 
  5000| 2.33e-04  4.00e-04  4.76e-03 -2.59e-01 -2.52e-01  0.00e+00  4.82e+01 
  5100| 2.21e-04  3.24e-04  4.75e-03 -2.59e-01 -2.52e-01  0.00e+00  4.91e+01 
  5200| 2.17e-04  3.48e-04  4.69e-03 -2.59e-01 -2.52e-01  0.00e+00  5.01e+01 
  5300| 2.21e-04  3.80e-04  4.61e-03 -2.58e-01 -2.52e-01  0.00e+00  5.10e+01 
  5400| 2.04e-04  3.55e-04  4.61e-03 -2.58e-01 -2.51e-01  0.00e+00  5.20e+01 
  5500| 2.12e-04  3.23e-04  4.51e-03 -2.58e-01 -2.51e-01  0.00e+00  5.29e+01 
  5600| 2.03e-04  3.28e-04  4.49e-03 -2.58e-01 -2.51e-01  0.00e+00  5.39e+01 
  5700| 1.94e-04  3.23e-04  4.46e-03 -2.58e-01 -2.51e-01  0.00e+00  5.48e+01 
  5800| 2.02e-04  2.95e-04  4.36e-03 -2.58e-01 -2.51e-01  0.00e+00  5.58e+01 
  5900| 1.85e-04  2.91e-04  4.37e-03 -2.58e-01 -2.51e-01  0.00e+00  5.67e+01 
  6000| 1.89e-04  3.13e-04  4.28e-03 -2.58e-01 -2.51e-01  0.00e+00  5.77e+01 
  6100| 1.86e-04  3.01e-04  4.23e-03 -2.58e-01 -2.51e-01  0.00e+00  5.86e+01 
  6200| 1.73e-04  2.52e-04  4.22e-03 -2.58e-01 -2.51e-01  0.00e+00  5.96e+01 
  6300| 1.82e-04  2.43e-04  4.12e-03 -2.57e-01 -2.51e-01  0.00e+00  6.05e+01 
  6400| 1.67e-04  2.84e-04  4.12e-03 -2.57e-01 -2.51e-01  0.00e+00  6.15e+01 
  6500| 1.67e-04  2.90e-04  4.05e-03 -2.57e-01 -2.51e-01  0.00e+00  6.24e+01 
  6600| 1.69e-04  2.39e-04  3.98e-03 -2.57e-01 -2.51e-01  0.00e+00  6.33e+01 
  6700| 1.55e-04  2.03e-04  3.98e-03 -2.57e-01 -2.51e-01  0.00e+00  6.43e+01 
  6800| 1.63e-04  2.41e-04  3.88e-03 -2.57e-01 -2.51e-01  0.00e+00  6.52e+01 
  6900| 1.54e-04  2.71e-04  3.86e-03 -2.57e-01 -2.51e-01  0.00e+00  6.62e+01 
  7000| 1.50e-04  2.37e-04  3.82e-03 -2.57e-01 -2.51e-01  0.00e+00  6.71e+01 
  7100| 1.57e-04  1.86e-04  3.73e-03 -2.56e-01 -2.51e-01  0.00e+00  6.80e+01 
  7200| 1.44e-04  2.01e-04  3.72e-03 -2.56e-01 -2.51e-01  0.00e+00  6.89e+01 
  7300| 1.50e-04  2.40e-04  3.64e-03 -2.56e-01 -2.51e-01  0.00e+00  6.98e+01 
  7400| 1.47e-04  2.32e-04  3.60e-03 -2.56e-01 -2.51e-01  0.00e+00  7.07e+01 
  7500| 1.42e-04  1.87e-04  3.57e-03 -2.56e-01 -2.51e-01  0.00e+00  7.16e+01 
  7600| 1.49e-04  1.76e-04  3.49e-03 -2.56e-01 -2.51e-01  0.00e+00  7.25e+01 
  7700| 1.41e-04  2.08e-04  3.47e-03 -2.56e-01 -2.51e-01  0.00e+00  7.34e+01 
  7800| 1.43e-04  2.17e-04  3.41e-03 -2.56e-01 -2.51e-01  0.00e+00  7.44e+01 
  7900| 1.45e-04  1.90e-04  3.36e-03 -2.56e-01 -2.51e-01  0.00e+00  7.53e+01 
  8000| 1.38e-04  1.69e-04  3.34e-03 -2.56e-01 -2.51e-01  0.00e+00  7.62e+01 
  8100| 1.45e-04  1.83e-04  3.28e-03 -2.56e-01 -2.51e-01  0.00e+00  7.71e+01 
  8200| 1.40e-04  1.97e-04  3.26e-03 -2.56e-01 -2.51e-01  0.00e+00  7.80e+01 
  8300| 1.39e-04  1.86e-04  3.22e-03 -2.55e-01 -2.51e-01  0.00e+00  7.90e+01 
  8400| 1.42e-04  1.69e-04  3.17e-03 -2.55e-01 -2.51e-01  0.00e+00  7.99e+01 
  8500| 1.36e-04  1.70e-04  3.16e-03 -2.55e-01 -2.51e-01  0.00e+00  8.08e+01 
  8600| 1.40e-04  1.78e-04  3.11e-03 -2.55e-01 -2.51e-01  0.00e+00  8.17e+01 
  8700| 1.38e-04  1.76e-04  3.08e-03 -2.55e-01 -2.51e-01  0.00e+00  8.26e+01 
  8800| 1.35e-04  1.67e-04  3.06e-03 -2.55e-01 -2.51e-01  0.00e+00  8.36e+01 
  8900| 1.38e-04  1.65e-04  3.01e-03 -2.55e-01 -2.50e-01  0.00e+00  8.45e+01 
  9000| 1.33e-04  1.67e-04  3.00e-03 -2.55e-01 -2.50e-01  0.00e+00  8.54e+01 
  9100| 1.34e-04  1.65e-04  2.96e-03 -2.55e-01 -2.50e-01  0.00e+00  8.63e+01 
  9200| 1.34e-04  1.61e-04  2.94e-03 -2.55e-01 -2.50e-01  0.00e+00  8.72e+01 
  9300| 1.31e-04  1.61e-04  2.92e-03 -2.55e-01 -2.50e-01  0.00e+00  8.81e+01 
  9400| 1.33e-04  1.61e-04  2.88e-03 -2.55e-01 -2.50e-01  0.00e+00  8.91e+01 
  9500| 1.30e-04  1.57e-04  2.87e-03 -2.55e-01 -2.50e-01  0.00e+00  9.00e+01 
  9600| 1.29e-04  1.54e-04  2.84e-03 -2.55e-01 -2.50e-01  0.00e+00  9.09e+01 
  9700| 1.29e-04  1.56e-04  2.81e-03 -2.55e-01 -2.50e-01  0.00e+00  9.18e+01 
  9800| 1.27e-04  1.57e-04  2.80e-03 -2.55e-01 -2.50e-01  0.00e+00  9.28e+01 
  9900| 1.27e-04  1.53e-04  2.77e-03 -2.55e-01 -2.50e-01  0.00e+00  9.37e+01 
 10000| 1.26e-04  1.48e-04  2.75e-03 -2.54e-01 -2.50e-01  0.00e+00  9.46e+01 
 10100| 1.24e-04  1.50e-04  2.73e-03 -2.54e-01 -2.50e-01  0.00e+00  9.55e+01 
 10200| 1.24e-04  1.52e-04  2.70e-03 -2.54e-01 -2.50e-01  0.00e+00  9.64e+01 
 10300| 1.23e-04  1.50e-04  2.68e-03 -2.54e-01 -2.50e-01  0.00e+00  9.74e+01 
 10400| 1.22e-04  1.44e-04  2.66e-03 -2.54e-01 -2.50e-01  0.00e+00  9.83e+01 
 10500| 1.21e-04  1.44e-04  2.64e-03 -2.54e-01 -2.50e-01  0.00e+00  9.92e+01 
 10600| 1.20e-04  1.47e-04  2.62e-03 -2.54e-01 -2.50e-01  0.00e+00  1.00e+02 
 10700| 1.20e-04  1.47e-04  2.60e-03 -2.54e-01 -2.50e-01  0.00e+00  1.01e+02 
 10800| 1.19e-04  1.42e-04  2.58e-03 -2.54e-01 -2.50e-01  0.00e+00  1.02e+02 
 10900| 1.18e-04  1.40e-04  2.56e-03 -2.54e-01 -2.50e-01  0.00e+00  1.03e+02 
 11000| 1.17e-04  1.42e-04  2.54e-03 -2.54e-01 -2.50e-01  0.00e+00  1.04e+02 
 11100| 1.16e-04  1.43e-04  2.52e-03 -2.54e-01 -2.50e-01  0.00e+00  1.05e+02 
 11200| 1.15e-04  1.40e-04  2.51e-03 -2.54e-01 -2.50e-01  0.00e+00  1.06e+02 
 11300| 1.15e-04  1.38e-04  2.49e-03 -2.54e-01 -2.50e-01  0.00e+00  1.06e+02 
 11400| 1.14e-04  1.38e-04  2.47e-03 -2.54e-01 -2.50e-01  0.00e+00  1.07e+02 
 11500| 1.13e-04  1.39e-04  2.45e-03 -2.54e-01 -2.50e-01  0.00e+00  1.08e+02 
 11600| 1.13e-04  1.38e-04  2.43e-03 -2.54e-01 -2.50e-01  0.00e+00  1.09e+02 
 11700| 1.11e-04  1.36e-04  2.42e-03 -2.54e-01 -2.50e-01  0.00e+00  1.10e+02 
 11800| 1.11e-04  1.35e-04  2.40e-03 -2.54e-01 -2.50e-01  0.00e+00  1.11e+02 
 11900| 1.10e-04  1.36e-04  2.38e-03 -2.54e-01 -2.50e-01  0.00e+00  1.12e+02 
 12000| 1.09e-04  1.35e-04  2.37e-03 -2.54e-01 -2.50e-01  0.00e+00  1.13e+02 
 12100| 1.09e-04  1.34e-04  2.35e-03 -2.54e-01 -2.50e-01  0.00e+00  1.14e+02 
 12200| 1.08e-04  1.33e-04  2.33e-03 -2.54e-01 -2.50e-01  0.00e+00  1.15e+02 
 12300| 1.07e-04  1.33e-04  2.32e-03 -2.54e-01 -2.50e-01  0.00e+00  1.16e+02 
 12400| 1.07e-04  1.32e-04  2.30e-03 -2.54e-01 -2.50e-01  0.00e+00  1.17e+02 
 12500| 1.05e-04  1.31e-04  2.29e-03 -2.54e-01 -2.50e-01  0.00e+00  1.18e+02 
 12600| 1.05e-04  1.31e-04  2.27e-03 -2.53e-01 -2.50e-01  0.00e+00  1.19e+02 
 12700| 1.04e-04  1.30e-04  2.25e-03 -2.53e-01 -2.50e-01  0.00e+00  1.20e+02 
 12800| 1.03e-04  1.30e-04  2.24e-03 -2.53e-01 -2.50e-01  0.00e+00  1.20e+02 
 12900| 1.03e-04  1.29e-04  2.22e-03 -2.53e-01 -2.50e-01  0.00e+00  1.21e+02 
 13000| 1.02e-04  1.29e-04  2.21e-03 -2.53e-01 -2.50e-01  0.00e+00  1.22e+02 
 13100| 1.02e-04  1.28e-04  2.19e-03 -2.53e-01 -2.50e-01  0.00e+00  1.23e+02 
 13200| 1.01e-04  1.28e-04  2.18e-03 -2.53e-01 -2.50e-01  0.00e+00  1.24e+02 
 13300| 9.98e-05  1.27e-04  2.17e-03 -2.53e-01 -2.50e-01  0.00e+00  1.25e+02 
 13400| 9.99e-05  1.26e-04  2.15e-03 -2.53e-01 -2.50e-01  0.00e+00  1.26e+02 
 13500| 9.88e-05  1.26e-04  2.14e-03 -2.53e-01 -2.50e-01  0.00e+00  1.27e+02 
 13600| 9.82e-05  1.26e-04  2.12e-03 -2.53e-01 -2.50e-01  0.00e+00  1.28e+02 
 13700| 9.80e-05  1.25e-04  2.11e-03 -2.53e-01 -2.50e-01  0.00e+00  1.29e+02 
 13800| 9.67e-05  1.24e-04  2.10e-03 -2.53e-01 -2.50e-01  0.00e+00  1.30e+02 
 13900| 9.66e-05  1.24e-04  2.08e-03 -2.53e-01 -2.50e-01  0.00e+00  1.31e+02 
 14000| 9.58e-05  1.24e-04  2.07e-03 -2.53e-01 -2.50e-01  0.00e+00  1.32e+02 
 14100| 9.50e-05  1.23e-04  2.05e-03 -2.53e-01 -2.50e-01  0.00e+00  1.33e+02 
 14200| 9.49e-05  1.23e-04  2.04e-03 -2.53e-01 -2.50e-01  0.00e+00  1.33e+02 
 14300| 9.38e-05  1.22e-04  2.03e-03 -2.53e-01 -2.50e-01  0.00e+00  1.34e+02 
 14400| 9.35e-05  1.22e-04  2.01e-03 -2.53e-01 -2.50e-01  0.00e+00  1.35e+02 
 14500| 9.30e-05  1.22e-04  2.00e-03 -2.53e-01 -2.50e-01  0.00e+00  1.36e+02 
 14600| 9.20e-05  1.21e-04  1.99e-03 -2.53e-01 -2.50e-01  0.00e+00  1.37e+02 
 14700| 9.19e-05  1.21e-04  1.98e-03 -2.53e-01 -2.50e-01  0.00e+00  1.38e+02 
 14800| 9.10e-05  1.20e-04  1.96e-03 -2.53e-01 -2.50e-01  0.00e+00  1.39e+02 
 14900| 9.05e-05  1.20e-04  1.95e-03 -2.53e-01 -2.50e-01  0.00e+00  1.40e+02 
 15000| 9.02e-05  1.19e-04  1.94e-03 -2.53e-01 -2.50e-01  0.00e+00  1.41e+02 
 15100| 8.93e-05  1.19e-04  1.93e-03 -2.53e-01 -2.50e-01  0.00e+00  1.42e+02 
 15200| 8.91e-05  1.19e-04  1.91e-03 -2.53e-01 -2.50e-01  0.00e+00  1.43e+02 
 15300| 8.84e-05  1.18e-04  1.90e-03 -2.53e-01 -2.50e-01  0.00e+00  1.44e+02 
 15400| 8.78e-05  1.18e-04  1.89e-03 -2.53e-01 -2.50e-01  0.00e+00  1.45e+02 
 15500| 8.75e-05  1.17e-04  1.88e-03 -2.53e-01 -2.50e-01  0.00e+00  1.46e+02 
 15600| 8.67e-05  1.17e-04  1.87e-03 -2.53e-01 -2.50e-01  0.00e+00  1.47e+02 
 15700| 8.63e-05  1.17e-04  1.86e-03 -2.53e-01 -2.50e-01  0.00e+00  1.47e+02 
 15800| 8.58e-05  1.16e-04  1.85e-03 -2.53e-01 -2.50e-01  0.00e+00  1.48e+02 
 15900| 8.51e-05  1.16e-04  1.83e-03 -2.53e-01 -2.50e-01  0.00e+00  1.49e+02 
 16000| 8.49e-05  1.15e-04  1.82e-03 -2.53e-01 -2.50e-01  0.00e+00  1.50e+02 
 16100| 8.42e-05  1.15e-04  1.81e-03 -2.53e-01 -2.50e-01  0.00e+00  1.51e+02 
 16200| 8.37e-05  1.15e-04  1.80e-03 -2.53e-01 -2.50e-01  0.00e+00  1.52e+02 
 16300| 8.33e-05  1.14e-04  1.79e-03 -2.53e-01 -2.50e-01  0.00e+00  1.53e+02 
 16400| 8.27e-05  1.14e-04  1.78e-03 -2.53e-01 -2.50e-01  0.00e+00  1.54e+02 
 16500| 8.23e-05  1.14e-04  1.77e-03 -2.53e-01 -2.50e-01  0.00e+00  1.55e+02 
 16600| 8.18e-05  1.13e-04  1.76e-03 -2.52e-01 -2.50e-01  0.00e+00  1.56e+02 
 16700| 8.13e-05  1.13e-04  1.75e-03 -2.52e-01 -2.50e-01  0.00e+00  1.57e+02 
 16800| 8.09e-05  1.13e-04  1.74e-03 -2.52e-01 -2.50e-01  0.00e+00  1.58e+02 
 16900| 8.03e-05  1.12e-04  1.73e-03 -2.52e-01 -2.50e-01  0.00e+00  1.59e+02 
 17000| 7.99e-05  1.12e-04  1.72e-03 -2.52e-01 -2.50e-01  0.00e+00  1.60e+02 
 17100| 7.94e-05  1.12e-04  1.71e-03 -2.52e-01 -2.50e-01  0.00e+00  1.61e+02 
 17200| 7.89e-05  1.11e-04  1.70e-03 -2.52e-01 -2.50e-01  0.00e+00  1.62e+02 
 17300| 7.85e-05  1.11e-04  1.69e-03 -2.52e-01 -2.50e-01  0.00e+00  1.62e+02 
 17400| 7.80e-05  1.11e-04  1.68e-03 -2.52e-01 -2.50e-01  0.00e+00  1.63e+02 
 17500| 7.76e-05  1.10e-04  1.67e-03 -2.52e-01 -2.50e-01  0.00e+00  1.64e+02 
 17600| 7.72e-05  1.10e-04  1.66e-03 -2.52e-01 -2.50e-01  0.00e+00  1.65e+02 
 17700| 7.67e-05  1.10e-04  1.65e-03 -2.52e-01 -2.50e-01  0.00e+00  1.66e+02 
 17800| 7.63e-05  1.09e-04  1.64e-03 -2.52e-01 -2.50e-01  0.00e+00  1.67e+02 
 17900| 7.58e-05  1.09e-04  1.63e-03 -2.52e-01 -2.50e-01  0.00e+00  1.68e+02 
 18000| 7.54e-05  1.09e-04  1.62e-03 -2.52e-01 -2.50e-01  0.00e+00  1.69e+02 
 18100| 7.50e-05  1.08e-04  1.61e-03 -2.52e-01 -2.50e-01  0.00e+00  1.70e+02 
 18200| 7.45e-05  1.08e-04  1.60e-03 -2.52e-01 -2.50e-01  0.00e+00  1.71e+02 
 18300| 7.41e-05  1.08e-04  1.59e-03 -2.52e-01 -2.50e-01  0.00e+00  1.72e+02 
 18400| 7.37e-05  1.07e-04  1.58e-03 -2.52e-01 -2.50e-01  0.00e+00  1.73e+02 
 18500| 7.33e-05  1.07e-04  1.57e-03 -2.52e-01 -2.50e-01  0.00e+00  1.74e+02 
 18600| 7.29e-05  1.07e-04  1.57e-03 -2.52e-01 -2.50e-01  0.00e+00  1.75e+02 
 18700| 7.25e-05  1.07e-04  1.56e-03 -2.52e-01 -2.50e-01  0.00e+00  1.76e+02 
 18800| 7.20e-05  1.06e-04  1.55e-03 -2.52e-01 -2.50e-01  0.00e+00  1.77e+02 
 18900| 7.16e-05  1.06e-04  1.54e-03 -2.52e-01 -2.50e-01  0.00e+00  1.78e+02 
 19000| 7.13e-05  1.06e-04  1.53e-03 -2.52e-01 -2.50e-01  0.00e+00  1.79e+02 
 19100| 7.08e-05  1.05e-04  1.52e-03 -2.52e-01 -2.50e-01  0.00e+00  1.80e+02 
 19200| 7.05e-05  1.05e-04  1.51e-03 -2.52e-01 -2.50e-01  0.00e+00  1.81e+02 
 19300| 7.01e-05  1.05e-04  1.50e-03 -2.52e-01 -2.50e-01  0.00e+00  1.82e+02 
 19400| 6.97e-05  1.05e-04  1.50e-03 -2.52e-01 -2.50e-01  0.00e+00  1.82e+02 
 19500| 6.93e-05  1.04e-04  1.49e-03 -2.52e-01 -2.50e-01  0.00e+00  1.83e+02 
 19600| 6.89e-05  1.04e-04  1.48e-03 -2.52e-01 -2.50e-01  0.00e+00  1.84e+02 
 19700| 6.85e-05  1.04e-04  1.47e-03 -2.52e-01 -2.50e-01  0.00e+00  1.85e+02 
 19800| 6.81e-05  1.03e-04  1.46e-03 -2.52e-01 -2.50e-01  0.00e+00  1.86e+02 
 19900| 6.77e-05  1.03e-04  1.46e-03 -2.52e-01 -2.50e-01  0.00e+00  1.87e+02 
 20000| 6.74e-05  1.03e-04  1.45e-03 -2.52e-01 -2.50e-01  0.00e+00  1.88e+02 
 20100| 6.70e-05  1.03e-04  1.44e-03 -2.52e-01 -2.50e-01  0.00e+00  1.89e+02 
 20200| 6.67e-05  1.02e-04  1.43e-03 -2.52e-01 -2.50e-01  0.00e+00  1.90e+02 
 20300| 6.63e-05  1.02e-04  1.42e-03 -2.52e-01 -2.50e-01  0.00e+00  1.91e+02 
 20400| 6.59e-05  1.02e-04  1.42e-03 -2.52e-01 -2.50e-01  0.00e+00  1.92e+02 
 20500| 6.56e-05  1.02e-04  1.41e-03 -2.52e-01 -2.50e-01  0.00e+00  1.93e+02 
 20600| 6.52e-05  1.01e-04  1.40e-03 -2.52e-01 -2.50e-01  0.00e+00  1.94e+02 
 20700| 6.48e-05  1.01e-04  1.39e-03 -2.52e-01 -2.50e-01  0.00e+00  1.95e+02 
 20800| 6.45e-05  1.01e-04  1.39e-03 -2.52e-01 -2.50e-01  0.00e+00  1.96e+02 
 20900| 6.41e-05  1.00e-04  1.38e-03 -2.52e-01 -2.50e-01  0.00e+00  1.97e+02 
 21000| 6.38e-05  1.00e-04  1.37e-03 -2.52e-01 -2.50e-01  0.00e+00  1.98e+02 
 21100| 6.35e-05  1.00e-04  1.36e-03 -2.52e-01 -2.50e-01  0.00e+00  1.99e+02 
 21200| 6.31e-05  9.97e-05  1.36e-03 -2.52e-01 -2.50e-01  0.00e+00  2.00e+02 
 21300| 6.28e-05  9.95e-05  1.35e-03 -2.52e-01 -2.50e-01  0.00e+00  2.00e+02 
 21400| 6.24e-05  9.92e-05  1.34e-03 -2.52e-01 -2.50e-01  0.00e+00  2.01e+02 
 21500| 6.21e-05  9.90e-05  1.33e-03 -2.52e-01 -2.50e-01  0.00e+00  2.02e+02 
 21600| 6.18e-05  9.87e-05  1.33e-03 -2.52e-01 -2.50e-01  0.00e+00  2.03e+02 
 21700| 6.14e-05  9.85e-05  1.32e-03 -2.52e-01 -2.50e-01  0.00e+00  2.04e+02 
 21800| 6.11e-05  9.82e-05  1.31e-03 -2.52e-01 -2.50e-01  0.00e+00  2.05e+02 
 21900| 6.08e-05  9.80e-05  1.31e-03 -2.52e-01 -2.50e-01  0.00e+00  2.06e+02 
 22000| 6.05e-05  9.77e-05  1.30e-03 -2.52e-01 -2.50e-01  0.00e+00  2.07e+02 
 22100| 6.01e-05  9.75e-05  1.29e-03 -2.52e-01 -2.50e-01  0.00e+00  2.08e+02 
 22200| 5.98e-05  9.73e-05  1.29e-03 -2.52e-01 -2.50e-01  0.00e+00  2.09e+02 
 22300| 5.95e-05  9.70e-05  1.28e-03 -2.52e-01 -2.50e-01  0.00e+00  2.10e+02 
 22400| 5.92e-05  9.68e-05  1.27e-03 -2.52e-01 -2.50e-01  0.00e+00  2.11e+02 
 22500| 5.89e-05  9.66e-05  1.26e-03 -2.52e-01 -2.50e-01  0.00e+00  2.12e+02 
 22600| 5.86e-05  9.63e-05  1.26e-03 -2.52e-01 -2.50e-01  0.00e+00  2.13e+02 
 22700| 5.82e-05  9.61e-05  1.25e-03 -2.52e-01 -2.50e-01  0.00e+00  2.14e+02 
 22800| 5.79e-05  9.59e-05  1.25e-03 -2.52e-01 -2.50e-01  0.00e+00  2.15e+02 
 22900| 5.76e-05  9.56e-05  1.24e-03 -2.52e-01 -2.50e-01  0.00e+00  2.15e+02 
 23000| 5.73e-05  9.54e-05  1.23e-03 -2.52e-01 -2.50e-01  0.00e+00  2.16e+02 
 23100| 5.70e-05  9.52e-05  1.23e-03 -2.51e-01 -2.50e-01  0.00e+00  2.17e+02 
 23200| 5.67e-05  9.50e-05  1.22e-03 -2.51e-01 -2.50e-01  0.00e+00  2.18e+02 
 23300| 5.64e-05  9.47e-05  1.21e-03 -2.51e-01 -2.50e-01  0.00e+00  2.19e+02 
 23400| 5.61e-05  9.45e-05  1.21e-03 -2.51e-01 -2.50e-01  0.00e+00  2.20e+02 
 23500| 5.58e-05  9.43e-05  1.20e-03 -2.51e-01 -2.50e-01  0.00e+00  2.21e+02 
 23600| 5.56e-05  9.41e-05  1.19e-03 -2.51e-01 -2.50e-01  0.00e+00  2.22e+02 
 23700| 5.53e-05  9.39e-05  1.19e-03 -2.51e-01 -2.50e-01  0.00e+00  2.23e+02 
 23800| 5.50e-05  9.36e-05  1.18e-03 -2.51e-01 -2.50e-01  0.00e+00  2.24e+02 
 23900| 5.47e-05  9.34e-05  1.18e-03 -2.51e-01 -2.50e-01  0.00e+00  2.25e+02 
 24000| 5.44e-05  9.32e-05  1.17e-03 -2.51e-01 -2.50e-01  0.00e+00  2.26e+02 
 24100| 5.41e-05  9.30e-05  1.16e-03 -2.51e-01 -2.50e-01  0.00e+00  2.27e+02 
 24200| 5.38e-05  9.28e-05  1.16e-03 -2.51e-01 -2.50e-01  0.00e+00  2.28e+02 
 24300| 5.36e-05  9.26e-05  1.15e-03 -2.51e-01 -2.50e-01  0.00e+00  2.29e+02 
 24400| 5.33e-05  9.24e-05  1.15e-03 -2.51e-01 -2.50e-01  0.00e+00  2.30e+02 
 24500| 5.30e-05  9.21e-05  1.14e-03 -2.51e-01 -2.50e-01  0.00e+00  2.31e+02 
 24600| 5.27e-05  9.19e-05  1.13e-03 -2.51e-01 -2.50e-01  0.00e+00  2.32e+02 
 24700| 5.25e-05  9.17e-05  1.13e-03 -2.51e-01 -2.50e-01  0.00e+00  2.33e+02 
 24800| 5.22e-05  9.15e-05  1.12e-03 -2.51e-01 -2.50e-01  0.00e+00  2.33e+02 
 24900| 5.19e-05  9.13e-05  1.12e-03 -2.51e-01 -2.50e-01  0.00e+00  2.34e+02 
 25000| 5.17e-05  9.11e-05  1.11e-03 -2.51e-01 -2.50e-01  0.00e+00  2.35e+02 
 25100| 5.14e-05  9.09e-05  1.11e-03 -2.51e-01 -2.50e-01  0.00e+00  2.36e+02 
 25200| 5.11e-05  9.07e-05  1.10e-03 -2.51e-01 -2.50e-01  0.00e+00  2.37e+02 
 25300| 5.09e-05  9.05e-05  1.09e-03 -2.51e-01 -2.50e-01  0.00e+00  2.38e+02 
 25400| 5.06e-05  9.03e-05  1.09e-03 -2.51e-01 -2.50e-01  0.00e+00  2.39e+02 
 25500| 5.03e-05  9.01e-05  1.08e-03 -2.51e-01 -2.50e-01  0.00e+00  2.40e+02 
 25600| 5.01e-05  8.99e-05  1.08e-03 -2.51e-01 -2.50e-01  0.00e+00  2.41e+02 
 25700| 4.98e-05  8.97e-05  1.07e-03 -2.51e-01 -2.50e-01  0.00e+00  2.42e+02 
 25800| 4.96e-05  8.95e-05  1.07e-03 -2.51e-01 -2.50e-01  0.00e+00  2.43e+02 
 25900| 4.93e-05  8.93e-05  1.06e-03 -2.51e-01 -2.50e-01  0.00e+00  2.44e+02 
 26000| 4.91e-05  8.91e-05  1.06e-03 -2.51e-01 -2.50e-01  0.00e+00  2.45e+02 
 26100| 4.88e-05  8.90e-05  1.05e-03 -2.51e-01 -2.50e-01  0.00e+00  2.46e+02 
 26200| 4.86e-05  8.88e-05  1.05e-03 -2.51e-01 -2.50e-01  0.00e+00  2.47e+02 
 26300| 4.83e-05  8.86e-05  1.04e-03 -2.51e-01 -2.50e-01  0.00e+00  2.48e+02 
 26400| 4.81e-05  8.84e-05  1.04e-03 -2.51e-01 -2.50e-01  0.00e+00  2.49e+02 
 26500| 4.78e-05  8.82e-05  1.03e-03 -2.51e-01 -2.50e-01  0.00e+00  2.49e+02 
 26600| 4.76e-05  8.80e-05  1.02e-03 -2.51e-01 -2.50e-01  2.34e-15  2.50e+02 
 26700| 4.74e-05  8.78e-05  1.02e-03 -2.51e-01 -2.50e-01  2.35e-15  2.51e+02 
 26800| 4.71e-05  8.76e-05  1.01e-03 -2.51e-01 -2.50e-01  2.35e-15  2.52e+02 
 26900| 4.69e-05  8.75e-05  1.01e-03 -2.51e-01 -2.50e-01  0.00e+00  2.53e+02 
 27000| 4.67e-05  8.73e-05  1.00e-03 -2.51e-01 -2.50e-01  2.35e-15  2.54e+02 
 27100| 4.64e-05  8.71e-05  1.00e-03 -2.51e-01 -2.50e-01  0.00e+00  2.55e+02 
 27200| 4.62e-05  8.69e-05  9.95e-04 -2.51e-01 -2.50e-01  2.35e-15  2.56e+02 
 27300| 4.60e-05  8.67e-05  9.90e-04 -2.51e-01 -2.50e-01  0.00e+00  2.57e+02 
 27400| 4.57e-05  8.65e-05  9.85e-04 -2.51e-01 -2.50e-01  0.00e+00  2.58e+02 
 27500| 4.55e-05  8.64e-05  9.80e-04 -2.51e-01 -2.50e-01  2.35e-15  2.59e+02 
 27600| 4.53e-05  8.62e-05  9.75e-04 -2.51e-01 -2.50e-01  0.00e+00  2.59e+02 
 27700| 4.50e-05  8.60e-05  9.70e-04 -2.51e-01 -2.50e-01  0.00e+00  2.60e+02 
 27800| 4.48e-05  8.58e-05  9.66e-04 -2.51e-01 -2.50e-01  0.00e+00  2.61e+02 
 27900| 4.46e-05  8.57e-05  9.61e-04 -2.51e-01 -2.50e-01  4.71e-15  2.62e+02 
 28000| 4.44e-05  8.55e-05  9.56e-04 -2.51e-01 -2.50e-01  2.36e-15  2.63e+02 
 28100| 4.42e-05  8.53e-05  9.51e-04 -2.51e-01 -2.50e-01  2.36e-15  2.64e+02 
 28200| 4.39e-05  8.51e-05  9.47e-04 -2.51e-01 -2.50e-01  2.36e-15  2.65e+02 
 28300| 4.37e-05  8.50e-05  9.42e-04 -2.51e-01 -2.50e-01  0.00e+00  2.66e+02 
 28400| 4.35e-05  8.48e-05  9.38e-04 -2.51e-01 -2.50e-01  2.36e-15  2.67e+02 
 28500| 4.33e-05  8.46e-05  9.33e-04 -2.51e-01 -2.50e-01  0.00e+00  2.68e+02 
 28600| 4.31e-05  8.45e-05  9.28e-04 -2.51e-01 -2.50e-01  0.00e+00  2.68e+02 
 28700| 4.29e-05  8.43e-05  9.24e-04 -2.51e-01 -2.50e-01  0.00e+00  2.69e+02 
 28800| 4.26e-05  8.41e-05  9.19e-04 -2.51e-01 -2.50e-01  2.36e-15  2.70e+02 
 28900| 4.24e-05  8.39e-05  9.15e-04 -2.51e-01 -2.50e-01  2.37e-15  2.71e+02 
 29000| 4.22e-05  8.38e-05  9.10e-04 -2.51e-01 -2.50e-01  0.00e+00  2.72e+02 
 29100| 4.20e-05  8.36e-05  9.06e-04 -2.51e-01 -2.50e-01  0.00e+00  2.73e+02 
 29200| 4.18e-05  8.34e-05  9.02e-04 -2.51e-01 -2.50e-01  4.74e-15  2.74e+02 
 29300| 4.16e-05  8.33e-05  8.97e-04 -2.51e-01 -2.50e-01  0.00e+00  2.75e+02 
 29400| 4.14e-05  8.31e-05  8.93e-04 -2.51e-01 -2.50e-01  0.00e+00  2.76e+02 
 29500| 4.12e-05  8.30e-05  8.89e-04 -2.51e-01 -2.50e-01  2.37e-15  2.77e+02 
 29600| 4.10e-05  8.28e-05  8.84e-04 -2.51e-01 -2.50e-01  0.00e+00  2.77e+02 
 29700| 4.08e-05  8.26e-05  8.80e-04 -2.51e-01 -2.50e-01  2.37e-15  2.78e+02 
 29800| 4.06e-05  8.25e-05  8.76e-04 -2.51e-01 -2.50e-01  2.37e-15  2.79e+02 
 29900| 4.04e-05  8.23e-05  8.72e-04 -2.51e-01 -2.50e-01  2.37e-15  2.80e+02 
 30000| 4.02e-05  8.22e-05  8.67e-04 -2.51e-01 -2.50e-01  0.00e+00  2.81e+02 
 30100| 4.00e-05  8.20e-05  8.63e-04 -2.51e-01 -2.50e-01  2.38e-15  2.82e+02 
 30200| 3.98e-05  8.18e-05  8.59e-04 -2.51e-01 -2.50e-01  0.00e+00  2.83e+02 
 30300| 3.96e-05  8.17e-05  8.55e-04 -2.51e-01 -2.50e-01  0.00e+00  2.84e+02 
 30400| 3.94e-05  8.15e-05  8.51e-04 -2.51e-01 -2.50e-01  2.38e-15  2.85e+02 
 30500| 3.92e-05  8.14e-05  8.47e-04 -2.51e-01 -2.50e-01  2.38e-15  2.85e+02 
 30600| 3.90e-05  8.12e-05  8.43e-04 -2.51e-01 -2.50e-01  2.38e-15  2.86e+02 
 30700| 3.88e-05  8.11e-05  8.39e-04 -2.51e-01 -2.50e-01  2.38e-15  2.87e+02 
 30800| 3.86e-05  8.09e-05  8.35e-04 -2.51e-01 -2.50e-01  0.00e+00  2.88e+02 
 30900| 3.85e-05  8.08e-05  8.31e-04 -2.51e-01 -2.50e-01  0.00e+00  2.89e+02 
 31000| 3.83e-05  8.06e-05  8.27e-04 -2.51e-01 -2.50e-01  0.00e+00  2.90e+02 
 31100| 3.81e-05  8.05e-05  8.23e-04 -2.51e-01 -2.50e-01  0.00e+00  2.91e+02 
 31200| 3.79e-05  8.03e-05  8.19e-04 -2.51e-01 -2.50e-01  0.00e+00  2.92e+02 
 31300| 3.77e-05  8.01e-05  8.15e-04 -2.51e-01 -2.50e-01  2.38e-15  2.93e+02 
 31400| 3.75e-05  8.00e-05  8.11e-04 -2.51e-01 -2.50e-01  4.77e-15  2.94e+02 
 31500| 3.74e-05  7.99e-05  8.07e-04 -2.51e-01 -2.50e-01  2.39e-15  2.94e+02 
 31600| 3.72e-05  7.97e-05  8.03e-04 -2.51e-01 -2.50e-01  2.39e-15  2.95e+02 
 31700| 3.70e-05  7.96e-05  7.99e-04 -2.51e-01 -2.50e-01  2.39e-15  2.96e+02 
 31800| 3.68e-05  7.94e-05  7.96e-04 -2.51e-01 -2.50e-01  0.00e+00  2.97e+02 
 31900| 3.66e-05  7.93e-05  7.92e-04 -2.51e-01 -2.50e-01  0.00e+00  2.98e+02 
 32000| 3.65e-05  7.91e-05  7.88e-04 -2.51e-01 -2.50e-01  2.39e-15  2.99e+02 
 32100| 3.63e-05  7.90e-05  7.84e-04 -2.51e-01 -2.50e-01  0.00e+00  3.00e+02 
 32200| 3.61e-05  7.88e-05  7.81e-04 -2.51e-01 -2.50e-01  4.78e-15  3.01e+02 
 32300| 3.59e-05  7.87e-05  7.77e-04 -2.51e-01 -2.50e-01  0.00e+00  3.02e+02 
 32400| 3.58e-05  7.85e-05  7.73e-04 -2.51e-01 -2.50e-01  0.00e+00  3.02e+02 
 32500| 3.56e-05  7.84e-05  7.70e-04 -2.51e-01 -2.50e-01  0.00e+00  3.03e+02 
 32600| 3.54e-05  7.83e-05  7.66e-04 -2.51e-01 -2.50e-01  0.00e+00  3.04e+02 
 32700| 3.53e-05  7.81e-05  7.62e-04 -2.51e-01 -2.50e-01  0.00e+00  3.05e+02 
 32800| 3.51e-05  7.80e-05  7.59e-04 -2.51e-01 -2.50e-01  4.79e-15  3.06e+02 
 32900| 3.49e-05  7.78e-05  7.55e-04 -2.51e-01 -2.50e-01  4.79e-15  3.07e+02 
 33000| 3.47e-05  7.77e-05  7.52e-04 -2.51e-01 -2.50e-01  2.40e-15  3.08e+02 
 33100| 3.46e-05  7.76e-05  7.48e-04 -2.51e-01 -2.50e-01  2.40e-15  3.09e+02 
 33200| 3.44e-05  7.74e-05  7.45e-04 -2.51e-01 -2.50e-01  2.40e-15  3.10e+02 
 33300| 3.43e-05  7.73e-05  7.41e-04 -2.51e-01 -2.50e-01  2.40e-15  3.10e+02 
 33400| 3.41e-05  7.71e-05  7.38e-04 -2.51e-01 -2.50e-01  4.80e-15  3.11e+02 
 33500| 3.39e-05  7.70e-05  7.34e-04 -2.51e-01 -2.50e-01  0.00e+00  3.12e+02 
 33600| 3.38e-05  7.69e-05  7.31e-04 -2.51e-01 -2.50e-01  4.80e-15  3.13e+02 
 33700| 3.36e-05  7.67e-05  7.27e-04 -2.51e-01 -2.50e-01  2.40e-15  3.14e+02 
 33800| 3.34e-05  7.66e-05  7.24e-04 -2.51e-01 -2.50e-01  0.00e+00  3.15e+02 
 33900| 3.33e-05  7.65e-05  7.21e-04 -2.51e-01 -2.50e-01  2.40e-15  3.16e+02 
 34000| 3.31e-05  7.63e-05  7.17e-04 -2.51e-01 -2.50e-01  0.00e+00  3.17e+02 
 34100| 3.30e-05  7.62e-05  7.14e-04 -2.51e-01 -2.50e-01  0.00e+00  3.18e+02 
 34200| 3.28e-05  7.61e-05  7.11e-04 -2.51e-01 -2.50e-01  2.41e-15  3.18e+02 
 34300| 3.27e-05  7.59e-05  7.07e-04 -2.51e-01 -2.50e-01  4.81e-15  3.19e+02 
 34400| 3.25e-05  7.58e-05  7.04e-04 -2.51e-01 -2.50e-01  0.00e+00  3.20e+02 
 34500| 3.24e-05  7.57e-05  7.01e-04 -2.51e-01 -2.50e-01  0.00e+00  3.21e+02 
 34600| 3.22e-05  7.55e-05  6.98e-04 -2.51e-01 -2.50e-01  0.00e+00  3.22e+02 
 34700| 3.20e-05  7.54e-05  6.94e-04 -2.51e-01 -2.50e-01  2.41e-15  3.23e+02 
 34800| 3.19e-05  7.53e-05  6.91e-04 -2.51e-01 -2.50e-01  2.41e-15  3.24e+02 
 34900| 3.17e-05  7.51e-05  6.88e-04 -2.51e-01 -2.50e-01  4.82e-15  3.25e+02 
 35000| 3.16e-05  7.50e-05  6.85e-04 -2.51e-01 -2.50e-01  0.00e+00  3.26e+02 
 35100| 3.14e-05  7.49e-05  6.82e-04 -2.51e-01 -2.50e-01  0.00e+00  3.27e+02 
 35200| 3.13e-05  7.48e-05  6.78e-04 -2.51e-01 -2.50e-01  0.00e+00  3.27e+02 
 35300| 3.11e-05  7.46e-05  6.75e-04 -2.51e-01 -2.50e-01  0.00e+00  3.28e+02 
 35400| 3.10e-05  7.45e-05  6.72e-04 -2.51e-01 -2.50e-01  0.00e+00  3.29e+02 
 35500| 3.09e-05  7.44e-05  6.69e-04 -2.51e-01 -2.50e-01  0.00e+00  3.30e+02 
 35600| 3.07e-05  7.43e-05  6.66e-04 -2.51e-01 -2.50e-01  0.00e+00  3.31e+02 
 35700| 3.06e-05  7.41e-05  6.63e-04 -2.51e-01 -2.50e-01  2.42e-15  3.32e+02 
 35800| 3.04e-05  7.40e-05  6.60e-04 -2.51e-01 -2.50e-01  0.00e+00  3.33e+02 
 35900| 3.03e-05  7.39e-05  6.57e-04 -2.51e-01 -2.50e-01  2.42e-15  3.34e+02 
 36000| 3.01e-05  7.38e-05  6.54e-04 -2.51e-01 -2.50e-01  2.42e-15  3.35e+02 
 36100| 3.00e-05  7.36e-05  6.51e-04 -2.51e-01 -2.50e-01  2.42e-15  3.36e+02 
 36200| 2.99e-05  7.35e-05  6.48e-04 -2.51e-01 -2.50e-01  2.42e-15  3.36e+02 
 36300| 2.97e-05  7.34e-05  6.45e-04 -2.51e-01 -2.50e-01  0.00e+00  3.37e+02 
 36400| 2.96e-05  7.33e-05  6.42e-04 -2.50e-01 -2.50e-01  2.42e-15  3.38e+02 
 36500| 2.94e-05  7.31e-05  6.39e-04 -2.50e-01 -2.50e-01  0.00e+00  3.39e+02 
 36600| 2.93e-05  7.30e-05  6.36e-04 -2.50e-01 -2.50e-01  0.00e+00  3.40e+02 
 36700| 2.92e-05  7.29e-05  6.33e-04 -2.50e-01 -2.50e-01  2.42e-15  3.41e+02 
 36800| 2.90e-05  7.28e-05  6.30e-04 -2.50e-01 -2.50e-01  0.00e+00  3.42e+02 
 36900| 2.89e-05  7.27e-05  6.27e-04 -2.50e-01 -2.50e-01  0.00e+00  3.43e+02 
 37000| 2.88e-05  7.25e-05  6.25e-04 -2.50e-01 -2.50e-01  4.85e-15  3.44e+02 
 37100| 2.86e-05  7.24e-05  6.22e-04 -2.50e-01 -2.50e-01  4.85e-15  3.44e+02 
 37200| 2.85e-05  7.23e-05  6.19e-04 -2.50e-01 -2.50e-01  2.42e-15  3.45e+02 
 37300| 2.84e-05  7.22e-05  6.16e-04 -2.50e-01 -2.50e-01  0.00e+00  3.46e+02 
 37400| 2.82e-05  7.21e-05  6.13e-04 -2.50e-01 -2.50e-01  0.00e+00  3.47e+02 
 37500| 2.81e-05  7.20e-05  6.11e-04 -2.50e-01 -2.50e-01  0.00e+00  3.48e+02 
 37600| 2.80e-05  7.18e-05  6.08e-04 -2.50e-01 -2.50e-01  0.00e+00  3.49e+02 
 37700| 2.78e-05  7.17e-05  6.05e-04 -2.50e-01 -2.50e-01  2.43e-15  3.50e+02 
 37800| 2.77e-05  7.16e-05  6.02e-04 -2.50e-01 -2.50e-01  0.00e+00  3.51e+02 
 37900| 2.76e-05  7.15e-05  6.00e-04 -2.50e-01 -2.50e-01  2.43e-15  3.52e+02 
 38000| 2.75e-05  7.14e-05  5.97e-04 -2.50e-01 -2.50e-01  2.43e-15  3.53e+02 
 38100| 2.73e-05  7.13e-05  5.94e-04 -2.50e-01 -2.50e-01  0.00e+00  3.54e+02 
 38200| 2.72e-05  7.11e-05  5.91e-04 -2.50e-01 -2.50e-01  2.43e-15  3.54e+02 
 38300| 2.71e-05  7.10e-05  5.89e-04 -2.50e-01 -2.50e-01  0.00e+00  3.55e+02 
 38400| 2.69e-05  7.09e-05  5.86e-04 -2.50e-01 -2.50e-01  2.43e-15  3.56e+02 
 38500| 2.68e-05  7.08e-05  5.83e-04 -2.50e-01 -2.50e-01  4.86e-15  3.57e+02 
 38600| 2.67e-05  7.07e-05  5.81e-04 -2.50e-01 -2.50e-01  0.00e+00  3.58e+02 
 38700| 2.66e-05  7.06e-05  5.78e-04 -2.50e-01 -2.50e-01  0.00e+00  3.59e+02 
 38800| 2.65e-05  7.05e-05  5.76e-04 -2.50e-01 -2.50e-01  2.43e-15  3.60e+02 
 38900| 2.63e-05  7.04e-05  5.73e-04 -2.50e-01 -2.50e-01  0.00e+00  3.61e+02 
 39000| 2.62e-05  7.03e-05  5.70e-04 -2.50e-01 -2.50e-01  2.43e-15  3.62e+02 
 39100| 2.61e-05  7.01e-05  5.68e-04 -2.50e-01 -2.50e-01  0.00e+00  3.63e+02 
 39200| 2.60e-05  7.00e-05  5.65e-04 -2.50e-01 -2.50e-01  2.44e-15  3.63e+02 
 39300| 2.58e-05  6.99e-05  5.63e-04 -2.50e-01 -2.50e-01  0.00e+00  3.64e+02 
 39400| 2.57e-05  6.98e-05  5.60e-04 -2.50e-01 -2.50e-01  0.00e+00  3.65e+02 
 39500| 2.56e-05  6.97e-05  5.58e-04 -2.50e-01 -2.50e-01  2.44e-15  3.66e+02 
 39600| 2.55e-05  6.96e-05  5.55e-04 -2.50e-01 -2.50e-01  2.44e-15  3.67e+02 
 39700| 2.54e-05  6.95e-05  5.53e-04 -2.50e-01 -2.50e-01  2.44e-15  3.68e+02 
 39800| 2.53e-05  6.94e-05  5.50e-04 -2.50e-01 -2.50e-01  2.44e-15  3.69e+02 
 39900| 2.51e-05  6.93e-05  5.48e-04 -2.50e-01 -2.50e-01  2.44e-15  3.70e+02 
 40000| 2.50e-05  6.92e-05  5.45e-04 -2.50e-01 -2.50e-01  0.00e+00  3.71e+02 
 40100| 2.49e-05  6.91e-05  5.43e-04 -2.50e-01 -2.50e-01  0.00e+00  3.72e+02 
 40200| 2.48e-05  6.90e-05  5.41e-04 -2.50e-01 -2.50e-01  4.88e-15  3.73e+02 
 40300| 2.47e-05  6.88e-05  5.38e-04 -2.50e-01 -2.50e-01  2.44e-15  3.73e+02 
 40400| 2.46e-05  6.87e-05  5.36e-04 -2.50e-01 -2.50e-01  0.00e+00  3.74e+02 
 40500| 2.45e-05  6.86e-05  5.33e-04 -2.50e-01 -2.50e-01  2.44e-15  3.75e+02 
 40600| 2.43e-05  6.85e-05  5.31e-04 -2.50e-01 -2.50e-01  2.44e-15  3.76e+02 
 40700| 2.42e-05  6.84e-05  5.29e-04 -2.50e-01 -2.50e-01  0.00e+00  3.77e+02 
 40800| 2.41e-05  6.83e-05  5.26e-04 -2.50e-01 -2.50e-01  2.44e-15  3.78e+02 
 40900| 2.40e-05  6.82e-05  5.24e-04 -2.50e-01 -2.50e-01  2.44e-15  3.79e+02 
 41000| 2.39e-05  6.81e-05  5.22e-04 -2.50e-01 -2.50e-01  0.00e+00  3.80e+02 
 41100| 2.38e-05  6.80e-05  5.19e-04 -2.50e-01 -2.50e-01  0.00e+00  3.81e+02 
 41200| 2.37e-05  6.79e-05  5.17e-04 -2.50e-01 -2.50e-01  0.00e+00  3.82e+02 
 41300| 2.36e-05  6.78e-05  5.15e-04 -2.50e-01 -2.50e-01  2.45e-15  3.83e+02 
 41400| 2.35e-05  6.77e-05  5.12e-04 -2.50e-01 -2.50e-01  0.00e+00  3.83e+02 
 41500| 2.34e-05  6.76e-05  5.10e-04 -2.50e-01 -2.50e-01  2.45e-15  3.84e+02 
 41600| 2.33e-05  6.75e-05  5.08e-04 -2.50e-01 -2.50e-01  0.00e+00  3.85e+02 
 41700| 2.32e-05  6.74e-05  5.06e-04 -2.50e-01 -2.50e-01  0.00e+00  3.86e+02 
 41800| 2.30e-05  6.73e-05  5.03e-04 -2.50e-01 -2.50e-01  2.45e-15  3.87e+02 
 41900| 2.29e-05  6.72e-05  5.01e-04 -2.50e-01 -2.50e-01  0.00e+00  3.88e+02 
 42000| 2.28e-05  6.71e-05  4.99e-04 -2.50e-01 -2.50e-01  2.45e-15  3.89e+02 
 42100| 2.27e-05  6.70e-05  4.97e-04 -2.50e-01 -2.50e-01  0.00e+00  3.90e+02 
 42200| 2.26e-05  6.69e-05  4.95e-04 -2.50e-01 -2.50e-01  2.45e-15  3.91e+02 
 42300| 2.25e-05  6.68e-05  4.92e-04 -2.50e-01 -2.50e-01  2.45e-15  3.92e+02 
 42400| 2.24e-05  6.67e-05  4.90e-04 -2.50e-01 -2.50e-01  0.00e+00  3.93e+02 
 42500| 2.23e-05  6.66e-05  4.88e-04 -2.50e-01 -2.50e-01  4.90e-15  3.93e+02 
 42600| 2.22e-05  6.65e-05  4.86e-04 -2.50e-01 -2.50e-01  0.00e+00  3.94e+02 
 42700| 2.21e-05  6.64e-05  4.84e-04 -2.50e-01 -2.50e-01  2.45e-15  3.95e+02 
 42800| 2.20e-05  6.63e-05  4.82e-04 -2.50e-01 -2.50e-01  2.45e-15  3.96e+02 
 42900| 2.19e-05  6.62e-05  4.80e-04 -2.50e-01 -2.50e-01  0.00e+00  3.97e+02 
 43000| 2.18e-05  6.61e-05  4.77e-04 -2.50e-01 -2.50e-01  2.45e-15  3.98e+02 
 43100| 2.17e-05  6.60e-05  4.75e-04 -2.50e-01 -2.50e-01  2.46e-15  3.99e+02 
 43200| 2.16e-05  6.59e-05  4.73e-04 -2.50e-01 -2.50e-01  2.46e-15  4.00e+02 
 43300| 2.15e-05  6.58e-05  4.71e-04 -2.50e-01 -2.50e-01  4.91e-15  4.01e+02 
 43400| 2.14e-05  6.58e-05  4.69e-04 -2.50e-01 -2.50e-01  2.46e-15  4.02e+02 
 43500| 2.13e-05  6.57e-05  4.67e-04 -2.50e-01 -2.50e-01  2.46e-15  4.03e+02 
 43600| 2.12e-05  6.56e-05  4.65e-04 -2.50e-01 -2.50e-01  2.46e-15  4.04e+02 
 43700| 2.11e-05  6.55e-05  4.63e-04 -2.50e-01 -2.50e-01  0.00e+00  4.04e+02 
 43800| 2.11e-05  6.54e-05  4.61e-04 -2.50e-01 -2.50e-01  2.46e-15  4.05e+02 
 43900| 2.10e-05  6.53e-05  4.59e-04 -2.50e-01 -2.50e-01  2.46e-15  4.06e+02 
 44000| 2.09e-05  6.52e-05  4.57e-04 -2.50e-01 -2.50e-01  4.92e-15  4.07e+02 
 44100| 2.08e-05  6.51e-05  4.55e-04 -2.50e-01 -2.50e-01  0.00e+00  4.08e+02 
 44200| 2.07e-05  6.50e-05  4.53e-04 -2.50e-01 -2.50e-01  0.00e+00  4.09e+02 
 44300| 2.06e-05  6.49e-05  4.51e-04 -2.50e-01 -2.50e-01  0.00e+00  4.10e+02 
 44400| 2.05e-05  6.48e-05  4.49e-04 -2.50e-01 -2.50e-01  2.46e-15  4.11e+02 
 44500| 2.04e-05  6.47e-05  4.47e-04 -2.50e-01 -2.50e-01  2.46e-15  4.12e+02 
 44600| 2.03e-05  6.46e-05  4.45e-04 -2.50e-01 -2.50e-01  2.46e-15  4.13e+02 
 44700| 2.02e-05  6.45e-05  4.43e-04 -2.50e-01 -2.50e-01  2.46e-15  4.14e+02 
 44800| 2.01e-05  6.45e-05  4.41e-04 -2.50e-01 -2.50e-01  2.46e-15  4.15e+02 
 44900| 2.00e-05  6.44e-05  4.39e-04 -2.50e-01 -2.50e-01  2.46e-15  4.15e+02 
 45000| 1.99e-05  6.43e-05  4.37e-04 -2.50e-01 -2.50e-01  4.93e-15  4.16e+02 
 45100| 1.99e-05  6.42e-05  4.36e-04 -2.50e-01 -2.50e-01  4.93e-15  4.17e+02 
 45200| 1.98e-05  6.41e-05  4.34e-04 -2.50e-01 -2.50e-01  2.46e-15  4.18e+02 
 45300| 1.97e-05  6.40e-05  4.32e-04 -2.50e-01 -2.50e-01  2.46e-15  4.19e+02 
 45400| 1.96e-05  6.39e-05  4.30e-04 -2.50e-01 -2.50e-01  0.00e+00  4.20e+02 
 45500| 1.95e-05  6.38e-05  4.28e-04 -2.50e-01 -2.50e-01  0.00e+00  4.21e+02 
 45600| 1.94e-05  6.37e-05  4.26e-04 -2.50e-01 -2.50e-01  2.47e-15  4.22e+02 
 45700| 1.93e-05  6.37e-05  4.24e-04 -2.50e-01 -2.50e-01  0.00e+00  4.23e+02 
 45800| 1.92e-05  6.36e-05  4.23e-04 -2.50e-01 -2.50e-01  2.47e-15  4.24e+02 
 45900| 1.92e-05  6.35e-05  4.21e-04 -2.50e-01 -2.50e-01  2.47e-15  4.25e+02 
 46000| 1.91e-05  6.34e-05  4.19e-04 -2.50e-01 -2.50e-01  0.00e+00  4.26e+02 
 46100| 1.90e-05  6.33e-05  4.17e-04 -2.50e-01 -2.50e-01  2.47e-15  4.27e+02 
 46200| 1.89e-05  6.#SOLVERNAME# SCS
#SOLVER# SCS.SCSSolver(Any[(:verbose, 1), (:eps, 0.0001), (:max_iters, 50000)])
#INSTANCE# multiportfolio_socexppsd_6.cbf.gz
#TIMELIMIT# 300.0
#STATUS# UnknownError
#OBJVAL# -0.25005495779581033
#OBJBOUND# NaN
#NODECOUNT# NaN
#TIMESOLVER# 462.900447845459
#TIMEALL# 464.9317820072174
#SOLUTION# [3.641486358906359e-7,1.4558194597480898e-7,1.446903779588858e-7,1.91591238329167e-7,1.865375456479422e-7,1.6605926683631505e-7,0.0017462205272025866,1.6348946192195706e-7,9.73689791869813e-8,1.8571610189057064e-7,1.693271156546639e-7,1.9526741427612865e-7,1.0207647964034615e-7,1.9190768812099154e-7,0.00251894416321698,1.448209364845044e-7,1.5221522311647244e-7,1.1030537314530989e-7,1.9968458105800118e-7,1.6402985332338645e-7,1.69602976631467e-7,1.719304531188348e-7,9.841599476721647e-8,1.7993282097453836e-7,8.779060786844051e-8,1.3682088455848022e-7,1.2561111105505024e-7,1.6720308869726396e-7,1.725265123302497e-7,1.825244954139535e-7,1.2325106646619433e-7,1.8161411156738937e-7,1.3783342889459883e-7,1.8506713623433764e-7,1.2002393112830008e-7,1.7713629516319833e-7,1.8146886046256503e-7,1.7130331441918722e-7,1.923358803526175e-7,1.4452505265021736e-7,0.032819705257886515,1.852932617773067e-7,1.7630999455723473e-7,1.4890569753955343e-7,1.9100203003474247e-7,1.7223344105333405e-7,1.7288559759528882e-7,1.9433845966380847e-7,1.7006402470120393e-7,1.8305986807280306e-7,1.0286287260368611e-7,1.2233192202442623e-7,1.536061309397134e-7,1.9047696173898138e-7,1.8118903335698837e-7,1.586053113525325e-7,1.6082481966132986e-7,1.7132111394934713e-7,1.6991352871246049e-7,7.654990279339183e-8,7.776503812531872e-8,0.0029079119436617572,1.4515688141369796e-7,1.563500514020817e-7,1.884174818377175e-7,1.5038310978945636e-7,1.9943787468379523e-7,1.6551146500669937e-7,1.6515824164945754e-7,1.6777058516695917e-7,1.552982317638731e-7,9.992511419250295e-8,1.7852770256165092e-7,1.9116572392905512e-7,1.9561568917366214e-7,1.378349352501389e-7,0.009301955968753436,1.1774517858038893e-7,1.9790849161946797e-7,1.856353197834854e-7,1.4114288727249272e-7,1.6726118866383332e-7,1.7757664989068196e-7,1.576156676278293e-7,1.7731210757239764e-7,1.4739429564858892e-7,1.840398801295155e-7,1.426684919580337e-7,1.6962943743594278e-7,1.758387021178933e-7,1.0693322774706444e-7,1.8712868253138627e-7,1.7793234542899748e-7,1.119667683775175e-7,1.7274239133976327e-7,1.7712026540038744e-7,1.1124159673020778e-7,1.8513941676871641e-7,1.669877189517914e-7,1.9470650439861807e-7,1.4463886160070648e-7,1.6002273197911975e-7,1.5764965627929054e-7,1.763137710170731e-7,1.545635093993064e-7,1.1104011826191156e-7,1.1717359023272091e-7,1.8566479537271558e-7,1.0334338467722069e-7,1.297709769855916e-7,1.3183240625842944e-7,8.505333288583146e-8,1.1566392335315521e-7,1.890347965261287e-7,1.829769750448202e-7,1.7174848792394177e-7,1.8998654579020133e-7,1.422818750274765e-7,1.689381900131585e-7,1.4844632748656174e-7,1.359313291359647e-7,1.2258103906048828e-7,1.7141380600068963e-7,1.7864850428049205e-7,1.370031968509745e-7,1.8693323180998197e-7,1.8877800356003112e-7,1.7279276447280357e-7,1.5855938954087026e-7,1.7821700927346164e-7,1.8177267596509688e-7,1.6661251777313041e-7,6.725554035749043e-8,1.771779965672965e-7,1.0477619285640196e-7,1.7087834240221312e-7,1.843335986652367e-7,0.006827129156547518,1.7879109944029568e-7,1.6361253042607643e-7,1.2442604409883777e-7,6.457287139876466e-8,1.2004871770113006e-7,1.3324820117182552e-7,1.6162647607706862e-7,1.5882218669778527e-7,1.789952581849012e-7,1.648095815962171e-7,1.6884900633972408e-7,6.910314807341804e-8,1.7070010225698129e-7,1.3323559095083044e-7,1.9245599745245986e-7,6.777827070699503e-8,1.3552466390695104e-7,1.6348165329654406e-7,1.870523301698113e-7,1.3080299570157629e-7,1.771166942774978e-7,1.83016433070704e-7,1.0981279527510754e-7,1.8684642184018182e-7,1.6935888222532455e-7,1.8138500321875313e-7,1.8987879737972676e-7,1.4062132383843562e-7,1.578996398056134e-7,1.9362098889550435e-7,1.5071498442731635e-7,1.8147119832178046e-7,1.9404320083362034e-7,1.702636380091992e-7,1.1557404720015158e-7,1.8203451350884248e-7,1.8420796227517247e-7,1.6943384503530568e-7,1.713147289347275e-7,2.0039406257573129e-7,1.4551478626147214e-7,1.8096868106301345e-7,0.044617939641119986,1.351385748253137e-7,1.769107802361475e-7,1.7885134272917441e-7,1.7351362148835018e-7,1.8015458398951412e-7,1.196692065230717e-7,1.852235806703724e-7,1.8400097687888263e-7,1.804676015537471e-7,0.013227187162540604,1.7372141310474924e-7,1.286163989189645e-7,1.4385720429775306e-7,9.362807027408825e-8,1.8629807852999782e-7,9.306882866522697e-8,1.3675559040531927e-7,1.4408720635764946e-7,1.8129524196508082e-7,1.267219045489277e-7,1.5652874265523107e-7,1.7187599885881599e-7,5.360699850862116e-8,9.288737786303092e-8,1.4915795817958152e-7,1.3526420885401774e-7,1.6910980909815535e-7,1.8165343310073694e-7,1.7808229545278583e-7,1.7725475367182078e-7,1.8020197370858726e-7,1.1046951471058022e-7,1.5861029362966e-7,1.4254926448986985e-7,9.725608941914696e-8,1.5257522760687473e-7,1.7392317415269435e-7,1.6980696429594294e-7,6.870971330244047e-8,2.0005464490800651e-7,1.689649755041912e-7,1.4836038387241797e-7,1.7889942112339492e-7,1.782100550841374e-7,1.8533791551325503e-7,1.66286230312702e-7,1.5480418838320502e-7,1.766008321170524e-7,1.8691553561952489e-7,7.904710543296562e-8,1.648268423971754e-7,1.3476767182860175e-7,1.8049146680185972e-7,9.483238229131609e-8,1.8509049372054503e-7,1.797118386353877e-7,1.906025358339915e-7,1.6342231405643401e-7,8.300236204164776e-8,1.1546866407393269e-7,1.9253026376865923e-7,1.759233006808401e-7,2.0044855418924968e-7,1.0309354536598524e-7,1.498388070492135e-7,1.711156039763399e-7,1.5300989354988135e-7,1.6530924025782366e-7,1.4351766628025963e-7,1.646158224247374e-7,1.1237988608355304e-7,9.977001492314875e-8,8.677827158244545e-8,1.8105712220115317e-7,1.1241200570525584e-7,0.04461649819428965,0.014736909699016953,1.774291755814073e-7,0.005547077453650767,6.466924358383447e-8,1.7887518836817278e-7,1.4550504130175363e-7,1.317539752142757e-7,8.19694424612467e-8,1.7933232622141208e-7,1.444794071422262e-7,1.7853390810711358e-7,8.491665244931306e-8,6.90591278310865e-8,1.0459186902645766e-7,1.8061667123981176e-7,1.1820541724771396e-7,1.6623645658946084e-7,1.5631712910847625e-7,1.735960417940345e-7,1.9347447166955415e-7,1.548358416480395e-7,1.0463691192695957e-7,1.0639399933492887e-7,1.4537880757782156e-7,1.8694698879787202e-7,1.8414704402461323e-7,1.4493065353955917e-7,1.688399673489839e-7,1.5832397561078442e-7,9.114512422892132e-8,1.8854273512063384e-7,1.632539863387848e-7,1.6232268909864903e-7,9.19213207661283e-8,1.4843821300045727e-7,1.5508249322890695e-7,1.76252430396143e-7,1.5959442072105944e-7,1.0527494973605519e-7,1.5609143120918606e-7,1.2720364821365268e-7,1.4901914263693233e-7,1.5770840464186183e-7,1.6115216491683627e-7,1.1293985457999233e-7,1.842260507124988e-7,1.825954281223861e-7,1.637521629869218e-7,1.1254771380451167e-7,1.7257405716523955e-7,1.5586853968528372e-7,1.7613893475479062e-7,1.202576647691324e-7,1.6067696561784268e-7,1.658698430750512e-7,1.5309970075176737e-7,1.6895904695676684e-7,9.139824114193248e-8,1.771947497432008e-7,1.3010064893953834e-7,1.62415155158667e-7,1.5321670880191043e-7,1.6204423037220119e-7,1.8137996811846822e-7,0.011592097440531848,1.8067331373220018e-7,1.837900797425084e-7,1.811182479698337e-7,9.228064688153283e-8,1.104900917060968e-7,1.451658204319092e-7,1.8052200641168242e-7,1.744759148492957e-7,1.213162149177923e-7,1.8252886508282028e-7,1.899187700853686e-7,1.164803755861104e-7,7.446407098162141e-8,1.5177657411562583e-7,1.4063306458175941e-7,7.688471329596082e-8,1.6529048972659478e-7,1.3443658613287367e-7,1.6368794118349796e-7,1.4180745180778672e-7,6.194112408257311e-8,1.573986588260729e-7,1.676581856885754e-7,1.889667650466001e-7,6.814651293105705e-8,1.760401644277692e-7,1.651082081423068e-7,1.974968108395254e-7,1.0057073099671743e-7,1.9175539873964616e-7,1.529583359004199e-7,1.7975115814148965e-7,1.8370523527981225e-7,1.8662572719504134e-7,1.30754320769675e-7,1.3553896698533997e-7,1.7976617416246965e-7,1.6757926832954565e-7,1.315486408652837e-7,8.970464890819406e-8,1.4885070160813425e-7,1.7500958687042144e-7,1.1242598681011547e-7,1.688073201477396e-7,1.6343031865449867e-7,1.773576215492453e-7,1.5254807375605724e-7,1.751193318220827e-7,1.5612084114453697e-7,1.5292377675442518e-7,1.8609279938361342e-7,1.9402479045393247e-7,1.3795525340410013e-7,1.7838370213415966e-7,1.6560247300383907e-7,1.6767700170766477e-7,1.7984937272055614e-7,1.7650773187116445e-7,1.263643746633178e-7,1.4611976407853968e-7,8.813102460595294e-8,1.5416142609810678e-7,1.479004483086773e-7,1.5877220192835743e-7,1.7332080966991287e-7,1.8447480750962058e-7,1.8107501729046195e-7,0.007821082862885574,1.6277879637228782e-7,1.7131929036421347e-7,1.855543010012994e-7,0.018286852836215714,1.7848552382031093e-7,1.1646368556184225e-7,1.3427721837357687e-7,1.914480680637958e-7,1.762500807092546e-7,1.4137486926237132e-7,1.1568122640000746e-7,1.8498368189354553e-7,1.557768817755869e-7,1.511647501467924e-7,1.8708479028806547e-7,1.725250021769908e-7,1.561802877878605e-7,1.2477482268546636e-7,1.2998290615657013e-7,1.9422227051069838e-7,1.8246615628027176e-7,1.5478643030107473e-7,1.8307065471932621e-7,1.7586811582255308e-7,1.757620957413899e-7,8.16585304204294e-8,1.1286727725815685e-7,1.5681116960949322e-7,1.2205346015603254e-7,1.439911445514858e-7,0.038847692143472626,1.7003301202446963e-7,1.7378542787781318e-7,1.8234139174248978e-7,1.6915588647828625e-7,1.8034799615170615e-7,1.4691816279367008e-7,1.9445347667254403e-7,1.7976010947604767e-7,1.865795230799775e-7,1.7277496599736816e-7,1.795668006639481e-7,1.9158365646048438e-7,1.6500774478052245e-7,1.0342551153419997e-7,1.6618169941562122e-7,0.009055413331837348,1.2725582255726705e-7,1.4227285081244097e-7,1.3747982162375532e-7,1.3942424467319638e-7,1.69305277869079e-7,1.835865801733421e-7,1.152361587880642e-7,1.4579545112563133e-7,1.941409207703636e-7,1.5286017668158008e-7,1.730101468674225e-7,1.789993996960146e-7,1.8202420713209177e-7,1.7359076038072388e-7,1.7541396217339331e-7,1.8664401269319266e-7,1.6683682807939887e-7,1.305672183282818e-7,1.0040746354265693e-7,1.0595208663112947e-7,1.710498085047604e-7,1.3006723647708755e-7,1.505452936911098e-7,1.73855832921964e-7,1.863181723191536e-7,1.9100694660876936e-7,1.7841954446945014e-7,1.912016943756109e-7,1.4104906497755617e-7,1.8859382826720296e-7,1.3555207995992755e-7,1.855699589907822e-7,1.6775632636886467e-7,1.905286702214256e-7,1.8986750505034207e-7,1.5587762778477882e-7,1.573805061766653e-7,1.546828515100408e-7,1.5543122623424057e-7,8.814692805947432e-8,1.929329083561168e-7,1.2845175073727144e-7,1.882084054388608e-7,1.7294242335744935e-7,1.6690297790895192e-7,1.405522314180026e-7,1.7194534484312463e-7,1.4469695653174377e-7,1.7845683654639523e-7,1.788865014794232e-7,1.7273818553552674e-7,1.8442323720742547e-7,1.897894693625747e-7,7.969399431268556e-8,1.3048094788792413e-7,1.7785989949656326e-7,9.67276972781071e-8,1.9395968935382036e-7,1.9781274217177242e-7,1.399351696933493e-7,1.2663318162518177e-7,0.0037325874248647253,1.5688230238590175e-7,3.631625181912761e-7,1.561995601536881e-7,1.6730959140081496e-7,1.917887109712248e-7,0.004522588244675813,0.005382161608513639,1.7114486538315096e-7,1.8844000863084458e-7,1.4543479261653796e-7,1.7304951585669129e-7,7.94188269530134e-8,1.950741847860742e-7,1.664521700787591e-7,1.5212777690061499e-7,1.9276819667492834e-7,1.798487013566996e-7,1.8574909859406461e-7,1.0438154972644189e-7,1.7322986488221523e-7,1.862059622516018e-7,1.7146576951619164e-7,1.7799553971639413e-7,1.8303274839974106e-7,1.6172282860522795e-7,1.877130704218377e-7,0.0038043240194100612,1.5128611357585133e-7,1.528107890770873e-7,0.04560615184804199,1.5384180350481113e-7,1.7548383237943747e-7,1.7435215409824513e-7,1.8078463190775875e-7,8.466079080308066e-8,1.1822987059928854e-7,1.7483296222885261e-7,1.9198369609294338e-7,1.7774535258321581e-7,1.4003123244825062e-7,1.7185846290138182e-7,1.7567423363894238e-7,1.517282389398113e-7,1.6335844566104336e-7,1.8681769639779971e-7,5.0703774048571294e-8,1.0380735818572092e-7,8.261480848082178e-8,1.231229902436352e-7,1.7480046430880444e-7,1.7457196156482232e-7,1.350830030957705e-7,0.0028671612113582387,1.849596985800228e-7,1.7561233341841256e-7,1.653213251433601e-7,1.4708073227573376e-7,1.6113580623827302e-7,1.2118281448921504e-7,1.6325556517130365e-7,1.741928451825482e-7,1.349157597501371e-7,1.4755978751583854e-7,1.5223894144400653e-7,1.4472867905540662e-7,1.6683652403199844e-7,1.5371806005436433e-7,1.8581548537806912e-7,1.5374159366311688e-7,1.7003537519179477e-7,1.9084298871421047e-7,1.9445246768068944e-7,1.8654591371993937e-7,1.827287461329957e-7,1.2411025771317154e-7,1.413040032573174e-7,1.44338135156829e-7,1.546484418393871e-7,1.2191619225230922e-7,1.3022948050100365e-7,1.8289603818484483e-7,1.6900777107785891e-7,1.7729802996995604e-7,1.7168500337130274e-7,9.024854988241458e-8,1.8812351075933562e-7,1.3977760775438027e-7,1.8175826349843276e-7,1.764277248082865e-7,1.263456501138054e-7,1.825674141760823e-7,0.002257835487832339,0.002662956790776967,1.8303383049588495e-7,1.3525114868530154e-7,1.3629943226880996e-7,1.3989817632785512e-7,1.8202159356370312e-7,1.844206377508548e-7,1.7170825272024043e-7,9.582011798261241e-8,1.7942318895063995e-7,1.716243335845431e-7,1.6859197240055157e-7,1.1696515798240491e-7,0.0024519137327414925,1.7573852747822883e-7,1.281830203662766e-7,1.8439097566985665e-7,1.881721900302553e-7,1.9728828956331492e-7,1.4349218264804751e-7,1.372288744380708e-7,1.799827289338846e-7,9.360806134512643e-8,1.7500345441546212e-7,1.8667847563068382e-7,1.8459896892315237e-7,1.3402385433792605e-7,1.917617632120021e-7,1.8790876702401134e-7,1.407539671705891e-7,8.148034714817816e-8,1.7279100592936743e-7,1.3035643336784575e-7,1.1208630359153488e-7,1.759221817081423e-7,1.1340145332586658e-7,1.6013777637469049e-7,1.7634789375170087e-7,1.5149921122055247e-7,1.570474094365899e-7,1.422599693570408e-7,1.9904276016923276e-7,8.105441199227509e-8,1.9140094573970103e-7,1.531900406212208e-7,0.014542965209711468,1.9531071726813199e-7,1.8625082858595678e-7,1.933754107950365e-7,1.654538111796444e-7,1.8180732434442717e-7,1.847792348100895e-7,1.4896861785044377e-7,1.777329607876949e-7,0.006465211165072246,8.926763973141164e-8,1.8253847035191903e-7,1.9136895814984307e-7,1.6051231495157429e-7,1.449367651726882e-7,1.8341224569195822e-7,3.645351112187633e-7,1.5655729884926262e-7,1.6980316420001083e-7,1.7928335963271017e-7,1.6357723379210758e-7,1.5994184404386186e-7,1.8747123138907047e-7,8.540970838937874e-8,1.1760508332904067e-7,1.8778148323860832e-7,1.394188784236327e-7,1.8332806527732712e-7,1.6166656407592872e-7,1.369259014436804e-7,1.5091716651634008e-7,1.8887319710922175e-7,1.0360441815150984e-7,1.785041647348267e-7,1.0231805962752279e-7,1.7259707195386274e-7,1.7994384768626735e-7,0.0357940790536203,1.931392176789453e-7,1.6989394349481664e-7,1.4229023748778465e-7,1.8054161106163691e-7,1.9199067712287492e-7,1.8086243154226787e-7,1.8460666901486892e-7,1.8580426034528669e-7,1.6462292069111467e-7,1.6674098331768925e-7,1.5445704464285207e-7,1.6035784333605958e-7,1.357000727235284e-7,1.3000381181209962e-7,1.579886290159507e-7,1.7848386003131173e-7,1.8231181309286124e-7,1.7320273183198246e-7,1.1081707287705397e-7,1.9411317927095793e-7,1.7259312905289901e-7,1.7233269245669121e-7,1.5690949499715465e-7,1.1989218864900667e-7,1.7746327291946542e-7,1.8734682252412512e-7,1.8211928369367415e-7,1.1702945409187281e-7,1.4049906527126843e-7,1.732639266165445e-7,1.3816550230872192e-7,0.037221619551777926,1.496375623400585e-7,1.6256089326764375e-7,1.384297330056189e-7,1.3727096299033518e-7,1.8191480534382653e-7,1.8147699897206022e-7,1.2301035483230643e-7,1.3144664163679674e-7,1.6087573181769548e-7,1.8625571313029393e-7,1.4452898319033034e-7,1.684011758768185e-7,1.3521038418512945e-7,1.7822611800872486e-7,1.7749434256179763e-7,1.9357525723804507e-7,1.7855631007756192e-7,1.8242290010484328e-7,1.622098708203534e-7,1.6989331825388572e-7,1.737956773256268e-7,1.7985874282057268e-7,1.356180905461718e-7,1.492114370027621e-7,9.313963549108425e-8,1.3581391877029507e-7,1.9502007143236318e-7,1.763962462445638e-7,1.5807297909843782e-7,1.7060256517939842e-7,1.740255667520164e-7,1.18086056650634e-7,1.2788791594893508e-7,1.938566813980305e-7,8.51007880704265e-8,1.3626513891973093e-7,1.814727023471574e-7,1.8455023505753582e-7,1.609388274460234e-7,1.7500318183478024e-7,1.7945000552170027e-7,1.5962958076113866e-7,1.682442805084353e-7,1.7456288525442157e-7,9.599293131981968e-8,1.782296191402885e-7,1.7759381319452814e-7,7.239715213561917e-8,1.670487600434573e-7,1.7603273598165207e-7,1.2072081572300128e-7,1.5466624004038909e-7,1.5094871276491059e-7,1.822492442868975e-7,1.5634176020949384e-7,1.9487113918160572e-7,1.4882796045476874e-7,1.82576326324007e-7,1.7559986651725703e-7,1.0160981907617216e-7,1.5654476726595194e-7,1.6574538955693966e-7,1.342242433756634e-7,9.818954056505242e-8,1.3855007913446323e-7,1.3138052650413096e-7,1.1414080328752018e-7,1.2298642109396216e-7,1.857959736293709e-7,1.6956338193926681e-7,1.7396672790939567e-7,1.822450920341273e-7,1.1406781938399977e-7,1.9454023689568025e-7,1.1199618694349841e-7,1.707083732188666e-7,1.6562694784705243e-7,1.5687011736158958e-7,1.7749598904951562e-7,2.0199491097482012e-7,1.4477666103634633e-7,1.2723530312362126e-7,1.6366612219428715e-7,1.8572964640958357e-7,1.6338482414221998e-7,1.582154788527502e-7,1.9042245229633197e-7,1.4295850045983268e-7,7.7553791357446e-8,1.3505272502474701e-7,1.9072618698547582e-7,1.0116899787050321e-7,1.4437575018598762e-7,1.5666761701756947e-7,8.761892264962516e-8,1.724810601966484e-7,1.5093130756284537e-7,1.7253203887556743e-7,1.2798738346609098e-7,1.7600534357744173e-7,1.4982234116822656e-7,0.019767674333709597,0.008690097242773054,1.2828885758801464e-7,1.4809657074152624e-7,1.7706484916894012e-7,1.6841288010663054e-7,1.359435549748704e-7,1.5486877688850311e-7,1.7507999121303323e-7,1.5826632847825412e-7,1.5866555995974756e-7,1.8216089369042918e-7,1.4820693214388063e-7,1.0026104298839096e-7,7.330822657938318e-8,1.7516095329970782e-7,1.1506019313727152e-7,1.638271150893878e-7,1.848980372905477e-7,1.9070860480714911e-7,9.262651249998508e-8,1.716923640324458e-7,0.059156976815341114,1.809803423041219e-7,1.341368282375687e-7,1.5077854002773268e-7,1.8942206797293118e-7,1.8139547526040818e-7,1.421680727486455e-7,1.805451927488102e-7,1.2720596207640997e-7,1.6443257656309398e-7,1.553958195911434e-7,0.09175979511138457,1.7419623281053157e-7,1.6881654299595394e-7,1.6531000309046878e-7,9.664624067729704e-8,1.8375750446287743e-7,1.875230524425421e-7,1.8318089459364015e-7,1.6278792334174052e-7,1.8546939812454777e-7,1.3672950029722862e-7,1.9030045282890366e-7,1.764090270189133e-7,2.001383682222627e-7,1.9318659750173543e-7,1.7375992738882782e-7,1.7405530132674885e-7,1.7472430997957294e-7,1.3534529809520187e-7,1.4658500616647907e-7,1.586246543939531e-7,1.7070807375254446e-7,1.5871782676581142e-7,1.6424139844335609e-7,1.2112280384879847e-7,1.4060442298677136e-7,1.7278322387213734e-7,0.08946163026684308,1.17583084430791e-7,1.6294385738821142e-7,1.7595112649579307e-7,1.7836289971587445e-7,1.5783975464953205e-7,1.535020115538302e-7,1.789845399141368e-7,1.9107931502214503e-7,1.4640172450417296e-7,1.6404501807000592e-7,1.3828375568603682e-7,1.4083612189049023e-7,1.3764276127422728e-7,1.0449021310347894e-7,1.394860314171734e-7,1.7993827960372854e-7,1.581826249679281e-7,1.4985657577923983e-7,1.4191886406225692e-7,1.765898305523712e-7,1.0024491541902743e-7,1.213575296391121e-7,1.505066725518863e-7,1.6816164005877044e-7,1.862709676424216e-7,1.6942603329076496e-7,1.8962851968966602e-7,1.9341216245666137e-7,1.7849467464530445e-7,0.045393838946164916,1.6727905147505398e-7,1.879722215769893e-7,1.3431076699930122e-7,1.6444800923531684e-7,3.6175925543850666e-7,1.7388789866541275e-7,1.1599147823059479e-7,1.1346797616963514e-7,1.4124434312753359e-7,1.4901951554471967e-7,7.577078303630807e-8,0.05242301066308,1.7730335187547024e-7,1.4622487454506167e-7,1.7443782133277257e-7,1.8713561621544836e-7,1.376042067546539e-7,1.6879139578639288e-7,1.3177465491763064e-7,1.6391413450416585e-7,1.8187283863494834e-7,1.9138173012861278e-7,0.018650423186558646,1.5696527854273282e-7,1.762330736868373e-7,1.6977635093462245e-7,1.2284936382724148e-7,9.792396273291166e-8,1.8722071912365e-7,1.4897075775318065e-7,1.1621611392599046e-7,1.4424403980066693e-7,1.294838398337516e-7,1.5505686925497514e-7,0.005338272190845822,1.914355360530855e-7,1.9245316747088907e-7,1.5206913052684486e-7,1.9350712297171067e-7,1.2187529663899047e-7,1.6836266033540792e-7,1.666970119143487e-7,1.811654694278908e-7,1.393022071835043e-7,9.250365407726091e-8,1.3560031199225496e-7,1.8545464629839007e-7,1.5031568251236495e-7,1.812258214994833e-7,1.9363087379545564e-7,1.9382393312286522e-7,1.7477442966081087e-7,9.168859755830643e-8,0.05961567604805696,1.7209977157117184e-7,1.8880624063568917e-7,1.7339442276704092e-7,1.2937900825570613e-7,1.381199719711339e-7,9.110861126891598e-8,1.2668630215072105e-7,1.699998358313885e-7,1.499111574071046e-7,1.8682119832009545e-7,1.6934208546454966e-7,0.053691841523770566,1.4284254858206763e-7,1.6545820423295012e-7,1.795164147616273e-7,1.8542170652875248e-7,1.7859165474322883e-7,1.668397354315544e-7,1.624111396987577e-7,1.8141896493185535e-7,1.3452621161416146e-7,1.8756165266527427e-7,1.9127630789113512e-7,0.056536142815371664,1.722283451401679e-7,1.7614733425961532e-7,1.3070953914444533e-7,1.688179596777418e-7,1.587349335203111e-7,1.6473166759213472e-7,1.4111385011042667e-7,1.9438133909951394e-7,1.5532287320196003e-7,1.1970460993745685e-7,1.6647248248184995e-7,1.8346609405424757e-7,1.855799852853635e-7,1.800932235041844e-7,1.1557371209006304e-7,1.819798382344637e-7,1.6562881041311592e-7,1.73362444420231e-7,1.1048301136823111e-7,1.818098701214199e-7,1.7192741585174928e-7,1.7759971270848593e-7,1.702993117038578e-7,1.3720185019603722e-7,1.195242674072601e-7,1.7042432178763129e-7,9.17488921164026e-8,1.527586806165236e-7,1.7449089219213283e-7,1.731939977093102e-7,1.1970356847858528e-7,1.7517341613501388e-7,1.704244046859593e-7,1.1707878167584306e-7,1.1058920087601841e-7,1.7331732143957406e-7,1.0213148885101489e-7,1.581406549413859e-7,1.6879927930422761e-7,1.1730644606420336e-7,1.6838251283035946e-7,1.6819886753366072e-7,0.007158069365693714,1.0367921573812932e-7,1.7554245144757784e-7,1.8289641575715637e-7,1.9187663162695277e-7,1.6330739145091458e-7,0.4727181303145546,0.46299733700916695,0.011486992082437709,0.03577207903082349,0.0129230448364757,0.03631340119359983,0.01616209401774664,0.05762221922535271,0.00021758726776163783,0.001109234782901909,0.0009014544650085964,0.000685585841761902,0.001263730036885124,0.002378983473827415,0.01522301054274035,0.0005872469772048111,0.002763445137189125,0.0008173451631983024,0.0007276982814568446,0.0009369726902054809,0.00133085275800052,8.208896343104957e-5,0.008124033631919386,0.00047560429503831346,0.0013183499784858448,0.0021384992971940193,0.0005859154422911771,0.0007463559314785229,0.00023113387543129786,-0.0002329345236516361,0.0009758381357980185,0.00029930195423562696,0.0010696272208562617,0.0026619466297623275,0.00021729285206664514,7.059879404692698e-5,0.0013190336480442715,0.0006335913569212625,0.00015355075740467047,0.0010388182048466246,0.0020675459061042577,0.0006308587553325431,0.003445526784083594,0.0017309207737635768,0.0004441363112788101,0.0009781727935917147,0.0006070424269789914,0.0003494314990469053,0.03915599422441581,0.0007076970164551375,0.0009940938124252195,0.0007369518386272145,0.00020406783375883345,0.0010510995747034246,-4.1896148114399983e-5,0.0011717804809651968,0.0014467943061577814,0.0006190124163536753,0.0015790460922344455,0.003673053164448233,0.0019681811434719,0.00034727165702336173,0.0006641300159977801,0.0015489485831806297,0.001068299969361174,0.0016129090850511055,0.0011205819828502702,0.0014854135279762188,0.0006321250661554468,0.019466012675091612,-0.0002681249974951589,0.0014777423754444628,0.00047099819098582495,0.0009531206184216916,0.0002851207155735389,0.0002912532263528935,0.0009347316150308746,0.002246483804669155,0.0008937904457971237,0.0018148246690085574,0.0003108849333835616,0.00043264662281288044,0.00028312995673478847,0.0011638091852334894,0.011248623497466005,0.0017377270310556252,0.0008065214104775312,0.0007791068065510245,-0.00075949439621605,0.00014151773545894453,0.00012531479490997268,0.0014303464856355464,0.0009693395864413701,0.0028452785086536233,0.00010947544736189501,0.0019068724299638898,-0.00019058069793655383,0.0007285293374421518,0.0010952269945616138,0.00014055029258075186,0.00041634979933591397,0.002710067940335806,0.0014587443542905141,0.0012344617824441065,0.0010646899057472935,0.0010121571251316367,0.003618456198163621,0.00024268400631370751,0.0006960951473373726,0.0019343544690544902,0.0015995679643877763,0.0005405953079052902,0.0007871997480720034,0.0018763576782498987,0.0006060377430044036,0.0007239419333581991,0.002677455029382654,0.0008603865601890225,0.0018333251093380451,0.0033727360921897223,0.001439419248555453,0.00012294489709834133,0.000979875984168869,-0.0011485178596974794,0.0003006087595498299,0.0003630446138823488,0.0011922709901454028,0.00435181269786099,-6.524834490864382e-5,0.00043373281458207257,0.0014717157468847923,0.0014535890074827136,0.0036896507420822676,0.0003826355337975733,0.00014643675246814065,0.00011864338287054784,0.0007183737897070139,0.0008720695014535592,0.0003595822209638604,0.002926880409730705,0.004626290173793403,0.0011530893369764473,0.0018482633347780767,2.2972106817751357e-5,0.0006112266584442188,0.023614079183440877,0.0005511229170259146,0.0008826986677423846,0.0011372296363536395,0.0025389222393122626,0.0017671129198206423,0.0013467318329670342,0.00029728364927698474,0.0017852416122397332,0.0007594713711143408,0.0006573358843376165,0.00022482733381617317,0.00455718994327421,0.0008287978703553954,0.002454513872557058,0.0007210049579777576,0.003328619564107668,0.0025704323905086125,0.0018155363663592881,0.0005087744236019102,0.0013279573397145259,0.0009264518933915845,0.0009172475398197213,0.0022103827234763794,0.000992132670145927,0.0012461598675288681,0.0010395539915520624,-0.00011058192155889501,0.00199879823189783,0.000772335961634504,-0.00022879177608636024,0.0008567431587354408,0.0005684859878869843,-0.0003712961705724531,0.001172873195220906,0.0001676815531377462,8.407579242498672e-5,0.0019999533081008743,0.0007480180716326019,0.0011689640966631967,0.0010771333398757316,0.0008269623564361036,5.1276688449953006e-5,0.026586995727900475,0.0038433167159081377,0.0007391485615685227,0.0008978473410353836,0.0006343178474542291,0.00045454489603706933,0.0002668419044226955,-0.0003228428158062325,0.00070641400776706,0.00011386061087290243,0.03145371595453534,0.0016366528128855182,0.0025173076723120904,0.00018966015353916768,0.00022279728044306325,-1.4830384237385355e-5,0.00012972713714393144,0.0029504482872293805,0.0012280628646654794,0.0007921068669211852,0.002886680668822081,0.001130015884227792,0.000727847975138692,0.0062040705505082335,0.002700413117272724,0.0008645157102509125,0.0012879840447497565,8.500718817233159e-5,-0.00023185510530206172,0.0007866154385786266,0.0004665646513980464,1.480887998325088e-5,0.0037212265182311388,8.026242566977368e-5,7.911544069631771e-5,0.0022175549653859956,0.00017392162145265028,0.00028149085746609863,0.0008369386369720693,0.0027277243714406403,0.0014150594582788935,0.0009494378172546636,0.004346740981207858,-0.000413639751393674,0.0015200706995656056,-0.000295788927511507,0.001482021413185576,0.000819589937921259,-0.00014974581840080837,0.0008413165293370458,0.0030929094442422454,-0.0003546744685237044,0.00044904078385609033,0.00029673182385592977,0.0029528223983703353,0.00030863908179049244,-6.439865355591204e-5,0.0005276156679333282,0.001315248020914849,0.0047495076803638625,0.000936311754062093,0.00019133011612737017,0.001132907594902256,0.0011338506124775856,0.001996571389990453,0.0013477913278695907,0.00014601986353038936,0.0012412091157442855,0.0005347041819838173,0.0009252663063114542,0.0008840196684160342,0.00047791467679630164,0.0035756681450280357,0.0012047269073864446,7.01388542862319e-5,0.0006715105658934466,0.02563781959250437,0.032745734755216624,3.14454546084504e-5,0.021561146623086225,0.00241023780638474,0.0005185259340960085,0.0011840841261502321,0.001705008985625565,0.0032733996269691387,0.0009218322943490643,0.0012739001153400454,0.00120293562479288,0.002692424640777238,0.004008748858993485,0.0013997383577693536,0.0005634847710819241,0.0009832381703190152,0.0007503326852401764,0.0010930671726262237,0.0006691601177566302,0.0004698523687402438,0.0006809266675423378,0.0002459457323315042,0.001963485382113528,0.0007369430570265169,0.0005628591981731518,-0.0001437796672517089,0.00572988447346133,0.00014400305928056792,0.0015923856254309965,0.0019029926685869847,0.0004057549381679936,0.0019101901622071856,0.0013023151251604654,0.0015732733559656214,0.0009111569703147565,0.0011285950901896498,0.0008253438531621927,0.0010389474233991301,0.002184704336983488,0.0015411716374529923,-0.0002973534881888798,0.0009542464780495233,0.0014101076405581053,0.0007335257049388569,0.0006111613002630849,0.00017466226990580988,0.00041213525245826187,0.0016022463523345269,0.0013169676137165993,0.0008001855822430908,0.00011797513169433131,0.0006111806564509262,0.0010917664196988645,0.0013838098493066803,0.0004879341737483094,0.0009158888063931246,0.0009289081846024043,0.0015840929947023195,0.00023758941767493697,0.0012308528166466608,0.000795795670193628,0.0010015343561803319,0.0016163834419460766,0.00032207965596186525,0.02465584015759448,0.0002539141547025881,0.0003760062635730832,0.0004156633267668299,0.0008803656474040321,0.0011618472543570215,0.0006705595602889522,0.0003857660262099044,0.0007009789402076076,0.0004894670755948501,0.0005007253889309576,0.0002292475271796954,0.0001946263032658819,0.0034047240238012353,0.0009546103045265264,0.0009676233899906988,0.003005290472014634,0.001364578117858236,0.000816171830232659,-6.642935807005696e-5,-9.56414017422519e-5,0.002288003246184546,0.003123674010808304,0.00023424190715283662,0.00017229642317378226,0.0011733563484096858,0.0007114678653796978,0.0005997237140694298,0.000810297606802767,0.0009449698417938599,0.0005888020476113468,0.002465279859050755,0.00011194640907442175,0.0006815788245957009,0.00014994659331322332,0.0018317410588577592,0.0014744800958356554,0.00021561669181948515,0.0004876105998555487,0.0011711128049621696,0.0006915828490768503,0.0008333829516556332,0.0005403977086099975,0.00018009010474970684,8.112056315979341e-5,0.00037490952069596723,0.000530516175109587,0.00026665447601088426,0.000943543463635671,0.000994636155343027,0.0014956167431498931,0.0003978301565071227,-0.00012148008481467985,0.0005142511094451303,9.050070761735743e-5,0.0009332584569130187,0.000719749377013206,-0.00019787253304228127,0.0003052552304080769,0.0020543505039471947,0.001327904192866635,0.00023622171043504705,0.000669944749701748,3.64196384331893e-5,0.0006985890064450464,0.0003219971722574148,0.0004010563985345204,9.796003284467212e-5,0.04079392466424323,0.00016021250297105556,7.943612443710862e-5,0.0001455593868045742,0.011328230874346458,0.00010308551381475816,0.000503610318449209,0.0013508404537472924,2.060096174823571e-5,-2.7450447485120576e-5,0.000216912007941199,0.0010498775800680494,8.191879926851895e-5,0.0008655587940602516,0.001656946608495353,0.0008263233514046443,0.0004752915562664918,0.001675119743705372,0.0019073410264368053,0.0012570195504167441,5.257989398716395e-5,0.00021329192947909054,0.003982976413231041,0.0006458854206052483,0.0005738479300093185,0.0003201297298207962,0.0007423630152966006,0.0032380220791739973,0.0015383934822587504,0.0014007088641305036,0.0017481694874800534,0.047446676437093924,0.0015120906153311064,3.351338752298025e-5,0.00013992078321203651,0.002034550280173742,0.0006215948078840474,0.0014264947528905396,0.00010172316920159422,-9.687390420753088e-5,0.00044719341560746324,0.001220012546672514,0.0009605145208913321,-7.653622635374201e-5,0.0011201513453173004,0.003463014381219616,0.000704390239490654,0.006880784830258177,0.002250228482681976,0.0019658171264644634,0.000380869722372939,0.0019623716367868664,0.001309788088496132,0.0005594178872304593,-0.000669888566684338,0.0006252874907193165,-2.1479124095395918e-5,0.0014249217500816626,0.0004968402128272027,1.1426681158560265e-5,-3.46303806066303e-5,0.0012770073594034219,0.001556682074628414,-4.654249514828077e-5,0.001408955213587075,0.0022542678450534833,0.0006731891597442578,-0.00024221183716723895,0.0019804491463000016,0.0008943985408773084,0.002780162039762588,0.0017156735136515588,0.0009215005483189285,0.0010875609159085753,0.0016012877634222645,0.0012401351869631794,0.000998676373386924,0.0011042955488786929,-0.0003361344986440113,0.0009971566264703798,0.0011845628999482272,0.0009768470801291879,0.0007357275127207188,0.0006263004544519515,0.0007858743114379129,0.0007767119785057997,0.0019013275517822676,0.0017249225823150543,0.00040269622619569945,0.00019233708329991143,0.0007920786901684995,0.0031159754170465258,0.0007101970715284219,0.0009609150759558261,0.0017663787285324825,0.0014741680720207083,-0.00014998547842014654,-0.0009531665678921372,0.0005373610633790115,0.0005916883385940785,0.0008419855201470315,0.0014238430942031379,0.0009931242568878447,0.0008043043758597417,0.0013042594446630341,0.0005576716427756472,0.0008427638062768351,0.0006929090721281079,0.0004944789556274657,0.005912404528340332,0.0004570400985995041,0.0003756424826277031,0.000800446707128822,0.0012264721230427122,0.0004320688220189583,0.02308892528507924,0.007982175454209898,0.0015670429693101407,0.0013689749514319925,0.0036665317307516885,0.0007089836729414567,0.0018087080798427598,0.00026088048214797086,0.000575645819554876,0.0036311602690932494,0.0016010829377954474,0.0021295131804759744,0.0006433003357231542,-0.0007368265832525394,0.002278434893199685,0.0009744161358833684,7.981301030157027e-5,1.8545851069503652e-5,0.002098205098468291,0.0007423136557056146,0.0001596820731973179,0.012394605776670686,0.0030593552213794223,6.848760168036903e-5,0.028842378385868173,0.0015951994619032958,-2.4723929827201322e-5,0.0011315489939607698,0.0016646600819526657,-0.0013095059745226614,0.0038679903353614287,0.0021080188597984873,3.231494690772678e-5,0.0010915527549240909,0.0014484795697935937,0.0013146176587698318,0.0020548587467799687,0.0018966321238676944,0.003773769597956092,0.001088526253429011,0.005843509868724874,0.0022018287240136714,0.004001821267310386,0.0032121701335781684,0.00024569440978155295,0.0011470233893251369,0.0051008117642258695,0.010723937036070812,0.0010498814073794734,0.002375439142499155,0.0013131690423688464,0.0031337653451020448,0.0028561285403888963,0.0012356029807083098,0.003304951491494915,0.0005684535068197216,0.0021831931973588367,0.0016837009382545682,0.0027737690475232468,0.0019502712037112366,0.0005901005325938121,-0.0006234530047319504,0.0003280190544555183,0.0025880570496116134,0.0018887314229954688,5.4326550338157974e-5,0.00046152404218477325,0.0001512969574273288,0.0012821765474647206,0.0037177097827829353,0.003296184702248048,0.003788436431170933,0.0007923895391120305,0.0009080367543650695,0.001159563967311057,0.0010732409582745576,0.003158933463768833,0.0003721142392300766,0.0028426655056184988,0.00048530329661215836,0.00031729349635381624,0.0008458966701301618,0.0021690138514547596,0.001396016655901181,0.0014222055204584946,0.0010929692488996711,0.017706189126929252,0.010534044874009822,0.000633758780013866,0.0006161017079371774,0.0035810176493235235,0.0019127564291010655,0.0007173316426308298,0.00036136052806209803,0.001251539372413781,0.0006618738406140176,0.0014922542592295759,0.0005109333102138143,0.0015687018798919785,-0.0002832523664279895,0.007983928107257874,0.0017988010667216758,0.003234991070272382,0.0009647479882821881,0.0009724836842624249,0.0003965257733208609,0.003818798531663465,0.003134120226512226,0.00029292142951090197,0.0027565442478167473,0.0016525865279433496,3.491653286286675e-5,0.000534181189619163,0.0030291934946769434,0.0003582869901880318,0.000965985070825295,0.0016334032789589261,0.002503883405250369,0.0006529449412452127,0.001678027383436141,0.0020548618864667557,0.0017176474071568296,0.0032937471773611367,0.0009596998692984006,-0.0002701708326413827,0.002359325793464636,0.000987419856077463,0.0015932214711898622,0.0013842420747867776,0.0009188623438421376,0.00048535184446671305,0.003414169317271777,0.013013268792079834,0.0007148048810112294,-9.891501313892146e-6,0.00037045441877970936,-1.2709407347850495e-5,0.0004305882949432216,0.0009117607890781616,0.001859104395846251,0.001257360694094539,0.0046554603645103726,0.00435096093576062,0.0005172370577471532,0.0014093558018846057,0.0007632911071853034,0.0012995346190715848,4.5935843916639356e-5,0.0006697102003738591,0.00220389352983523,0.0014603345618249292,0.0010490708162107674,0.0015806828945902837,0.0014110025912385464,0.0012872090821122602,0.00371777804945843,0.002262428710219096,0.001615426411804167,0.0008753522258913175,0.0009075413690997569,0.003872917816340177,0.0014342344153124114,0.0032970810759600133,5.558857718246327e-5,0.0038878086289169255,0.001141889816644053,0.0023453457191542973,0.00016639143579201364,0.00042031980200242806,0.044049035439575175,0.0008489148958512458,0.001086839818627564,0.002725955238169177,0.0004805922322954822,0.00011051369356054674,-0.00015681221065669295,0.0006444616532760386,0.0009067824040594743,0.0010649052769117868,0.0008959204890969005,0.0023199188451191893,0.0010593044334649745,0.0022376544831839043,0.0026860208510762935,0.001107213226104092,-0.000275421940934518,0.0002996742939502856,0.0009272526296470673,0.0016250549967518487,0.0005008805683535344,0.0021437611528419415,-0.0002543821625996017,0.0009847517156135982,0.004703793209436567,0.0010754520039872096,0.0005073522124649886,0.0011686701464254153,0.0008799939577282678,0.000690293966048702,0.0009459164522486696,8.143880822575451e-5,0.04921045728274737,-7.248386435011532e-5,0.00026525999644709433,0.0016060098247938906,0.0007000687320349496,0.00015175354611040746,0.0005676547040026301,-0.0005296618299038155,0.0003598287349291998,0.0002587426143627242,-0.00013162177773491887,0.0008762438712466958,0.00048199246192179746,8.217070995487461e-5,0.0010919540538120375,-0.00034588878892354637,0.00018731422130981268,0.0003076828071445517,0.0009260613462562686,0.0002015532772810738,0.0005031403710687405,0.0002067142065296396,0.00026813136346913035,0.0007471977906319084,0.00019925889094610577,-0.0012638718567760964,-0.00024074683663078485,-0.00016425368348522518,0.0013214734806510104,-8.133674175379713e-5,0.0004070062679507667,0.0006637657296475007,0.0017143215843929732,-6.905592769769389e-5,0.0005556830855847852,-0.00023071525416336393,0.00036276940960495855,0.0008922777542631149,0.00022677813156690493,-0.00019480197101911256,9.48475495421561e-5,0.0014481560923447474,-0.0001386567030903451,0.0006382577491744764,-0.0003263581710292594,9.22200473467585e-5,0.00012112961660495238,0.00043603049958826915,0.0018668320229406237,0.00026655076199616273,0.0007418440099085056,0.00031537111189159977,0.0007608211399344634,0.0005002769541681479,0.0018623148237350026,0.002246127933770065,0.0005262043349962939,0.002569469422588785,0.0015890980352947076,-7.088314756000507e-5,0.0004992650501571005,0.0015114105087199018,0.0010110511545018792,-0.00021321547166882666,-0.00011697802915613739,-0.0002304452965916757,0.0002220452262200953,0.0020171385491200363,-0.0012372973905287416,-0.00024603228493823336,-0.0001672174979959931,-0.00018074825061767898,-0.0002496648947622313,0.0011106473975203287,-0.000897511283664622,0.0004937351577764469,0.0009680747220300826,-0.00039348003371282754,0.003141764121697588,0.0007470741595060809,4.108862463837511e-5,0.0010996621834277896,0.0002177703927957336,-0.00010159442347242849,0.0006725559787315407,0.00019251655084573594,0.00034545412263837296,0.00043827382371633883,0.00014170390198206377,0.00016770130544288417,-0.0006737139200218693,0.00016713516150349903,0.001244604940994318,0.002200092776421747,0.00023904653870719287,-0.00037130371538699267,-0.00013915749800074253,0.00023714692485051617,-8.385484078075883e-5,0.000925243151192179,0.000915306900076349,0.001268630528349658,0.017300580768000267,0.0461577644583368,-4.3110285481642055e-5,0.00019905466663174313,0.0005044330632349849,0.0005038606649941416,-9.481429411545198e-5,0.00030494951507945993,-4.661446380191219e-5,-0.000298616964721654,0.00026067735580315724,0.00018450076119855887,-0.0004996902193838552,0.0007590945302144742,0.00200980789260291,0.002911515100806486,0.0027537102937103537,0.001619120851159195,0.0008370574128812185,0.00011656018694364509,7.624958509518668e-6,0.0018367561605682067,0.050452057474590854,0.0011583721911034377,0.002442871417395584,0.0012273328383830403,-0.00033888311973101894,-0.00033027890009594676,0.0017133998526492904,-0.0007475564419354233,0.00030471926228175584,0.0010502214110851317,0.00042277905516237686,0.05092517850465732,-0.00022921549976743288,0.002745177543737585,0.0021675467874395396,-0.0003355961542042721,0.0016076367043371155,0.002087391624538229,9.812357810740737e-5,0.001850902989475089,0.0019452272465462037,0.0023816079360776837,0.0005861026067810139,0.0011535998374432607,0.0019719604425786816,0.0007257707613846801,-0.0033337551643195704,-0.0011137673864255967,0.0013132753495343158,0.00186201189406963,0.0006164360398742954,0.0017292134645408833,0.0009022537981029534,0.003542873201726421,-0.0005011622586869239,0.003903039919436894,0.003846139564864088,0.0012159756949004106,0.050212069782672585,-0.0007075616950093359,0.0003155334272424054,0.0022098456282977027,0.0006484242400270944,0.0012249017821384198,0.003975524830918977,0.00179381376957332,-5.6396582604197463e-5,0.004165584677743552,0.0034349211398500244,0.0006598416959336058,0.0052809682032571945,0.0008980893288951748,-1.011936396458529e-5,0.00021837320319180705,0.0002736740204782528,0.0008239331684818522,-0.00023039624579764608,0.0006044990433995962,-8.391770235969505e-5,0.0003793152664511661,4.577590456920965e-5,0.00029468734347648957,0.0007511626359353437,-0.00015377113621990046,0.0008202687465738321,0.00013430141239717446,-0.00037338783787987543,0.003733143291119855,0.05138387840478336,0.0002965029781173163,0.00047901446229174226,0.0004490528159405973,0.0013352597635877988,0.00013792713623785196,0.001534318229675794,0.0007249997719621329,0.00016802789228380339,0.00032552678701195466,0.0004117972549392633,0.0017188837722314405,0.05064476065750776,0.0007133353786828451,0.00026976368866512114,0.0013432543390029636,0.0011470305433722953,0.0015389821103952762,-0.00025883374498852034,-0.00036837556054866016,0.001736490058909547,-0.00013540884865567698,-0.000891089536734146,0.024009147865587617,0.001446771372665421,0.00043363509118533086,-0.0002625763655886539,0.0013269257419206975,-6.290228721739783e-5,8.871091846352164e-6,9.249227984517592e-5,0.0005392062829188285,0.0006357423334120215,-0.00026324728180319513,0.0029325620058308537,0.043023515006888016,8.494857246751876e-5,0.0006139798290211051,-0.0001108259185542467,0.00014004075959497077,0.00017209309026953754,9.312399891408675e-5,0.0009910832756975924,0.00022371923286558507,-0.000584355319241834,0.0008171126152921286,-0.00028334685378668796,0.000903160757973666,0.0003643283695837773,-0.0005526733267515564,0.00016933905717547406,-0.00024509877448080074,0.004329372121169462,0.0008082518882881633,0.049989736980451664,-0.00019382397543047695,0.0004280741522529176,0.0009597239344891612,0.003860358295218092,0.0012438142004320008,0.003020717536413509,0.0018499712058890638,0.0004045451468161179,0.000269534998180288,0.00022155925006828368,-0.0006789624956711058,0.046762602167901526,0.0009737659610082021,1.7811315310415774e-5,0.0005400760619987244,0.00016573467845983994,0.00035899757619605485,-0.00042663718740473464,0.0002979499791451214,0.00024979041908088605,0.0003640897023433393,0.0007457002849613166,0.00047868838164427755,0.04639317348212288,8.681863183969476e-8,6.082200986232353e-8,1.0852640787744808e-7,4.58785196856983e-8,5.00697419015236e-8,5.7685824914430156e-8,4.876283396875207e-8,3.7916341659334926e-8,6.47158085714189e-8,2.297846397841008e-7,2.7620264027833417e-8,2.4421073894628954e-8,3.827034747820314e-8,4.852037962886178e-8,1.0494922667364227e-7,4.611514227771886e-8,7.440248727312008e-8,7.287094272119681e-8,8.342944649971721e-8,7.582355351167832e-8,8.143421624530249e-8,5.1800114849966716e-8,5.740436229778021e-8,6.406392778872955e-8,1.1140530323325991e-7,7.84378914024687e-8,6.637043123708925e-8,7.471610703375389e-8,6.799934629156484e-8,7.379722676033065e-8,2.4821146908118907e-7,5.973788285611765e-8,8.30181633236767e-8,9.484363748519088e-8,9.434614036570847e-8,7.005472367699912e-8,1.3444836645143547e-7,7.973223430583312e-8,7.034112062781389e-8,8.098249898652381e-8,9.698395563833652e-5,0.000292915504814281,0.049161193651913376,5.838939623122548e-5,-6.601650160033603e-6,0.00012783387598773194,-8.334106407689609e-6,0.00032552805966174435,-0.00037030918571477703,-0.0001382179364839637,0.00023809629255520958,-8.293192969980577e-5,0.0009265929170991768,0.0009166505680173188,0.0012703625235641674,0.01745028769146909,0.047208005152616694,-4.218220941340658e-5,0.000199998683961235,0.0005054865643242526,0.0005049121174788927,-9.388324306138533e-5,0.00030592520716443835,-4.5687808069379996e-5,-0.00029764984564406474,0.0002616330647797535,0.00018543866610400034,-0.000498639955110431,0.00037229140963587065,0.0001400905074347098,-0.0002361868981501755,8.478895256824271e-5,-0.0009238844523833443,-0.0009139650160315859,-0.0012669036777352306,-0.01714910990847231,-0.04507485463509766,4.4036368575121476e-5,-0.00019810770131961316,-0.0005033865061640543,-0.0005028038760976923,9.574394827751735e-5,-0.00030397898922431807,4.753746628115839e-5,0.0002995878802325111,-0.00025971712420698765,-0.00018355873055670173,0.00050073633085396,0.0007581273736299993,0.002010568765141964,0.0029144976817252173,0.002756236760464758,0.0016191789889942044,0.0008361564015458953,0.00011531400147686506,6.375314716927177e-6,0.0018371889271503303,0.051702556955610136,0.0011577795276162227,0.002444592806958507,0.0012268391661485283,-0.0003400824084311271,-0.00033148043529400916,0.001713609210835129,-0.0007485288366989069,0.00030350425719388583,0.0010495192121071479,0.0004216119991639029,-0.000760069326266877,-0.0020090292588604256,-0.0029085291251683414,-0.0027511675161930376,-0.0016190616889657104,-0.0008379621075665529,-0.0001178083072173119,-8.884349860888066e-6,-0.0018363204274156998,-0.049158576317453004,-0.0011589518691311905,-0.002441135614090632,-0.0012278347548623713,0.0003376920270646524,0.00032907736977963784,-0.001713186275623764,0.0007465750180669793,-0.00030592041498835195,-0.0010509272241581156,-0.00042393978051833575,0.05219812718765989,-0.00023134361005239403,0.002746779440401834,0.0021677370318420215,-0.00033769728604512463,0.0016067676044566235,0.0020874102162408187,9.597324999483802e-5,0.0018504582619725055,0.0019449621308603709,0.0023822781948934046,0.0005841204941050626,0.0011521084834651297,0.0019717483742510812,0.0007238804629226965,-0.003330335347544259,-0.0011152994521550284,0.001311988820847525,0.0018615863282137725,0.0006144704351588615,-0.04960794043998869,0.00022708705745700498,-0.0027435460900161177,-0.0021673464568130146,0.0003334996510775866,-0.001608487016876127,-0.002087362099880881,-0.00010027399079940488,-0.0018513425991673147,-0.0019454855975978385,-0.002380915479072163,-0.0005880824585915148,-0.0011550872600949629,-0.0019721715988987166,-0.0007276656745230944,0.003337141397446019,0.001112232299125182,-0.0013145625387982563,-0.001862425658594434,-0.0006183992585012778,0.001728496252109368,0.0009004532334321979,0.0035469371617253493,-0.0005032436100000749,0.00390843278986058,0.0038513203366438127,0.001214506263388758,0.05144984423757684,-0.0007095142116557606,0.00031337675248778186,0.002210073360832605,0.0006464307161634609,0.0012234396481459475,0.00398121160348152,0.0017932098956610018,-5.859966653222061e-5,0.004172037604281642,0.0034386015621183747,0.0006578525519745612,0.005292680271263971,-0.0017299195885003963,-0.0009040491589521579,-0.003538789249735509,0.000499085103323664,-0.003897607808349949,-0.003840937237363819,-0.001217439365654022,-0.04893193974563285,0.0007056097871297094,-0.0003176862356360883,-0.0022096002880080865,-0.000650416152462048,-0.0012263498376951342,-0.003969812175116207,-0.0017944041093666942,5.41944422456106e-5,-0.004159091588381968,-0.00343121303308277,-0.0006618232586854504,-0.005269195365371828,0.0008962163967171705,-1.2396473500013595e-5,0.0002161237145002621,0.00027143181554886226,0.0008219949175006541,-0.00023264446278345948,0.0006024015681651011,-8.61899789111385e-5,0.0003771079386421249,4.350244082768886e-5,0.0002924506778112041,0.0007491653694881752,-0.00015603764092611428,0.0008183272952434442,0.00013203271698301227,-0.00037559784885022365,0.003737827309915923,0.05267971477020797,0.0002942697593478667,0.00047685547610410773,-0.0008999683847427584,7.841730343036892e-6,-0.00022062976836214688,-0.0002759120928867602,-0.0008258757901222298,0.00022814209115307483,-0.0006065909398576491,8.164341903686161e-5,-0.00038151456921409465,-4.8052682981368834e-5,-0.00029691990821448054,-0.0007531558942692108,0.00015150130948206984,-0.000822207349562854,-0.00013657273080135612,0.0003711793528456102,-0.003728443534023842,-0.05004280176635392,-0.0002987316251250303,-0.00048117741257562916,0.0004479551234581872,0.0013349370397603333,0.00013673668545049155,0.0015342930037828624,0.0007240652034152056,0.00016682886192987157,0.0003243754069949693,0.0004106741781628115,0.001719153595149211,0.05190480887464569,0.0007123847844894837,0.0002685951464916896,0.0013429498365901196,0.0011464890194079725,0.001538969590151963,-0.0002599990464863332,-0.0003695048153898171,0.0017367920588281342,-0.00013660426632444272,-0.0008918905637554111,-0.00045015936025920864,-0.0013355734135035433,-0.0001391229947412739,-0.0015343467474426377,-0.0007259417110764048,-0.00016921067027717904,-0.0003266753850806436,-0.00041291687576501155,-0.0017185960684865994,-0.04934122955357394,-0.0007142797038780733,-0.000270924583415203,-0.0013435493868506185,-0.001147582823336014,-0.0015389975573923684,0.0002576577439764432,0.00036723429612216127,-0.0017361837978170744,0.00013421059232536595,0.0008902783668208054,0.024295901798593776,0.001448633268001321,0.0004345423054468909,-0.00026172326213315676,0.0013286217503025181,-6.208089328395465e-5,9.688137453886043e-6,9.330615672019665e-5,0.000540167694379641,0.0006367631389071274,-0.0002623934500874116,0.0029376731084032512,0.04393690023121866,8.577288411502515e-5,0.0006149857121546157,-0.00011000301565754656,0.00014086004400017696,0.00017291859616266612,9.394770442911407e-5,0.0009923899172674209,-0.023717777372021326,-0.0014449151702468576,-0.0004327288020057565,0.00026341974890089625,-0.0013252305633165728,6.371478009342948e-5,-8.061615354278385e-6,-9.166858755673568e-5,-0.0005382457656257778,-0.0006347315581873868,0.00026409443783116134,-0.002927448295546434,-0.04208368058725046,-8.41353149815793e-5,-0.0006129799078546427,0.00011164876810044813,-0.00013921142778946195,-0.00017125893287422717,-9.231013532538018e-5,-0.0009897838896763982,0.00022300337580828103,-0.0005849348213648322,0.0008167007238932539,-0.0002840490617749983,0.0009028161960314131,0.0003636462895345707,-0.0005532657798828145,0.00016860686001546777,-0.0002458123423996291,0.004337977985074408,0.0008078336214582446,0.0512181250265697,-0.00019455400950562434,0.0004274254360101237,0.0009594360326946762,0.0038670494166065366,0.001243838768329084,0.003024527393567128,0.0018509333305747472,0.0004038878452946824,-0.00022444733897802717,0.0005837891277849459,-0.0008175186881134471,0.000282638238886988,-0.000903498731934026,-0.0003650055594960323,0.0005520840813548483,-0.0001700737367311509,0.0002443822892029635,-0.004320726650606209,-0.000808666315176545,-0.048719606647111405,0.00019309449746327483,-0.0004287294707839002,-0.0009600072794150287,-0.0038536350923140295,-0.0012437876976788107,-0.0030168951797360883,-0.0018490042606690055,-0.00040521397404866694]
32e-05  4.15e-04 -2.50e-01 -2.50e-01  0.00e+00  4.27e+02 
 46300| 1.88e-05  6.31e-05  4.13e-04 -2.50e-01 -2.50e-01  2.47e-15  4.28e+02 
 46400| 1.87e-05  6.30e-05  4.12e-04 -2.50e-01 -2.50e-01  2.47e-15  4.29e+02 
 46500| 1.87e-05  6.30e-05  4.10e-04 -2.50e-01 -2.50e-01  2.47e-15  4.30e+02 
 46600| 1.86e-05  6.29e-05  4.08e-04 -2.50e-01 -2.50e-01  2.47e-15  4.31e+02 
 46700| 1.85e-05  6.28e-05  4.06e-04 -2.50e-01 -2.50e-01  2.47e-15  4.32e+02 
 46800| 1.84e-05  6.27e-05  4.05e-04 -2.50e-01 -2.50e-01  2.47e-15  4.33e+02 
 46900| 1.83e-05  6.26e-05  4.03e-04 -2.50e-01 -2.50e-01  0.00e+00  4.34e+02 
 47000| 1.82e-05  6.25e-05  4.01e-04 -2.50e-01 -2.50e-01  2.47e-15  4.35e+02 
 47100| 1.82e-05  6.25e-05  3.99e-04 -2.50e-01 -2.50e-01  2.47e-15  4.36e+02 
 47200| 1.81e-05  6.24e-05  3.98e-04 -2.50e-01 -2.50e-01  0.00e+00  4.37e+02 
 47300| 1.80e-05  6.23e-05  3.96e-04 -2.50e-01 -2.50e-01  0.00e+00  4.38e+02 
 47400| 1.79e-05  6.22e-05  3.94e-04 -2.50e-01 -2.50e-01  2.47e-15  4.38e+02 
 47500| 1.78e-05  6.21e-05  3.93e-04 -2.50e-01 -2.50e-01  0.00e+00  4.39e+02 
 47600| 1.78e-05  6.20e-05  3.91e-04 -2.50e-01 -2.50e-01  0.00e+00  4.40e+02 
 47700| 1.77e-05  6.20e-05  3.89e-04 -2.50e-01 -2.50e-01  2.47e-15  4.41e+02 
 47800| 1.76e-05  6.19e-05  3.88e-04 -2.50e-01 -2.50e-01  0.00e+00  4.42e+02 
 47900| 1.75e-05  6.18e-05  3.86e-04 -2.50e-01 -2.50e-01  0.00e+00  4.43e+02 
 48000| 1.75e-05  6.17e-05  3.84e-04 -2.50e-01 -2.50e-01  0.00e+00  4.44e+02 
 48100| 1.74e-05  6.16e-05  3.83e-04 -2.50e-01 -2.50e-01  2.48e-15  4.45e+02 
 48200| 1.73e-05  6.15e-05  3.81e-04 -2.50e-01 -2.50e-01  2.48e-15  4.46e+02 
 48300| 1.72e-05  6.15e-05  3.79e-04 -2.50e-01 -2.50e-01  2.48e-15  4.47e+02 
 48400| 1.71e-05  6.14e-05  3.78e-04 -2.50e-01 -2.50e-01  2.48e-15  4.48e+02 
 48500| 1.71e-05  6.13e-05  3.76e-04 -2.50e-01 -2.50e-01  2.48e-15  4.49e+02 
 48600| 1.70e-05  6.12e-05  3.75e-04 -2.50e-01 -2.50e-01  2.48e-15  4.49e+02 
 48700| 1.69e-05  6.11e-05  3.73e-04 -2.50e-01 -2.50e-01  2.48e-15  4.50e+02 
 48800| 1.68e-05  6.11e-05  3.71e-04 -2.50e-01 -2.50e-01  2.48e-15  4.51e+02 
 48900| 1.68e-05  6.10e-05  3.70e-04 -2.50e-01 -2.50e-01  0.00e+00  4.52e+02 
 49000| 1.67e-05  6.09e-05  3.68e-04 -2.50e-01 -2.50e-01  4.96e-15  4.53e+02 
 49100| 1.66e-05  6.08e-05  3.67e-04 -2.50e-01 -2.50e-01  0.00e+00  4.54e+02 
 49200| 1.65e-05  6.07e-05  3.65e-04 -2.50e-01 -2.50e-01  2.48e-15  4.55e+02 
 49300| 1.65e-05  6.07e-05  3.64e-04 -2.50e-01 -2.50e-01  0.00e+00  4.56e+02 
 49400| 1.64e-05  6.06e-05  3.62e-04 -2.50e-01 -2.50e-01  2.48e-15  4.57e+02 
 49500| 1.63e-05  6.05e-05  3.61e-04 -2.50e-01 -2.50e-01  4.96e-15  4.58e+02 
 49600| 1.63e-05  6.04e-05  3.59e-04 -2.50e-01 -2.50e-01  2.48e-15  4.59e+02 
 49700| 1.62e-05  6.04e-05  3.58e-04 -2.50e-01 -2.50e-01  2.48e-15  4.60e+02 
 49800| 1.61e-05  6.03e-05  3.56e-04 -2.50e-01 -2.50e-01  0.00e+00  4.61e+02 
 49900| 1.60e-05  6.02e-05  3.55e-04 -2.50e-01 -2.50e-01  2.48e-15  4.61e+02 
 50000| 1.60e-05  6.01e-05  3.53e-04 -2.50e-01 -2.50e-01  2.48e-15  4.62e+02 
----------------------------------------------------------------------------
Status: Solved/Inaccurate
Hit max_iters, solution may be inaccurate
Timing: Solve time: 4.62e+02s
	Lin-sys: nnz in L factor: 140852, avg solve time: 4.20e-04s
	Cones: avg projection time: 8.69e-03s
----------------------------------------------------------------------------
Error metrics:
dist(s, K) = 1.7716e-09, dist(y, K*) = 3.0270e-09, s'y/|s||y| = -2.0319e-11
|Ax + s - b|_2 / (1 + |b|_2) = 1.5977e-05
|A'y + c|_2 / (1 + |c|_2) = 6.0121e-05
|c'x + b'y| / (1 + |c'x| + |b'y|) = 3.5308e-04
----------------------------------------------------------------------------
c'x = -0.2501, -b'y = -0.2495
============================================================================
