#SOLVERNAME# PAJ_CPLEX_MOSEK_dualonly
#SOLVER# Pajarito.PajaritoSolver(3,300.0,1.0e-5,false,CPLEX.CplexSolver(Any[(:CPX_PARAM_THREADS,1),(:CPX_PARAM_SCRIND,0),(:CPX_PARAM_EPINT,1.0e-8),(:CPX_PARAM_EPRHS,1.0e-7),(:CPX_PARAM_EPGAP,0.0)]),Pajarito.UnsetSolver(),0,false,true,Mosek.MosekMathProgSolverInterface.MosekSolver(Any[(:LOG,0),(:NUM_THREADS,1)]),true,true,false,false,true,false,false,true,false,true,true,true,true,false,true,10.0,false,false,false,false,1.0e-10,1.0e-7)
#INSTANCE# pp-n1000-d10.cbf.gz
#TIMELIMIT# 300.0

Problem dimensions:
       variables |      5000
     constraints |      3001
   nonzeros in A |      5969

Cones summary:
Cone             | Count     | Min dim.  | Max dim. 
    Rotated S.O. |      1000 |         3 |         3

Variable types:
      continuous |      4000
         integer |      1000

Transforming data...               0.01s

Creating conic subproblem...       0.03s

Building MIP model...              0.02s

Solving conic relaxation...        0.08s
 - Relaxation status    =        Optimal
 - Relaxation objective =    7330.101278

Starting iterative algorithm

Iter. | Best feasible  | Best bound     | Rel. gap    | Time (s)   
    0 |           +Inf |  +7.330101e+03 |         Inf |   1.407e-01

Iter. | Best feasible  | Best bound     | Rel. gap    | Time (s)   
    1 |  +7.836179e+03 |  +7.330827e+03 |   6.449e-02 |   3.001e+02

Iterative algorithm summary:
 - Status               =      UserLimit
 - Best feasible        =  +7.836179e+03
 - Best bound           =  +7.330827e+03
 - Relative opt. gap    =      6.449e-02
 - Total time (s)       =       3.00e+02

Timers (s):
 - Setup                =   5.94e-02
 -- Transform data      =   1.11e-02
 -- Create conic data   =   2.71e-02
 -- Create MIP data     =   2.11e-02
 - Algorithm            =   3.00e+02
 -- Solve relaxation    =   7.78e-02
 -- Get relaxation cuts =   2.19e-03
 -- Solve MIP models    =   3.00e+02
 -- Solve subproblems   =   2.82e-02
 -- Get subproblem cuts =   1.27e-02
 -- Get primal cuts     =   0.00e+00

Counters:
 - Iterations           =     1
 -- Integer repeats     =     0
 -- Conic subproblems   =     1
 --- Infeasible         =     0
 --- Optimal            =     1
 --- Suboptimal         =     0
 --- UserLimit          =     0
 --- ConicFailure       =     0
 --- Other status       =     0
 -- Feasible solutions  =     1
 --- From subproblems   =     1
 --- From MIP solve     =     0

Solution returned by conic solver

Outer-approximation cuts added:
Cone             | Relax.    | Violated  | Nonviol. 
    Second order |      2000 |      1991 |         9

0 numerically unstable cone duals encountered

Distance to feasibility (negative indicates strict feasibility):
Cone             | Variable  | Constraint
          Linear | -1.00e+00 |  0.00e+00
    Rotated S.O. |  4.80e-08 |        NA

Distance to integrality of integer/binary variables:
         integer |  0.00e+00

#STATUS# UserLimit
#OBJVAL# 7836.178925395068
#OBJBOUND# 7330.826631455735
#TIMESOLVER# 300.0539438724518
#TIMEALL# 300.1077311038971
#SOLUTION# [4.0,3.0,4.0,11.0,4.0,4.0,5.0,4.0,2.0,4.0,4.0,4.0,9.0,3.0,4.0,5.0,2.0,5.0,8.0,5.0,10.0,4.0,4.0,3.0,3.0,4.0,5.0,2.0,4.0,3.0,10.0,10.0,3.0,4.0,3.0,4.0,3.0,4.0,4.0,3.0,4.0,3.0,4.0,4.0,3.0,4.0,4.0,3.0,4.0,4.0,4.0,4.0,12.0,2.0,2.0,4.0,4.0,3.0,4.0,3.0,3.0,9.0,4.0,3.0,4.0,10.0,5.0,4.0,9.0,5.0,10.0,4.0,4.0,3.0,4.0,3.0,4.0,4.0,4.0,10.0,3.0,5.0,7.0,4.0,1.0,8.0,9.0,2.0,5.0,5.0,10.0,5.0,5.0,5.0,4.0,4.0,4.0,13.0,9.0,3.0,12.0,4.0,5.0,5.0,4.0,9.0,4.0,5.0,6.0,4.0,2.0,8.0,4.0,3.0,3.0,11.0,2.0,4.0,4.0,4.0,5.0,4.0,12.0,9.0,4.0,8.0,4.0,5.0,4.0,9.0,3.0,4.0,6.0,4.0,4.0,4.0,4.0,4.0,4.0,8.0,4.0,5.0,2.0,3.0,4.0,2.0,5.0,3.0,12.0,3.0,4.0,5.0,3.0,3.0,5.0,5.0,3.0,5.0,10.0,13.0,3.0,4.0,4.0,3.0,3.0,5.0,2.0,13.0,6.0,8.0,5.0,10.0,5.0,7.0,11.0,4.0,4.0,5.0,5.0,4.0,2.0,4.0,4.0,7.0,5.0,2.0,2.0,4.0,3.0,3.0,8.0,4.0,4.0,4.0,3.0,4.0,4.0,6.0,2.0,4.0,3.0,13.0,4.0,5.0,5.0,3.0,3.0,5.0,3.0,4.0,3.0,4.0,5.0,4.0,4.0,7.0,2.0,4.0,4.0,4.0,4.0,4.0,3.0,3.0,3.0,4.0,4.0,5.0,9.0,4.0,7.0,13.0,4.0,4.0,10.0,11.0,3.0,3.0,3.0,3.0,4.0,3.0,4.0,5.0,2.0,7.0,3.0,1.0,10.0,9.0,4.0,4.0,5.0,12.0,4.0,4.0,5.0,9.0,4.0,4.0,9.0,4.0,4.0,4.0,10.0,4.0,4.0,4.0,3.0,5.0,4.0,2.0,4.0,4.0,4.0,4.0,5.0,3.0,3.0,4.0,4.0,3.0,4.0,8.0,5.0,4.0,9.0,7.0,2.0,6.0,4.0,4.0,5.0,3.0,9.0,4.0,4.0,2.0,4.0,2.0,3.0,4.0,5.0,3.0,3.0,4.0,4.0,5.0,8.0,4.0,4.0,5.0,4.0,4.0,4.0,4.0,4.0,3.0,4.0,3.0,11.0,5.0,4.0,4.0,4.0,4.0,4.0,4.0,4.0,4.0,4.0,3.0,4.0,4.0,4.0,11.0,4.0,12.0,3.0,3.0,5.0,4.0,5.0,4.0,4.0,5.0,4.0,4.0,5.0,2.0,4.0,5.0,4.0,4.0,3.0,11.0,4.0,4.0,3.0,10.0,13.0,3.0,10.0,3.0,2.0,16.0,4.0,4.0,4.0,5.0,7.0,4.0,9.0,2.0,3.0,6.0,4.0,4.0,4.0,12.0,4.0,4.0,4.0,2.0,4.0,3.0,4.0,6.0,4.0,13.0,3.0,6.0,15.0,11.0,2.0,5.0,9.0,9.0,4.0,5.0,3.0,4.0,4.0,12.0,2.0,4.0,8.0,9.0,4.0,3.0,3.0,10.0,4.0,5.0,4.0,4.0,5.0,3.0,4.0,4.0,4.0,4.0,5.0,4.0,4.0,5.0,3.0,4.0,4.0,8.0,3.0,9.0,3.0,3.0,3.0,4.0,4.0,4.0,3.0,4.0,3.0,4.0,5.0,3.0,2.0,4.0,2.0,8.0,3.0,4.0,3.0,4.0,8.0,2.0,4.0,4.0,5.0,4.0,4.0,4.0,8.0,6.0,4.0,2.0,2.0,4.0,4.0,11.0,15.0,2.0,3.0,4.0,4.0,4.0,4.0,5.0,4.0,4.0,5.0,5.0,4.0,3.0,7.0,3.0,5.0,4.0,3.0,3.0,16.0,5.0,11.0,3.0,4.0,4.0,4.0,4.0,4.0,4.0,5.0,2.0,5.0,9.0,4.0,4.0,3.0,4.0,5.0,4.0,3.0,2.0,2.0,4.0,11.0,4.0,4.0,4.0,11.0,4.0,3.0,3.0,10.0,9.0,4.0,5.0,4.0,3.0,4.0,4.0,8.0,10.0,4.0,2.0,4.0,4.0,4.0,4.0,4.0,4.0,2.0,5.0,3.0,2.0,4.0,5.0,10.0,4.0,4.0,4.0,4.0,8.0,4.0,10.0,6.0,5.0,3.0,6.0,3.0,3.0,3.0,4.0,2.0,4.0,5.0,4.0,5.0,15.0,3.0,4.0,7.0,4.0,4.0,3.0,5.0,4.0,3.0,5.0,2.0,4.0,6.0,5.0,3.0,3.0,2.0,3.0,4.0,5.0,4.0,5.0,4.0,4.0,5.0,13.0,4.0,11.0,5.0,9.0,9.0,3.0,4.0,4.0,11.0,5.0,4.0,4.0,4.0,4.0,8.0,2.0,4.0,2.0,4.0,4.0,4.0,5.0,4.0,4.0,5.0,10.0,11.0,13.0,4.0,4.0,2.0,4.0,3.0,4.0,3.0,4.0,9.0,5.0,2.0,4.0,5.0,4.0,4.0,4.0,4.0,4.0,4.0,5.0,3.0,11.0,4.0,4.0,4.0,9.0,4.0,4.0,5.0,4.0,4.0,6.0,3.0,14.0,4.0,4.0,4.0,8.0,5.0,4.0,3.0,4.0,4.0,7.0,4.0,5.0,3.0,4.0,4.0,5.0,3.0,3.0,2.0,3.0,5.0,4.0,4.0,6.0,3.0,8.0,6.0,8.0,10.0,4.0,4.0,5.0,8.0,4.0,3.0,17.0,5.0,5.0,4.0,10.0,4.0,5.0,4.0,3.0,4.0,5.0,4.0,4.0,11.0,5.0,4.0,4.0,4.0,3.0,2.0,4.0,6.0,5.0,14.0,4.0,6.0,5.0,4.0,3.0,3.0,4.0,4.0,3.0,4.0,3.0,4.0,9.0,4.0,4.0,4.0,9.0,5.0,4.0,10.0,4.0,4.0,2.0,4.0,3.0,4.0,4.0,11.0,4.0,3.0,5.0,3.0,4.0,1.0,2.0,10.0,4.0,4.0,3.0,3.0,5.0,4.0,4.0,10.0,6.0,3.0,6.0,4.0,4.0,4.0,3.0,4.0,4.0,5.0,4.0,4.0,8.0,9.0,8.0,4.0,4.0,7.0,3.0,4.0,5.0,4.0,2.0,6.0,5.0,4.0,4.0,4.0,4.0,3.0,3.0,6.0,4.0,4.0,4.0,6.0,4.0,4.0,4.0,4.0,5.0,4.0,10.0,11.0,11.0,4.0,3.0,3.0,5.0,4.0,4.0,5.0,4.0,3.0,3.0,5.0,2.0,4.0,5.0,9.0,5.0,3.0,4.0,4.0,4.0,12.0,18.0,4.0,11.0,4.0,4.0,3.0,4.0,6.0,4.0,3.0,2.0,3.0,4.0,4.0,4.0,4.0,4.0,4.0,4.0,11.0,4.0,4.0,3.0,4.0,4.0,16.0,4.0,4.0,8.0,4.0,3.0,12.0,4.0,4.0,4.0,2.0,4.0,2.0,13.0,5.0,4.0,4.0,3.0,4.0,3.0,4.0,2.0,4.0,8.0,3.0,2.0,4.0,3.0,5.0,4.0,4.0,4.0,8.0,5.0,4.0,4.0,8.0,4.0,2.0,4.0,4.0,4.0,9.0,5.0,11.0,4.0,8.0,4.0,3.0,3.0,4.0,5.0,4.0,4.0,5.0,6.0,10.0,4.0,4.0,4.0,4.0,3.0,4.0,7.0,5.0,3.0,3.0,11.0,3.0,7.0,4.0,3.0,4.0,3.0,11.0,5.0,4.0,3.0,7.0,4.0,4.0,3.0,4.0,4.0,13.0,4.0,4.0,8.0,4.0,9.0,3.0,5.0,6.0,3.0,8.0,7.0,9.0,3.0,11.0,2.0,10.0,7.0,5.0,3.0,4.0,5.0,10.0,3.0,2.0,8.0,4.0,4.0,7.0,2.0,4.0,8.0,2.0,4.0,10.0,3.0,3.0,3.0,4.0,3.0,4.0,7.0,4.0,4.0,4.0,5.0,4.0,9.0,3.0,3.0,3.0,3.0,4.0,4.0,4.0,7.0,15.0,4.0,4.0,11.0,9.0,5.0,5.0,5.0,4.0,4.0,16.0,4.0,0.2500000716508687,0.3333336551769443,0.24999998445917287,0.09090910415751366,0.2500000197314318,0.2499999731598618,0.1999999844535445,0.2499999907588134,0.5000004185608061,0.250000140950856,0.24999998461565395,0.250000030091908,0.11111113912358865,0.3333334133851327,0.25000007953467157,0.19999999597423734,0.5000003497624903,0.2000000192778787,0.12500000390034055,0.1999999891527565,0.10000001135345142,0.24999998612860572,0.2500000250604852,0.3333342532260128,0.33333332223170264,0.250000001105815,0.2000000034219527,0.5000001153756857,0.24999999516751684,0.3333333127529832,0.1000000062921064,0.10000002356002345,0.33333554290423845,0.24999998296084305,0.33333338096634596,0.24999998336339027,0.3333333621002723,0.24999998201102003,0.2500000256544323,0.3333343270928115,0.25000006689602894,0.3333334539467311,0.24999997885565356,0.24999996791586543,0.3333333017515564,0.24999998821771233,0.2500000115884569,0.33333400318679973,0.2500000067698451,0.250000013236615,0.2499999854843459,0.2500002327260662,0.08333334338175324,0.5000000437260366,0.5000006890746767,0.24999998393292874,0.24999997405067137,0.3333334404146399,0.24999997983557903,0.3333333206031318,0.3333333433964027,0.11111111137414884,0.24999998108646418,0.33333353732780496,0.24999996308201924,0.10000000607553036,0.19999998634729582,0.25000056092400386,0.1111111176547385,0.19999997547389245,0.10000000609749156,0.24999999978662962,0.24999997966265722,0.333334410736879,0.24999996900385785,0.33333333117024877,0.24999998675287446,0.2499999681551224,0.2500002150468527,0.10000000697650593,0.3333333816948808,0.19999997137214395,0.14285713456822363,0.24999997681259212,1.0000003228703567,0.12499998832475959,0.11111111591093226,0.5000000963312125,0.19999999286515283,0.19999998428873944,0.0999999984784634,0.19999997041290477,0.20000023495637004,0.19999998049068263,0.24999997909163785,0.2500000140653475,0.24999997221267026,0.07692309293185524,0.11111111328697866,0.3333334785711248,0.08333334053646937,0.24999998378613264,0.19999997642837802,0.19999997112978637,0.2500000449233336,0.11111113504120003,0.25000000665497335,0.19999998893557816,0.16666665664461253,0.25000000899581537,0.5000007292612372,0.12499999856056537,0.24999997922816053,0.3333334341378414,0.3333333425753674,0.09090910455354373,0.5000001314389195,0.2499999697709127,0.25000003259405507,0.2500004400093397,0.20000002618754537,0.2499999890846238,0.08333335091591602,0.11111111133644025,0.25000002465023635,0.1249999982399349,0.24999998385075953,0.2000000118499302,0.249999995161016,0.11111111133634101,0.3333334206748889,0.24999997238270436,0.16666667741575883,0.24999998400891682,0.25000003031100815,0.2500000027832465,0.24999998127309414,0.2499999714765343,0.24999997781336653,0.12499999921472996,0.2499999979753044,0.2000000113483365,0.5000000189784979,0.33333334287842825,0.24999998776476012,0.5000006081641747,0.19999997769145272,0.3333335443404163,0.0833333507930544,0.3333333382042787,0.2500000011094614,0.20000056227705815,0.33333355787866414,0.3333338307784956,0.20000003440022987,0.19999997051534638,0.33333340692736,0.1999999705959769,0.1000000133544501,0.07692310118602473,0.33333338066729484,0.2499999851250183,0.24999997492879894,0.33333340171579545,0.3333333258588687,0.19999997012213433,0.5000002532880847,0.07692309416431753,0.16666666337636132,0.12499999761314771,0.19999997637727213,0.10000001162667892,0.20000001447306795,0.1428571311603819,0.09090909297621075,0.24999999159154082,0.24999998009188848,0.19999997710634268,0.2000000479881033,0.2500000224323821,0.5000033713190607,0.2500000480862478,0.24999997143320224,0.1428571323482586,0.19999998127683044,0.5000001295009996,0.5000001025885877,0.25000014996395853,0.3333333687605345,0.333334345201932,0.12499999435149166,0.24999999825077146,0.2499999658379366,0.2500000679428479,0.3333334747530208,0.25000005224866845,0.250000079893856,0.1666666759171872,0.5000011439560541,0.24999996884285366,0.33333340592785954,0.07692308978484481,0.24999998504863646,0.20000001589209113,0.1999999702031379,0.33333345466508324,0.3333333895765345,0.20000000218047495,0.3333333719675058,0.24999997043936575,0.3333337379761799,0.25000001264197264,0.1999999755766305,0.25000000448049575,0.250000022645352,0.14285713578099318,0.5000001256636368,0.24999997745631306,0.24999996831774063,0.25000009850041377,0.24999996855242548,0.2500000636847647,0.3333333300437589,0.333333462260224,0.3333333025034297,0.2500000724659401,0.24999998165358722,0.2000003067060445,0.11111111628665664,0.2500000241860065,0.14285714105952596,0.07692310467334579,0.24999998106899093,0.24999998527100928,0.10000001126475754,0.09090912185805776,0.33333416073571653,0.33333344081465394,0.33333333003484583,0.333335116437624,0.2499999968571084,0.3333335495852254,0.2500000242263566,0.20000000894075673,0.5000002279778659,0.14285714974701083,0.3333333564647146,1.0000013253363609,0.10000003328958622,0.11111110232377416,0.24999998311699503,0.2500000528098923,0.19999997723994437,0.08333334685354421,0.2500000055159786,0.24999997692477835,0.20000007302950226,0.1111111186387192,0.2499999767652086,0.24999997694647388,0.11111112633907312,0.2500000448902612,0.2500000116074475,0.24999998594476924,0.10000000694222265,0.25000003764217865,0.2500000623364239,0.25000006050060464,0.33333460486114236,0.1999999902640447,0.2500000298585665,0.5000020606972254,0.2500000718044715,0.24999996968371982,0.24999999431582018,0.2499999912165079,0.20000000874130788,0.33333347472226293,0.3333334837472106,0.24999998772288765,0.25000000526853017,0.33333394967725366,0.2500000327386612,0.1250000248719575,0.2000000868277681,0.24999996319573728,0.11111112006024575,0.14285713597094046,0.5000001911542711,0.1666666577723019,0.24999996789359397,0.24999998480424968,0.1999999790911173,0.33333332460174814,0.11111111142685245,0.2500001172565266,0.25000018123091106,0.5000000938290752,0.24999997599792828,0.5000001067212733,0.3333333430730905,0.2500000351296709,0.200000002492154,0.33333334336615045,0.33333340120047417,0.2500000690017823,0.25000002759069356,0.20000001018243233,0.12499999343447477,0.2500001605980459,0.2499999865334616,0.19999997069223488,0.24999999867091688,0.2500000097094526,0.25000001168970715,0.2500001175711367,0.25000009231366416,0.33333364709821506,0.25000000757857016,0.33333383278365847,0.0909091029594163,0.19999998656296875,0.25000034898077,0.24999997336097432,0.2500000585957389,0.2499999690663469,0.250000006533516,0.2500002177038511,0.24999999110561918,0.24999999511317092,0.24999998641313662,0.33333338404428203,0.24999998570439624,0.249999967992891,0.24999999559762734,0.09090911268662644,0.25000001365492974,0.08333341038910409,0.3333334398604604,0.3333333697931648,0.1999999705373999,0.25000003137066606,0.19999999109698377,0.24999996789411777,0.25000001860558324,0.19999997645494963,0.24999998045924174,0.24999997865167972,0.19999997591978047,0.5000006448984039,0.2500000312696337,0.2000001410034397,0.24999997850031463,0.24999997847638142,0.33333341954366746,0.09090909408483545,0.24999996794278498,0.249999997978665,0.3333336211373269,0.10000000937328599,0.07692310745764978,0.3333333662652113,0.10000002207939988,0.333333562222334,0.500000260216221,0.06250003045975652,0.250000056819759,0.24999998905483853,0.24999998574203136,0.20000002545818843,0.1428571422399039,0.25000050456973666,0.11111111133299233,0.5000007474364537,0.3333348857756502,0.166666665650379,0.2499999848100358,0.25000000860304794,0.25000004984809565,0.08333334983025109,0.24999998484501995,0.24999998290770925,0.2500000090890173,0.5000008363615838,0.2499999754543334,0.3333339294724391,0.24999999288092273,0.16666665794592778,0.25000002637206126,0.07692312323462965,0.3333333161387607,0.16666667469876656,0.06666670147268551,0.09090909786017301,0.5000000655266522,0.19999997669418398,0.1111111043233585,0.11111111195219911,0.25000015687130084,0.19999997113005014,0.3333333724951944,0.24999999449261698,0.250000041564897,0.0833333415681608,0.5000001726572172,0.25000003617254574,0.12500001533298638,0.11111111137702022,0.25000007477988273,0.3333333310489962,0.33333344608620796,0.10000004014790206,0.24999998411969815,0.19999998906947627,0.25000003560070616,0.24999999148239177,0.19999999604084442,0.33333340045435866,0.25000002074300914,0.24999997648283062,0.2499999713412815,0.24999996780993755,0.19999997121255347,0.2499999705900827,0.2499999741605998,0.20000013726607893,0.333333344566618,0.24999998000862583,0.24999999349040372,0.12499999670842653,0.3333333392632316,0.11111111126318601,0.3333333517388955,0.33333336941699576,0.33333333029168816,0.2499999698219872,0.24999997920317094,0.2499999879182574,0.33333345879011933,0.2499999694482361,0.33333332633644563,0.24999996778171168,0.19999997007036838,0.3333333552055639,0.5000000868398278,0.2500000451389588,0.500000170413686,0.12499999517262991,0.33333337025496734,0.25000003622367045,0.33333337506225,0.24999998105239882,0.12499999593097201,0.5000001857956219,0.24999998046498076,0.24999997393166148,0.19999998609572303,0.24999998118153577,0.24999996920805778,0.2499999782680276,0.1250000243766285,0.1666666529454634,0.2499999678546111,0.5000002549389073,0.500000140183589,0.24999999394074646,0.2500000067001009,0.09090910522813334,0.06666670563692995,0.5000001566017795,0.33333345386234614,0.24999999300375672,0.2499999712429868,0.2500001495488437,0.25000009442683085,0.19999998656134338,0.25000031047875926,0.25000002430384066,0.19999997925268295,0.20000004699430762,0.2499999837690915,0.33333337085706105,0.14285716072221838,0.333333367282321,0.19999997611697531,0.25000000283609836,0.33333337696291415,0.3333333620340653,0.0625000304719304,0.19999997745360507,0.09090910278220436,0.33333336601645686,0.24999996309350542,0.2499999680176338,0.2500000699133918,0.24999997683730474,0.2499999680188013,0.25000002773955154,0.2000000013345694,0.5000000061709953,0.2000000384042357,0.11111110233054565,0.24999997037819244,0.2500000110688606,0.33333465732771494,0.24999997896561343,0.20000019153110893,0.24999998375526086,0.33333339985201593,0.5000002945474458,0.5000014724718518,0.24999999610177084,0.09090909535200808,0.25000014578993246,0.24999997324196382,0.24999998080142394,0.09090911181427176,0.2499999762742878,0.3333334344619063,0.3333336004152024,0.10000001522771361,0.11111111680959038,0.24999999217774238,0.19999998361759022,0.25000001183443704,0.3333334175903575,0.2500000838473023,0.24999998669070195,0.1250000211466569,0.10000003292994336,0.2500000010247951,0.5000001952721262,0.2500001906383524,0.24999999157504857,0.24999998203286314,0.24999997404058572,0.2500000125311549,0.2499999943823136,0.5000003315952495,0.1999999773759577,0.3333333540158075,0.5000007417437727,0.25000000607639616,0.1999999707648749,0.10000000643181198,0.24999996312671413,0.25000000879404466,0.25000010423437197,0.25000006865262453,0.12499999442251133,0.24999997150990377,0.10000000077236094,0.1666666649135811,0.20000003217755236,0.3333334033507704,0.16666665441842615,0.33333364461571613,0.3333333400431364,0.33333330926567567,0.25000002103998586,0.5000001006878771,0.24999997421133766,0.1999999915478013,0.25000000884539736,0.1999999754702115,0.06666669808779478,0.33333365968565726,0.2499999740595788,0.14285713357034824,0.25000000179130166,0.24999997557962864,0.3333334001504409,0.20000028964558375,0.2500000531313625,0.3333333873006447,0.2000000017709452,0.5000001525389716,0.24999998664637949,0.16666667199158802,0.19999999746745117,0.33333331137263644,0.33333354052572156,0.5000003169361943,0.3333334878134188,0.25000012612972894,0.20000002623415827,0.2499999949714016,0.1999999877578587,0.25000003837760937,0.2500000444468099,0.20000001282375993,0.07692310528148907,0.2500000336421973,0.0909091028794873,0.19999999940849053,0.11111111810854545,0.11111111156258255,0.3333333375792092,0.25000000228012864,0.2499999679408418,0.0909091547744646,0.19999997973805378,0.2499999933196254,0.25000002024964146,0.2499999872038113,0.2500000038920395,0.12499999483395972,0.5000011468263854,0.2500001703484419,0.5000002158727956,0.24999998500649767,0.25000001346095546,0.25000000169060915,0.19999999621267034,0.24999997111726824,0.25000001054576043,0.19999999470421215,0.10000000643520589,0.09090913177401688,0.07692312282877205,0.24999999424218536,0.24999998045209407,0.5000003589812138,0.2499999681278461,0.3333334665929846,0.2499999908886927,0.3333333861512667,0.25000001628745977,0.11111111271744081,0.200000056529503,0.5000001139272766,0.24999997067150267,0.1999999785185435,0.2500000269964054,0.24999998621097277,0.24999997597025822,0.24999997143604474,0.24999997573108604,0.24999996786426212,0.1999999875684886,0.33333335518192175,0.09090910950405656,0.24999996307726,0.24999999214295854,0.2500001333973063,0.11111110256725279,0.2500000496383514,0.2500000595070149,0.19999998972666863,0.2500000867718664,0.25000001795226084,0.1666666489564036,0.3333333484295281,0.07142858956894656,0.2500000354987117,0.24999999980519189,0.24999999892652167,0.12499998942143399,0.19999998313262446,0.2499999871688774,0.33333338399322326,0.2500000704899649,0.250000022545712,0.1428571540822848,0.24999998060916045,0.1999999797394141,0.3333335217413743,0.24999997651353345,0.2499999686525616,0.19999997723847288,0.33333348229379234,0.33333408110562907,0.5000000541368238,0.3333334599916674,0.1999999876802007,0.2500000436239182,0.2500000170617547,0.16666670024439068,0.33333331146628425,0.12499999468986417,0.16666665141398515,0.12500000785452922,0.09999999998079068,0.25000003109429525,0.25000004332227893,0.20000000124186615,0.1249999965589977,0.24999998107247842,0.33333410335177827,0.05882357501476402,0.2000000324205474,0.1999999866332172,0.24999998901255344,0.10000000995070822,0.25000001392405863,0.1999999703209677,0.2500001151223326,0.33333336164610955,0.25000002520093306,0.1999999833854445,0.24999997918044792,0.24999998076304208,0.09090909274959491,0.199999998132369,0.249999991550216,0.25000002173056524,0.2500000319272902,0.3333340496614495,0.5000029364035159,0.25000002133867394,0.16666667926756606,0.20000007284695454,0.07142858966416953,0.2499999680223648,0.16666665502543646,0.19999998702577673,0.2500001586529256,0.33333346424857435,0.33333358370455446,0.25000007510058664,0.25000000088548835,0.3333333302401175,0.25000013826163303,0.33333344686102,0.24999998070768564,0.11111112072677008,0.250000094751043,0.2499999686890631,0.24999998444149238,0.1111111039758267,0.19999997568640823,0.2499999940277239,0.09999999955846595,0.2500000109275843,0.2500000047857563,0.5000009109391226,0.2499999851636187,0.3333335861886279,0.24999998133692217,0.25000000164393155,0.09090910685508574,0.24999996925443896,0.3333354188502683,0.1999999815396319,0.3333333240186331,0.24999998199370316,1.0000004386433738,0.5000009137086592,0.10000000564621307,0.24999997527639606,0.2500000547787355,0.33333330467275424,0.3333333430321123,0.2000000376496273,0.2500000699507889,0.25000066189017484,0.10000002218926492,0.16666666605973476,0.3333338058984776,0.16666667739086344,0.24999997485631092,0.24999998419989597,0.2500000046901496,0.33333352422222656,0.25000006545866454,0.25000002595463083,0.19999997872407174,0.2500001639291566,0.24999999340643958,0.12499999890165729,0.1111111117073526,0.12499999441980073,0.25000008909764376,0.25000003884736466,0.14285715112491518,0.3333335048427559,0.2499999866990379,0.19999998755169365,0.2500000022283212,0.5000000685633518,0.16666667381386246,0.2000002720666879,0.24999998274768542,0.24999998867816015,0.249999977364099,0.250000022190895,0.33333332971327456,0.3333334060291016,0.16666669451421015,0.25000003831754575,0.24999999438562334,0.2499999924150625,0.16666667627613546,0.24999997252071862,0.25000002909580427,0.24999997838612434,0.25000025799253034,0.20000006921568236,0.2500001011493287,0.10000000708536862,0.09090911244838437,0.09090911043931417,0.24999998648485844,0.3333333326989159,0.333333469990209,0.20000001853110067,0.24999999523392985,0.2500003675600528,0.19999998612192285,0.24999998432240841,0.3333333636369965,0.33333336711691647,0.20000005429006504,0.5000001750118581,0.249999982482304,0.20000001729597172,0.11111111754021971,0.2000000605190665,0.3333333309422541,0.2500000131487972,0.25000040735487267,0.24999996777520272,0.08333334193441941,0.055555607316754456,0.2500000144527565,0.0909090942018827,0.2500000568429191,0.2500003074147923,0.3333333169922162,0.25000001537978367,0.16666666682401682,0.24999999343237062,0.33333345640567175,0.5000006903869119,0.3333333836083022,0.2500000070642977,0.24999996893799248,0.2500000043668977,0.250000041623334,0.2499999928723092,0.24999998755086078,0.25000001980215636,0.09090910272122574,0.2499999740003009,0.24999996791786194,0.33333339819956553,0.24999999922153135,0.24999998234731624,0.06250003044282967,0.24999997213455627,0.2500000241016077,0.12500000705842076,0.2500002911211911,0.33333345773961787,0.08333335569072545,0.250000111389152,0.2500001241906742,0.25000000842525255,0.5000000821829398,0.24999997882652647,0.500000078331438,0.0769231086705776,0.19999998925120882,0.25000001061830057,0.2500002178544148,0.3333333724934497,0.24999998474131221,0.3333334476698082,0.25000014118458996,0.5000000174933898,0.24999998378467936,0.12499999592488256,0.3333342170209003,0.5000036763840703,0.24999996997169235,0.3333334492724041,0.19999998255910736,0.2500000037626024,0.2499999771348423,0.2499999742808111,0.12499998643827968,0.19999997559775012,0.24999997990049735,0.25000000428380775,0.12500001519258996,0.2499999683459954,0.5000005236191797,0.24999997083623676,0.2499999677051276,0.24999999966998995,0.11111111111055669,0.2000000098439386,0.09090910770522927,0.25000006414918735,0.12499999789959916,0.24999997942999966,0.3333333904390793,0.3333334395245102,0.24999997808507543,0.19999997817829318,0.2499999824161202,0.24999998598025522,0.19999997573537062,0.16666665451346324,0.10000000606440405,0.24999998224845568,0.25000000968067215,0.25000000967028563,0.25000004858775293,0.33333335118753527,0.24999998214084532,0.14285714800516155,0.19999998662391974,0.3333349864329657,0.33333332774590824,0.09090910229807578,0.333333413526339,0.14285714477505806,0.24999998071048857,0.333333366457677,0.2500000762138444,0.33333358820512715,0.09090910267827178,0.1999999958950218,0.25000000981745985,0.3333336143192114,0.14285717401241546,0.2500000229910085,0.2500000414062612,0.3333339837920612,0.24999996475281683,0.2500000750907541,0.07692310668682734,0.25000001840917846,0.24999997743524743,0.12499999946223304,0.2500000930496594,0.11111111269657241,0.33333406217842604,0.20000000721061156,0.16666667755980916,0.3333333312271505,0.12499999735421811,0.14285715084472403,0.11111111836260776,0.3333345586253448,0.09090913551005565,0.500000519060686,0.10000000937923224,0.14285719446748707,0.19999997377598314,0.3333333924661503,0.24999998588481934,0.1999999851552358,0.10000000612056689,0.3333335532056491,0.5000002762913565,0.12499999882757279,0.24999999631797507,0.25000000823202506,0.14285713644850606,0.5000003376083044,0.2499999832379424,0.12500000584839194,0.5000002193356493,0.2499999989225217,0.10000000774716007,0.33333341987017856,0.33333342723191,0.33333340596483463,0.24999998385365918,0.33333337272366703,0.24999999140912998,0.14285717222487776,0.2500000134410134,0.24999998874870064,0.24999998795936493,0.19999997607437178,0.24999997410483074,0.11111111184624926,0.3333334196234347,0.33333335296998273,0.3333333701401232,0.33333335988959967,0.2500002740129983,0.2500000121752212,0.25000016611280224,0.14285714907960598,0.06666671457353698,0.24999998417373634,0.24999997915601352,0.09090911874923324,0.11111110240018365,0.19999999806333077,0.20000005727043654,0.20000004247346317,0.250000062162908,0.2499999882874125,0.06250002917262738,0.24999997966075302,4.0,0.2500000716508687,1.41421356,3.0,0.3333336551769443,1.41421356,4.0,0.24999998445917287,1.41421356,11.0,0.09090910415751366,1.41421356,4.0,0.2500000197314318,1.41421356,4.0,0.2499999731598618,1.41421356,5.0,0.1999999844535445,1.41421356,4.0,0.2499999907588134,1.41421356,2.0,0.5000004185608061,1.41421356,4.0,0.250000140950856,1.41421356,4.0,0.24999998461565395,1.41421356,4.0,0.250000030091908,1.41421356,9.0,0.11111113912358865,1.41421356,3.0,0.3333334133851327,1.41421356,4.0,0.25000007953467157,1.41421356,5.0,0.19999999597423734,1.41421356,2.0,0.5000003497624903,1.41421356,5.0,0.2000000192778787,1.41421356,8.0,0.12500000390034055,1.41421356,5.0,0.1999999891527565,1.41421356,10.0,0.10000001135345142,1.41421356,4.0,0.24999998612860572,1.41421356,4.0,0.2500000250604852,1.41421356,3.0,0.3333342532260128,1.41421356,3.0,0.33333332223170264,1.41421356,4.0,0.250000001105815,1.41421356,5.0,0.2000000034219527,1.41421356,2.0,0.5000001153756857,1.41421356,4.0,0.24999999516751684,1.41421356,3.0,0.3333333127529832,1.41421356,10.0,0.1000000062921064,1.41421356,10.0,0.10000002356002345,1.41421356,3.0,0.33333554290423845,1.41421356,4.0,0.24999998296084305,1.41421356,3.0,0.33333338096634596,1.41421356,4.0,0.24999998336339027,1.41421356,3.0,0.3333333621002723,1.41421356,4.0,0.24999998201102003,1.41421356,4.0,0.2500000256544323,1.41421356,3.0,0.3333343270928115,1.41421356,4.0,0.25000006689602894,1.41421356,3.0,0.3333334539467311,1.41421356,4.0,0.24999997885565356,1.41421356,4.0,0.24999996791586543,1.41421356,3.0,0.3333333017515564,1.41421356,4.0,0.24999998821771233,1.41421356,4.0,0.2500000115884569,1.41421356,3.0,0.33333400318679973,1.41421356,4.0,0.2500000067698451,1.41421356,4.0,0.250000013236615,1.41421356,4.0,0.2499999854843459,1.41421356,4.0,0.2500002327260662,1.41421356,12.0,0.08333334338175324,1.41421356,2.0,0.5000000437260366,1.41421356,2.0,0.5000006890746767,1.41421356,4.0,0.24999998393292874,1.41421356,4.0,0.24999997405067137,1.41421356,3.0,0.3333334404146399,1.41421356,4.0,0.24999997983557903,1.41421356,3.0,0.3333333206031318,1.41421356,3.0,0.3333333433964027,1.41421356,9.0,0.11111111137414884,1.41421356,4.0,0.24999998108646418,1.41421356,3.0,0.33333353732780496,1.41421356,4.0,0.24999996308201924,1.41421356,10.0,0.10000000607553036,1.41421356,5.0,0.19999998634729582,1.41421356,4.0,0.25000056092400386,1.41421356,9.0,0.1111111176547385,1.41421356,5.0,0.19999997547389245,1.41421356,10.0,0.10000000609749156,1.41421356,4.0,0.24999999978662962,1.41421356,4.0,0.24999997966265722,1.41421356,3.0,0.333334410736879,1.41421356,4.0,0.24999996900385785,1.41421356,3.0,0.33333333117024877,1.41421356,4.0,0.24999998675287446,1.41421356,4.0,0.2499999681551224,1.41421356,4.0,0.2500002150468527,1.41421356,10.0,0.10000000697650593,1.41421356,3.0,0.3333333816948808,1.41421356,5.0,0.19999997137214395,1.41421356,7.0,0.14285713456822363,1.41421356,4.0,0.24999997681259212,1.41421356,1.0,1.0000003228703567,1.41421356,8.0,0.12499998832475959,1.41421356,9.0,0.11111111591093226,1.41421356,2.0,0.5000000963312125,1.41421356,5.0,0.19999999286515283,1.41421356,5.0,0.19999998428873944,1.41421356,10.0,0.0999999984784634,1.41421356,5.0,0.19999997041290477,1.41421356,5.0,0.20000023495637004,1.41421356,5.0,0.19999998049068263,1.41421356,4.0,0.24999997909163785,1.41421356,4.0,0.2500000140653475,1.41421356,4.0,0.24999997221267026,1.41421356,13.0,0.07692309293185524,1.41421356,9.0,0.11111111328697866,1.41421356,3.0,0.3333334785711248,1.41421356,12.0,0.08333334053646937,1.41421356,4.0,0.24999998378613264,1.41421356,5.0,0.19999997642837802,1.41421356,5.0,0.19999997112978637,1.41421356,4.0,0.2500000449233336,1.41421356,9.0,0.11111113504120003,1.41421356,4.0,0.25000000665497335,1.41421356,5.0,0.19999998893557816,1.41421356,6.0,0.16666665664461253,1.41421356,4.0,0.25000000899581537,1.41421356,2.0,0.5000007292612372,1.41421356,8.0,0.12499999856056537,1.41421356,4.0,0.24999997922816053,1.41421356,3.0,0.3333334341378414,1.41421356,3.0,0.3333333425753674,1.41421356,11.0,0.09090910455354373,1.41421356,2.0,0.5000001314389195,1.41421356,4.0,0.2499999697709127,1.41421356,4.0,0.25000003259405507,1.41421356,4.0,0.2500004400093397,1.41421356,5.0,0.20000002618754537,1.41421356,4.0,0.2499999890846238,1.41421356,12.0,0.08333335091591602,1.41421356,9.0,0.11111111133644025,1.41421356,4.0,0.25000002465023635,1.41421356,8.0,0.1249999982399349,1.41421356,4.0,0.24999998385075953,1.41421356,5.0,0.2000000118499302,1.41421356,4.0,0.249999995161016,1.41421356,9.0,0.11111111133634101,1.41421356,3.0,0.3333334206748889,1.41421356,4.0,0.24999997238270436,1.41421356,6.0,0.16666667741575883,1.41421356,4.0,0.24999998400891682,1.41421356,4.0,0.25000003031100815,1.41421356,4.0,0.2500000027832465,1.41421356,4.0,0.24999998127309414,1.41421356,4.0,0.2499999714765343,1.41421356,4.0,0.24999997781336653,1.41421356,8.0,0.12499999921472996,1.41421356,4.0,0.2499999979753044,1.41421356,5.0,0.2000000113483365,1.41421356,2.0,0.5000000189784979,1.41421356,3.0,0.33333334287842825,1.41421356,4.0,0.24999998776476012,1.41421356,2.0,0.5000006081641747,1.41421356,5.0,0.19999997769145272,1.41421356,3.0,0.3333335443404163,1.41421356,12.0,0.0833333507930544,1.41421356,3.0,0.3333333382042787,1.41421356,4.0,0.2500000011094614,1.41421356,5.0,0.20000056227705815,1.41421356,3.0,0.33333355787866414,1.41421356,3.0,0.3333338307784956,1.41421356,5.0,0.20000003440022987,1.41421356,5.0,0.19999997051534638,1.41421356,3.0,0.33333340692736,1.41421356,5.0,0.1999999705959769,1.41421356,10.0,0.1000000133544501,1.41421356,13.0,0.07692310118602473,1.41421356,3.0,0.33333338066729484,1.41421356,4.0,0.2499999851250183,1.41421356,4.0,0.24999997492879894,1.41421356,3.0,0.33333340171579545,1.41421356,3.0,0.3333333258588687,1.41421356,5.0,0.19999997012213433,1.41421356,2.0,0.5000002532880847,1.41421356,13.0,0.07692309416431753,1.41421356,6.0,0.16666666337636132,1.41421356,8.0,0.12499999761314771,1.41421356,5.0,0.19999997637727213,1.41421356,10.0,0.10000001162667892,1.41421356,5.0,0.20000001447306795,1.41421356,7.0,0.1428571311603819,1.41421356,11.0,0.09090909297621075,1.41421356,4.0,0.24999999159154082,1.41421356,4.0,0.24999998009188848,1.41421356,5.0,0.19999997710634268,1.41421356,5.0,0.2000000479881033,1.41421356,4.0,0.2500000224323821,1.41421356,2.0,0.5000033713190607,1.41421356,4.0,0.2500000480862478,1.41421356,4.0,0.24999997143320224,1.41421356,7.0,0.1428571323482586,1.41421356,5.0,0.19999998127683044,1.41421356,2.0,0.5000001295009996,1.41421356,2.0,0.5000001025885877,1.41421356,4.0,0.25000014996395853,1.41421356,3.0,0.3333333687605345,1.41421356,3.0,0.333334345201932,1.41421356,8.0,0.12499999435149166,1.41421356,4.0,0.24999999825077146,1.41421356,4.0,0.2499999658379366,1.41421356,4.0,0.2500000679428479,1.41421356,3.0,0.3333334747530208,1.41421356,4.0,0.25000005224866845,1.41421356,4.0,0.250000079893856,1.41421356,6.0,0.1666666759171872,1.41421356,2.0,0.5000011439560541,1.41421356,4.0,0.24999996884285366,1.41421356,3.0,0.33333340592785954,1.41421356,13.0,0.07692308978484481,1.41421356,4.0,0.24999998504863646,1.41421356,5.0,0.20000001589209113,1.41421356,5.0,0.1999999702031379,1.41421356,3.0,0.33333345466508324,1.41421356,3.0,0.3333333895765345,1.41421356,5.0,0.20000000218047495,1.41421356,3.0,0.3333333719675058,1.41421356,4.0,0.24999997043936575,1.41421356,3.0,0.3333337379761799,1.41421356,4.0,0.25000001264197264,1.41421356,5.0,0.1999999755766305,1.41421356,4.0,0.25000000448049575,1.41421356,4.0,0.250000022645352,1.41421356,7.0,0.14285713578099318,1.41421356,2.0,0.5000001256636368,1.41421356,4.0,0.24999997745631306,1.41421356,4.0,0.24999996831774063,1.41421356,4.0,0.25000009850041377,1.41421356,4.0,0.24999996855242548,1.41421356,4.0,0.2500000636847647,1.41421356,3.0,0.3333333300437589,1.41421356,3.0,0.333333462260224,1.41421356,3.0,0.3333333025034297,1.41421356,4.0,0.2500000724659401,1.41421356,4.0,0.24999998165358722,1.41421356,5.0,0.2000003067060445,1.41421356,9.0,0.11111111628665664,1.41421356,4.0,0.2500000241860065,1.41421356,7.0,0.14285714105952596,1.41421356,13.0,0.07692310467334579,1.41421356,4.0,0.24999998106899093,1.41421356,4.0,0.24999998527100928,1.41421356,10.0,0.10000001126475754,1.41421356,11.0,0.09090912185805776,1.41421356,3.0,0.33333416073571653,1.41421356,3.0,0.33333344081465394,1.41421356,3.0,0.33333333003484583,1.41421356,3.0,0.333335116437624,1.41421356,4.0,0.2499999968571084,1.41421356,3.0,0.3333335495852254,1.41421356,4.0,0.2500000242263566,1.41421356,5.0,0.20000000894075673,1.41421356,2.0,0.5000002279778659,1.41421356,7.0,0.14285714974701083,1.41421356,3.0,0.3333333564647146,1.41421356,1.0,1.0000013253363609,1.41421356,10.0,0.10000003328958622,1.41421356,9.0,0.11111110232377416,1.41421356,4.0,0.24999998311699503,1.41421356,4.0,0.2500000528098923,1.41421356,5.0,0.19999997723994437,1.41421356,12.0,0.08333334685354421,1.41421356,4.0,0.2500000055159786,1.41421356,4.0,0.24999997692477835,1.41421356,5.0,0.20000007302950226,1.41421356,9.0,0.1111111186387192,1.41421356,4.0,0.2499999767652086,1.41421356,4.0,0.24999997694647388,1.41421356,9.0,0.11111112633907312,1.41421356,4.0,0.2500000448902612,1.41421356,4.0,0.2500000116074475,1.41421356,4.0,0.24999998594476924,1.41421356,10.0,0.10000000694222265,1.41421356,4.0,0.25000003764217865,1.41421356,4.0,0.2500000623364239,1.41421356,4.0,0.25000006050060464,1.41421356,3.0,0.33333460486114236,1.41421356,5.0,0.1999999902640447,1.41421356,4.0,0.2500000298585665,1.41421356,2.0,0.5000020606972254,1.41421356,4.0,0.2500000718044715,1.41421356,4.0,0.24999996968371982,1.41421356,4.0,0.24999999431582018,1.41421356,4.0,0.2499999912165079,1.41421356,5.0,0.20000000874130788,1.41421356,3.0,0.33333347472226293,1.41421356,3.0,0.3333334837472106,1.41421356,4.0,0.24999998772288765,1.41421356,4.0,0.25000000526853017,1.41421356,3.0,0.33333394967725366,1.41421356,4.0,0.2500000327386612,1.41421356,8.0,0.1250000248719575,1.41421356,5.0,0.2000000868277681,1.41421356,4.0,0.24999996319573728,1.41421356,9.0,0.11111112006024575,1.41421356,7.0,0.14285713597094046,1.41421356,2.0,0.5000001911542711,1.41421356,6.0,0.1666666577723019,1.41421356,4.0,0.24999996789359397,1.41421356,4.0,0.24999998480424968,1.41421356,5.0,0.1999999790911173,1.41421356,3.0,0.33333332460174814,1.41421356,9.0,0.11111111142685245,1.41421356,4.0,0.2500001172565266,1.41421356,4.0,0.25000018123091106,1.41421356,2.0,0.5000000938290752,1.41421356,4.0,0.24999997599792828,1.41421356,2.0,0.5000001067212733,1.41421356,3.0,0.3333333430730905,1.41421356,4.0,0.2500000351296709,1.41421356,5.0,0.200000002492154,1.41421356,3.0,0.33333334336615045,1.41421356,3.0,0.33333340120047417,1.41421356,4.0,0.2500000690017823,1.41421356,4.0,0.25000002759069356,1.41421356,5.0,0.20000001018243233,1.41421356,8.0,0.12499999343447477,1.41421356,4.0,0.2500001605980459,1.41421356,4.0,0.2499999865334616,1.41421356,5.0,0.19999997069223488,1.41421356,4.0,0.24999999867091688,1.41421356,4.0,0.2500000097094526,1.41421356,4.0,0.25000001168970715,1.41421356,4.0,0.2500001175711367,1.41421356,4.0,0.25000009231366416,1.41421356,3.0,0.33333364709821506,1.41421356,4.0,0.25000000757857016,1.41421356,3.0,0.33333383278365847,1.41421356,11.0,0.0909091029594163,1.41421356,5.0,0.19999998656296875,1.41421356,4.0,0.25000034898077,1.41421356,4.0,0.24999997336097432,1.41421356,4.0,0.2500000585957389,1.41421356,4.0,0.2499999690663469,1.41421356,4.0,0.250000006533516,1.41421356,4.0,0.2500002177038511,1.41421356,4.0,0.24999999110561918,1.41421356,4.0,0.24999999511317092,1.41421356,4.0,0.24999998641313662,1.41421356,3.0,0.33333338404428203,1.41421356,4.0,0.24999998570439624,1.41421356,4.0,0.249999967992891,1.41421356,4.0,0.24999999559762734,1.41421356,11.0,0.09090911268662644,1.41421356,4.0,0.25000001365492974,1.41421356,12.0,0.08333341038910409,1.41421356,3.0,0.3333334398604604,1.41421356,3.0,0.3333333697931648,1.41421356,5.0,0.1999999705373999,1.41421356,4.0,0.25000003137066606,1.41421356,5.0,0.19999999109698377,1.41421356,4.0,0.24999996789411777,1.41421356,4.0,0.25000001860558324,1.41421356,5.0,0.19999997645494963,1.41421356,4.0,0.24999998045924174,1.41421356,4.0,0.24999997865167972,1.41421356,5.0,0.19999997591978047,1.41421356,2.0,0.5000006448984039,1.41421356,4.0,0.2500000312696337,1.41421356,5.0,0.2000001410034397,1.41421356,4.0,0.24999997850031463,1.41421356,4.0,0.24999997847638142,1.41421356,3.0,0.33333341954366746,1.41421356,11.0,0.09090909408483545,1.41421356,4.0,0.24999996794278498,1.41421356,4.0,0.249999997978665,1.41421356,3.0,0.3333336211373269,1.41421356,10.0,0.10000000937328599,1.41421356,13.0,0.07692310745764978,1.41421356,3.0,0.3333333662652113,1.41421356,10.0,0.10000002207939988,1.41421356,3.0,0.333333562222334,1.41421356,2.0,0.500000260216221,1.41421356,16.0,0.06250003045975652,1.41421356,4.0,0.250000056819759,1.41421356,4.0,0.24999998905483853,1.41421356,4.0,0.24999998574203136,1.41421356,5.0,0.20000002545818843,1.41421356,7.0,0.1428571422399039,1.41421356,4.0,0.25000050456973666,1.41421356,9.0,0.11111111133299233,1.41421356,2.0,0.5000007474364537,1.41421356,3.0,0.3333348857756502,1.41421356,6.0,0.166666665650379,1.41421356,4.0,0.2499999848100358,1.41421356,4.0,0.25000000860304794,1.41421356,4.0,0.25000004984809565,1.41421356,12.0,0.08333334983025109,1.41421356,4.0,0.24999998484501995,1.41421356,4.0,0.24999998290770925,1.41421356,4.0,0.2500000090890173,1.41421356,2.0,0.5000008363615838,1.41421356,4.0,0.2499999754543334,1.41421356,3.0,0.3333339294724391,1.41421356,4.0,0.24999999288092273,1.41421356,6.0,0.16666665794592778,1.41421356,4.0,0.25000002637206126,1.41421356,13.0,0.07692312323462965,1.41421356,3.0,0.3333333161387607,1.41421356,6.0,0.16666667469876656,1.41421356,15.0,0.06666670147268551,1.41421356,11.0,0.09090909786017301,1.41421356,2.0,0.5000000655266522,1.41421356,5.0,0.19999997669418398,1.41421356,9.0,0.1111111043233585,1.41421356,9.0,0.11111111195219911,1.41421356,4.0,0.25000015687130084,1.41421356,5.0,0.19999997113005014,1.41421356,3.0,0.3333333724951944,1.41421356,4.0,0.24999999449261698,1.41421356,4.0,0.250000041564897,1.41421356,12.0,0.0833333415681608,1.41421356,2.0,0.5000001726572172,1.41421356,4.0,0.25000003617254574,1.41421356,8.0,0.12500001533298638,1.41421356,9.0,0.11111111137702022,1.41421356,4.0,0.25000007477988273,1.41421356,3.0,0.3333333310489962,1.41421356,3.0,0.33333344608620796,1.41421356,10.0,0.10000004014790206,1.41421356,4.0,0.24999998411969815,1.41421356,5.0,0.19999998906947627,1.41421356,4.0,0.25000003560070616,1.41421356,4.0,0.24999999148239177,1.41421356,5.0,0.19999999604084442,1.41421356,3.0,0.33333340045435866,1.41421356,4.0,0.25000002074300914,1.41421356,4.0,0.24999997648283062,1.41421356,4.0,0.2499999713412815,1.41421356,4.0,0.24999996780993755,1.41421356,5.0,0.19999997121255347,1.41421356,4.0,0.2499999705900827,1.41421356,4.0,0.2499999741605998,1.41421356,5.0,0.20000013726607893,1.41421356,3.0,0.333333344566618,1.41421356,4.0,0.24999998000862583,1.41421356,4.0,0.24999999349040372,1.41421356,8.0,0.12499999670842653,1.41421356,3.0,0.3333333392632316,1.41421356,9.0,0.11111111126318601,1.41421356,3.0,0.3333333517388955,1.41421356,3.0,0.33333336941699576,1.41421356,3.0,0.33333333029168816,1.41421356,4.0,0.2499999698219872,1.41421356,4.0,0.24999997920317094,1.41421356,4.0,0.2499999879182574,1.41421356,3.0,0.33333345879011933,1.41421356,4.0,0.2499999694482361,1.41421356,3.0,0.33333332633644563,1.41421356,4.0,0.24999996778171168,1.41421356,5.0,0.19999997007036838,1.41421356,3.0,0.3333333552055639,1.41421356,2.0,0.5000000868398278,1.41421356,4.0,0.2500000451389588,1.41421356,2.0,0.500000170413686,1.41421356,8.0,0.12499999517262991,1.41421356,3.0,0.33333337025496734,1.41421356,4.0,0.25000003622367045,1.41421356,3.0,0.33333337506225,1.41421356,4.0,0.24999998105239882,1.41421356,8.0,0.12499999593097201,1.41421356,2.0,0.5000001857956219,1.41421356,4.0,0.24999998046498076,1.41421356,4.0,0.24999997393166148,1.41421356,5.0,0.19999998609572303,1.41421356,4.0,0.24999998118153577,1.41421356,4.0,0.24999996920805778,1.41421356,4.0,0.2499999782680276,1.41421356,8.0,0.1250000243766285,1.41421356,6.0,0.1666666529454634,1.41421356,4.0,0.2499999678546111,1.41421356,2.0,0.5000002549389073,1.41421356,2.0,0.500000140183589,1.41421356,4.0,0.24999999394074646,1.41421356,4.0,0.2500000067001009,1.41421356,11.0,0.09090910522813334,1.41421356,15.0,0.06666670563692995,1.41421356,2.0,0.5000001566017795,1.41421356,3.0,0.33333345386234614,1.41421356,4.0,0.24999999300375672,1.41421356,4.0,0.2499999712429868,1.41421356,4.0,0.2500001495488437,1.41421356,4.0,0.25000009442683085,1.41421356,5.0,0.19999998656134338,1.41421356,4.0,0.25000031047875926,1.41421356,4.0,0.25000002430384066,1.41421356,5.0,0.19999997925268295,1.41421356,5.0,0.20000004699430762,1.41421356,4.0,0.2499999837690915,1.41421356,3.0,0.33333337085706105,1.41421356,7.0,0.14285716072221838,1.41421356,3.0,0.333333367282321,1.41421356,5.0,0.19999997611697531,1.41421356,4.0,0.25000000283609836,1.41421356,3.0,0.33333337696291415,1.41421356,3.0,0.3333333620340653,1.41421356,16.0,0.0625000304719304,1.41421356,5.0,0.19999997745360507,1.41421356,11.0,0.09090910278220436,1.41421356,3.0,0.33333336601645686,1.41421356,4.0,0.24999996309350542,1.41421356,4.0,0.2499999680176338,1.41421356,4.0,0.2500000699133918,1.41421356,4.0,0.24999997683730474,1.41421356,4.0,0.2499999680188013,1.41421356,4.0,0.25000002773955154,1.41421356,5.0,0.2000000013345694,1.41421356,2.0,0.5000000061709953,1.41421356,5.0,0.2000000384042357,1.41421356,9.0,0.11111110233054565,1.41421356,4.0,0.24999997037819244,1.41421356,4.0,0.2500000110688606,1.41421356,3.0,0.33333465732771494,1.41421356,4.0,0.24999997896561343,1.41421356,5.0,0.20000019153110893,1.41421356,4.0,0.24999998375526086,1.41421356,3.0,0.33333339985201593,1.41421356,2.0,0.5000002945474458,1.41421356,2.0,0.5000014724718518,1.41421356,4.0,0.24999999610177084,1.41421356,11.0,0.09090909535200808,1.41421356,4.0,0.25000014578993246,1.41421356,4.0,0.24999997324196382,1.41421356,4.0,0.24999998080142394,1.41421356,11.0,0.09090911181427176,1.41421356,4.0,0.2499999762742878,1.41421356,3.0,0.3333334344619063,1.41421356,3.0,0.3333336004152024,1.41421356,10.0,0.10000001522771361,1.41421356,9.0,0.11111111680959038,1.41421356,4.0,0.24999999217774238,1.41421356,5.0,0.19999998361759022,1.41421356,4.0,0.25000001183443704,1.41421356,3.0,0.3333334175903575,1.41421356,4.0,0.2500000838473023,1.41421356,4.0,0.24999998669070195,1.41421356,8.0,0.1250000211466569,1.41421356,10.0,0.10000003292994336,1.41421356,4.0,0.2500000010247951,1.41421356,2.0,0.5000001952721262,1.41421356,4.0,0.2500001906383524,1.41421356,4.0,0.24999999157504857,1.41421356,4.0,0.24999998203286314,1.41421356,4.0,0.24999997404058572,1.41421356,4.0,0.2500000125311549,1.41421356,4.0,0.2499999943823136,1.41421356,2.0,0.5000003315952495,1.41421356,5.0,0.1999999773759577,1.41421356,3.0,0.3333333540158075,1.41421356,2.0,0.5000007417437727,1.41421356,4.0,0.25000000607639616,1.41421356,5.0,0.1999999707648749,1.41421356,10.0,0.10000000643181198,1.41421356,4.0,0.24999996312671413,1.41421356,4.0,0.25000000879404466,1.41421356,4.0,0.25000010423437197,1.41421356,4.0,0.25000006865262453,1.41421356,8.0,0.12499999442251133,1.41421356,4.0,0.24999997150990377,1.41421356,10.0,0.10000000077236094,1.41421356,6.0,0.1666666649135811,1.41421356,5.0,0.20000003217755236,1.41421356,3.0,0.3333334033507704,1.41421356,6.0,0.16666665441842615,1.41421356,3.0,0.33333364461571613,1.41421356,3.0,0.3333333400431364,1.41421356,3.0,0.33333330926567567,1.41421356,4.0,0.25000002103998586,1.41421356,2.0,0.5000001006878771,1.41421356,4.0,0.24999997421133766,1.41421356,5.0,0.1999999915478013,1.41421356,4.0,0.25000000884539736,1.41421356,5.0,0.1999999754702115,1.41421356,15.0,0.06666669808779478,1.41421356,3.0,0.33333365968565726,1.41421356,4.0,0.2499999740595788,1.41421356,7.0,0.14285713357034824,1.41421356,4.0,0.25000000179130166,1.41421356,4.0,0.24999997557962864,1.41421356,3.0,0.3333334001504409,1.41421356,5.0,0.20000028964558375,1.41421356,4.0,0.2500000531313625,1.41421356,3.0,0.3333333873006447,1.41421356,5.0,0.2000000017709452,1.41421356,2.0,0.5000001525389716,1.41421356,4.0,0.24999998664637949,1.41421356,6.0,0.16666667199158802,1.41421356,5.0,0.19999999746745117,1.41421356,3.0,0.33333331137263644,1.41421356,3.0,0.33333354052572156,1.41421356,2.0,0.5000003169361943,1.41421356,3.0,0.3333334878134188,1.41421356,4.0,0.25000012612972894,1.41421356,5.0,0.20000002623415827,1.41421356,4.0,0.2499999949714016,1.41421356,5.0,0.1999999877578587,1.41421356,4.0,0.25000003837760937,1.41421356,4.0,0.2500000444468099,1.41421356,5.0,0.20000001282375993,1.41421356,13.0,0.07692310528148907,1.41421356,4.0,0.2500000336421973,1.41421356,11.0,0.0909091028794873,1.41421356,5.0,0.19999999940849053,1.41421356,9.0,0.11111111810854545,1.41421356,9.0,0.11111111156258255,1.41421356,3.0,0.3333333375792092,1.41421356,4.0,0.25000000228012864,1.41421356,4.0,0.2499999679408418,1.41421356,11.0,0.0909091547744646,1.41421356,5.0,0.19999997973805378,1.41421356,4.0,0.2499999933196254,1.41421356,4.0,0.25000002024964146,1.41421356,4.0,0.2499999872038113,1.41421356,4.0,0.2500000038920395,1.41421356,8.0,0.12499999483395972,1.41421356,2.0,0.5000011468263854,1.41421356,4.0,0.2500001703484419,1.41421356,2.0,0.5000002158727956,1.41421356,4.0,0.24999998500649767,1.41421356,4.0,0.25000001346095546,1.41421356,4.0,0.25000000169060915,1.41421356,5.0,0.19999999621267034,1.41421356,4.0,0.24999997111726824,1.41421356,4.0,0.25000001054576043,1.41421356,5.0,0.19999999470421215,1.41421356,10.0,0.10000000643520589,1.41421356,11.0,0.09090913177401688,1.41421356,13.0,0.07692312282877205,1.41421356,4.0,0.24999999424218536,1.41421356,4.0,0.24999998045209407,1.41421356,2.0,0.5000003589812138,1.41421356,4.0,0.2499999681278461,1.41421356,3.0,0.3333334665929846,1.41421356,4.0,0.2499999908886927,1.41421356,3.0,0.3333333861512667,1.41421356,4.0,0.25000001628745977,1.41421356,9.0,0.11111111271744081,1.41421356,5.0,0.200000056529503,1.41421356,2.0,0.5000001139272766,1.41421356,4.0,0.24999997067150267,1.41421356,5.0,0.1999999785185435,1.41421356,4.0,0.2500000269964054,1.41421356,4.0,0.24999998621097277,1.41421356,4.0,0.24999997597025822,1.41421356,4.0,0.24999997143604474,1.41421356,4.0,0.24999997573108604,1.41421356,4.0,0.24999996786426212,1.41421356,5.0,0.1999999875684886,1.41421356,3.0,0.33333335518192175,1.41421356,11.0,0.09090910950405656,1.41421356,4.0,0.24999996307726,1.41421356,4.0,0.24999999214295854,1.41421356,4.0,0.2500001333973063,1.41421356,9.0,0.11111110256725279,1.41421356,4.0,0.2500000496383514,1.41421356,4.0,0.2500000595070149,1.41421356,5.0,0.19999998972666863,1.41421356,4.0,0.2500000867718664,1.41421356,4.0,0.25000001795226084,1.41421356,6.0,0.1666666489564036,1.41421356,3.0,0.3333333484295281,1.41421356,14.0,0.07142858956894656,1.41421356,4.0,0.2500000354987117,1.41421356,4.0,0.24999999980519189,1.41421356,4.0,0.24999999892652167,1.41421356,8.0,0.12499998942143399,1.41421356,5.0,0.19999998313262446,1.41421356,4.0,0.2499999871688774,1.41421356,3.0,0.33333338399322326,1.41421356,4.0,0.2500000704899649,1.41421356,4.0,0.250000022545712,1.41421356,7.0,0.1428571540822848,1.41421356,4.0,0.24999998060916045,1.41421356,5.0,0.1999999797394141,1.41421356,3.0,0.3333335217413743,1.41421356,4.0,0.24999997651353345,1.41421356,4.0,0.2499999686525616,1.41421356,5.0,0.19999997723847288,1.41421356,3.0,0.33333348229379234,1.41421356,3.0,0.33333408110562907,1.41421356,2.0,0.5000000541368238,1.41421356,3.0,0.3333334599916674,1.41421356,5.0,0.1999999876802007,1.41421356,4.0,0.2500000436239182,1.41421356,4.0,0.2500000170617547,1.41421356,6.0,0.16666670024439068,1.41421356,3.0,0.33333331146628425,1.41421356,8.0,0.12499999468986417,1.41421356,6.0,0.16666665141398515,1.41421356,8.0,0.12500000785452922,1.41421356,10.0,0.09999999998079068,1.41421356,4.0,0.25000003109429525,1.41421356,4.0,0.25000004332227893,1.41421356,5.0,0.20000000124186615,1.41421356,8.0,0.1249999965589977,1.41421356,4.0,0.24999998107247842,1.41421356,3.0,0.33333410335177827,1.41421356,17.0,0.05882357501476402,1.41421356,5.0,0.2000000324205474,1.41421356,5.0,0.1999999866332172,1.41421356,4.0,0.24999998901255344,1.41421356,10.0,0.10000000995070822,1.41421356,4.0,0.25000001392405863,1.41421356,5.0,0.1999999703209677,1.41421356,4.0,0.2500001151223326,1.41421356,3.0,0.33333336164610955,1.41421356,4.0,0.25000002520093306,1.41421356,5.0,0.1999999833854445,1.41421356,4.0,0.24999997918044792,1.41421356,4.0,0.24999998076304208,1.41421356,11.0,0.09090909274959491,1.41421356,5.0,0.199999998132369,1.41421356,4.0,0.249999991550216,1.41421356,4.0,0.25000002173056524,1.41421356,4.0,0.2500000319272902,1.41421356,3.0,0.3333340496614495,1.41421356,2.0,0.5000029364035159,1.41421356,4.0,0.25000002133867394,1.41421356,6.0,0.16666667926756606,1.41421356,5.0,0.20000007284695454,1.41421356,14.0,0.07142858966416953,1.41421356,4.0,0.2499999680223648,1.41421356,6.0,0.16666665502543646,1.41421356,5.0,0.19999998702577673,1.41421356,4.0,0.2500001586529256,1.41421356,3.0,0.33333346424857435,1.41421356,3.0,0.33333358370455446,1.41421356,4.0,0.25000007510058664,1.41421356,4.0,0.25000000088548835,1.41421356,3.0,0.3333333302401175,1.41421356,4.0,0.25000013826163303,1.41421356,3.0,0.33333344686102,1.41421356,4.0,0.24999998070768564,1.41421356,9.0,0.11111112072677008,1.41421356,4.0,0.250000094751043,1.41421356,4.0,0.2499999686890631,1.41421356,4.0,0.24999998444149238,1.41421356,9.0,0.1111111039758267,1.41421356,5.0,0.19999997568640823,1.41421356,4.0,0.2499999940277239,1.41421356,10.0,0.09999999955846595,1.41421356,4.0,0.2500000109275843,1.41421356,4.0,0.2500000047857563,1.41421356,2.0,0.5000009109391226,1.41421356,4.0,0.2499999851636187,1.41421356,3.0,0.3333335861886279,1.41421356,4.0,0.24999998133692217,1.41421356,4.0,0.25000000164393155,1.41421356,11.0,0.09090910685508574,1.41421356,4.0,0.24999996925443896,1.41421356,3.0,0.3333354188502683,1.41421356,5.0,0.1999999815396319,1.41421356,3.0,0.3333333240186331,1.41421356,4.0,0.24999998199370316,1.41421356,1.0,1.0000004386433738,1.41421356,2.0,0.5000009137086592,1.41421356,10.0,0.10000000564621307,1.41421356,4.0,0.24999997527639606,1.41421356,4.0,0.2500000547787355,1.41421356,3.0,0.33333330467275424,1.41421356,3.0,0.3333333430321123,1.41421356,5.0,0.2000000376496273,1.41421356,4.0,0.2500000699507889,1.41421356,4.0,0.25000066189017484,1.41421356,10.0,0.10000002218926492,1.41421356,6.0,0.16666666605973476,1.41421356,3.0,0.3333338058984776,1.41421356,6.0,0.16666667739086344,1.41421356,4.0,0.24999997485631092,1.41421356,4.0,0.24999998419989597,1.41421356,4.0,0.2500000046901496,1.41421356,3.0,0.33333352422222656,1.41421356,4.0,0.25000006545866454,1.41421356,4.0,0.25000002595463083,1.41421356,5.0,0.19999997872407174,1.41421356,4.0,0.2500001639291566,1.41421356,4.0,0.24999999340643958,1.41421356,8.0,0.12499999890165729,1.41421356,9.0,0.1111111117073526,1.41421356,8.0,0.12499999441980073,1.41421356,4.0,0.25000008909764376,1.41421356,4.0,0.25000003884736466,1.41421356,7.0,0.14285715112491518,1.41421356,3.0,0.3333335048427559,1.41421356,4.0,0.2499999866990379,1.41421356,5.0,0.19999998755169365,1.41421356,4.0,0.2500000022283212,1.41421356,2.0,0.5000000685633518,1.41421356,6.0,0.16666667381386246,1.41421356,5.0,0.2000002720666879,1.41421356,4.0,0.24999998274768542,1.41421356,4.0,0.24999998867816015,1.41421356,4.0,0.249999977364099,1.41421356,4.0,0.250000022190895,1.41421356,3.0,0.33333332971327456,1.41421356,3.0,0.3333334060291016,1.41421356,6.0,0.16666669451421015,1.41421356,4.0,0.25000003831754575,1.41421356,4.0,0.24999999438562334,1.41421356,4.0,0.2499999924150625,1.41421356,6.0,0.16666667627613546,1.41421356,4.0,0.24999997252071862,1.41421356,4.0,0.25000002909580427,1.41421356,4.0,0.24999997838612434,1.41421356,4.0,0.25000025799253034,1.41421356,5.0,0.20000006921568236,1.41421356,4.0,0.2500001011493287,1.41421356,10.0,0.10000000708536862,1.41421356,11.0,0.09090911244838437,1.41421356,11.0,0.09090911043931417,1.41421356,4.0,0.24999998648485844,1.41421356,3.0,0.3333333326989159,1.41421356,3.0,0.333333469990209,1.41421356,5.0,0.20000001853110067,1.41421356,4.0,0.24999999523392985,1.41421356,4.0,0.2500003675600528,1.41421356,5.0,0.19999998612192285,1.41421356,4.0,0.24999998432240841,1.41421356,3.0,0.3333333636369965,1.41421356,3.0,0.33333336711691647,1.41421356,5.0,0.20000005429006504,1.41421356,2.0,0.5000001750118581,1.41421356,4.0,0.249999982482304,1.41421356,5.0,0.20000001729597172,1.41421356,9.0,0.11111111754021971,1.41421356,5.0,0.2000000605190665,1.41421356,3.0,0.3333333309422541,1.41421356,4.0,0.2500000131487972,1.41421356,4.0,0.25000040735487267,1.41421356,4.0,0.24999996777520272,1.41421356,12.0,0.08333334193441941,1.41421356,18.0,0.055555607316754456,1.41421356,4.0,0.2500000144527565,1.41421356,11.0,0.0909090942018827,1.41421356,4.0,0.2500000568429191,1.41421356,4.0,0.2500003074147923,1.41421356,3.0,0.3333333169922162,1.41421356,4.0,0.25000001537978367,1.41421356,6.0,0.16666666682401682,1.41421356,4.0,0.24999999343237062,1.41421356,3.0,0.33333345640567175,1.41421356,2.0,0.5000006903869119,1.41421356,3.0,0.3333333836083022,1.41421356,4.0,0.2500000070642977,1.41421356,4.0,0.24999996893799248,1.41421356,4.0,0.2500000043668977,1.41421356,4.0,0.250000041623334,1.41421356,4.0,0.2499999928723092,1.41421356,4.0,0.24999998755086078,1.41421356,4.0,0.25000001980215636,1.41421356,11.0,0.09090910272122574,1.41421356,4.0,0.2499999740003009,1.41421356,4.0,0.24999996791786194,1.41421356,3.0,0.33333339819956553,1.41421356,4.0,0.24999999922153135,1.41421356,4.0,0.24999998234731624,1.41421356,16.0,0.06250003044282967,1.41421356,4.0,0.24999997213455627,1.41421356,4.0,0.2500000241016077,1.41421356,8.0,0.12500000705842076,1.41421356,4.0,0.2500002911211911,1.41421356,3.0,0.33333345773961787,1.41421356,12.0,0.08333335569072545,1.41421356,4.0,0.250000111389152,1.41421356,4.0,0.2500001241906742,1.41421356,4.0,0.25000000842525255,1.41421356,2.0,0.5000000821829398,1.41421356,4.0,0.24999997882652647,1.41421356,2.0,0.500000078331438,1.41421356,13.0,0.0769231086705776,1.41421356,5.0,0.19999998925120882,1.41421356,4.0,0.25000001061830057,1.41421356,4.0,0.2500002178544148,1.41421356,3.0,0.3333333724934497,1.41421356,4.0,0.24999998474131221,1.41421356,3.0,0.3333334476698082,1.41421356,4.0,0.25000014118458996,1.41421356,2.0,0.5000000174933898,1.41421356,4.0,0.24999998378467936,1.41421356,8.0,0.12499999592488256,1.41421356,3.0,0.3333342170209003,1.41421356,2.0,0.5000036763840703,1.41421356,4.0,0.24999996997169235,1.41421356,3.0,0.3333334492724041,1.41421356,5.0,0.19999998255910736,1.41421356,4.0,0.2500000037626024,1.41421356,4.0,0.2499999771348423,1.41421356,4.0,0.2499999742808111,1.41421356,8.0,0.12499998643827968,1.41421356,5.0,0.19999997559775012,1.41421356,4.0,0.24999997990049735,1.41421356,4.0,0.25000000428380775,1.41421356,8.0,0.12500001519258996,1.41421356,4.0,0.2499999683459954,1.41421356,2.0,0.5000005236191797,1.41421356,4.0,0.24999997083623676,1.41421356,4.0,0.2499999677051276,1.41421356,4.0,0.24999999966998995,1.41421356,9.0,0.11111111111055669,1.41421356,5.0,0.2000000098439386,1.41421356,11.0,0.09090910770522927,1.41421356,4.0,0.25000006414918735,1.41421356,8.0,0.12499999789959916,1.41421356,4.0,0.24999997942999966,1.41421356,3.0,0.3333333904390793,1.41421356,3.0,0.3333334395245102,1.41421356,4.0,0.24999997808507543,1.41421356,5.0,0.19999997817829318,1.41421356,4.0,0.2499999824161202,1.41421356,4.0,0.24999998598025522,1.41421356,5.0,0.19999997573537062,1.41421356,6.0,0.16666665451346324,1.41421356,10.0,0.10000000606440405,1.41421356,4.0,0.24999998224845568,1.41421356,4.0,0.25000000968067215,1.41421356,4.0,0.25000000967028563,1.41421356,4.0,0.25000004858775293,1.41421356,3.0,0.33333335118753527,1.41421356,4.0,0.24999998214084532,1.41421356,7.0,0.14285714800516155,1.41421356,5.0,0.19999998662391974,1.41421356,3.0,0.3333349864329657,1.41421356,3.0,0.33333332774590824,1.41421356,11.0,0.09090910229807578,1.41421356,3.0,0.333333413526339,1.41421356,7.0,0.14285714477505806,1.41421356,4.0,0.24999998071048857,1.41421356,3.0,0.333333366457677,1.41421356,4.0,0.2500000762138444,1.41421356,3.0,0.33333358820512715,1.41421356,11.0,0.09090910267827178,1.41421356,5.0,0.1999999958950218,1.41421356,4.0,0.25000000981745985,1.41421356,3.0,0.3333336143192114,1.41421356,7.0,0.14285717401241546,1.41421356,4.0,0.2500000229910085,1.41421356,4.0,0.2500000414062612,1.41421356,3.0,0.3333339837920612,1.41421356,4.0,0.24999996475281683,1.41421356,4.0,0.2500000750907541,1.41421356,13.0,0.07692310668682734,1.41421356,4.0,0.25000001840917846,1.41421356,4.0,0.24999997743524743,1.41421356,8.0,0.12499999946223304,1.41421356,4.0,0.2500000930496594,1.41421356,9.0,0.11111111269657241,1.41421356,3.0,0.33333406217842604,1.41421356,5.0,0.20000000721061156,1.41421356,6.0,0.16666667755980916,1.41421356,3.0,0.3333333312271505,1.41421356,8.0,0.12499999735421811,1.41421356,7.0,0.14285715084472403,1.41421356,9.0,0.11111111836260776,1.41421356,3.0,0.3333345586253448,1.41421356,11.0,0.09090913551005565,1.41421356,2.0,0.500000519060686,1.41421356,10.0,0.10000000937923224,1.41421356,7.0,0.14285719446748707,1.41421356,5.0,0.19999997377598314,1.41421356,3.0,0.3333333924661503,1.41421356,4.0,0.24999998588481934,1.41421356,5.0,0.1999999851552358,1.41421356,10.0,0.10000000612056689,1.41421356,3.0,0.3333335532056491,1.41421356,2.0,0.5000002762913565,1.41421356,8.0,0.12499999882757279,1.41421356,4.0,0.24999999631797507,1.41421356,4.0,0.25000000823202506,1.41421356,7.0,0.14285713644850606,1.41421356,2.0,0.5000003376083044,1.41421356,4.0,0.2499999832379424,1.41421356,8.0,0.12500000584839194,1.41421356,2.0,0.5000002193356493,1.41421356,4.0,0.2499999989225217,1.41421356,10.0,0.10000000774716007,1.41421356,3.0,0.33333341987017856,1.41421356,3.0,0.33333342723191,1.41421356,3.0,0.33333340596483463,1.41421356,4.0,0.24999998385365918,1.41421356,3.0,0.33333337272366703,1.41421356,4.0,0.24999999140912998,1.41421356,7.0,0.14285717222487776,1.41421356,4.0,0.2500000134410134,1.41421356,4.0,0.24999998874870064,1.41421356,4.0,0.24999998795936493,1.41421356,5.0,0.19999997607437178,1.41421356,4.0,0.24999997410483074,1.41421356,9.0,0.11111111184624926,1.41421356,3.0,0.3333334196234347,1.41421356,3.0,0.33333335296998273,1.41421356,3.0,0.3333333701401232,1.41421356,3.0,0.33333335988959967,1.41421356,4.0,0.2500002740129983,1.41421356,4.0,0.2500000121752212,1.41421356,4.0,0.25000016611280224,1.41421356,7.0,0.14285714907960598,1.41421356,15.0,0.06666671457353698,1.41421356,4.0,0.24999998417373634,1.41421356,4.0,0.24999997915601352,1.41421356,11.0,0.09090911874923324,1.41421356,9.0,0.11111110240018365,1.41421356,5.0,0.19999999806333077,1.41421356,5.0,0.20000005727043654,1.41421356,5.0,0.20000004247346317,1.41421356,4.0,0.250000062162908,1.41421356,4.0,0.2499999882874125,1.41421356,16.0,0.06250002917262738,1.41421356,4.0,0.24999997966075302,1.41421356]
