#SOLVERNAME# PAJ_CPLEX_MOSEK_dualonlynoscale
#SOLVER# Pajarito.PajaritoSolver(3,300.0,1.0e-5,false,CPLEX.CplexSolver(Any[(:CPX_PARAM_THREADS,1),(:CPX_PARAM_SCRIND,0),(:CPX_PARAM_EPINT,1.0e-8),(:CPX_PARAM_EPRHS,1.0e-7),(:CPX_PARAM_EPGAP,0.0)]),Pajarito.UnsetSolver(),0,false,true,Mosek.MosekMathProgSolverInterface.MosekSolver(Any[(:LOG,0),(:NUM_THREADS,1)]),true,true,false,false,true,false,false,true,false,true,true,true,true,false,false,10.0,false,false,false,false,1.0e-10,1.0e-7)
#INSTANCE# 50_0_5_w.cbf.gz
#TIMELIMIT# 300.0

Problem dimensions:
       variables |      7200
     constraints |     20267
   nonzeros in A |     83857

Cones summary:
Cone             | Count     | Min dim.  | Max dim. 
    Rotated S.O. |      1200 |         3 |         3

Variable types:
      continuous |      6000
         integer |      1200

Transforming data...               0.03s

Creating conic subproblem...       0.05s

Building MIP model...              0.06s

Solving conic relaxation...        0.77s
 - Relaxation status    =        Optimal
 - Relaxation objective = 9874080.752887

Starting iterative algorithm

Iter. | Best feasible  | Best bound     | Rel. gap    | Time (s)   
    0 |           +Inf |  +9.874081e+06 |         Inf |   9.259e-01

Iter. | Best feasible  | Best bound     | Rel. gap    | Time (s)   
    1 |  +9.966558e+06 |  +9.961697e+06 |   4.877e-04 |   3.002e+02
WARNING: Encountering numerically unstable cone dual vectors

Iterative algorithm summary:
 - Status               =      UserLimit
 - Best feasible        =  +9.966558e+06
 - Best bound           =  +9.961697e+06
 - Relative opt. gap    =      4.877e-04
 - Total time (s)       =       3.00e+02

Timers (s):
 - Setup                =   1.40e-01
 -- Transform data      =   2.55e-02
 -- Create conic data   =   5.09e-02
 -- Create MIP data     =   6.35e-02
 - Algorithm            =   3.00e+02
 -- Solve relaxation    =   7.69e-01
 -- Get relaxation cuts =   1.39e-02
 -- Solve MIP models    =   2.99e+02
 -- Solve subproblems   =   1.32e-01
 -- Get subproblem cuts =   5.69e-02
 -- Get primal cuts     =   0.00e+00

Counters:
 - Iterations           =     1
 -- Integer repeats     =     0
 -- Conic subproblems   =     1
 --- Infeasible         =     0
 --- Optimal            =     1
 --- Suboptimal         =     0
 --- UserLimit          =     0
 --- ConicFailure       =     0
 --- Other status       =     0
 -- Feasible solutions  =     1
 --- From subproblems   =     1
 --- From MIP solve     =     0

Solution returned by conic solver

Outer-approximation cuts added:
Cone             | Relax.    | Violated  | Nonviol. 
    Second order |      2367 |       374 |      1767

12 numerically unstable cone duals encountered

Distance to feasibility (negative indicates strict feasibility):
Cone             | Variable  | Constraint
          Linear |  1.15e-09 |  3.02e-07
    Rotated S.O. |        NA |  1.74e-09

Distance to integrality of integer/binary variables:
         integer |  0.00e+00

#STATUS# UserLimit
#OBJVAL# 9.966557684185933e6
#OBJBOUND# 9.961697195526864e6
#TIMESOLVER# 300.20405197143555
#TIMEALL# 300.25864911079407
#SOLUTION# [1.0,1.0,1.0,1.0,1.0,1.0,1.0,1.0,1.0,1.0,1.0,1.0,1.0,1.0,1.0,1.0,1.0,1.0,1.0,1.0,1.0,1.0,1.0,1.0,1.0,1.0,1.0,1.0,1.0,1.0,1.0,1.0,1.0,1.0,1.0,1.0,1.0,1.0,1.0,1.0,1.0,1.0,1.0,1.0,1.0,1.0,1.0,1.0,1.0,1.0,1.0,1.0,1.0,1.0,1.0,1.0,1.0,1.0,1.0,1.0,1.0,1.0,1.0,1.0,1.0,1.0,1.0,1.0,1.0,1.0,1.0,0.0,1.0,1.0,1.0,1.0,1.0,1.0,1.0,1.0,1.0,1.0,1.0,1.0,1.0,1.0,1.0,1.0,1.0,1.0,1.0,1.0,1.0,1.0,1.0,1.0,1.0,1.0,1.0,1.0,1.0,1.0,1.0,1.0,1.0,1.0,1.0,1.0,1.0,1.0,1.0,1.0,1.0,1.0,1.0,1.0,1.0,1.0,1.0,1.0,1.0,1.0,1.0,1.0,1.0,1.0,1.0,1.0,1.0,1.0,1.0,1.0,1.0,1.0,1.0,1.0,1.0,1.0,1.0,1.0,1.0,1.0,1.0,1.0,0.0,0.0,0.0,0.0,0.0,-0.0,0.0,0.0,0.0,-0.0,0.0,0.0,0.0,-0.0,0.0,0.0,-0.0,0.0,-0.0,0.0,-0.0,0.0,0.0,0.0,1.0,1.0,1.0,1.0,1.0,1.0,1.0,1.0,1.0,1.0,1.0,1.0,1.0,1.0,1.0,1.0,1.0,1.0,1.0,1.0,1.0,1.0,1.0,1.0,1.0,1.0,1.0,1.0,1.0,1.0,1.0,1.0,1.0,1.0,1.0,1.0,1.0,1.0,1.0,1.0,1.0,1.0,1.0,1.0,1.0,1.0,1.0,1.0,1.0,1.0,1.0,1.0,1.0,1.0,1.0,1.0,1.0,1.0,1.0,1.0,1.0,1.0,1.0,1.0,1.0,1.0,1.0,1.0,1.0,1.0,1.0,0.0,-0.0,0.0,-0.0,-0.0,0.0,0.0,1.0,1.0,1.0,1.0,1.0,1.0,1.0,1.0,1.0,1.0,1.0,1.0,1.0,1.0,1.0,1.0,1.0,0.0,1.0,1.0,1.0,1.0,1.0,1.0,1.0,1.0,1.0,1.0,1.0,1.0,1.0,1.0,1.0,1.0,1.0,1.0,1.0,1.0,1.0,1.0,1.0,1.0,1.0,1.0,1.0,1.0,1.0,1.0,1.0,1.0,1.0,1.0,1.0,1.0,1.0,1.0,1.0,1.0,1.0,1.0,1.0,1.0,1.0,1.0,1.0,1.0,0.0,0.0,0.0,0.0,0.0,0.0,0.0,1.0,1.0,1.0,1.0,1.0,1.0,1.0,1.0,1.0,1.0,0.0,0.0,0.0,0.0,0.0,0.0,0.0,1.0,1.0,1.0,1.0,1.0,1.0,1.0,1.0,1.0,1.0,1.0,1.0,1.0,1.0,1.0,1.0,1.0,1.0,1.0,1.0,1.0,1.0,1.0,1.0,1.0,1.0,-0.0,0.0,0.0,-0.0,0.0,0.0,0.0,1.0,1.0,1.0,1.0,1.0,1.0,1.0,1.0,1.0,1.0,1.0,1.0,1.0,1.0,0.0,1.0,1.0,1.0,0.0,0.0,0.0,0.0,0.0,0.0,-0.0,0.0,-0.0,0.0,-0.0,-0.0,0.0,0.0,0.0,0.0,-0.0,-0.0,0.0,0.0,0.0,1.0,1.0,1.0,1.0,1.0,1.0,1.0,1.0,1.0,1.0,1.0,1.0,1.0,1.0,1.0,1.0,1.0,1.0,1.0,1.0,1.0,1.0,1.0,0.0,1.0,1.0,1.0,1.0,1.0,1.0,1.0,1.0,1.0,1.0,1.0,1.0,1.0,1.0,1.0,1.0,1.0,1.0,1.0,1.0,1.0,1.0,1.0,1.0,0.0,0.0,0.0,-0.0,-0.0,-0.0,0.0,1.0,1.0,1.0,1.0,1.0,1.0,1.0,1.0,0.0,-0.0,-0.0,0.0,0.0,0.0,-0.0,0.0,0.0,1.0,1.0,1.0,0.0,0.0,0.0,0.0,0.0,0.0,0.0,-0.0,-0.0,0.0,-0.0,-0.0,-0.0,0.0,0.0,-0.0,0.0,0.0,-0.0,-0.0,0.0,1.0,1.0,1.0,1.0,0.0,0.0,0.0,0.0,0.0,0.0,0.0,0.0,0.0,-0.0,0.0,-0.0,-0.0,-0.0,0.0,-0.0,-0.0,0.0,0.0,0.0,0.0,0.0,-0.0,-0.0,0.0,-0.0,0.0,1.0,1.0,1.0,1.0,1.0,1.0,1.0,1.0,1.0,1.0,1.0,0.0,0.0,0.0,0.0,0.0,-0.0,0.0,0.0,0.0,0.0,-0.0,-0.0,0.0,1.0,1.0,1.0,1.0,1.0,1.0,1.0,0.0,0.0,0.0,-0.0,-0.0,-0.0,-0.0,-0.0,-0.0,0.0,0.0,0.0,0.0,0.0,0.0,0.0,1.0,1.0,1.0,1.0,1.0,1.0,1.0,1.0,1.0,1.0,1.0,1.0,1.0,1.0,1.0,1.0,1.0,1.0,1.0,0.0,0.0,0.0,0.0,1.0,1.0,1.0,1.0,1.0,1.0,1.0,1.0,1.0,1.0,1.0,1.0,1.0,1.0,1.0,1.0,1.0,1.0,1.0,1.0,1.0,1.0,1.0,1.0,1.0,1.0,1.0,1.0,1.0,1.0,1.0,1.0,1.0,1.0,1.0,1.0,1.0,1.0,1.0,1.0,1.0,1.0,1.0,1.0,1.0,1.0,1.0,1.0,1.0,1.0,1.0,1.0,1.0,1.0,1.0,1.0,1.0,1.0,1.0,1.0,1.0,1.0,1.0,1.0,1.0,1.0,1.0,1.0,0.0,0.0,0.0,0.0,0.0,1.0,1.0,1.0,1.0,1.0,1.0,1.0,1.0,1.0,1.0,1.0,1.0,1.0,1.0,1.0,1.0,1.0,1.0,1.0,1.0,1.0,1.0,1.0,1.0,1.0,1.0,1.0,1.0,1.0,1.0,1.0,1.0,1.0,1.0,1.0,1.0,1.0,1.0,1.0,1.0,1.0,1.0,1.0,0.0,0.0,0.0,0.0,0.0,1.0,1.0,1.0,1.0,1.0,1.0,1.0,1.0,1.0,1.0,1.0,1.0,1.0,1.0,1.0,1.0,1.0,1.0,1.0,1.0,1.0,0.0,0.0,0.0,1.0,1.0,1.0,1.0,1.0,1.0,1.0,1.0,1.0,1.0,1.0,1.0,1.0,1.0,1.0,1.0,1.0,1.0,1.0,0.0,0.0,0.0,0.0,1.0,1.0,1.0,1.0,1.0,1.0,1.0,1.0,1.0,1.0,1.0,1.0,1.0,1.0,1.0,1.0,1.0,1.0,1.0,1.0,1.0,1.0,1.0,1.0,1.0,1.0,1.0,1.0,1.0,1.0,1.0,1.0,1.0,1.0,1.0,1.0,1.0,1.0,1.0,1.0,1.0,1.0,1.0,1.0,0.0,0.0,0.0,0.0,0.0,1.0,1.0,1.0,1.0,1.0,1.0,1.0,1.0,1.0,1.0,1.0,1.0,1.0,1.0,1.0,1.0,1.0,1.0,1.0,0.0,0.0,0.0,0.0,0.0,1.0,1.0,1.0,1.0,1.0,1.0,1.0,1.0,1.0,1.0,1.0,1.0,1.0,1.0,1.0,1.0,1.0,1.0,1.0,0.0,0.0,0.0,0.0,1.0,1.0,1.0,1.0,1.0,1.0,1.0,1.0,1.0,1.0,1.0,1.0,1.0,1.0,1.0,1.0,1.0,1.0,1.0,1.0,1.0,1.0,1.0,1.0,1.0,1.0,1.0,1.0,1.0,1.0,1.0,1.0,1.0,1.0,1.0,1.0,1.0,1.0,1.0,1.0,1.0,1.0,1.0,1.0,1.0,1.0,1.0,1.0,1.0,1.0,1.0,1.0,1.0,1.0,1.0,1.0,1.0,1.0,1.0,1.0,1.0,1.0,1.0,1.0,1.0,1.0,1.0,1.0,1.0,1.0,1.0,1.0,1.0,1.0,1.0,1.0,1.0,1.0,1.0,1.0,1.0,1.0,1.0,1.0,1.0,1.0,1.0,1.0,1.0,1.0,1.0,1.0,1.0,1.0,1.0,1.0,1.0,1.0,1.0,1.0,1.0,1.0,1.0,1.0,1.0,1.0,1.0,1.0,1.0,1.0,1.0,1.0,1.0,1.0,1.0,1.0,1.0,1.0,1.0,1.0,1.0,1.0,1.0,1.0,1.0,1.0,1.0,1.0,1.0,1.0,1.0,1.0,1.0,1.0,1.0,1.0,1.0,1.0,1.0,1.0,1.0,1.0,1.0,1.0,1.0,1.0,1.0,1.0,1.0,1.0,1.0,1.0,1.0,1.0,1.0,1.0,1.0,1.0,1.0,1.0,1.0,1.0,1.0,1.0,1.0,1.0,1.0,1.0,1.0,1.0,1.0,1.0,1.0,1.0,1.0,1.0,1.0,1.0,1.0,1.0,1.0,1.0,1.0,1.0,1.0,1.0,1.0,1.0,1.0,1.0,1.0,1.0,1.0,1.0,1.0,1.0,1.0,1.0,1.0,1.0,1.0,1.0,1.0,1.0,1.0,1.0,1.0,1.0,1.0,1.0,1.0,1.0,1.0,1.0,1.0,1.0,1.0,1.0,1.0,1.0,1.0,1.0,1.0,1.0,1.0,1.0,1.0,1.0,1.0,1.0,1.0,1.0,1.0,1.0,1.0,1.0,1.0,1.0,1.0,1.0,1.0,1.0,1.0,1.0,1.0,1.0,1.0,1.0,1.0,1.0,1.0,1.0,1.0,1.0,1.0,1.0,1.0,1.0,1.0,1.0,1.0,1.0,1.0,1.0,1.0,1.0,1.0,1.0,1.0,1.0,1.0,1.0,1.0,1.0,1.0,1.0,1.0,1.0,1.0,1.0,1.0,1.0,1.0,1.0,0.0,0.0,0.0,0.0,0.0,1.0,1.0,1.0,1.0,1.0,1.0,1.0,1.0,1.0,1.0,1.0,1.0,1.0,1.0,1.0,1.0,1.0,1.0,1.0,0.0,0.0,0.0,0.0,1.0,1.0,1.0,1.0,1.0,1.0,1.0,1.0,1.0,1.0,1.0,1.0,1.0,1.0,1.0,1.0,1.0,1.0,1.0,1.0,0.0,0.0,0.0,0.0,0.0,0.0,0.0,0.0,0.0,0.0,0.0,0.0,0.0,0.0,0.0,0.0,0.0,0.0,0.0,0.0,0.0,0.0,-0.0,-0.0,0.0,0.0,0.0,0.0,0.0,0.0,0.0,0.0,0.0,0.0,0.0,0.0,0.0,0.0,0.0,0.0,0.0,0.0,0.0,0.0,0.0,0.0,-0.0,-0.0,0.0,0.0,0.0,0.0,0.0,0.0,0.0,0.0,0.0,0.0,0.0,0.0,0.0,0.0,0.0,0.0,0.0,0.0,0.0,0.0,0.0,0.0,-0.0,1.0,0.0,0.0,0.0,0.0,0.0,0.0,0.0,0.0,0.0,0.0,0.0,0.0,0.0,0.0,0.0,0.0,0.0,0.0,0.0,0.0,0.0,0.0,-0.0,-0.0,0.0,0.0,0.0,0.0,0.0,0.0,0.0,0.0,0.0,0.0,0.0,0.0,0.0,0.0,0.0,0.0,0.0,0.0,0.0,0.0,0.0,0.0,-0.0,-0.0,0.0,0.0,0.0,0.0,0.0,0.0,0.0,0.0,0.0,0.0,0.0,0.0,0.0,0.0,0.0,0.0,0.0,0.0,0.0,0.0,0.0,0.0,-0.0,-0.0,0.0,0.0,0.0,0.0,0.0,0.0,0.0,0.0,0.0,0.0,0.0,0.0,0.0,0.0,0.0,0.0,0.0,0.0,0.0,0.0,0.0,0.0,-0.0,0.0,0.0,0.0,0.0,0.0,0.0,0.0,0.0,0.0,0.0,0.0,0.0,0.0,0.0,0.0,0.0,0.0,0.0,0.0,0.0,0.0,0.0,0.0,-0.0,-0.0,0.0,0.0,0.0,0.0,0.0,0.0,0.0,0.0,0.0,0.0,0.0,0.0,0.0,0.0,0.0,0.0,0.0,0.0,0.0,0.0,0.0,0.0,-0.0,-0.0,0.0,0.0,0.0,0.0,0.0,0.0,0.0,0.0,0.0,0.0,0.0,0.0,0.0,0.0,0.0,0.0,0.0,0.0,0.0,0.0,0.0,0.0,-0.0,-0.0,0.0,0.0,0.0,0.0,0.0,1.0,0.0,0.0,0.0,0.0,0.0,0.0,0.0,0.0,0.0,0.0,0.0,0.0,0.0,0.0,0.0,0.0,-0.0,-0.0,0.0,0.0,0.0,0.0,0.0,0.0,0.0,0.0,0.0,0.0,0.0,0.0,0.0,0.0,0.0,0.0,0.0,0.0,0.0,0.0,0.0,0.0,-0.0,-0.0,0.0,0.0,0.0,0.0,0.0,0.0,0.0,0.0,0.0,0.0,0.0,0.0,0.0,0.0,0.0,0.0,0.0,0.0,0.0,0.0,0.0,0.0,-0.0,-0.0,0.0,0.0,0.0,0.0,0.0,0.0,1.0,0.0,0.0,0.0,0.0,0.0,0.0,0.0,0.0,0.0,-0.0,0.0,0.0,0.0,0.0,0.0,0.0,1.0,0.0,0.0,0.0,0.0,0.0,0.0,0.0,0.0,0.0,0.0,0.0,0.0,0.0,0.0,0.0,0.0,0.0,0.0,0.0,0.0,0.0,0.0,-0.0,0.0,0.0,0.0,0.0,0.0,0.0,0.0,0.0,0.0,1.0,0.0,0.0,0.0,0.0,0.0,0.0,0.0,0.0,0.0,0.0,0.0,0.0,0.0,-0.0,0.0,0.0,-0.0,-0.0,0.0,0.0,0.0,0.0,0.0,0.0,0.0,0.0,0.0,0.0,0.0,0.0,0.0,0.0,0.0,0.0,0.0,0.0,0.0,0.0,-0.0,0.0,0.0,0.0,0.0,0.0,0.0,0.0,0.0,0.0,0.0,0.0,0.0,0.0,0.0,0.0,0.0,0.0,0.0,0.0,0.0,0.0,0.0,-0.0,-0.0,0.0,0.0,0.0,0.0,0.0,0.0,0.0,0.0,0.0,0.0,0.0,0.0,0.0,0.0,0.0,0.0,0.0,0.0,0.0,0.0,0.0,0.0,-0.0,-0.0,0.0,0.0,0.0,0.0,0.0,0.0,1.0,0.0,0.0,0.0,0.0,0.0,0.0,0.0,-0.0,0.0,0.0,0.0,0.0,0.0,0.0,0.0,0.0,-0.0,0.0,0.0,-0.0,0.0,0.0,0.0,0.0,0.0,0.0,0.0,0.0,0.0,0.0,0.0,0.0,0.0,0.0,0.0,0.0,0.0,0.0,0.0,0.0,0.0,0.0,0.0,-0.0,-0.0,0.0,0.0,0.0,0.0,0.0,0.0,0.0,0.0,0.0,0.0,0.0,0.0,0.0,0.0,0.0,0.0,0.0,0.0,0.0,-0.0,0.0,0.0,0.0,0.0,0.0,0.0,1.0,0.0,0.0,0.0,0.0,0.0,0.0,0.0,0.0,0.0,0.0,-0.0,0.0,0.0,0.0,0.0,0.0,-0.0,0.0,0.0,0.0,0.0,0.0,0.0,1.0,0.0,0.0,0.0,0.0,0.0,0.0,-0.0,0.0,0.0,0.0,0.0,0.0,0.0,0.0,0.0,0.0,-0.0,0.0,0.0,0.0,0.0,0.0,1.0,0.0,0.0,0.0,0.0,0.0,0.0,0.0,0.0,0.0,0.0,0.0,0.0,0.0,0.0,0.0,0.0,-0.0,1.0,-0.0,-0.0,-0.0,-0.0,1.0,0.0,0.0,0.0,0.0,0.0,0.0,0.0,0.0,0.0,0.0,0.0,0.0,0.0,0.0,0.0,0.0,0.0,0.0,0.0,0.0,0.0,0.0,0.0,0.0,0.0,0.0,0.0,0.0,0.0,0.0,0.0,0.0,0.0,0.0,0.0,0.0,0.0,0.0,0.0,0.0,0.0,0.0,0.0,0.0,0.0,0.0,0.0,0.0,0.0,0.0,0.0,0.0,0.0,0.0,0.0,0.0,0.0,0.0,0.0,0.0,0.0,0.0,0.0,0.0,0.0,0.0,1.0,-0.0,-0.0,-0.0,-0.0,-0.0,1.0,0.0,0.0,0.0,0.0,0.0,0.0,0.0,0.0,0.0,0.0,0.0,0.0,0.0,0.0,0.0,0.0,0.0,1.0,0.0,0.0,0.0,0.0,0.0,0.0,0.0,0.0,0.0,0.0,0.0,0.0,0.0,0.0,0.0,0.0,0.0,0.0,0.0,0.0,0.0,0.0,0.0,1.0,-0.0,-0.0,-0.0,-0.0,-0.0,1.0,0.0,0.0,0.0,0.0,0.0,0.0,0.0,0.0,0.0,0.0,0.0,0.0,0.0,0.0,0.0,0.0,0.0,0.0,0.0,0.0,-0.0,-0.0,-0.0,1.0,0.0,0.0,0.0,0.0,0.0,0.0,0.0,0.0,0.0,0.0,0.0,0.0,0.0,0.0,0.0,0.0,0.0,1.0,-0.0,-0.0,-0.0,-0.0,1.0,0.0,0.0,0.0,0.0,0.0,0.0,0.0,0.0,0.0,0.0,0.0,0.0,0.0,0.0,0.0,0.0,0.0,0.0,0.0,0.0,0.0,0.0,0.0,0.0,0.0,0.0,0.0,0.0,0.0,0.0,0.0,0.0,0.0,0.0,0.0,0.0,0.0,0.0,0.0,0.0,0.0,0.0,1.0,-0.0,-0.0,-0.0,-0.0,-0.0,1.0,0.0,0.0,0.0,0.0,0.0,0.0,0.0,0.0,0.0,0.0,0.0,0.0,0.0,0.0,0.0,0.0,0.0,1.0,-0.0,-0.0,-0.0,-0.0,-0.0,1.0,0.0,0.0,0.0,0.0,0.0,0.0,0.0,0.0,0.0,0.0,0.0,0.0,0.0,0.0,0.0,0.0,0.0,1.0,-0.0,-0.0,-0.0,-0.0,1.0,0.0,0.0,0.0,0.0,0.0,0.0,0.0,0.0,0.0,0.0,0.0,0.0,0.0,0.0,0.0,0.0,0.0,0.0,0.0,0.0,0.0,0.0,0.0,0.0,0.0,0.0,0.0,0.0,0.0,0.0,0.0,0.0,0.0,0.0,0.0,0.0,0.0,0.0,0.0,0.0,0.0,0.0,0.0,0.0,0.0,0.0,0.0,0.0,0.0,0.0,0.0,0.0,0.0,0.0,0.0,0.0,0.0,0.0,0.0,0.0,0.0,0.0,0.0,0.0,0.0,0.0,0.0,0.0,0.0,0.0,0.0,0.0,0.0,0.0,0.0,0.0,0.0,0.0,0.0,0.0,0.0,0.0,0.0,0.0,0.0,0.0,0.0,0.0,0.0,0.0,0.0,0.0,0.0,0.0,0.0,0.0,0.0,0.0,0.0,0.0,0.0,0.0,0.0,0.0,0.0,0.0,0.0,0.0,0.0,0.0,0.0,0.0,0.0,0.0,1.0,0.0,0.0,0.0,0.0,0.0,0.0,0.0,0.0,0.0,0.0,0.0,0.0,0.0,0.0,0.0,0.0,0.0,0.0,0.0,0.0,0.0,0.0,0.0,0.0,0.0,0.0,0.0,0.0,0.0,0.0,0.0,0.0,0.0,0.0,0.0,0.0,0.0,0.0,0.0,0.0,0.0,0.0,0.0,0.0,0.0,0.0,0.0,0.0,0.0,0.0,0.0,0.0,0.0,0.0,0.0,0.0,0.0,0.0,0.0,0.0,0.0,0.0,0.0,0.0,0.0,0.0,0.0,0.0,0.0,0.0,0.0,1.0,0.0,0.0,0.0,0.0,0.0,0.0,0.0,0.0,0.0,0.0,0.0,0.0,0.0,0.0,0.0,0.0,0.0,0.0,0.0,0.0,0.0,0.0,0.0,0.0,0.0,0.0,0.0,0.0,0.0,0.0,0.0,0.0,0.0,0.0,0.0,0.0,0.0,0.0,0.0,0.0,0.0,0.0,0.0,0.0,0.0,0.0,0.0,0.0,0.0,0.0,0.0,0.0,0.0,0.0,0.0,0.0,0.0,0.0,0.0,0.0,0.0,0.0,0.0,0.0,0.0,0.0,0.0,0.0,0.0,0.0,0.0,1.0,0.0,0.0,0.0,0.0,0.0,0.0,0.0,0.0,0.0,0.0,0.0,0.0,0.0,0.0,0.0,0.0,0.0,0.0,0.0,0.0,0.0,0.0,0.0,1.0,-0.0,-0.0,-0.0,-0.0,-0.0,1.0,0.0,0.0,0.0,0.0,0.0,0.0,0.0,0.0,0.0,0.0,0.0,0.0,0.0,0.0,0.0,0.0,0.0,1.0,-0.0,-0.0,-0.0,-0.0,1.0,0.0,0.0,0.0,0.0,0.0,0.0,0.0,0.0,0.0,0.0,0.0,0.0,0.0,0.0,0.0,0.0,0.0,0.0,0.0,0.38727568358455927,0.774551365361361,0.999999999389196,0.999999999515917,0.9999999995211489,0.9999999996965653,0.9999999996905146,0.9999999998980968,0.9999999998481315,0.9999999998340302,0.999999999875587,0.999999999857947,0.9999999997324504,0.9999999997870731,0.999999999833991,0.9999999998741005,0.9999999997855566,0.9999999997618526,0.9999999997648201,0.9999999998752291,0.9999999998838596,0.9999999997015043,0.9999999996764911,0.4331286366567838,0.6410748591702708,0.2039841452082885,1.2194594397842986e-9,3.596875018476315e-9,0.3360045725928571,0.6778793467604567,0.999999973007862,0.9999999998920504,0.9999999998009997,0.9999999997682967,0.9999999998570827,0.9999999998266431,0.9999999989544371,0.9999999995792431,0.999999999768342,0.999999999856002,0.9999999995482777,0.9999999993908504,0.9999999994166828,0.9999999998526408,0.9999999998723416,0.9999999961670909,0.914969915033328,0.6669435239432416,0.482329737219327,3.0595789369265885e-10,3.7877392824024253e-10,4.4803898864195853e-10,4.5447525718510696e-10,0.012677360085205282,0.5063386795600232,0.9999999998408728,0.9999999996808923,0.9999999995842116,0.9999999998000216,0.9999999997196549,0.5176702641528959,0.9999999982281806,0.9999999995822578,0.999999999799377,0.9999999971063438,0.8029391801283157,0.8931151960146569,0.9646594756718686,0.48232973788429495,0.0,0.0,0.0,0.45699284796331074,0.10417001227504989,0.026907581697366414,0.21137838635109957,0.30966814205814414,0.7666609870981419,0.7794569236552564,0.9999999998875158,0.9999999997813275,0.999999999735664,0.9999999998471369,0.9999999998112157,0.9999999969371733,0.9999999994381545,0.9999999997358817,0.9999999998465184,0.9999999993592049,0.9999999990096115,0.9999999990722913,0.9999999998411856,0.9999999998655287,0.8501952519942306,0.7271435135916852,0.7068804256518243,0.9999999997609614,0.7130633950563512,0.9999999991391815,0.9999999993555652,0.9999999993631683,0.9999999996397675,0.9999999996307046,0.9999999998931157,0.9999999998355147,0.9999999998182522,0.9999999998673593,0.9999999998470359,0.999999999688901,0.9999999997604175,0.9999999998185392,0.9999999998658559,0.999999999758088,0.9999999997279999,0.9999999997319062,0.9999999998667682,0.9999999998771251,0.9999999996460632,0.9999999996112185,0.9999999998972042,0.999999999820632,0.999999999375462,0.9999999996692797,0.9999999997000939,0.9999999997017281,0.999999999770139,0.9999999997681402,0.9999999999008585,0.9999999998610866,0.999999999850849,0.9999999998822691,0.999999999867976,0.9999999997883062,0.9999999998196311,0.9999999998510767,0.9999999998809076,0.9999999998198899,0.9999999998048883,0.9999999998066728,0.9999999998827934,0.9999999998886092,0.9999999997731718,0.9999999997612273,0.0,0.0,0.0,0.0,0.0,0.0,0.0,0.0,0.0,0.0,0.0,0.0,0.0,0.0,0.0,0.0,0.0,0.0,0.0,0.0,0.0,0.0,0.0,0.0,0.9999999998953448,0.9999999997645088,0.6633291661778392,0.9999999989970675,0.999999999316174,0.9999999993267471,0.9999999996512952,0.9999999996416365,0.9999999998994643,0.9999999998461876,0.9999999998295801,0.9999999998759945,0.9999999998573454,0.9999999997029213,0.9999999997746882,0.9999999998305282,0.999999999874687,0.9999999997721503,0.9999999997429134,0.9999999997477453,0.9999999998754646,0.9999999998849366,0.9999999996582065,0.9999999996205262,0.9999999998282733,0.9999999990495305,0.5062586668879683,0.6416378916122103,0.971724449197181,0.9719493827229777,0.9999999987379259,0.9999999986233943,0.9999999998383255,0.9999999996885336,0.9999999996393876,0.9999999997749003,0.99999999972289,0.9999999990865233,0.9999999994304349,0.9999999996380872,0.9999999997726818,0.999999999408049,0.9999999992861809,0.9999999993035872,0.9999999997700115,0.9999999998012692,0.9999999987681748,0.999999998451052,0.9999999998383564,0.8733337360728027,0.3763180627589198,4.3481627669257224e-8,0.23195121726161935,0.4746570094737043,0.8817708176649538,0.9999998682466775,0.9999999998472379,0.9999999996891125,0.9999999996284993,0.9999999997848301,0.9999999997311707,0.9999999981871766,0.9999999992895848,0.9999999996263718,0.9999999997830301,0.9999999992313877,0.9999999989497034,0.9999999989910291,0.9940313475484303,0.4970156738255197,0.0,0.0,0.0,0.0,0.0,0.0,0.0,0.0,0.0,0.4625423013401071,0.9250846026835698,0.9999999996043137,0.9999999994944637,0.999999999751692,0.9999999996750581,0.7572069223455937,0.9999999983361673,0.999999999489954,0.9999999997507636,0.9999999977610113,0.999999991446423,0.9999999933427138,0.8786940291006681,0.43934701461234393,0.0,0.0,0.8905143459327732,0.46653811581155663,0.042561885458115796,7.709681327914418e-10,9.801267982875455e-10,1.0060245263630017e-9,0.025195727524892388,0.5125977397548233,0.9999999998051241,0.9999999995192862,0.9999999993478331,0.9999999997203884,0.9999999995958118,0.5760237730413634,0.9999999928331936,0.9999999993399366,0.9999999997201717,0.9826198288884678,0.7175291965085699,0.7446415315210508,0.99999999969933,0.9999999997330178,0.5760237700399764,0.15204754207027363,0.6347273021711972,0.36344496873841536,7.44900530253e-10,7.904595576779207e-10,1.0121580439519982e-9,1.0402818553391998e-9,0.04394927297336453,0.50512015646911,0.9999999998068816,0.9999999995273088,0.9999999993648945,0.9999999997220563,0.9999999995975871,0.6365550344525297,0.9999999950576887,0.9999999993577924,0.9999999997217899,0.9999999708434479,0.7633376708442764,0.7913292943190624,0.999999999701702,0.9999999997281277,0.6365550316868949,0.27311006488831385,0.0,0.0,0.0,0.0,0.0,0.0,0.0,0.0,0.4684152682793814,0.7495026428416929,0.4706243124968229,0.9390395765950014,0.5555838258121987,0.17212807455376022,9.893145202944658e-10,0.29789879370784195,0.0,0.0,0.0,0.0,0.0,0.0,0.0,0.0,0.0,0.41641851117960665,0.583581492224291,0.9999999975009507,0.9999999987908145,0.999999998815898,0.999999999416164,0.9999999993959199,0.9999999998605021,0.9999999997666126,0.9999999997384513,0.9999999998185886,0.9999999997853013,0.9999999995089301,0.999999999636993,0.9999999997378493,0.9999999998164633,0.9999999996324805,0.999999999579348,0.9999999995864896,0.9999999998175274,0.9999999998351756,0.999999999427685,0.999999999357749,0.49956348047973437,0.0,0.0,0.0,0.0,0.0,0.0,0.0,0.0,0.0,0.37956362776954855,0.7591272554694954,0.9999999996573542,0.7101751339614198,0.9999999981612002,0.9999999994587948,0.9999999997388296,0.9999999974843292,0.9999999881227218,0.9999999913760403,0.99912696091061,0.4995634805167119,0.0,0.0,0.4848645667793897,0.37159077022067416,0.0,0.0,0.0,0.0,0.0,0.0,0.0,0.0,0.0,0.0,0.0,0.0,0.0,0.0,0.0,0.0,0.0,0.0,0.0,0.0,0.0,0.0,0.9999999997083762,0.5479457567668374,0.09589151370628304,7.189481322737805e-10,8.72661723363192e-10,8.98275955955691e-10,0.1271026993333313,0.5635513485076156,0.9999999997695527,0.9999999994441059,0.9999999992278569,0.9999999996904139,0.9999999995262527,0.5479457594611687,0.984394389191476,0.9999999992174672,0.9999999996920371,0.8752870058834423,0.5631266885866111,0.595054279714775,0.9041084865419278,0.45205424335801964,0.0,0.0,0.8269192696965232,0.4662012450396209,0.10548322040831427,2.992071277457031e-10,3.3189341092462773e-10,3.379699747957427e-10,0.19326365012472263,0.5917426806882362,0.9902217115246515,0.9999999982566756,0.9080336233257427,0.9999999996118469,0.7468933487070097,0.3861753243804641,0.1932003885305556,0.5916794176140173,0.9337906384044444,0.57307261407165,0.21235459017367933,0.5956236082863324,0.9941026387130485,0.8556313016949791,0.4949132770979125,0.13419525270746047,0.0,0.0,0.0,0.0,0.0,0.0,0.0,0.0,0.38638506493388974,0.7727701295193316,0.9999999992210746,0.9999999997015541,0.7496841293503321,0.3748420646549351,0.0,0.0,0.0,0.0,0.0,0.0,0.0,0.0,0.0,0.0,0.9899037400179178,0.4949518699871903,0.0,0.0,0.0,0.0,0.0,0.0,0.0,0.0,0.0,0.0,0.0,0.0,0.0,0.0,0.0,0.0,0.0,0.0,0.0,0.0,0.0,0.0,0.999999999455451,0.6172347661437272,0.23446953284360708,0.0,0.0,0.0,0.0,0.0,0.0,0.0,0.0,0.0,0.0,0.0,0.0,0.0,0.0,0.0,0.0,0.0,0.0,0.0,0.0,0.0,0.0,0.0,0.0,0.0,0.0,0.0,0.0,0.0,0.4752294760705756,0.9504589517774826,0.9999999993109892,0.9999999996896234,0.9999999995697831,0.5920349345096181,0.9999999969022355,0.8159301515922374,0.4079650760026468,0.0,0.0,0.0,0.0,0.0,0.0,0.0,0.0,0.0,0.0,0.0,0.0,0.0,0.0,0.0,0.43818774518019116,0.8763754901018991,0.9999999994684132,0.6735832260776338,0.33679161308635164,0.0,0.0,0.0,0.0,0.0,0.0,0.0,0.0,0.0,0.0,0.0,0.0,0.0,0.0,0.0,0.0,0.0,0.0,0.4653747889414283,0.9307495778756155,0.9999999996715447,0.9999999996076465,0.99999999977314,0.9999999997155562,0.9999999981759237,0.9999999992565258,0.9999999996049969,0.999999999771126,0.9999999991961387,0.9999999989135405,0.9999999989541709,0.9999999997651121,0.9999999998031828,0.9999999938985293,0.9664730670895235,0.0,0.0,0.0,0.0,0.0,0.0,0.3385108280873379,0.6770216544594105,0.9999999997318785,0.9999999992185807,0.9999999989639355,0.9999999995495145,0.9999999993874213,0.9098376164831432,0.9999999949151319,0.9999999989553413,0.9999999995496146,0.9999999904307046,0.9805003466227019,0.9860352176145767,0.9999999995138664,0.999999999638995,0.8340592276707153,0.7988531867151679,0.9999999997479263,0.9272112731389036,0.569871840598399,0.6613214894773192,0.6953969498470597,0.6954175103470105,0.8161098517382451,0.8003372293074863,0.9999999997640348,0.9999999992030044,0.999999998799509,0.9999999995933446,0.9999999994201484,0.8623332055098806,0.9608877451704768,0.9999999987802624,0.9999999995927342,0.9428991855475477,0.9079572142244406,0.9115310995053113,0.9999999995524269,0.9999999996882439,0.8134070910191707,0.7906756941680472,0.92583018498048,0.999999999043295,0.6818343193846458,0.8580510151202897,0.9028707992843805,0.9028992998465739,0.99999999621025,0.9999999943636069,0.999999999787341,0.9999999995401542,0.9999999994525206,0.999999999687594,0.9999999996046447,0.9999999980053421,0.9999999990125668,0.99999999945022,0.9999999996846713,0.9999999989356755,0.9999999986436028,0.999999998682627,0.9999999996743714,0.9999999997326326,0.9999999960071847,0.9999999918787918,0.0,0.0,0.0,0.0,0.0,0.0,0.0,0.3549516488105821,0.7099032975835032,0.999999997238381,0.9875106348263601,0.9999999993745847,0.9999999988941967,0.7087183579997091,0.8100834784824912,0.9867956066568458,0.9999999993773585,0.791581419421405,0.7556442819778351,0.75931940097229,0.9999999993477203,0.999999999599383,0.6583946618217463,0.6350163443927339,0.0,0.34220501547482496,0.6844100306905689,0.9999999995611442,0.99999999960591,0.9999999996077769,0.9999999996578853,0.9999999996561482,0.9999999998328342,0.9999999997635501,0.9999999997465885,0.9999999997977191,0.9999999997719267,0.9999999996745634,0.9999999997071184,0.9999999997469741,0.9999999997954083,0.9999999997084243,0.9999999996908565,0.9999999996931049,0.9999999998018452,0.9999999998089498,0.9999999996611358,0.9999999996501039,0.0,0.0,0.0,0.0,0.0,0.0,0.0,0.49061846957772826,0.9812369391159627,0.9999999996583422,0.9999999996222899,0.999999999733468,0.9999999996847373,0.9999999993899157,0.9999999995079866,0.9999999996224015,0.9999999997302376,0.9999999995045226,0.9999999994515131,0.9999999994587128,0.9999999997341834,0.9999999997579276,0.9999999993274876,0.9999999992776,0.7880909471752394,0.4574242891319339,0.0,0.0,0.0,0.0,0.0,0.47876173670909666,0.9575234733695716,0.9999999994914527,0.9999999993926123,0.9999999996621489,0.9999999995690723,0.9999999974193668,0.9999999988535848,0.9999999993902202,0.9999999996589769,0.9999999987501511,0.9999999983632586,0.9999999984169147,0.9999999996486223,0.9999999997127906,0.9999999930523745,0.9999999504615705,0.0,0.0,0.0,0.0,0.0,0.0,0.3561527636893834,0.7123055271203894,0.9999999998093214,0.9999999996781743,0.9999999996427297,0.9999999997484563,0.9999999997025303,0.999999999416533,0.999999999532071,0.999999999642685,0.9999999997455299,0.9999999995282137,0.9999999994769161,0.9999999994838421,0.9999999997485477,0.9999999997718293,0.9999999993542739,0.9999999993022689,0.9999999998340353,0.9999999997010885,0.9999999993632497,0.9999999995308705,0.9999999995585295,0.9999999995599848,0.9999999996332709,0.9999999996307186,0.9999999998411787,0.999999999765444,0.9999999997468653,0.9999999998041315,0.999999999776399,0.999999999655961,0.9999999996985283,0.9999999997469472,0.9999999998015383,0.9999999996992656,0.9999999996775422,0.9999999996805653,0.9999999998064619,0.9999999998165735,0.9999999996381791,0.9999999996220817,0.0,0.0,0.0,0.0,0.0,0.0,0.0,0.46014497248569197,0.920289944925802,0.9999999995908672,0.9999999995326437,0.9999999997035907,0.9999999996368891,0.9999999989828491,0.9999999993014146,0.9999999995322152,0.9999999997004774,0.9999999992788878,0.9999999991601146,0.9999999991756142,0.9999999996980345,0.9999999997394452,0.9999999987270125,0.9999999985199722,0.0,0.0,0.0,0.0,0.0,0.0,0.0,0.49563664461162055,0.9912732891763444,0.9999999995728528,0.9999999995062778,0.99999999969837,0.9999999996259218,0.9999999987608524,0.9999999992178089,0.9999999995050629,0.9999999996948353,0.9999999991827374,0.9999999990238686,0.9999999990454252,0.9999999996926432,0.9999999997370165,0.9999999983096889,0.9999999979059712,0.0,0.0,0.0,0.0,0.0,0.0,0.4262526519675564,0.8525053036636474,0.9999999998106764,0.9999999996919566,0.9999999996609196,0.9999999997545062,0.9999999997125614,0.9999999994797024,0.9999999995694764,0.9999999996610853,0.999999999751604,0.9999999995675154,0.9999999995260177,0.9999999995316774,0.9999999997559864,0.9999999997754241,0.999999999434707,0.9999999993988496,0.9999999998572214,0.9999999997445025,0.9999999994329007,0.9999999995931254,0.9999999996183835,0.9999999996195484,0.9999999996856963,0.9999999996832752,0.9999999998634718,0.9999999998006573,0.9999999997851058,0.9999999998323287,0.9999999998092788,0.9999999997054089,0.9999999997425223,0.9999999997838748,0.9999999998299133,0.9999999997424589,0.9999999997240939,0.9999999997267546,0.9999999998350795,0.9999999998426944,0.9999999996887154,0.9999999996758805,0.8940868814044216,0.9999999995594168,0.999999996732964,0.9999999989275012,0.999999999078228,0.9999999990840306,0.999999999375789,0.9999999993620371,0.9999999998174095,0.9999999996929516,0.9999999996595406,0.999999999760068,0.999999999716096,0.999999999444039,0.999999999554361,0.9999999996593281,0.9999999997568003,0.9999999995509443,0.9999999995018026,0.9999999995084893,0.9999999997594795,0.9999999997816478,0.9999999993849039,0.9999999993381011,0.6725144798598212,0.9999999984650434,0.6748631090070696,0.8003461475757945,0.8322612217495904,0.8322806250251407,0.9453145409408101,0.9305479594535205,0.9999999998027063,0.9999999995178316,0.9999999993933794,0.9999999996958064,0.9999999996016374,0.98860538124385,0.9999999983289779,0.9999999993889728,0.9999999996923139,0.9999999979079937,0.9999999958774741,0.9999999962574473,0.9999999996791019,0.999999999748546,0.9427878766184252,0.921497679468563,0.6441161248461503,0.9999999995586166,0.9999999981015856,0.9999999990980943,0.9999999992004817,0.999999999204616,0.9999999994232034,0.9999999994127083,0.9999999998150343,0.9999999996965437,0.9999999996653222,0.9999999997591624,0.999999999717423,0.9999999994786297,0.9999999995719888,0.999999999665382,0.9999999997563325,0.9999999995698996,0.9999999995270256,0.9999999995328689,0.9999999997601507,0.9999999997800423,0.9999999994315868,0.9999999993919101,0.0,0.47818386652947587,0.9563677326533336,0.9999999995618862,0.9999999995908132,0.9999999995920652,0.9999999996644419,0.9999999996614836,0.9999999998567379,0.9999999997886607,0.99999999977119,0.9999999998229885,0.9999999997982969,0.9999999996859189,0.9999999997260685,0.9999999997709801,0.999999999820642,0.9999999997259158,0.9999999997063008,0.9999999997091302,0.9999999998251956,0.9999999998344519,0.9999999996676342,0.9999999996541834,0.9999999998156149,0.999999999549386,0.9885355453749636,0.9999999985817746,0.9999999988633932,0.9999999988706567,0.9999999993200259,0.9999999992978985,0.9999999998258469,0.9999999996991323,0.9999999996623965,0.9999999997677563,0.9999999997231653,0.9999999994086134,0.9999999995427394,0.9999999996615542,0.9999999997646511,0.9999999995361234,0.9999999994798944,0.999999999487642,0.9999999997666741,0.9999999997902844,0.999999999327347,0.9999999992664185,0.9999999998293382,0.9999999995904433,0.9927983532170301,0.9999999987307329,0.9999999989790951,0.9999999989858918,0.9999999993843922,0.999999999365275,0.9999999998385756,0.9999999997242812,0.999999999691288,0.9999999997861704,0.9999999997460209,0.999999999463599,0.9999999995839711,0.9999999996905099,0.9999999997833976,0.9999999995781289,0.9999999995271742,0.9999999995337921,0.9999999997853644,0.9999999998067257,0.9999999993924397,0.999999999334977,0.0,0.4005843570115516,0.8011687137253538,0.9999999995875851,0.9999999996140386,0.9999999996153383,0.9999999996760024,0.999999999673985,0.9999999998541103,0.9999999997886836,0.9999999997720299,0.9999999998213063,0.9999999997972736,0.9999999996947694,0.999999999730635,0.9999999997717952,0.9999999998189466,0.9999999997310423,0.999999999712739,0.9999999997152348,0.9999999998243315,0.9999999998322832,0.9999999996797124,0.9999999996667249,0.876099404646919,0.999999999806687,0.9999999997184128,0.9999999997542766,0.9999999997613287,0.9999999997616648,0.9999999997830517,0.9999999997827819,0.9999999998740323,0.9999999998354321,0.999999999825987,0.999999999853729,0.999999999838995,0.999999999790531,0.999999999806105,0.9999999998259218,0.9999999998521298,0.9999999998069559,0.9999999997983322,0.9999999997996897,0.999999999856896,0.9999999998596317,0.9999999997847273,0.9999999997799971,0.7170052785630829,0.9999999997725438,0.9999999996716185,0.9999999997128558,0.9999999997210777,0.9999999997215371,0.9999999997471959,0.9999999997466547,0.99999999985983,0.9999999998100708,0.9999999997983957,0.9999999998337767,0.9999999998153873,0.9999999997559861,0.9999999997748179,0.9999999997991053,0.9999999998324107,0.9999999997757424,0.9999999997651171,0.9999999997662706,0.9999999998359556,0.9999999998416753,0.9999999997495203,0.9999999997433695,0.0,0.49661598633923176,0.9932319723801343,0.9999999996141418,0.9999999996319051,0.9999999996328782,0.9999999996823213,0.9999999996807504,0.9999999998468803,0.9999999997826556,0.9999999997672561,0.9999999998145014,0.9999999997910369,0.9999999996984047,0.9999999997299834,0.9999999997675607,0.9999999998125334,0.9999999997308986,0.9999999997143603,0.9999999997168194,0.9999999998185959,0.9999999998251923,0.9999999996855619,0.999999999675189,0.0,0.0,0.0,0.0,0.0,0.0,0.0,0.395259354762001,0.7905187094950027,0.9999999997591288,0.9999999997356627,0.9999999998061467,0.9999999997745117,0.9999999995982183,0.9999999996665744,0.9999999997354913,0.9999999998036019,0.9999999996649588,0.9999999996336145,0.9999999996380492,0.9999999998070065,0.9999999998214868,0.9999999995637076,0.9999999995369132,0.0,0.0,0.0,0.0,0.0,0.0,0.39025254918260305,0.7805050975586172,0.9999999997968032,0.9999999995317799,0.9999999994256787,0.999999999693872,0.9999999996054947,0.9999999955828962,0.9999999987704593,0.9999999994219979,0.9999999996917074,0.9999999986052374,0.999999997993276,0.9999999980817527,0.999999999676611,0.9999999997423057,0.9833313566959324,0.954845818085835,1.0,1.0,1.0,1.0,1.0,1.0,1.0,1.0,1.0,1.0,1.0,1.0,1.0,1.0,1.0,1.0,1.0,1.0,1.0,1.0,1.0,1.0,1.0,1.0,1.0,1.0,1.0,1.0,1.0,1.0,1.0,1.0,1.0,1.0,1.0,1.0,1.0,1.0,1.0,1.0,1.0,1.0,1.0,1.0,1.0,1.0,1.0,1.0,1.0,1.0,1.0,1.0,1.0,1.0,1.0,1.0,1.0,1.0,1.0,1.0,1.0,1.0,1.0,1.0,1.0,1.0,1.0,1.0,1.0,1.0,1.0,-0.0,1.0,1.0,1.0,1.0,1.0,1.0,1.0,1.0,1.0,1.0,1.0,1.0,1.0,1.0,1.0,1.0,1.0,1.0,1.0,1.0,1.0,1.0,1.0,1.0,1.0,1.0,1.0,1.0,1.0,1.0,1.0,1.0,1.0,1.0,1.0,1.0,1.0,1.0,1.0,1.0,1.0,1.0,1.0,1.0,1.0,1.0,1.0,1.0,1.0,1.0,1.0,1.0,1.0,1.0,1.0,1.0,1.0,1.0,1.0,1.0,1.0,1.0,1.0,1.0,1.0,1.0,1.0,1.0,1.0,1.0,1.0,1.0,-0.0,-0.0,-0.0,-0.0,-0.0,-0.0,-0.0,-0.0,-0.0,-0.0,-0.0,-0.0,-0.0,-0.0,-0.0,-0.0,-0.0,-0.0,-0.0,-0.0,-0.0,-0.0,-0.0,-0.0,1.0,1.0,1.0,1.0,1.0,1.0,1.0,1.0,1.0,1.0,1.0,1.0,1.0,1.0,1.0,1.0,1.0,1.0,1.0,1.0,1.0,1.0,1.0,1.0,1.0,1.0,1.0,1.0,1.0,1.0,1.0,1.0,1.0,1.0,1.0,1.0,1.0,1.0,1.0,1.0,1.0,1.0,1.0,1.0,1.0,1.0,1.0,1.0,1.0,1.0,1.0,1.0,1.0,1.0,1.0,1.0,1.0,1.0,1.0,1.0,1.0,1.0,1.0,1.0,1.0,1.0,1.0,1.0,1.0,1.0,1.0,-0.0,-0.0,-0.0,-0.0,-0.0,-0.0,-0.0,1.0,1.0,1.0,1.0,1.0,1.0,1.0,1.0,1.0,1.0,1.0,1.0,1.0,1.0,1.0,1.0,1.0,-0.0,1.0,1.0,1.0,1.0,1.0,1.0,1.0,1.0,1.0,1.0,1.0,1.0,1.0,1.0,1.0,1.0,1.0,1.0,1.0,1.0,1.0,1.0,1.0,1.0,1.0,1.0,1.0,1.0,1.0,1.0,1.0,1.0,1.0,1.0,1.0,1.0,1.0,1.0,1.0,1.0,1.0,1.0,1.0,1.0,1.0,1.0,1.0,1.0,-0.0,-0.0,-0.0,-0.0,-0.0,-0.0,-0.0,1.0,1.0,1.0,1.0,1.0,1.0,1.0,1.0,1.0,1.0,-0.0,-0.0,-0.0,-0.0,-0.0,-0.0,-0.0,1.0,1.0,1.0,1.0,1.0,1.0,1.0,1.0,1.0,1.0,1.0,1.0,1.0,1.0,1.0,1.0,1.0,1.0,1.0,1.0,1.0,1.0,1.0,1.0,1.0,1.0,-0.0,-0.0,-0.0,-0.0,-0.0,-0.0,-0.0,1.0,1.0,1.0,1.0,1.0,1.0,1.0,1.0,1.0,1.0,1.0,1.0,1.0,1.0,-0.0,1.0,1.0,1.0,-0.0,-0.0,-0.0,-0.0,-0.0,-0.0,-0.0,-0.0,-0.0,-0.0,-0.0,-0.0,-0.0,-0.0,-0.0,-0.0,-0.0,-0.0,-0.0,-0.0,-0.0,1.0,1.0,1.0,1.0,1.0,1.0,1.0,1.0,1.0,1.0,1.0,1.0,1.0,1.0,1.0,1.0,1.0,1.0,1.0,1.0,1.0,1.0,1.0,-0.0,1.0,1.0,1.0,1.0,1.0,1.0,1.0,1.0,1.0,1.0,1.0,1.0,1.0,1.0,1.0,1.0,1.0,1.0,1.0,1.0,1.0,1.0,1.0,1.0,-0.0,-0.0,-0.0,-0.0,-0.0,-0.0,-0.0,1.0,1.0,1.0,1.0,1.0,1.0,1.0,1.0,-0.0,-0.0,-0.0,-0.0,-0.0,-0.0,-0.0,-0.0,-0.0,1.0,1.0,1.0,-0.0,-0.0,-0.0,-0.0,-0.0,-0.0,-0.0,-0.0,-0.0,-0.0,-0.0,-0.0,-0.0,-0.0,-0.0,-0.0,-0.0,-0.0,-0.0,-0.0,-0.0,1.0,1.0,1.0,1.0,-0.0,-0.0,-0.0,-0.0,-0.0,-0.0,-0.0,-0.0,-0.0,-0.0,-0.0,-0.0,-0.0,-0.0,-0.0,-0.0,-0.0,-0.0,-0.0,-0.0,-0.0,-0.0,-0.0,-0.0,-0.0,-0.0,-0.0,1.0,1.0,1.0,1.0,1.0,1.0,1.0,1.0,1.0,1.0,1.0,-0.0,-0.0,-0.0,-0.0,-0.0,-0.0,-0.0,-0.0,-0.0,-0.0,-0.0,-0.0,-0.0,1.0,1.0,1.0,1.0,1.0,1.0,1.0,-0.0,-0.0,-0.0,-0.0,-0.0,-0.0,-0.0,-0.0,-0.0,-0.0,-0.0,-0.0,-0.0,-0.0,-0.0,-0.0,1.0,1.0,1.0,1.0,1.0,1.0,1.0,1.0,1.0,1.0,1.0,1.0,1.0,1.0,1.0,1.0,1.0,1.0,1.0,-0.0,-0.0,-0.0,-0.0,1.0,1.0,1.0,1.0,1.0,1.0,1.0,1.0,1.0,1.0,1.0,1.0,1.0,1.0,1.0,1.0,1.0,1.0,1.0,1.0,1.0,1.0,1.0,1.0,1.0,1.0,1.0,1.0,1.0,1.0,1.0,1.0,1.0,1.0,1.0,1.0,1.0,1.0,1.0,1.0,1.0,1.0,1.0,1.0,1.0,1.0,1.0,1.0,1.0,1.0,1.0,1.0,1.0,1.0,1.0,1.0,1.0,1.0,1.0,1.0,1.0,1.0,1.0,1.0,1.0,1.0,1.0,1.0,-0.0,-0.0,-0.0,-0.0,-0.0,1.0,1.0,1.0,1.0,1.0,1.0,1.0,1.0,1.0,1.0,1.0,1.0,1.0,1.0,1.0,1.0,1.0,1.0,1.0,1.0,1.0,1.0,1.0,1.0,1.0,1.0,1.0,1.0,1.0,1.0,1.0,1.0,1.0,1.0,1.0,1.0,1.0,1.0,1.0,1.0,1.0,1.0,1.0,-0.0,-0.0,-0.0,-0.0,-0.0,1.0,1.0,1.0,1.0,1.0,1.0,1.0,1.0,1.0,1.0,1.0,1.0,1.0,1.0,1.0,1.0,1.0,1.0,1.0,1.0,1.0,-0.0,-0.0,-0.0,1.0,1.0,1.0,1.0,1.0,1.0,1.0,1.0,1.0,1.0,1.0,1.0,1.0,1.0,1.0,1.0,1.0,1.0,1.0,-0.0,-0.0,-0.0,-0.0,1.0,1.0,1.0,1.0,1.0,1.0,1.0,1.0,1.0,1.0,1.0,1.0,1.0,1.0,1.0,1.0,1.0,1.0,1.0,1.0,1.0,1.0,1.0,1.0,1.0,1.0,1.0,1.0,1.0,1.0,1.0,1.0,1.0,1.0,1.0,1.0,1.0,1.0,1.0,1.0,1.0,1.0,1.0,1.0,-0.0,-0.0,-0.0,-0.0,-0.0,1.0,1.0,1.0,1.0,1.0,1.0,1.0,1.0,1.0,1.0,1.0,1.0,1.0,1.0,1.0,1.0,1.0,1.0,1.0,-0.0,-0.0,-0.0,-0.0,-0.0,1.0,1.0,1.0,1.0,1.0,1.0,1.0,1.0,1.0,1.0,1.0,1.0,1.0,1.0,1.0,1.0,1.0,1.0,1.0,-0.0,-0.0,-0.0,-0.0,1.0,1.0,1.0,1.0,1.0,1.0,1.0,1.0,1.0,1.0,1.0,1.0,1.0,1.0,1.0,1.0,1.0,1.0,1.0,1.0,1.0,1.0,1.0,1.0,1.0,1.0,1.0,1.0,1.0,1.0,1.0,1.0,1.0,1.0,1.0,1.0,1.0,1.0,1.0,1.0,1.0,1.0,1.0,1.0,1.0,1.0,1.0,1.0,1.0,1.0,1.0,1.0,1.0,1.0,1.0,1.0,1.0,1.0,1.0,1.0,1.0,1.0,1.0,1.0,1.0,1.0,1.0,1.0,1.0,1.0,1.0,1.0,1.0,1.0,1.0,1.0,1.0,1.0,1.0,1.0,1.0,1.0,1.0,1.0,1.0,1.0,1.0,1.0,1.0,1.0,1.0,1.0,1.0,1.0,1.0,1.0,1.0,1.0,1.0,1.0,1.0,1.0,1.0,1.0,1.0,1.0,1.0,1.0,1.0,1.0,1.0,1.0,1.0,1.0,1.0,1.0,1.0,1.0,1.0,1.0,1.0,1.0,1.0,1.0,1.0,1.0,1.0,1.0,1.0,1.0,1.0,1.0,1.0,1.0,1.0,1.0,1.0,1.0,1.0,1.0,1.0,1.0,1.0,1.0,1.0,1.0,1.0,1.0,1.0,1.0,1.0,1.0,1.0,1.0,1.0,1.0,1.0,1.0,1.0,1.0,1.0,1.0,1.0,1.0,1.0,1.0,1.0,1.0,1.0,1.0,1.0,1.0,1.0,1.0,1.0,1.0,1.0,1.0,1.0,1.0,1.0,1.0,1.0,1.0,1.0,1.0,1.0,1.0,1.0,1.0,1.0,1.0,1.0,1.0,1.0,1.0,1.0,1.0,1.0,1.0,1.0,1.0,1.0,1.0,1.0,1.0,1.0,1.0,1.0,1.0,1.0,1.0,1.0,1.0,1.0,1.0,1.0,1.0,1.0,1.0,1.0,1.0,1.0,1.0,1.0,1.0,1.0,1.0,1.0,1.0,1.0,1.0,1.0,1.0,1.0,1.0,1.0,1.0,1.0,1.0,1.0,1.0,1.0,1.0,1.0,1.0,1.0,1.0,1.0,1.0,1.0,1.0,1.0,1.0,1.0,1.0,1.0,1.0,1.0,1.0,1.0,1.0,1.0,1.0,1.0,1.0,1.0,1.0,1.0,1.0,1.0,1.0,1.0,1.0,1.0,1.0,1.0,1.0,1.0,1.0,1.0,1.0,1.0,1.0,-0.0,-0.0,-0.0,-0.0,-0.0,1.0,1.0,1.0,1.0,1.0,1.0,1.0,1.0,1.0,1.0,1.0,1.0,1.0,1.0,1.0,1.0,1.0,1.0,1.0,-0.0,-0.0,-0.0,-0.0,1.0,1.0,1.0,1.0,1.0,1.0,1.0,1.0,1.0,1.0,1.0,1.0,1.0,1.0,1.0,1.0,1.0,1.0,1.0,474.191048,-0.0,-0.0,-0.0,-0.0,-0.0,-0.0,-0.0,-0.0,-0.0,-0.0,-0.0,-0.0,-0.0,-0.0,-0.0,-0.0,-0.0,-0.0,-0.0,-0.0,-0.0,-0.0,-0.0,-0.0,-0.0,-0.0,-0.0,-0.0,-0.0,-0.0,-0.0,-0.0,-0.0,-0.0,-0.0,-0.0,-0.0,-0.0,-0.0,-0.0,-0.0,-0.0,-0.0,-0.0,-0.0,-0.0,-0.0,-0.0,-0.0,-0.0,-0.0,-0.0,-0.0,-0.0,-0.0,-0.0,-0.0,-0.0,-0.0,-0.0,-0.0,-0.0,-0.0,-0.0,-0.0,-0.0,-0.0,-0.0,-0.0,-0.0,0.0,456.089138,-0.0,-0.0,-0.0,-0.0,-0.0,-0.0,-0.0,-0.0,-0.0,-0.0,-0.0,-0.0,-0.0,-0.0,-0.0,-0.0,-0.0,-0.0,-0.0,-0.0,-0.0,-0.0,-0.0,-0.0,-0.0,-0.0,-0.0,-0.0,-0.0,-0.0,-0.0,-0.0,-0.0,-0.0,-0.0,-0.0,-0.0,-0.0,-0.0,-0.0,-0.0,-0.0,-0.0,-0.0,-0.0,-0.0,-0.0,-0.0,-0.0,-0.0,-0.0,-0.0,-0.0,-0.0,-0.0,-0.0,-0.0,-0.0,-0.0,-0.0,-0.0,-0.0,-0.0,-0.0,-0.0,-0.0,-0.0,-0.0,-0.0,-0.0,-0.0,-0.0,-0.0,-0.0,-0.0,-0.0,-0.0,-0.0,-0.0,-0.0,-0.0,-0.0,-0.0,-0.0,-0.0,-0.0,-0.0,-0.0,-0.0,-0.0,-0.0,-0.0,-0.0,-0.0,-0.0,-0.0,-0.0,-0.0,-0.0,-0.0,-0.0,-0.0,-0.0,-0.0,-0.0,-0.0,-0.0,-0.0,-0.0,-0.0,-0.0,-0.0,-0.0,-0.0,-0.0,-0.0,-0.0,-0.0,-0.0,-0.0,-0.0,-0.0,-0.0,-0.0,-0.0,-0.0,-0.0,-0.0,-0.0,-0.0,-0.0,-0.0,-0.0,-0.0,-0.0,-0.0,-0.0,-0.0,-0.0,-0.0,-0.0,-0.0,-0.0,-0.0,-0.0,-0.0,-0.0,-0.0,-0.0,-0.0,-0.0,-0.0,-0.0,-0.0,-0.0,-0.0,-0.0,-0.0,-0.0,-0.0,-0.0,-0.0,-0.0,-0.0,-0.0,-0.0,0.0,-0.0,-0.0,-0.0,-0.0,-0.0,-0.0,290.650191,-0.0,-0.0,-0.0,-0.0,-0.0,-0.0,-0.0,-0.0,-0.0,-0.0,-0.0,-0.0,-0.0,-0.0,-0.0,-0.0,0.0,-0.0,-0.0,-0.0,-0.0,-0.0,-0.0,-0.0,-0.0,-0.0,-0.0,-0.0,-0.0,-0.0,-0.0,-0.0,-0.0,-0.0,-0.0,-0.0,-0.0,-0.0,-0.0,-0.0,-0.0,-0.0,-0.0,-0.0,-0.0,-0.0,-0.0,-0.0,-0.0,-0.0,-0.0,-0.0,-0.0,-0.0,-0.0,-0.0,-0.0,-0.0,-0.0,-0.0,-0.0,-0.0,-0.0,-0.0,-0.0,-0.0,-0.0,-0.0,-0.0,-0.0,-0.0,-0.0,284.025581,-0.0,-0.0,-0.0,-0.0,-0.0,-0.0,-0.0,-0.0,-0.0,0.0,-0.0,-0.0,-0.0,-0.0,-0.0,-0.0,287.013107,-0.0,-0.0,-0.0,-0.0,-0.0,-0.0,-0.0,-0.0,-0.0,-0.0,-0.0,-0.0,-0.0,-0.0,-0.0,-0.0,-0.0,-0.0,-0.0,-0.0,-0.0,-0.0,-0.0,-0.0,-0.0,0.0,-0.0,-0.0,-0.0,-0.0,-0.0,-0.0,264.132305,-0.0,-0.0,-0.0,-0.0,-0.0,-0.0,-0.0,-0.0,-0.0,-0.0,-0.0,-0.0,-0.0,0.0,-0.0,-0.0,-0.0,0.0,-0.0,-0.0,-0.0,-0.0,-0.0,-0.0,-0.0,-0.0,-0.0,-0.0,-0.0,-0.0,-0.0,-0.0,-0.0,-0.0,-0.0,-0.0,-0.0,-0.0,-0.0,-0.0,-0.0,-0.0,-0.0,-0.0,-0.0,-0.0,-0.0,-0.0,-0.0,-0.0,-0.0,-0.0,-0.0,-0.0,-0.0,-0.0,-0.0,-0.0,-0.0,-0.0,-0.0,0.0,-0.0,-0.0,-0.0,-0.0,-0.0,-0.0,-0.0,-0.0,-0.0,-0.0,-0.0,-0.0,-0.0,-0.0,-0.0,-0.0,-0.0,-0.0,-0.0,-0.0,-0.0,-0.0,-0.0,-0.0,-0.0,-0.0,-0.0,-0.0,-0.0,-0.0,-0.0,277.905529,-0.0,-0.0,-0.0,-0.0,-0.0,-0.0,-0.0,0.0,-0.0,-0.0,-0.0,-0.0,-0.0,-0.0,-0.0,-0.0,-0.0,-0.0,-0.0,0.0,-0.0,-0.0,-0.0,-0.0,-0.0,-0.0,-0.0,-0.0,-0.0,-0.0,-0.0,-0.0,-0.0,-0.0,-0.0,-0.0,-0.0,-0.0,-0.0,-0.0,-0.0,-0.0,-0.0,-0.0,0.0,-0.0,-0.0,-0.0,-0.0,-0.0,-0.0,-0.0,-0.0,-0.0,-0.0,-0.0,-0.0,-0.0,-0.0,-0.0,-0.0,-0.0,-0.0,-0.0,-0.0,-0.0,-0.0,-0.0,-0.0,-0.0,-0.0,255.65477,-0.0,-0.0,-0.0,-0.0,-0.0,-0.0,-0.0,-0.0,-0.0,-0.0,0.0,-0.0,-0.0,-0.0,-0.0,-0.0,-0.0,-0.0,-0.0,-0.0,-0.0,-0.0,-0.0,271.509194,-0.0,-0.0,-0.0,-0.0,-0.0,-0.0,0.0,-0.0,-0.0,-0.0,-0.0,-0.0,-0.0,-0.0,-0.0,-0.0,-0.0,-0.0,-0.0,-0.0,-0.0,-0.0,295.311494,-0.0,-0.0,-0.0,-0.0,-0.0,-0.0,-0.0,-0.0,-0.0,-0.0,-0.0,-0.0,-0.0,-0.0,-0.0,-0.0,-0.0,151.933691,0.0,-0.0,-0.0,-0.0,151.933691,-0.0,-0.0,-0.0,-0.0,-0.0,-0.0,-0.0,-0.0,-0.0,-0.0,-0.0,-0.0,-0.0,-0.0,-0.0,-0.0,-0.0,-0.0,-0.0,-0.0,-0.0,-0.0,-0.0,-0.0,-0.0,-0.0,-0.0,-0.0,-0.0,-0.0,-0.0,-0.0,-0.0,-0.0,-0.0,-0.0,-0.0,-0.0,-0.0,-0.0,-0.0,-0.0,-0.0,-0.0,-0.0,-0.0,-0.0,-0.0,-0.0,-0.0,-0.0,-0.0,-0.0,-0.0,-0.0,-0.0,-0.0,-0.0,-0.0,-0.0,-0.0,-0.0,-0.0,-0.0,-0.0,-0.0,185.420284,0.0,-0.0,-0.0,-0.0,-0.0,185.420284,-0.0,-0.0,-0.0,-0.0,-0.0,-0.0,-0.0,-0.0,-0.0,-0.0,-0.0,-0.0,-0.0,-0.0,-0.0,-0.0,-0.0,175.772332,-0.0,-0.0,-0.0,-0.0,-0.0,-0.0,-0.0,-0.0,-0.0,-0.0,-0.0,-0.0,-0.0,-0.0,-0.0,-0.0,-0.0,-0.0,-0.0,-0.0,-0.0,-0.0,-0.0,159.278735,0.0,-0.0,-0.0,-0.0,-0.0,159.278735,-0.0,-0.0,-0.0,-0.0,-0.0,-0.0,-0.0,-0.0,-0.0,-0.0,-0.0,-0.0,-0.0,-0.0,-0.0,-0.0,-0.0,-0.0,-0.0,-0.0,0.0,-0.0,-0.0,163.170455,-0.0,-0.0,-0.0,-0.0,-0.0,-0.0,-0.0,-0.0,-0.0,-0.0,-0.0,-0.0,-0.0,-0.0,-0.0,-0.0,-0.0,157.634566,0.0,-0.0,-0.0,-0.0,157.634566,-0.0,-0.0,-0.0,-0.0,-0.0,-0.0,-0.0,-0.0,-0.0,-0.0,-0.0,-0.0,-0.0,-0.0,-0.0,-0.0,-0.0,-0.0,-0.0,-0.0,-0.0,-0.0,-0.0,-0.0,-0.0,-0.0,-0.0,-0.0,-0.0,-0.0,-0.0,-0.0,-0.0,-0.0,-0.0,-0.0,-0.0,-0.0,-0.0,-0.0,-0.0,-0.0,169.887341,0.0,-0.0,-0.0,-0.0,-0.0,169.887341,-0.0,-0.0,-0.0,-0.0,-0.0,-0.0,-0.0,-0.0,-0.0,-0.0,-0.0,-0.0,-0.0,-0.0,-0.0,-0.0,-0.0,181.481869,0.0,-0.0,-0.0,-0.0,-0.0,181.481869,-0.0,-0.0,-0.0,-0.0,-0.0,-0.0,-0.0,-0.0,-0.0,-0.0,-0.0,-0.0,-0.0,-0.0,-0.0,-0.0,-0.0,155.594262,0.0,-0.0,-0.0,-0.0,155.594262,-0.0,-0.0,-0.0,-0.0,-0.0,-0.0,-0.0,-0.0,-0.0,-0.0,-0.0,-0.0,-0.0,-0.0,-0.0,-0.0,-0.0,-0.0,-0.0,-0.0,-0.0,-0.0,-0.0,-0.0,-0.0,-0.0,-0.0,-0.0,-0.0,-0.0,-0.0,-0.0,-0.0,-0.0,-0.0,-0.0,-0.0,-0.0,-0.0,-0.0,-0.0,-0.0,-0.0,-0.0,-0.0,-0.0,-0.0,-0.0,-0.0,-0.0,-0.0,-0.0,-0.0,-0.0,-0.0,-0.0,-0.0,-0.0,-0.0,-0.0,-0.0,-0.0,-0.0,-0.0,-0.0,-0.0,-0.0,-0.0,-0.0,-0.0,-0.0,-0.0,-0.0,-0.0,-0.0,-0.0,-0.0,-0.0,-0.0,-0.0,-0.0,-0.0,-0.0,-0.0,-0.0,-0.0,-0.0,-0.0,-0.0,-0.0,-0.0,-0.0,-0.0,-0.0,-0.0,-0.0,-0.0,-0.0,-0.0,-0.0,-0.0,-0.0,-0.0,-0.0,-0.0,-0.0,-0.0,-0.0,-0.0,-0.0,-0.0,-0.0,-0.0,-0.0,169.327308,-0.0,-0.0,-0.0,-0.0,-0.0,-0.0,-0.0,-0.0,-0.0,-0.0,-0.0,-0.0,-0.0,-0.0,-0.0,-0.0,-0.0,-0.0,-0.0,-0.0,-0.0,-0.0,-0.0,-0.0,-0.0,-0.0,-0.0,-0.0,-0.0,-0.0,-0.0,-0.0,-0.0,-0.0,-0.0,-0.0,-0.0,-0.0,-0.0,-0.0,-0.0,-0.0,-0.0,-0.0,-0.0,-0.0,-0.0,-0.0,-0.0,-0.0,-0.0,-0.0,-0.0,-0.0,-0.0,-0.0,-0.0,-0.0,-0.0,-0.0,-0.0,-0.0,-0.0,-0.0,-0.0,-0.0,-0.0,-0.0,-0.0,-0.0,-0.0,156.471825,-0.0,-0.0,-0.0,-0.0,-0.0,-0.0,-0.0,-0.0,-0.0,-0.0,-0.0,-0.0,-0.0,-0.0,-0.0,-0.0,-0.0,-0.0,-0.0,-0.0,-0.0,-0.0,-0.0,-0.0,-0.0,-0.0,-0.0,-0.0,-0.0,-0.0,-0.0,-0.0,-0.0,-0.0,-0.0,-0.0,-0.0,-0.0,-0.0,-0.0,-0.0,-0.0,-0.0,-0.0,-0.0,-0.0,-0.0,-0.0,-0.0,-0.0,-0.0,-0.0,-0.0,-0.0,-0.0,-0.0,-0.0,-0.0,-0.0,-0.0,-0.0,-0.0,-0.0,-0.0,-0.0,-0.0,-0.0,-0.0,-0.0,-0.0,-0.0,143.529319,-0.0,-0.0,-0.0,-0.0,-0.0,-0.0,-0.0,-0.0,-0.0,-0.0,-0.0,-0.0,-0.0,-0.0,-0.0,-0.0,-0.0,-0.0,-0.0,-0.0,-0.0,-0.0,-0.0,168.586547,0.0,-0.0,-0.0,-0.0,-0.0,168.586547,-0.0,-0.0,-0.0,-0.0,-0.0,-0.0,-0.0,-0.0,-0.0,-0.0,-0.0,-0.0,-0.0,-0.0,-0.0,-0.0,-0.0,194.511403,0.0,-0.0,-0.0,-0.0,194.511403,-0.0,-0.0,-0.0,-0.0,-0.0,-0.0,-0.0,-0.0,-0.0,-0.0,-0.0,-0.0,-0.0,-0.0,-0.0,-0.0,-0.0,-0.0,-8.996890610203563e-10,0.0749912263843835,0.29996490735062736,0.4999999977006607,0.49999999782367593,0.49999999782857363,0.49999999800390754,0.4999999979970612,0.4999999982048351,0.4999999981544718,0.4999999981404711,0.4999999981821654,0.49999999816465773,0.49999999803956074,0.49999999809368967,0.49999999814045026,0.49999999818062324,0.49999999809181256,0.4999999980684883,0.49999999807128204,0.49999999818191865,0.4999999981903842,0.4999999980082242,0.4999999979835619,0.0938002069351807,0.2054884863718415,0.020804764830576243,-4.665717782653774e-10,-4.581485460964204e-10,0.056449535342212614,0.22976020312201187,0.4999999714445861,0.4999999983738515,0.4999999982819155,0.49999999824917557,0.49999999833861686,0.49999999830822134,0.4999999974313546,0.4999999980595936,0.4999999982494763,0.49999999833752884,0.499999998028133,0.49999999787008725,0.4999999978962898,0.49999999833436876,0.49999999835377096,0.4999999946262445,0.41858497128786704,0.22240683167547592,0.11632098745802853,1.5666145984797246e-9,1.5666715459810001e-9,1.5667053644597133e-9,1.5667290387246917e-9,8.035804977232114e-5,0.1281894289416938,0.49999999908619297,0.49999999892512087,0.4999999988269456,0.49999999904486675,0.49999999896488195,0.13399125090485503,0.4999999974597964,0.49999999882533447,0.4999999990442348,0.49999999632886005,0.3223556628749698,0.39882737599024226,0.46528395129144173,0.11632098778418432,1.5662175636370864e-9,1.5662176776088824e-9,-9.908990765423273e-10,0.10442123030405298,0.00542569461279606,0.0003620078301657378,0.02234040996467054,0.04794717793155998,0.2938845330802926,0.3037765464330999,0.499999998153727,0.4999999980470614,0.49999999800119793,0.4999999981130434,0.4999999980774371,0.49999999521512534,0.4999999977039912,0.499999998001631,0.49999999811212337,0.49999999762305297,0.49999999727478855,0.4999999973368433,0.4999999981073134,0.4999999981314785,0.36141598169742695,0.26436884324014354,0.24983996678082554,0.4999999981448941,0.2542297013681647,0.4999999975237505,0.4999999977398623,0.4999999977470096,0.4999999980239553,0.49999999801411943,0.49999999827717406,0.4999999982190937,0.4999999982016979,0.4999999982511933,0.4999999982309185,0.49999999807273215,0.499999998143986,0.49999999820213636,0.4999999982496586,0.4999999981413806,0.49999999811145307,0.49999999811522533,0.4999999982507775,0.49999999826089575,0.49999999802955203,0.49999999799483524,0.49999999873837125,0.499999998662919,0.49999999822629315,0.4999999985142766,0.49999999854480953,0.499999998546112,0.49999999861364963,0.4999999986103311,0.4999999987420592,0.49999999870209,0.4999999986921363,0.49999999872336515,0.49999999870940065,0.4999999986308624,0.4999999986611431,0.4999999986924059,0.4999999987219726,0.4999999986611176,0.49999999864660744,0.4999999986482354,0.4999999987239651,0.49999999872972567,0.49999999861550304,0.49999999860383443,2.012119814203302e-10,2.012119814203302e-10,2.012119814203302e-10,2.012119814203302e-10,2.012119814203302e-10,2.012119814203302e-10,2.012119814203302e-10,2.012119814203302e-10,2.012119814203302e-10,2.012119814203302e-10,2.012119814203302e-10,2.012119814203302e-10,2.012119814203302e-10,2.012119814203302e-10,2.012119814203302e-10,2.012119814203302e-10,2.012119814203302e-10,2.012119814203302e-10,2.012119814203302e-10,2.012119814203302e-10,2.012119814203302e-10,2.012119814203302e-10,2.012119814203302e-10,2.012119814203302e-10,0.49999999829027675,0.4999999981593628,0.22000279008626,0.4999999973926204,0.49999999771160086,0.49999999772149767,0.49999999804647255,0.4999999980360182,0.49999999829450753,0.4999999982407273,0.4999999982238106,0.49999999827082914,0.49999999825221303,0.4999999980977308,0.4999999981692661,0.49999999822511815,0.49999999826948976,0.4999999981664785,0.4999999981374642,0.4999999981423696,0.4999999982704742,0.4999999982796923,0.4999999980526403,0.49999999801512124,0.49999999867352796,0.4999999978943343,0.1281489182213211,0.20584959099545835,0.4721242014894578,0.47234280011551544,0.4999999975870159,0.4999999974656287,0.4999999986837442,0.499999998533007,0.4999999984841277,0.4999999986197715,0.4999999985683149,0.49999999793201616,0.49999999827545505,0.49999999848259635,0.49999999861753736,0.4999999982506,0.4999999981301273,0.4999999981468212,0.49999999861529665,0.49999999864622824,0.4999999976092069,0.4999999972927311,0.4999999983704807,0.38135590596010494,0.07080764124076824,-3.2826204294135825e-10,0.026900682725077167,0.11264963733222483,0.38875988610543566,0.4999998666900097,0.4999999983795424,0.4999999982204621,0.4999999981596594,0.4999999983166379,0.49999999826326996,0.4999999967119601,0.4999999978196751,0.4999999981573237,0.49999999831487923,0.49999999776018866,0.4999999974770132,0.4999999975181373,0.49404915849377884,0.12351228901739329,-3.3625295480871147e-10,-3.3625297772804654e-10,-3.163172268788657e-10,-3.163172268788657e-10,-3.163172268788657e-10,-3.163172268788657e-10,-3.163172268788657e-10,-3.163172268788657e-10,-3.1631725950497686e-10,0.10697268929691969,0.42789075969047197,0.49999999814273116,0.4999999980320886,0.49999999829081865,0.4999999982142696,0.2866811604197627,0.4999999968679895,0.49999999802728035,0.49999999829002406,0.49999999628821923,0.49999998995407546,0.499999991847033,0.3860515970698977,0.09651289867046803,-3.1631725950497686e-10,-3.163172268788657e-10,0.3965078988580891,0.10882890581066791,0.0009057561920364995,-2.2594866616024492e-10,-2.2569207662780287e-10,-2.2488722784961015e-10,0.00031741170452988113,0.13137822042600256,0.49999999837864995,0.4999999980909606,0.4999999979179698,0.49999999829308495,0.4999999981684078,0.16590169252263134,0.49999999136970014,0.49999999790966243,0.49999999829305447,0.4827708626556992,0.2574240727883765,0.27724550408153964,0.4999999982726715,0.4999999983055702,0.16590169080823147,0.011559226727358637,0.20143937302812315,0.06604612178811818,-1.7013068604865575e-10,-1.718604321422815e-10,-1.7155452327413784e-10,-1.7065887587663124e-10,0.000965768335888411,0.12757318528566997,0.49999999840077697,0.4999999981194159,0.49999999795560224,0.49999999831514064,0.4999999981905845,0.20260115488808875,0.49999999362471953,0.49999999794812405,0.49999999831504666,0.49999996930548923,0.29134219870946915,0.31310102484810404,0.4999999982954098,0.4999999983210106,0.20260115314105476,0.03729455294636213,-5.732667325159796e-10,-5.732667325159796e-10,-5.732667325159796e-10,-5.732667325159796e-10,-5.732667325159796e-10,-5.732667325159796e-10,-5.732667325159796e-10,-5.732666178880211e-10,0.10970643070548997,0.2808771045204634,0.11074362069585858,0.4408976616747069,0.15433669256937627,0.014814036027005208,-5.6483092904125e-10,0.04437184463804013,-5.732666178880211e-10,-5.732667325159796e-10,-5.732667325159796e-10,-5.732667325159796e-10,-5.732667325159796e-10,-5.732667325159796e-10,-5.732667325159796e-10,-5.732667325159796e-10,-8.138410695634766e-11,0.08670218738048802,0.17028367808238926,0.4999999961326756,0.49999999742246853,0.4999999974451182,0.49999999804663464,0.49999999802419076,0.499999998488834,0.4999999983944599,0.4999999983665015,0.49999999844661,0.4999999984136385,0.4999999981379731,0.49999999826510055,0.49999999836579173,0.4999999984444858,0.49999999825999253,0.499999998207367,0.4999999982142243,0.49999999844578386,0.49999999846326776,0.4999999980558943,0.4999999979867954,0.12478183459799506,-1.275279443055393e-10,-1.2752813577410008e-10,-1.2752813577410008e-10,-1.2752813577410008e-10,-1.2752813577410008e-10,-1.2752813577410008e-10,-1.2752813577410008e-10,-1.2752813577410008e-10,-1.275279443055393e-10,0.07203427291659761,0.28813709387270325,0.49999999826787916,0.2521743593532041,0.4999999967625694,0.49999999806714696,0.4999999983491917,0.49999999608074697,0.4999999866897451,0.499999989939229,0.49912734062081426,0.12478183461655622,-1.275279443055393e-10,-1.2752813577410008e-10,0.1175468231547825,0.06903984941732397,-1.2042256032611796e-10,-1.2042257425328434e-10,-1.2042257425328434e-10,-1.2042257425328434e-10,-1.2042257425328434e-10,-1.2042257425328434e-10,-1.2042257425328434e-10,-1.2042257425328434e-10,-1.2042257425328434e-10,-1.2042257425328434e-10,-1.2042257425328434e-10,-1.2042257425328434e-10,-1.2042257425328434e-10,-1.2042257425328434e-10,-1.2042257425328434e-10,-1.2042257425328434e-10,-1.2042257425328434e-10,-1.2042257425328434e-10,-1.2042257425328434e-10,-1.2042257425328434e-10,-1.2042257425328434e-10,-1.2042257425328434e-10,0.49999999844816306,0.15012227535810807,0.00459759060989545,2.2093685853179372e-10,2.2108004629254394e-10,2.2184414395093666e-10,0.008077547472298363,0.1587950603680888,0.4999999985101466,0.4999999981820908,0.49999999796333466,0.4999999984299459,0.49999999826554037,0.15012227681676074,0.484516155388416,0.49999999795240585,0.49999999843179627,0.38306367011952225,0.1585558328733838,0.17704479705344178,0.40870607657313934,0.10217651871904619,2.200550586837482e-10,2.2005520456876345e-10,0.3418977378756162,0.10867179929596785,0.005563353896460458,-7.039930267348546e-10,-7.039526923707486e-10,-7.036931669761989e-10,0.018675418205638294,0.1750796988519556,0.4902695173888608,0.4999999966333332,0.41226252903317406,0.4999999979982455,0.2789248358165054,0.07456568948792812,0.018663194140729224,0.17504226545684168,0.4359824766258822,0.16420610927091037,0.022547234960362157,0.1773837401384929,0.4941200265444592,0.3660524607538272,0.12246957476467256,0.009004181926986913,-2.4505867425110593e-11,-2.4505867425110593e-11,-2.4505867425110593e-11,-2.4505867425110593e-11,-2.4505867425110593e-11,-2.4505867425110593e-11,-2.4505867425110593e-11,-2.4505818220597183e-11,0.07464670839319854,0.2985868354387289,0.49999999786501553,0.49999999834990727,0.2810131458206898,0.07025328591425432,-2.4505818220597183e-11,-2.4505867425110593e-11,-2.4505867425110593e-11,-2.4505867425110593e-11,-2.4505867425110593e-11,-2.4505867425110593e-11,-2.4505867425110593e-11,-2.4505867425110593e-11,-2.4505867425110593e-11,-2.4505867425110593e-11,0.4899547058396897,0.12248867585455875,-2.130598193002223e-10,-2.1306000545143478e-10,-2.1306000545143478e-10,-2.1306000545143478e-10,-2.1306000545143478e-10,-2.1306000545143478e-10,-2.1306000545143478e-10,-2.1306000545143478e-10,-2.1306000545143478e-10,-2.1306000545143478e-10,-2.1306000545143478e-10,-2.1306000545143478e-10,-2.1306000545143478e-10,-2.1306000545143478e-10,-2.1306000545143478e-10,-2.1306000545143478e-10,-2.1306000545143478e-10,-2.1306000545143478e-10,-2.1306000545143478e-10,-2.1306000545143478e-10,-2.1306000545143478e-10,-2.1306000545143478e-10,0.4999999978228286,0.19048937702272067,0.027487979875825398,-7.486196659788925e-10,-7.486195274357698e-10,-7.486195274357698e-10,-7.486195274357698e-10,-7.486195274357698e-10,-7.486195274357698e-10,-7.486195274357698e-10,-7.486195274357698e-10,-7.486195274357698e-10,-7.486195274357698e-10,-7.486195274357698e-10,-7.486195274357698e-10,-7.486195274357698e-10,-7.486195274357698e-10,-7.486195274357698e-10,-7.486195274357698e-10,-7.486195274357698e-10,-7.486195274357698e-10,-7.486195274357698e-10,-7.486195274357698e-10,-7.486195274357698e-10,6.38408656813312e-10,6.38408656813312e-10,6.38408656813312e-10,6.38408656813312e-10,6.38408656813312e-10,6.38408656813312e-10,6.38408656813312e-10,6.384086606788226e-10,0.11292152686269594,0.45168610846232515,0.49999999820402125,0.4999999985853378,0.4999999984656992,0.17525268106700903,0.4999999957718414,0.33287100524209445,0.08321775105900656,6.384086606788226e-10,6.38408656813312e-10,6.38408656813312e-10,6.38408656813312e-10,6.38408656813312e-10,6.38408656813312e-10,6.38408656813312e-10,5.706546576257231e-10,5.706546576257231e-10,5.706546576257231e-10,5.706546576257231e-10,5.706546576257231e-10,5.706546576257231e-10,5.706546576257231e-10,5.706545727877164e-10,0.09600424940978505,0.38401699884256846,0.49999999833764713,0.2268571804461143,0.05671429477834071,5.706545727877164e-10,5.706546576257231e-10,5.706546576257231e-10,5.706546576257231e-10,5.706546576257231e-10,5.706546576257231e-10,5.706546576257231e-10,5.706546576257231e-10,5.706546576257231e-10,5.706546576257231e-10,5.706546576257231e-10,-1.5641390906926237e-10,-1.5641390906926237e-10,-1.5641390906926237e-10,-1.5641390906926237e-10,-1.5641390906926237e-10,-1.5641390906926237e-10,-1.5641377047368366e-10,0.10828684618500674,0.43314738704121164,0.499999998270706,0.49999999820662655,0.49999999837277004,0.4999999983154445,0.49999999676736223,0.49999999785462396,0.4999999982036594,0.49999999837080666,0.499999997792415,0.4999999975087128,0.4999999975490874,0.49999999836512327,0.49999999840291093,0.49999999246436805,0.46703509334779236,-1.0019885239830603e-9,-1.0019886704147538e-9,-1.0019886704147538e-9,-1.0019886704147538e-9,-1.0019886704147538e-9,-1.0019885239830603e-9,0.0572947891779533,0.22917915889598114,0.49999999799248684,0.4999999974767003,0.49999999722279137,0.49999999780854726,0.49999999764824893,0.41390224256401104,0.4999999931747226,0.49999999721389293,0.499999997809272,0.49999998867739276,0.48069046315998964,0.4861327234701407,0.49999999777410203,0.4999999978993141,0.34782739608535257,0.31908320545263885,0.49999999793048094,0.42986037078402983,0.1623769559552435,0.2186730547581908,0.2417884574319325,0.24180275535185106,0.33301764343744045,0.32026983871248665,0.49999999794645067,0.4999999973866098,0.4999999969852893,0.4999999977755505,0.49999999760504726,0.3718092770057085,0.46165262763885145,0.4999999969658989,0.4999999977749738,0.4445294353037806,0.41219314972320137,0.4154444709703062,0.49999999773478715,0.4999999978714608,0.33081554625224474,0.31258402508909056,0.4285807640140834,0.49999999726209393,0.23244901809453025,0.3681257706579157,0.4075878384414985,0.40761357116667807,0.4999999944374951,0.49999999258273775,0.49999999800307543,0.49999999775548737,0.49999999766888126,0.49999999790286814,0.49999999782149485,0.4999999962275021,0.4999999972307389,0.49999999766633413,0.4999999979000516,0.49999999715103366,0.4999999968629086,0.49999999690097546,0.4999999978899136,0.49999999794860484,0.49999999422627944,0.4999999901013977,-1.1519150890215344e-9,-1.1519151842992337e-9,-1.1519151842992337e-9,-1.1519151842992337e-9,-1.1519151842992337e-9,-1.1519151842992337e-9,-1.1519150890215344e-9,0.06299533518519253,0.25198134444053183,0.49999999542335016,0.4875886251490145,0.4999999975572772,0.49999999708126786,0.25114085397481933,0.3281176194498556,0.48688278285795034,0.4999999975604734,0.31330057019040136,0.28549913889004525,0.28828297479168685,0.49999999753124735,0.49999999778400506,0.21674176389945377,0.20162287737696863,6.951036039328459e-10,0.05855213581222341,0.23420854431808133,0.4999999984886872,0.49999999852918187,0.49999999853026356,0.4999999985795945,0.4999999985764051,0.4999999987511034,0.49999999868148515,0.4999999986651477,0.4999999987156739,0.49999999869080913,0.499999998594978,0.499999998626481,0.49999999866547296,0.4999999987133846,0.4999999986268505,0.4999999986104261,0.49999999861245276,0.49999999872000994,0.499999998727214,0.4999999985817175,0.49999999857124744,-9.861878307110913e-11,-9.861870238454098e-11,-9.861870238454098e-11,-9.861870238454098e-11,-9.861870238454098e-11,-9.861870238454098e-11,-9.861878307110913e-11,0.12035324044586622,0.48141296398705474,0.49999999827870323,0.4999999982431169,0.4999999983545649,0.4999999983063478,0.49999999801220646,0.499999998129382,0.4999999982431575,0.4999999983514489,0.49999999812466667,0.49999999807290746,0.49999999808000434,0.49999999835579334,0.4999999983793791,0.49999999794900357,0.49999999789993105,0.31054366897183133,0.10461848886156101,-1.073290186628875e-9,-1.0732902295226212e-9,-1.0732902295226212e-9,-1.0732902295226212e-9,-1.073290186628875e-9,0.1146063989736031,0.45842559930542465,0.49999999771813464,0.4999999976205089,0.4999999978891466,0.49999999779765325,0.4999999956544027,0.49999999708337617,0.4999999976178749,0.4999999978861167,0.4999999969766663,0.4999999965944094,0.499999996646922,0.49999999787604665,0.49999999794048566,0.49999999128279843,0.49999994868916464,-6.947039203980753e-10,-6.947038385345021e-10,-6.947038385345021e-10,-6.947038385345021e-10,-6.947038385345021e-10,-6.947039203980753e-10,0.06342239447914991,0.25368958068258307,0.49999999820180385,0.49999999806936246,0.4999999980339849,0.4999999981402314,0.499999998094545,0.49999999780846854,0.4999999979236225,0.4999999980338969,0.49999999813752743,0.4999999979187546,0.4999999978683945,0.4999999978752554,0.4999999981409795,0.49999999816401025,0.49999999774553633,0.4999999976942966,0.49999999910500076,0.4999999989747559,0.499999998642156,0.49999999880833207,0.49999999883592355,0.4999999988369608,0.49999999890935487,0.49999999890476077,0.4999999991122137,0.49999999903602205,0.49999999901839376,0.49999999907483156,0.49999999904835163,0.49999999893038494,0.49999999897127734,0.4999999990182736,0.4999999990722246,0.49999999897055736,0.49999999895066877,0.49999999895334263,0.49999999907738707,0.49999999908767884,0.4999999989118641,0.4999999988971506,-1.0074143268102863e-9,-1.0074141462246635e-9,-1.0074141462246635e-9,-1.0074141462246635e-9,-1.0074141462246635e-9,-1.0074141462246635e-9,-1.0074143268102863e-9,0.10586669660104864,0.42346678971924157,0.4999999978481189,0.49999999779080523,0.4999999979612666,0.4999999978957438,0.4999999972445831,0.49999999756092084,0.4999999977902264,0.4999999979583931,0.49999999753624624,0.4999999974202092,0.4999999974350298,0.4999999979562474,0.4999999979978096,0.49999999698678793,0.4999999967819813,-1.0447813325855192e-9,-1.0447811591702038e-9,-1.0447811591702038e-9,-1.0447811591702038e-9,-1.0447811591702038e-9,-1.0447811591702038e-9,-1.0447813325855192e-9,0.12282784045086491,0.49131136516870033,0.49999999781306204,0.4999999977475362,0.4999999979389713,0.49999999786780064,0.49999999700660447,0.49999999746058654,0.49999999774612436,0.49999999793554584,0.4999999974231094,0.4999999972674533,0.4999999972879248,0.4999999979336912,0.4999999979781848,0.4999999965530847,0.4999999961522992,-5.645235560893267e-10,-5.64523670432858e-10,-5.64523670432858e-10,-5.64523670432858e-10,-5.64523670432858e-10,-5.645235560893267e-10,0.09084566061033335,0.36338264500168393,0.49999999825498953,0.49999999813513296,0.49999999810420576,0.49999999819819396,0.4999999981565001,0.49999999792363053,0.4999999980130375,0.4999999981043176,0.4999999981954724,0.49999999801021616,0.4999999979695249,0.49999999797517697,0.49999999820024693,0.4999999982194736,0.4999999978782007,0.49999999784272964,0.4999999981641447,0.49999999805165113,0.4999999977415687,0.4999999979006533,0.49999999792591415,0.499999997927014,0.4999999979932437,0.4999999979905047,0.4999999981704939,0.4999999981073282,0.4999999980920804,0.49999999813904317,0.4999999981162779,0.49999999801284006,0.4999999980495276,0.4999999980904909,0.49999999813657814,0.49999999804891654,0.4999999980311704,0.49999999803365797,0.4999999981420943,0.4999999981495271,0.4999999979959478,0.49999999798331146,0.39969567446071463,0.499999998146252,0.49999999530972683,0.4999999975140779,0.4999999976654167,0.4999999976708879,0.4999999979633295,0.49999999794794964,0.4999999984035337,0.4999999982780131,0.49999999824483926,0.49999999834569625,0.4999999983020851,0.4999999980304646,0.49999999814004087,0.4999999982444848,0.4999999983424403,0.49999999813553575,0.49999999808744766,0.4999999980940624,0.4999999983454896,0.4999999983675081,0.4999999979707019,0.4999999979244707,0.2261378613132623,0.49999999664973555,0.227720106476939,0.32027697638511016,0.34632936899245287,0.34634551777016925,0.4468097889031655,0.4329597506931228,0.4999999979806042,0.4999999976969137,0.49999999757393837,0.4999999978737862,0.49999999778166004,0.488670298117077,0.4999999965128747,0.49999999756941443,0.4999999978702839,0.4999999960898531,0.4999999940667624,0.49999999444503257,0.4999999978570149,0.49999999792720723,0.4444244884053393,0.4245789849154107,0.20744279001638707,0.4999999980689984,0.49999999660758804,0.499999997606955,0.4999999977096194,0.49999999771348497,0.4999999979325764,0.49999999792092664,0.49999999832375064,0.49999999820417534,0.49999999817309193,0.4999999982672739,0.49999999822584335,0.49999999798725486,0.4999999980800998,0.4999999981731015,0.49999999826457986,0.49999999807708273,0.49999999803509265,0.4999999980409108,0.4999999982687719,0.49999999828848407,0.4999999979397443,0.4999999979006977,-9.91924687157152e-10,0.11432990385117865,0.4573196183521428,0.4999999978289464,0.4999999978578255,0.49999999785905336,0.4999999979313837,0.4999999979279984,0.49999999812237655,0.49999999805406786,0.49999999803693757,0.4999999980883545,0.49999999806423945,0.4999999979527316,0.4999999979922874,0.49999999803659634,0.4999999980860283,0.4999999979914851,0.499999997972711,0.4999999979753996,0.4999999980907649,0.4999999981000743,0.4999999979341673,0.4999999979209851,0.4999999980883881,0.49999999782307236,0.48860126053719727,0.49999999685907154,0.49999999713976434,0.4999999971464662,0.4999999975954789,0.49999999757180635,0.4999999980987539,0.4999999979714574,0.4999999979350596,0.4999999980401635,0.49999999799627576,0.49999999768338077,0.4999999978161745,0.49999999793400757,0.4999999980371101,0.4999999978082243,0.4999999977536684,0.4999999977610584,0.4999999980394503,0.499999998063026,0.49999999760107844,0.499999997541168,0.4999999980941234,0.4999999978561509,0.4928242833562734,0.4999999970002277,0.49999999724756755,0.499999997253826,0.499999997651886,0.49999999763129876,0.4999999981034672,0.4999999979886709,0.4999999979560414,0.4999999980506201,0.49999999801117373,0.49999999773044235,0.49999999784950017,0.4999999979550933,0.49999999804788825,0.49999999784238697,0.49999999779301635,0.4999999977990907,0.4999999980501509,0.49999999807157897,0.4999999976583134,0.49999999760215824,-6.179056232743552e-10,0.08023391248854561,0.3209356525748458,0.4999999980115732,0.4999999980378801,0.49999999803904976,0.4999999980997662,0.49999999809734885,0.49999999827759994,0.4999999982116738,0.4999999981950285,0.4999999982444202,0.4999999982205279,0.49999999811816875,0.49999999815370905,0.49999999819466107,0.4999999982420608,0.499999998153666,0.4999999981357764,0.4999999981380795,0.49999999824777164,0.4999999982555963,0.49999999810305096,0.4999999980901697,0.383775082175204,0.49999999842652393,0.4999999983395497,0.49999999837511583,0.4999999983821224,0.499999998382374,0.4999999984035177,0.49999999840265597,0.49999999849300647,0.49999999845425586,0.4999999984450202,0.499999998472531,0.4999999984581365,0.4999999984104254,0.4999999984253845,0.4999999984448541,0.4999999984709192,0.49999999842585224,0.4999999984177347,0.499999998419034,0.4999999984758429,0.4999999984785629,0.49999999840440396,0.4999999983999042,0.2570482841152404,0.4999999988334139,0.499999998734084,0.49999999877461476,0.4999999987827132,0.4999999987829612,0.49999999880805157,0.49999999880628626,0.4999999989172557,0.49999999886717034,0.49999999885619933,0.49999999889087193,0.499999998873489,0.4999999988157319,0.4999999988335054,0.4999999988568385,0.49999999888954727,0.49999999883346746,0.4999999988240024,0.499999998824904,0.4999999988933464,0.49999999889909863,0.49999999880926993,0.4999999988037088,9.668520147708803e-10,0.1233137184596208,0.49325487451434913,0.49999999863939454,0.49999999865677086,0.4999999986574141,0.4999999987061474,0.49999999870306927,0.49999999886683877,0.49999999880228657,0.49999999878761364,0.49999999883416635,0.4999999988116808,0.4999999987209623,0.4999999987511874,0.4999999987877935,0.4999999988322208,0.49999999875115175,0.4999999987358651,0.49999999873812623,0.49999999883847485,0.49999999884518015,0.49999999870766143,0.4999999986979367,-8.763665548512646e-10,-8.76366431380743e-10,-8.76366431380743e-10,-8.76366431380743e-10,-8.76366431380743e-10,-8.76366431380743e-10,-8.763665548512646e-10,0.07811497760535566,0.3124599135829313,0.4999999980750439,0.4999999980517199,0.49999999812232343,0.49999999809100826,0.4999999979152274,0.49999999798301153,0.499999998051439,0.4999999981198193,0.49999999798060046,0.49999999795015293,0.49999999795448885,0.49999999812357354,0.49999999813787294,0.4999999978802531,0.49999999785392085,-1.1298728121973805e-9,-1.1298727426272044e-9,-1.1298727426272044e-9,-1.1298727426272044e-9,-1.1298727426272044e-9,-1.1298728121973805e-9,0.07614852478775516,0.3045941020983131,0.49999999799582445,0.4999999977308814,0.49999999762584735,0.49999999789258215,0.49999999780593457,0.49999999379185633,0.49999999697275865,0.4999999976219053,0.49999999789048527,0.4999999968044664,0.4999999961973563,0.4999999962847012,0.49999999787548666,0.49999999794172006,0.48347027675836657,0.45586526642103636]
