Tried aggregator 2 times.
MIQCP Presolve eliminated 1511 rows and 1501 columns.
Aggregator did 6000 substitutions.
Reduced MIQCP has 4650 rows, 6010 columns, and 13500 nonzeros.
Reduced MIQCP has 10 binaries, 0 generals, 0 SOSs, and 0 indicators.
Reduced MIQCP has 1500 quadratic constraints.
Presolve time = 0.04 sec. (21.94 ticks)
Probing time = 0.00 sec. (0.50 ticks)
MIP emphasis: balance optimality and feasibility.
MIP search method: dynamic search.
Parallel mode: none, using 1 thread.
Root relaxation solution time = 0.04 sec. (64.39 ticks)

        Nodes                                         Cuts/
   Node  Left     Objective  IInf  Best Integer    Best Bound    ItCnt     Gap

      0     0        6.0000     0                      0.0000     1110         
      0     0       22.0000     0                   Cone: 150     1172         
      0     0       32.2500     1                   Cone: 300     1393         
      0     0       40.0000     0                   Cone: 600     1584         
      0     0       52.0000     0                   Cone: 750     1591         
      0     0       55.7071     1                   Cone: 900     1644         
      0     0       72.0000     0                  Cone: 1200     1866         
      0     0      708.4007     1                  Cone: 2850     6640         
      0     0      708.4015     1                  Cone: 3895     7615         
      0     0      708.4017     1                  Cone: 4941     8562         
      0     0      708.4018     1                  Cone: 5986     9504         
      0     0      708.4018     2                  Cone: 7030    10589         
      0     0      708.4019     2                  Cone: 8221    12112         
      0     0      708.4019     2                  Cone: 9412    13192         
      0     0      708.4019     2                 Cone: 10600    14452         
      0     0      708.4019     2                 Cone: 11783    15542         
      0     0      708.4019     2                 Cone: 12943    16547         
      0     0      708.4019     2                 Cone: 14078    17355         
      0     0      708.4019     2                 Cone: 15107    17834         
      0     0      708.4019     2                 Cone: 16039    18098         
      0     0      708.4019     2                 Cone: 16895    18226         
      0     0      708.4019     2                 Cone: 17709    18264         
      0     0      708.4019     2                 Cone: 18510    18290         
      0     0      708.4019     2                    708.4019    18290         
*     0+    0                          724.6483      708.4019             2.24%
*     0+    0                          709.6477      708.4019             0.18%
      0     2      709.6119     1      709.6477      709.6120    18290    0.01%
Elapsed time = 6.44 sec. (6664.68 ticks, tree = 0.01 MB, solutions = 2)
      1     1        cutoff            709.6477      709.6214    18875    0.00%
#SOLVERNAME# CPLEX_MISOCP
#SOLVER# CPLEX.CplexSolver(Any[(:CPX_PARAM_THREADS,1),(:CPX_PARAM_TILIM,3600.0),(:CPX_PARAM_SCRIND,1),(:CPX_PARAM_EPINT,1.0e-8),(:CPX_PARAM_EPRHS,1.0e-7),(:CPX_PARAM_EPGAP,1.0e-5)])
#INSTANCE# uflquad-psc-10-150.cbf.gz
#TIMELIMIT# 3600.0
#STATUS# Optimal
#OBJVAL# 709.6476905945362
#OBJBOUND# 709.6476905945362
#TIMESOLVER# 6.725725173950195
#TIMEALL# 8.465667009353638
#SOLUTION# [0.21367705509623652,0.5429931962521218,0.10133639489090467,0.09700141283695629,0.013367500331755846,0.2526124891125695,0.0727551927182247,0.18521035603313873,0.09818581728846547,0.0836991240559938,0.35303363902763607,0.10417920815724875,0.1923438557285942,0.11210932355484543,0.09201929567097078,0.06775235168282119,0.25461868624032247,0.23969616408213656,0.18576774656481632,0.15793663502336866,0.10015125878118651,0.15526205284839031,0.12494421302467379,0.10264465384779226,0.10307832400453193,0.155818230998333,0.09486607523932877,0.19213479882022788,0.18415794299277122,0.10533319394976938,0.35933380827643174,0.10359381528420816,0.11591854822638967,0.20725900300066497,0.1408830103038967,0.11535252089256874,0.07997637836307163,0.10989450408708207,0.1640999977521044,0.09539236472623386,0.093835550301714,0.25797445088156573,0.08736402102060345,0.2113174799021752,0.08286772029372487,0.16148786923139766,0.04329046995347592,0.111015677568501,0.10439046208548323,0.16378902783109892,0.3137029284064541,0.12414803634342209,0.0678586313221216,0.10941253452146295,0.099626541761861,0.09775386759617585,0.03971766077227335,0.061123580783223073,0.552365090419259,0.12389052410142835,0.08459904412540208,0.07859238836273867,0.10520219400028241,0.18925475818743065,0.23212786922042566,0.1387867958319448,0.07580670098340275,0.0867349773194433,0.0811777216963451,0.22945767087498165,0.09900577163985129,0.19961805762268872,0.23906157462990707,0.10802655113345158,0.07431473123702884,0.0942802883493674,0.04186096737522876,0.21923316763226372,0.197873354298096,0.15537623998648886,0.0776839340061535,0.14725685096293953,0.23190390591830723,0.10309995427230022,0.08280139133718613,0.08084787645237997,0.1960059437998134,0.12963875041818215,0.27243229796636154,0.20848381574744423,0.08291514442935995,0.1387024845521324,0.1429224946346518,0.11368198545211129,0.11222151948833703,0.15449013635249942,0.11274045500436441,0.09779617679786053,0.09786742355425573,0.2133380436179334,0.2752095173713797,0.18379002325153465,0.21444420036469353,0.13924965008245585,0.0489341345805987,0.10624488139211888,0.1263789343357741,0.181118396343038,0.12256821172447004,0.3496832490330906,0.17584515907078804,0.15405363684842419,0.2529622953243245,0.09909101529854557,0.11965805775944294,0.07995988858043039,0.2673349908530127,0.10212375550540802,0.10034756696596644,0.10296965904102358,0.09483892777829675,0.10260869163004657,0.20199144907031777,0.14226421917380574,0.14942039129697687,0.1857552085653481,0.150125508919428,0.10788208873725705,0.09850020228638248,0.2965861417546332,0.11069637052876252,0.41232024850110055,0.15339835155567463,0.27186682214243757,0.19334171003698392,0.21557892117336214,0.2118388114580981,0.1904088623915809,0.10069751086693852,0.07379765734965496,0.46464298664250736,0.1615644716771717,0.11005685855375527,0.10534560165977606,0.1386463640005995,0.1003849946971036,0.08211934289637572,0.12814952976986443,0.2146945726568728,0.4519730582858593,0.11966803910710862,0.05818630559574415,0.2901136201646087,0.34588193567236597,0.9063211429846038,0.11517863216954548,0.09297367084996051,0.1483161715048014,0.19079997970214738,0.09220341510491858,0.06047691054052799,0.03716590795593913,0.15116383645549522,0.04588711158419168,0.15059507778518666,0.060850889330686435,0.10832044147493358,0.08610595655999655,0.155562006653445,0.1833715751656587,0.2360537124961767,0.19586354136343054,0.2711691955510553,0.21264021657538065,0.20759587445163863,0.055043256195630455,0.16063406530456711,0.1400285777376882,0.07931901037256704,0.21049740298318056,0.07806118405513783,0.04001544966558452,0.19989611185643122,0.09815165521402432,0.08707740459761297,0.09216459000129158,0.07084770214694106,0.08784728422629863,0.13357422271714328,0.3278002749800818,0.15371402835554776,0.06093153452730583,0.11574442088485443,0.07024871112369561,0.11406389063389996,0.08618698178904549,0.04150596351469667,0.3230804918452571,0.17679156744729888,0.13911366585747967,0.09848076135439676,0.08418588694833153,0.08498843195664442,0.2193191563018613,0.2799512061492093,0.1714748832438672,0.7157624739813815,0.5888674920476322,0.04972418464397695,0.08473016440170318,0.1207843482546348,0.10559254319964542,0.1957102172536832,0.10504773847926162,0.08896536750660965,0.2277542772659382,0.4815328132826345,0.38309690739504804,0.11530947654659,0.09102682570325389,0.07904205721351336,0.1275565481844288,0.07975479491068604,0.07910277392043774,0.1876680522554354,0.15648486778791768,0.04738124625691612,0.11396206283130796,0.11577622482538547,0.19550108864943538,0.0648083925032644,0.19535033494853257,0.12452246435607511,0.2783984153086941,0.461371989674959,0.0342355039758255,0.13515069868689242,0.25381591993328884,0.06073547363701789,0.12499951815144562,0.46079456685642917,0.15582502582652266,0.21977797271141647,0.26398060347584296,0.08513634450304947,0.1967185058134654,0.15239661328955192,0.17797421097180652,0.16218502404669977,0.054166247245034875,0.107379710036593,0.05587632855720862,0.055009502761119995,0.13365829188094347,0.652572265383116,0.2580451651598126,0.08757320517651797,0.08652792420679034,0.2787751600298212,0.07353877874149493,0.13238391400127836,0.19776501508782893,0.08391943183962021,0.20347500806790694,0.08361488216114839,0.34527305084657856,0.08122621406576597,0.20441969387954337,0.208996215944698,0.25230195044863263,0.21296803172879675,0.2219026176555292,0.13978967854966629,0.13744597323429766,0.19941275961733537,0.10334456494439319,0.20316177554937592,0.0824922480378347,0.1638364737546213,0.10714611670438354,0.08682214212806222,0.07765485682043884,0.08652453548014845,0.11247551668175686,0.08760133735494965,0.12418991495506457,0.11308491922240513,0.12376890079592236,0.1890874213585275,0.5132407841963432,0.055652557042813425,0.1843590858141904,0.09098733075039618,0.21319104143331477,0.09257648872464515,0.24626464263828193,0.3896829700827548,0.24504452527492737,0.12726216038128332,0.05475412616501872,0.17173648097254,0.09635428420632697,0.17180682087066276,0.17480382327403188,0.03519700340850288,0.2395290340888315,0.09520274071139097,0.19796624119557724,0.15556382627301443,0.10494645515447668,0.0886076946045718,0.05046707575254509,0.25191415873476475,0.06134142206361443,0.13347573806476556,0.07122309905317088,0.19013388588553945,0.12375303447588887,0.26388981095398983,0.28473917409535454,0.16674719320101555,0.23521067248112545,0.2310517476764121,0.1566507627861831,0.18500369874769576,0.07339949927940842,0.13636592865709143,0.19106738158219633,0.10469095718569907,0.1558106736862784,0.12220578197835663,0.05291722193111112,0.25452329544948393,0.1363469853869228,0.10889668477277212,0.1024974014796553,0.0779600847899566,0.09835099239256043,0.38968553214012047,0.1750526186764628,0.13214848032274298,0.08635939911630196,0.12111565526820427,0.09937340253288325,0.10615600579641274,0.10940930001955407,0.04710292259757673,0.21759436132898652,0.42176144768721857,0.32372254397846695,0.16547111638521853,0.10228742269943436,0.08713591600121427,0.15968387251538052,0.22559630171887615,0.14092129364165648,0.11424956175484928,0.13836459365273113,0.07692728920942066,0.1054732660200834,0.1111401697803698,0.1058285649863742,0.15075890796212293,0.1541136552489573,0.12806175464785496,0.2565173900663298,0.15968281486708522,0.18563565595516876,0.10972544772750484,0.1317752364861533,0.08990826716711804,0.17557744628037428,0.11519063870667685,0.09494445386020008,0.5316733888814419,0.13382569187598156,0.04932306759309816,0.19184292656990343,0.1857479738528932,0.2319575634747058,0.07440373917398779,0.2994111115633462,0.27855527363017657,0.17060002275365166,0.18377821336252714,0.04487185712967718,0.18604482091928604,0.247898488731749,0.0864739944262477,0.17818983248233167,0.18335648577833114,0.33064737922368426,0.22007618963195616,0.3146232360780757,0.09761757410306217,0.2276870530739926,0.17861469802804444,0.14476254391731422,0.13580616471216012,0.07579750917142841,0.20063601423990482,0.07589825254775304,0.07646021767117879,0.1895009742890845,0.1420049680200503,0.16805162551664907,0.10300341005938518,0.11458041097002447,0.2166725535347452,0.11158019137304602,0.3678092562069389,0.24573991969894407,0.12154824446382163,0.1616401005434874,0.09992491182285493,0.3368968668172172,0.11837478483766901,0.15397960200484875,0.15722248042549916,0.1664932123585357,0.4093160462281232,0.1595374844970163,0.20722582702470455,0.20040720289645955,0.2779232076390836,0.1493989921689358,0.21689059691540155,0.09487568668430298,0.13661964156365194,0.22076964173555394,0.0980199196871035,0.12858474067106282,0.10674499040380975,0.19410498984370678,0.11879207280475569,0.3080980379160136,0.15944996477805312,0.20922824383597413,0.14833001756479006,0.16532280122282753,0.08410445161895133,0.22510912101338915,0.1143647457561157,0.1990867894501472,0.12066916958825644,0.18854132339081767,0.25162628653081875,0.2808187842929657,0.3040887768256652,0.08197071507817771,0.08580708254211372,0.0618377085694426,0.14478738207054082,0.12145881312495932,0.013978942806377287,0.10282411044803151,0.3440231899001386,0.09320013444051892,0.21249415308865716,0.34984854742848903,0.06359841859639331,0.03613944037561284,0.08818784844344335,0.042803231051442715,0.2495466978683252,0.42541758987019096,0.12344934379379253,0.13442065241483384,0.0879212723215576,0.08859839737183255,0.17915548698195122,0.09629220572193427,0.09760880239200595,0.18747567946905752,0.19177255962926798,0.05891466024265857,0.2341197001379292,0.09144659931738426,0.13565475714916606,0.18297444433665347,0.06871653915677502,0.040786238372604075,0.15237091277135326,0.07845028744673165,0.2248278467899981,0.2305790384268871,0.292075027091967,0.24422514557710107,0.07899557154054154,0.13448411818829037,0.2390810867325455,0.06422768285009296,0.3038583361103659,0.06361514826682671,0.2736436782929682,0.1771374621517177,0.5424284557935611,0.09574572630065038,0.09342528076352193,0.11158160247802187,0.07757022538646746,0.2499730056954178,0.3573593375594858,0.16975625437718897,0.13822507293189545,0.22103393547175912,0.04008698514071656,0.06473304251363408,0.055679155845672616,0.26523906242268963,0.2708307756222716,0.3185572279361261,0.19143099631974747,0.18004905868815577,0.14233880190186915,0.0937005580368101,0.09017197054114101,0.11610518831364257,0.2927351593962291,0.1464386927377992,0.2737336990228023,0.08878761522171102,0.06955560193709846,0.28515025523811555,0.06133692553161323,0.2370292458223204,0.37348751308916106,0.1419200781735621,0.15884376655745103,0.09687716672518695,0.3341914486878731,0.08739614305723013,0.08515395930081089,0.14810623556250116,0.07958637565507301,0.03331719046174997,0.09037228362635466,0.09459344110829146,0.06481426867784519,0.08733589980182804,0.07989382051832261,0.11920473146749316,0.10178048400559943,0.08233293723161493,0.24828384405341944,0.09788295843101227,0.22284571967469805,0.2182701480420675,0.22439591426939703,0.06860809804747217,0.10957966611058997,0.06316691963836031,0.06334001796867626,0.20196021915884618,0.04720771671719512,0.15369453457306995,0.2259025815459109,0.16642063390450004,0.10163128589328935,0.09393311124961294,0.0811231515893533,0.09461748198521475,0.12611612568567201,0.20258707142917537,0.2515539886184983,0.07133331443283057,0.11770435943774028,0.19329108511356338,0.19497042053651722,0.163598014972891,0.08920757617114625,0.18220772447081718,0.08936589983625459,0.19104389338744202,0.09010951302337977,0.18468055011567583,0.10128791747095445,0.2595306040486491,0.22214484822472927,0.08957267634990018,0.2454612141254976,0.06740463751730667,0.17351741866859974,0.08213111159440745,0.1616770997081872,0.08792596555367707,0.08411194851517775,0.1513756415426765,0.20494184532154427,0.07375945644160234,0.06373244216628203,0.09678523466909089,0.302960409719897,0.18074909166385614,0.24820581210001713,0.17016310411591695,0.08903650712051683,0.08902269795876977,0.08497503046643616,0.05955253932799416,0.0,0.0,0.0,0.0,0.0,0.0,0.0,0.0,0.0,0.0,0.0,0.0,0.0,0.0,0.0,0.0,0.0,0.0,0.0,0.0,0.0,0.0,0.0,0.0,0.0,0.0,0.0,0.0,0.0,0.0,0.0,0.0,0.0,0.0,0.0,0.0,0.0,0.0,0.0,0.0,0.0,0.0,0.0,0.0,0.0,0.0,0.0,0.0,0.0,0.0,0.0,0.0,0.0,0.0,0.0,0.0,0.0,0.0,0.0,0.0,0.0,0.0,0.0,0.0,0.0,0.0,0.0,0.0,0.0,0.0,0.0,0.0,0.0,0.0,0.0,0.0,0.0,0.0,0.0,0.0,0.0,0.0,0.0,0.0,0.0,0.0,0.0,0.0,0.0,0.0,0.0,0.0,0.0,0.0,0.0,0.0,0.0,0.0,0.0,0.0,0.0,0.0,0.0,0.0,0.0,0.0,0.0,0.0,0.0,0.0,0.0,0.0,0.0,0.0,0.0,0.0,0.0,0.0,0.0,0.0,0.0,0.0,0.0,0.0,0.0,0.0,0.0,0.0,0.0,0.0,0.0,0.0,0.0,0.0,0.0,0.0,0.0,0.0,0.0,0.0,0.0,0.0,0.0,0.0,0.0,0.0,0.0,0.0,0.0,0.0,0.0,0.0,0.0,0.0,0.0,0.0,0.0,0.0,0.0,0.0,0.0,0.0,0.0,0.0,0.0,0.0,0.0,0.0,0.0,0.0,0.0,0.0,0.0,0.0,0.0,0.0,0.0,0.0,0.0,0.0,0.0,0.0,0.0,0.0,0.0,0.0,0.0,0.0,0.0,0.0,0.0,0.0,0.0,0.0,0.0,0.0,0.0,0.0,0.0,0.0,0.0,0.0,0.0,0.0,0.0,0.0,0.0,0.0,0.0,0.0,0.0,0.0,0.0,0.0,0.0,0.0,0.0,0.0,0.0,0.0,0.0,0.0,0.0,0.0,0.0,0.0,0.0,0.0,0.0,0.0,0.0,0.0,0.0,0.0,0.0,0.0,0.0,0.0,0.0,0.0,0.0,0.0,0.0,0.0,0.0,0.0,0.0,0.0,0.0,0.0,0.0,0.0,0.0,0.0,0.0,0.0,0.0,0.0,0.0,0.0,0.0,0.0,0.0,0.0,0.0,0.0,0.0,0.0,0.0,0.0,0.0,0.0,0.0,0.0,0.0,0.0,0.0,0.0,0.0,0.0,0.0,0.0,0.0,0.0,0.0,0.0,0.0,0.0,0.0,0.0,0.0,0.0,0.0,0.0,0.0,0.0,0.0,0.0,0.0,0.0,0.0,0.0,0.0,0.0,0.0,0.0,0.0,0.0,0.0,0.0,0.0,0.0,0.0,0.0,0.0,0.0,0.0,0.0,0.0,0.0,0.0,0.0,0.0,0.0,0.0,0.0,0.0,0.0,0.0,0.0,0.0,0.0,0.0,0.0,0.0,0.0,0.0,0.0,0.0,0.0,0.0,0.0,0.0,0.0,0.0,0.0,0.0,0.0,0.0,0.0,0.0,0.0,0.0,0.0,0.0,0.0,0.0,0.0,0.0,0.0,0.0,0.0,0.0,0.0,0.0,0.0,0.0,0.0,0.0,0.0,0.0,0.0,0.0,0.0,0.0,0.0,0.0,0.0,0.0,0.0,0.0,0.0,0.0,0.0,0.0,0.0,0.0,0.0,0.0,0.0,0.0,0.0,0.0,0.0,0.0,0.0,0.0,0.0,0.0,0.0,0.0,0.0,0.0,0.0,0.0,0.0,0.0,0.0,0.0,0.0,0.0,0.0,0.0,0.0,0.0,0.0,0.0,0.0,0.0,0.0,0.0,0.0,0.0,0.0,0.0,0.0,0.0,0.0,0.0,0.0,0.0,0.0,0.0,0.0,0.0,0.0,0.0,0.0,0.0,0.0,0.0,0.0,0.0,0.0,0.0,0.0,0.0,0.0,0.0,0.0,0.08116941098602477,0.056719209128196404,0.14038022523284116,0.11699155274860988,0.013101895229810255,0.09289711935964266,0.2895520839542925,0.08846094034846022,0.2010786054336508,0.2532922818643531,0.05966789234277487,0.03438092442942827,0.08271943355392983,0.04081257234816976,0.23914108878989215,0.2755533672675669,0.11008812973645679,0.12182633704196563,0.08241454271137358,0.08323969963177974,0.17180450178492038,0.09137453220338604,0.09292615234810281,0.184918857371802,0.1727475301618034,0.05617748168596552,0.2316462435565048,0.08673014473586543,0.12691180786918682,0.1823095471390144,0.06433100648309596,0.03895608284268291,0.13468867254455383,0.07444144147284694,0.20648575954007284,0.24569704134176062,0.3449062895959943,0.26116730663927795,0.07271670968024303,0.12870893244601017,0.23934428764107016,0.06059993353569219,0.249656185580407,0.06022253178778547,0.29490176273650837,0.16650342111268862,0.26148812141717576,0.09122424942895548,0.08429395182583548,0.09973193248162622,0.07240469034537246,0.23322288426776647,0.3034084135819892,0.16923686248984485,0.12589801462755648,0.22057851081791277,0.03744296457064951,0.061265886253904306,0.051494789490798824,0.23135868929393769,0.2830414218462877,0.2777537173803118,0.19255292973203397,0.15559452822550948,0.12823490804354853,0.08869898248138361,0.08550655997039262,0.1087229126852796,0.2808600886816936,0.131304240425991,0.2883185486530966,0.0842263206288079,0.06571413679270215,0.25982027080462394,0.056375100639781836,0.23622029355478416,0.42424980988148475,0.1249916331934061,0.13824958557162553,0.09199856345045862,0.3245189844853722,0.08206778161026991,0.07855001596607655,0.144178076111822,0.0754979075857929,0.031862771434548284,0.08568867594933018,0.08971987192445768,0.06107932504266254,0.08264519763615104,0.07580446434535064,0.10598371481519366,0.09719054742790491,0.07725830387750846,0.25666968793288386,0.0930694927908803,0.18782744176019556,0.2147361682594601,0.2286391026837189,0.06436411471675926,0.09854445809167883,0.05996501633384722,0.05980519245783255,0.16949206363997438,0.04418048906819188,0.15076405267111231,0.22528175140403522,0.15279482587270846,0.097153610314696,0.08604596666664842,0.07464248440117703,0.08959474961255323,0.11466711380392111,0.19094963432469775,0.24142498144419264,0.06606253987277609,0.10738548199304433,0.19115034090425428,0.1895502825561987,0.15965170738245027,0.08104474058974222,0.17888866648270346,0.08431645444628313,0.1617774288729823,0.0848727671247152,0.15944344685117903,0.09668759589096798,0.2668886965560559,0.226483121339413,0.08181458665777014,0.25966098435039875,0.06276103219535566,0.16721494427131142,0.0766817834899337,0.14696141743055927,0.08047100497815396,0.0796866105806755,0.132148461169342,0.20380357428948548,0.06992334893300944,0.05912243869649359,0.09193317672294075,0.2317756477982336,0.16170869598346777,0.20804740300150376,0.1566456495248359,0.08203312448121444,0.08394107155806285,0.07824942109461333,0.05555636821189119,0.1285776778109998,0.10500910927642733,0.07916813913892413,0.07402927741653759,0.009237447051793966,0.10701117702123356,0.059561497068851124,0.12011840022737988,0.07716186677845127,0.06642444184762124,0.1967055264312731,0.09562231978534762,0.10571714568995039,0.09898976961705014,0.0744536632723479,0.0584475856853539,0.12241745480596843,0.19199875618875334,0.10256958698982838,0.0939701948958045,0.07821020032294733,0.10265140671912597,0.0871304629963418,0.08325084390386583,0.07609897642059953,0.21519582850636013,0.07788222148007497,0.122736498538681,0.2603752376214607,0.08677516289303022,0.13321739894379578,0.11954948370053467,0.07749263127347142,0.13654381251672745,0.14688809081951348,0.12819365980257355,0.07941919898558306,0.1194546062043904,0.08052008778085061,0.07252520259430331,0.07776073105816006,0.22415980855898202,0.06876063046521291,0.1416565418106606,0.07145539081217685,0.1987479487441886,0.037514214032686025,0.07867582317911627,0.06321190897615789,0.08776895836308991,0.12220686981447632,0.12847936073634175,0.05614942630202152,0.09075407636816128,0.0698193742272334,0.08061774309791306,0.02699152818314007,0.04354079038732634,0.1281728253228371,0.11669629867773822,0.07195848216321327,0.06385452935443561,0.08785197532153263,0.12989500077139726,0.18042243834041713,0.09126350728222782,0.05528988136059207,0.06288063500209402,0.06705200067137777,0.17184888196950804,0.10263737259763135,0.12776123253267227,0.1422351483297378,0.10591252905031324,0.045539551023849774,0.07785259384857536,0.036428146581158415,0.12026754100772363,0.1183772047460027,0.10349359718571385,0.07446212265664491,0.08874684138468787,0.09959101077590933,0.08125981105431915,0.05849545872766499,0.08296529179279744,0.12444346993739093,0.087522659953388,0.23324746475449987,0.1267908043049308,0.058641107305921154,0.08108669663120513,0.10093151780102229,0.0721772171627991,0.12206401024748391,0.10426186514891994,0.08121341822635231,0.07959876542808055,0.08229063909965534,0.4062901689684655,0.11694101506047158,0.33363299115574857,0.35601577309698923,0.09438962815321295,0.0330819924115833,0.08518001110659995,0.14458975183098288,0.1985441297184124,0.08806449937180061,0.18214567415562802,0.08425469366791416,0.09983307605764243,0.19715906835025365,0.07711959407548472,0.1265075838169134,0.051334053774812004,0.20293485270145634,0.08316538446989527,0.0801412237445784,0.08183045505538226,0.059188219944615934,0.08262397134549493,0.11792709776288138,0.09452130897788799,0.09244922902872767,0.13148209111571077,0.10546253258912945,0.11474766997166555,0.08291342800413619,0.10735414993374971,0.12056466856354366,0.11815464355363635,0.20717928442052672,0.11818414495727167,0.19222025809907053,0.09424602376645391,0.13199993394927328,0.11019202275996663,0.0826349868977489,0.0523392574289312,0.16892267902003028,0.10736373550507913,0.08853946266117675,0.07607634188658272,0.11696601569651,0.07427327804960587,0.05505092596886784,0.0826593912396403,0.09516339220624463,0.17212229137771023,0.19936424977772035,0.07890018325924204,0.07240741391936724,0.06983318125982263,0.008796064455240444,0.08994743408775276,0.04593162109151275,0.16672775256471295,0.06471574771354953,0.049585730814398564,0.1779099147206947,0.6420451198425081,0.12795371769249453,0.5980565660815477,0.06076843483913303,0.04075511340198908,0.0909720543478433,0.10219909550770645,0.12187503010934707,0.10814432011242946,0.06787764275763773,0.1233455849907465,0.09516942232783009,0.07241898236363552,0.06370303288234237,0.3854510394006855,0.06448576191269459,0.17585599561021703,0.10889028311090965,0.07629957130538208,0.17413427741765472,0.6041817044864459,0.06510982417871831,0.268806811305746,0.08494119941715864,0.08551574435724385,0.05481531532815315,0.07906015720462571,0.08040787464956928,0.0660364846803626,0.06411583185793047,0.2457471868466474,0.05350074697019577,0.35356618089012026,0.05691154776261614,0.10052701322920993,0.02666984897448059,0.08266366663655415,0.056125377493490065,0.07429226529986281,0.1501634045904395,0.07770339962409802,0.043099839582500424,0.08183723975362193,0.060883484869695983,0.06761976245447704,0.025748821878004403,0.04210461065135101,0.08563666135557917,0.07261199138697845,0.05764575448898361,0.04982102508093811,0.07649277563238988,0.0860452566684998,0.09984885664916654,0.10327848531628166,0.05200925529835997,0.056823719650484876,0.053140101575100324,0.09814844809375108,0.06735428001691188,0.19647277582438502,0.2884881009902674,0.06704316226900878,0.04309224672568119,0.06430701503962154,0.027269245493370918,0.08778258686585279,0.08513188645171335,0.12479577679821333,0.04993137481314873,0.09977093279664011,0.10172336636661904,0.07435748126202625,0.058468659933773266,0.6918995050147652,0.18229410339805313,0.09681086424288753,0.2212171717927455,0.19155492816040423,0.058594407048044514,0.06854996379542197,0.11732079007314572,0.07594571301120591,0.07800701597492357,0.1258899846502379,0.06436165032231334,0.06686198288147027,0.06881572789246385,0.11743581450409725,0.09170961536113356,0.2276704647881919,0.1749250919411912,0.07174916911162928,0.03201843010987673,0.07801972588283913,0.08727036195807471,0.10001367526287545,0.09513467546107837,0.10307302507280115,0.08394133733828073,0.1183961169994073,0.10362771682553125,0.06513757259102192,0.0773155906416289,0.049140281960919706,0.10503931238383617,0.07187013440616838,0.06877180611880032,0.07315499703421377,0.053436453844858595,0.07223084024144392,0.15938358958345394,0.07253996973955514,0.10581212854462838,0.08589514252716113,0.12638406899962662,0.07358300226103234,0.0695022811390872,0.09675668317157518,0.07877469692091459,0.1331198370616985,0.10542047148349859,0.14455562756912765,0.09940610085084677,0.08949012795910666,0.2198278078107581,0.0828778638065896,0.0705046400571043,0.051616690710118665,0.10382244110319565,0.13288517092935126,0.06131554106396928,0.06384243419144817,0.07488874317936105,0.06372700384694933,0.05045083919522129,0.09036399622343583,0.09556664264389607,0.12407089781956183,1.0,1.0,1.0,1.0,0.0,0.0,0.0,1.0,1.0,1.0,0.04565788644122549,0.2948416176976029,0.0102690671381031,0.009409276352321742,0.0001786926965927194,0.0638130729647875,0.005293320418994461,0.03430287838850226,0.009640457020488954,0.007005545800023488,0.1246327542965467,0.01085331022368068,0.036996161496817795,0.01256850309885982,0.008467553060921295,0.004590383617248348,0.06483067865358658,0.057454254134187935,0.03450965828805891,0.024943983187313293,0.010030276898569782,0.02410630740596864,0.015611058662059262,0.010535927203331142,0.010625143270414824,0.02427932384329266,0.008999574414541077,0.036915783340519766,0.033914150630272644,0.011095083902828635,0.1291207895432895,0.01073168121323519,0.013437112349085073,0.04295629694777074,0.019848025083144975,0.01330620632762837,0.006396223383272865,0.012076804320264485,0.02692881212214509,0.009099705467298982,0.008805112705090566,0.06655082063808092,0.007632474593185095,0.04465508027451753,0.006867061353574301,0.026078334456452138,0.001874067221926311,0.012324482968512745,0.01089737119644065,0.026826848483591823,0.09840953066108928,0.0154127374376797,0.00460479623641369,0.01197110483920673,0.009925450225599451,0.009555820901674623,0.0015774950345395936,0.0037360944599650224,0.30510719994773206,0.015348864472226484,0.007157000540359416,0.006176765884547439,0.011067503739452941,0.035817366326804344,0.05388335068055483,0.01926177704056342,0.0057466582473870475,0.007522958632741585,0.006589824766654169,0.05265082573546863,0.009802145220491594,0.0398473714126875,0.05715043942601159,0.011669738156951062,0.005522681869038513,0.00888877503810987,0.001752342909955224,0.04806318481778321,0.03915386723890249,0.024141778288776287,0.006034796019355967,0.021684582651638726,0.0537794246923302,0.010629602756642188,0.006856072696669709,0.006536381763350584,0.038418332459673465,0.01680620795588801,0.07421936039759813,0.04346550398598894,0.006874923492910995,0.019238381943274485,0.020426841644857145,0.012923596238486384,0.012593671703894537,0.023867204520558058,0.012710412688753612,0.009564094465323244,0.0095780347184866,0.04551312414214048,0.0757402818905606,0.033778775545199646,0.04598631824826238,0.019390467708576477,0.0023945519737283596,0.011287976957081764,0.015971637358733467,0.032803876158319166,0.015022968790032816,0.12227837859394043,0.030921522889194548,0.023732525414227094,0.06398992600808638,0.009819031632836378,0.01431805315249693,0.006393586256120882,0.07146800059550013,0.010429263610553664,0.010069636439048764,0.01060275278600548,0.008994424772638739,0.010528545852641165,0.04080054804484842,0.020239110666586034,0.022326455794725784,0.034505000313714396,0.022537670693421687,0.011638547414570224,0.009702292101867845,0.08796334305119596,0.012253688738786675,0.1700079916235323,0.023531056653713942,0.07391157205776062,0.037381019592005765,0.04647427438055398,0.04487568464242561,0.03625553778194317,0.01013999092749395,0.005446096538022339,0.21589311029163427,0.026103080818619038,0.012112514636285175,0.011097698170858886,0.01922281684846561,0.010077149489771514,0.006743588894659921,0.016422304376492596,0.046093762597228326,0.2042796504944217,0.014320441879264156,0.0033856486146392997,0.08416591526102511,0.11963431623723142,0.8214180310084481,0.013266119870433912,0.008644105968779564,0.021997689047221818,0.03640463487766408,0.008501472248597522,0.0036574589571908888,0.0013813069834916463,0.022850507890399135,0.0021056293233479386,0.02267887996141956,0.003702833132926677,0.011733320530649157,0.007414238067847362,0.024199540440484987,0.033625137168887737,0.05572135785360279,0.038362529274799,0.07353273521689015,0.045215864151318695,0.043096049920031916,0.003029762191181047,0.025803305414505092,0.019608004907682296,0.006291507657838891,0.04430915903876552,0.00609355079203276,0.0016012384680152288,0.03995845846756688,0.0096337497619139,0.0075824766766982256,0.00849431381285258,0.0050193991763663355,0.007717147525906512,0.01784207569577748,0.1074530231884367,0.02362800496595422,0.0037126541630522958,0.013396773509767082,0.004934883746919909,0.013010573491222477,0.007428198087105338,0.0017227474726273857,0.1043810070269417,0.03125526138089155,0.01935261475387421,0.009698462740086528,0.007087265803471991,0.007223036067488953,0.048100894622678976,0.07837268107454283,0.029403638033774514,0.5123159309646514,0.34676492853432306,0.0024724969249339647,0.00717920308107996,0.01458886115765455,0.011149787668334014,0.03830249147593092,0.011035029782763878,0.007914838961428212,0.05187201342829827,0.23187385446638162,0.14676324399338658,0.013296277872426826,0.008285885350208225,0.006247649117272643,0.01627067528501452,0.006360829619914983,0.006257251123504876,0.03521930131354046,0.024487516288965918,0.0022449849057637142,0.01298735426999274,0.013404136697651049,0.03822067809289931,0.004200130091395447,0.03816175601379342,0.015505846678761714,0.07750568019685178,0.21286411656909734,0.001172071910169024,0.01826571362559443,0.06442252385205109,0.003688800064611256,0.015624881826103177,0.21233163654039958,0.024281441474720614,0.048302359679112825,0.06968576207271861,0.007248199351421763,0.03869817290835155,0.023224730432845758,0.031674822243581605,0.026303984413757173,0.0029339846025185287,0.011530404617997833,0.003122166272500207,0.0030260476767424924,0.01786454156002156,0.42585057013197075,0.06658730968872892,0.007669068481469498,0.007487083954470074,0.07771559239466463,0.0054079542971889145,0.017525503361920214,0.039111003620692246,0.007042473415964344,0.04140208156091003,0.0069914507402522265,0.11921348377627675,0.006597700162868392,0.04178741367865885,0.04367942083521748,0.06365627675813654,0.04535538584382549,0.0492407742091038,0.019541156592449416,0.018891398161910124,0.039765451242444384,0.010680101517066666,0.04127470940272556,0.0068049732579605025,0.02684239254486802,0.011480292853887521,0.007538086605243854,0.00603027921314444,0.0074864974415477315,0.012650744235268638,0.00767399657023692,0.015423137600025493,0.012788201201235569,0.015318743336842302,0.035754055347610544,0.26341610701083434,0.003097209461884873,0.033988274911559056,0.008278696796905228,0.045450423011088564,0.00857040862894265,0.06064627713823034,0.15185282136910583,0.060046822159813606,0.016195660052401716,0.002998016595776525,0.029493421345423206,0.009284150848975424,0.02951758603972831,0.03055637908505569,0.001238833485788472,0.057374161431531595,0.009063564308244338,0.039190635101331084,0.024200106500669828,0.01101376106399836,0.007851325966200057,0.0025469281251175716,0.06346074618519118,0.0037627723708635874,0.017815775086948288,0.005072732362304957,0.03615089746875755,0.01531481606312981,0.0696378352150132,0.08107640017352385,0.027804628890157335,0.0553240629796883,0.053384912624805936,0.024539463884482016,0.034226371289113586,0.005387488784370692,0.0185956689000358,0.036506746762451726,0.010960198887264566,0.0242769683318029,0.01493425576618818,0.0028002346989494187,0.06478211112501739,0.018590502782381668,0.01185849029105037,0.010505719549462052,0.006077777119904715,0.009672919930019251,0.15185481807446408,0.030643421803433442,0.01746322320196648,0.007457948252717019,0.01466900454307249,0.00987507548919772,0.011269099958933495,0.011970397232376511,0.0022186878452810695,0.04734730863581814,0.17788272339282585,0.10479628923578332,0.02738069309844578,0.010462719253170001,0.007592670364878456,0.02549894133494594,0.05089369434029471,0.01985881338510905,0.013052965775302412,0.019144763628345735,0.005917810436554985,0.01112461228024403,0.012352139679799347,0.011199687688154544,0.02272825054105521,0.023751021374953895,0.016399815548854276,0.06580117406445317,0.02549860402392195,0.034460599577474355,0.012039676306133265,0.01736471550453557,0.00808349877160769,0.030827442037773163,0.013268885687476658,0.00901445173584273,0.2826765987516108,0.017909318199272533,0.0024327674724186027,0.03680371136542455,0.03450231263379686,0.05380431373441755,0.005535918771780827,0.08964701671951038,0.07759304381091299,0.029104370130079108,0.033774434474513136,0.0020134858925071166,0.03461267783983879,0.06145366334777011,0.0074777541393939405,0.03175161884199828,0.033619603639261655,0.10932769318770309,0.04843353161579947,0.09898778391145432,0.009529193066655388,0.05184139659757642,0.03190321313289796,0.02095619651497503,0.018443316670606846,0.005745264806620695,0.04025481320815168,0.005760547078774157,0.005846167257560561,0.035910622109873135,0.020165414283400174,0.028241351101130532,0.01060970473295427,0.01312867297412606,0.046946997919401406,0.012450141712375488,0.13528365290296981,0.0603881107206997,0.01477397825783093,0.026127524635951933,0.009984990329743891,0.11349950296828547,0.014012592184417602,0.02370972016229272,0.024718910737168292,0.027719992067120895,0.16753963023087814,0.025452211306863443,0.04294254594912642,0.04016304989902276,0.07724131219191412,0.022320061517020255,0.047041533423820496,0.009001398196225892,0.01866492877042433,0.04873923787768764,0.009607906842459893,0.016534038246717783,0.01139449526392327,0.03767674984283682,0.014111559049559321,0.09492440459815464,0.02542429372748683,0.0437764609839478,0.022001796467035407,0.027331631359280996,0.007073561346585887,0.050674118824192343,0.013079297675733672,0.03963555253422769,0.01456105097306144,0.03554783332443058,0.0633157915260957,0.07885919249677575,0.09246998769264943,0.006719200651692518,0.007362857558522774,0.003823904672379457,0.02096338836008756,0.014752245614159725,0.00019541357271724404,0.010572800184836466,0.11835195908827308,0.008686267251675234,0.04515376779573109,0.12239401017206766,0.004044761124856026,0.001306061467345842,0.007777098875016555,0.001832118800488862,0.0622735573108845,0.18098013078216044,0.01523974303666261,0.01806891435539665,0.007730152401813516,0.007849678280339889,0.032096691063792634,0.009272191095217798,0.009527480514565404,0.03514713278948604,0.03677671736556839,0.003470939557775592,0.054812036688761036,0.00836248278267026,0.018402215597871054,0.03347964961924198,0.004721965093201762,0.0016635195044711934,0.02321689775653459,0.006154449831231429,0.05054756348886825,0.053166695473385366,0.08530782468917908,0.059645924339898064,0.006240302647842848,0.018085980410300302,0.057159768738793554,0.004125197590914926,0.09232989192661167,0.004046889408021787,0.07488086562558188,0.0313776830667144,0.29422863787249454,0.009167246337921311,0.008728285637592705,0.012450456555439826,0.006017142138760599,0.062486506497787725,0.12770570021711786,0.028817188134010904,0.01910617339529915,0.0488560031857719,0.0016069688955284707,0.004190369126710598,0.0031001708418008753,0.07035176337842151,0.07334931196040607,0.1014787110660548,0.03664582865914298,0.03241766631828265,0.020260337149365832,0.008779796758483234,0.008130986597604565,0.013480417235479897,0.08569387678402611,0.021444293349251096,0.07493014094747837,0.007883242860229098,0.004837984005823641,0.08131067129408164,0.003762220925011664,0.05618286607937086,0.13949292784151554,0.020141311267070097,0.025231344895257357,0.009385187638742323,0.11168392818416792,0.007638088152394424,0.007251199155137819,0.02193545930286102,0.006333993499075942,0.0011100374420020677,0.008167151789791357,0.008947921354860602,0.004200891687790312,0.007627561614297441,0.00638302487319834,0.014209770630908202,0.01035926901282563,0.006778714813532358,0.06164486992538883,0.009581075703998783,0.04966021779738915,0.047641860127202104,0.050353528901374636,0.0047070735012926185,0.012007705723922438,0.003990061925261318,0.004011960181490913,0.04078793305804276,0.0022285709499532346,0.023622012242077974,0.05103197899602914,0.027695830010663756,0.010328920481529,0.008823431892851093,0.006580968101073588,0.00895247013509683,0.015905279717114678,0.041041524162030454,0.06327941206784056,0.005088444195854866,0.013854318772464697,0.03736144601016174,0.038013467403233143,0.026764312826011334,0.007957994147063798,0.033199657266746306,0.007986266327846105,0.036497772079572235,0.008119726528927488,0.03410690837795145,0.010259244447900197,0.06735613727695659,0.049348336098927234,0.008023266813677703,0.060251210327065007,0.004543387512624691,0.03010829709640686,0.006745521708289869,0.02613948717468202,0.00773097784337826,0.007074822078729674,0.022914587559122904,0.04200116246787963,0.005440459777933335,0.004061826555142038,0.009367383786546061,0.09178501344564353,0.032670236870479714,0.061606128278359124,0.028955484602503627,0.007927502129860006,0.007925042984873154,0.007220758199327735,0.003546507295277576,4.135057065844099e-9,4.518907991558344e-9,4.122655312450916e-9,4.108775250237885e-9,4.162730460533319e-9,4.47249176470217e-9,4.508504179639459e-9,4.101821297083687e-9,4.264428087768864e-9,4.734859438534451e-9,4.340114421045266e-9,4.169738181178209e-9,4.159491687696132e-9,4.141047652486026e-9,4.307532553394897e-9,5.1572689387102585e-9,4.686327190091897e-9,5.264618592917218e-9,4.160804392386986e-9,4.144010077578853e-9,4.192579714642974e-9,4.094739327329558e-9,4.08456034169817e-9,4.153589550625029e-9,4.33399408352434e-9,4.203530536421518e-9,4.246326113556379e-9,4.109848639977997e-9,5.368129218094876e-9,4.126918092943007e-9,4.257100724686217e-9,4.1618872789215784e-9,4.396644926040861e-9,4.1336370547286335e-9,1.570928646245679e-8,4.579104007185665e-9,4.7961253783237244e-9,4.742082210404929e-9,4.272557413531555e-9,4.146590372700455e-9,4.2460055920915716e-9,4.290932510467264e-9,4.518306357801834e-9,4.178363898870709e-9,4.299987957601137e-9,6.5130370308551665e-9,4.965277376520856e-9,4.088593953675791e-9,4.336513314941371e-9,4.450714413699475e-9,4.2408157630641115e-9,7.614567600471525e-9,4.5155997699049594e-9,4.084765148620936e-9,4.28310817797678e-9,4.20651188701041e-9,4.17186949750224e-9,4.135516972764988e-9,4.511423075370247e-9,7.899658545659008e-9,4.3003000316917685e-9,4.46536175236702e-9,4.128622382304769e-9,5.226339777892019e-9,5.344695152947917e-9,4.1076345514280235e-9,4.142795424594786e-9,4.191230101754385e-9,4.380774245656704e-9,5.349068942444023e-9,5.097500341812315e-9,4.1150501651190925e-9,4.180352648439456e-9,6.478340253002272e-9,4.241457800229924e-9,4.245544679071004e-9,4.566408927242465e-9,4.7748312165727204e-9,4.858547534016902e-9,4.090765870648481e-9,5.291159769961461e-9,4.144612328314659e-9,4.285384348419453e-9,4.114614995143956e-9,4.118380018750301e-9,4.136392524259789e-9,4.113751836918904e-9,4.099362333105472e-9,4.311346119640602e-9,4.130156697602742e-9,4.117888128441237e-9,4.436046850672381e-9,4.0704881576153964e-9,4.14549094064059e-9,5.078212489587233e-9,4.084462579812955e-9,4.523903803699487e-9,4.218989431021422e-9,4.190082451465217e-9,4.535848598995082e-9,4.5712190399956454e-9,4.289427363819396e-9,4.358872640236363e-9,4.71871585400227e-9,4.162502431126904e-9,4.0975461451866755e-9,5.35348386453477e-9,6.580946187884105e-9,4.073001441835497e-9,4.760681750345458e-9,4.280186131430726e-9,4.1061707693599376e-9,5.1430795550389434e-9,4.257262093749937e-9,6.352571327692147e-9,4.202682942228179e-9,5.035805210512333e-9,4.1598076701485485e-9,4.191783428264508e-9,4.135283270525407e-9,4.295532099035531e-9,4.152591737777191e-9,4.137437042467065e-9,4.682728763891186e-9,4.131961250602436e-9,5.327655338265765e-9,4.070503335217536e-9,5.20558339546302e-9,4.18328950093627e-9,4.398601363696974e-9,4.845221661760199e-9,4.293547982598007e-9,5.399053656958894e-9,4.219396173201485e-9,6.1801123730761355e-9,4.337002639637192e-9,4.131424383779385e-9,4.7258938571351935e-9,4.174520933441004e-9,4.124733071089516e-9,4.511076386905553e-9,4.0900598465842335e-9,5.271245776672931e-9,4.346697209672942e-9,6.250655980301538e-9,4.271326605553015e-9,4.229717946241416e-9,4.126416663508195e-9,4.290730089744609e-9,4.414691161572268e-9,4.385016027359568e-9,4.152468423046883e-9,4.12825860326758e-9,4.167142029341968e-9,4.283753439279149e-9,4.1929722400270475e-9,4.076490785850229e-9,4.714460293466781e-9,4.098837240692896e-9,4.08703368445126e-9,4.131916942981468e-9,4.125066635544645e-9,4.549052872206618e-9,4.13318361843359e-9,4.0802869133868996e-9,4.0708695019633755e-9,4.1510350784193225e-9,4.095510998518282e-9,4.563710123385363e-9,4.754539009509385e-9,4.110402599400094e-9,5.666817083611291e-9,5.045627554219288e-9,4.081716310279998e-9,4.130627528262421e-9,4.08721112207281e-9,4.073941869048357e-9,4.583952059419313e-9,4.06877740354539e-9,4.07258275111687e-9,4.199917616207661e-9,4.094978935159521e-9,4.162021370634124e-9,4.252515233899577e-9,4.069066423860638e-9,4.143069544762553e-9,4.0939767255876016e-9,4.1214704989366175e-9,4.331222948425217e-9,4.147149575832141e-9,4.070921144244413e-9,4.120697117215473e-9,4.090963933911272e-9,4.164621050794008e-9,4.070424352658314e-9,4.0705935467776526e-9,4.069506950607751e-9,4.636715381781478e-9,4.225889119329256e-9,4.196959395366235e-9,4.267284416068339e-9,4.07185205300674e-9,4.073617634344184e-9,4.070025410502844e-9,4.167034481767924e-9,4.072097921922791e-9,4.296861788133951e-9,4.288939476021507e-9,4.135251950573036e-9,4.068966650144534e-9,4.068694059869797e-9,4.078717433584616e-9,4.0686802592049284e-9,4.111651179761872e-9,4.096776934798507e-9,5.225723749555866e-9,4.214223998588332e-9,4.174741951324592e-9,4.0729300883987435e-9,4.099479744891131e-9,4.092434650106424e-9,4.44469478294958e-9,4.1906006516906564e-9,4.070207396237798e-9,4.308446103708709e-9,4.071922686722568e-9,4.068756668848216e-9,4.142638320873202e-9,4.134696721503669e-9,5.825459738222954e-9,4.073461551239561e-9,4.753393369072722e-9,4.30356526546262e-9,4.120279386961538e-9,4.3877891038589455e-9,4.10567609982099e-9,4.522624677544369e-9,5.137424056057949e-9,4.1198152014220604e-9,4.424489030595652e-9,4.385429138526038e-9,4.189840186360689e-9,7.626754864302725e-9,4.619079363003851e-9,4.101423482956799e-9,6.222854798758448e-9,4.1252883887428145e-9,4.077886946496333e-9,4.0685885333887776e-9,4.088771827368123e-9,4.166643479318674e-9,4.0869928784481415e-9,4.095628673459387e-9,4.1301972726261985e-9,4.331453182309956e-9,4.1023752055844185e-9,4.095991290190514e-9,4.0704942118020754e-9,4.862253888734953e-9,4.118887203639552e-9,4.321424784117503e-9,5.3453754147237055e-9,4.098304836360909e-9,4.106223110808851e-9,4.077148605045494e-9,4.324702479764764e-9,4.100817496739697e-9,4.0785730380008445e-9,4.0914026116544555e-9,4.104077117637059e-9,4.239167270647844e-9,4.087701615772748e-9,4.540444125616753e-9,4.135332963358119e-9,4.904181091460488e-9,4.1070318153490015e-9,1.1977380539785525e-8,4.0935107912864295e-9,4.0686198049949495e-9,4.217293249096362e-9,4.11418665390052e-9,4.211069669149277e-9,4.084115035377618e-9,4.318483413977432e-9,4.076192147182575e-9,4.265422386137123e-9,4.339014279230577e-9,4.145511370016664e-9,4.074047990074969e-9,4.342688538349845e-9,4.127243734440165e-9,5.599605593793885e-9,4.084655309785477e-9,4.1394159197813445e-9,4.079572075104838e-9,4.137430136655963e-9,4.2365498421555226e-9,4.865823126684205e-9,4.3036754313407575e-9,4.131823027796813e-9,4.072776407792041e-9,4.111803559286093e-9,9.547610640238282e-9,5.5562621839267924e-9,4.595867970460718e-9,4.162771556985306e-9,4.354748689113062e-9,4.079705428000708e-9,4.800580151926564e-9,4.287424592874119e-9,4.069356815879845e-9,4.087337518427355e-9,4.127853310115455e-9,4.095574104530262e-9,4.587671516693089e-9,4.196007468750636e-9,4.156950221682118e-9,4.110221389680753e-9,4.134340394459046e-9,4.152766312467803e-9,5.3117546811782565e-9,4.1300655815384e-9,4.212644769531602e-9,5.520947929273801e-9,4.594979947569503e-9,4.096318901738181e-9,4.687033715909049e-9,4.076432270344251e-9,4.075848705685045e-9,5.563045956038578e-9,4.0786923589990385e-9,4.105361985729382e-9,4.396338061341426e-9,4.070332282088156e-9,4.111867378665526e-9,4.073334517820088e-9,4.1335663333780685e-9,4.0857188782946086e-9,4.177818965485968e-9,5.945746228262024e-9,4.635068469295942e-9,4.0699987885963746e-9,4.3759399740583e-9,4.07145212711128e-9,4.391129175054969e-9,4.082998143843681e-9,4.2107052502529195e-9,4.302840288375531e-9,4.32426059931266e-9,4.224093606979836e-9,4.098132959897606e-9,4.115829430142566e-9,4.340699019598213e-9,5.46136444988459e-9,4.59725172431442e-9,4.79795596247751e-9,4.529580305918405e-9,4.674213755330647e-9,4.089635517295736e-9,4.137460186038885e-9,4.434237724345629e-9,4.387320460159064e-9,5.120162478914449e-9,4.1583157147393324e-9,4.117069167410564e-9,4.169647164977963e-9,4.984499665067128e-9,4.9421411639343546e-9,4.4319767311733515e-9,4.122551813085135e-9,4.11398164188929e-9,4.0704179211300875e-9,4.0687422008886265e-9,4.132832157122734e-9,4.3354347770761725e-9,4.656488036854136e-9,4.265248044562129e-9,4.168851796461574e-9,4.1769663255896875e-9,4.127109941824804e-9,4.146833155775421e-9,4.167597506553456e-9,4.148495983047664e-9,1.4307757152186569e-8,4.481075801471399e-9,4.112963154027352e-9,4.074389134693342e-9,4.195302212085198e-9,4.06918465269255e-9,4.074253325008146e-9,4.4845459873708e-9,4.270364848918925e-9,4.136548241027016e-9,4.252045796589855e-9,4.093444649503929e-9,4.124026663536635e-9,4.364406635266806e-9,4.8439667474053854e-9,4.688716206771476e-9,4.0689338756160725e-9,4.154508754795382e-9,4.0803735724177385e-9,4.070881937068826e-9,4.257932837914179e-9,4.4846576732642845e-9,9.267204950938381e-9,4.082849488733535e-9,4.097036839040716e-9,4.2265210094359494e-9,4.101348568105939e-9,4.172663062983291e-9,4.1389158003116985e-9,4.1069218540375925e-9,4.8501080571066454e-9,4.109697508712541e-9,4.39328872198731e-9,4.103000092816683e-9,5.308994551791142e-9,5.176959076113667e-9,8.220203245415062e-9,4.365921879858539e-9,5.756870152676194e-9,4.094599420258287e-9,4.259621671356844e-9,4.158852713233966e-9,4.155579670634313e-9,4.117574273704633e-9,4.1038471354201195e-9,4.70026983914419e-9,4.146258917784235e-9,4.087948121111354e-9,4.093909627284716e-9,4.0702153194935345e-9,4.107637179948949e-9,4.1054956799630884e-9,4.164409293229088e-9,4.069042130857753e-9,4.193442869043151e-9,5.0259808087398864e-9,4.553637134578607e-9,4.082601463031696e-9,4.113978948219789e-9,4.197229556086593e-9,4.544707547787068e-9,4.153844822576888e-9,4.765482064017351e-9,4.516382096321283e-9,4.206234271136361e-9,4.156254316080584e-9,4.074887070840063e-9,0.006588475537544274,0.0032170710532301128,0.019706609913875697,0.013687025663214267,0.00017166229778936933,0.008629877215476945,0.08384041292957993,0.007825340113696701,0.040432608204474876,0.06415698352488008,0.0035602596813826904,0.0011820501368291474,0.006842506909592458,0.0016656683044569177,0.057188463192101316,0.07592966217349142,0.012119398818604127,0.014841658918832391,0.006792159063026105,0.006928849824997934,0.029516789335363454,0.008349307400129248,0.008635271954557681,0.03419498619816139,0.029841711840723865,0.003155911730535369,0.05365998481171586,0.007522120217846864,0.016106609466011893,0.033236773312556506,0.004138480672048016,0.0015175785129868387,0.018141041110530484,0.005541530401343855,0.04263637164159554,0.06036703862975931,0.11896035203259367,0.06820836473160213,0.005287722207494261,0.016565991657172027,0.057285690710594334,0.0036723542642429947,0.062328214260383534,0.0036267555495780174,0.08696705266443976,0.02772339175351383,0.06837604246772426,0.008321865789818103,0.0071054727875044365,0.00994646083405577,0.00524244144214154,0.0543929166278752,0.09205666921072164,0.02864111789370042,0.015850312595402715,0.04865488201723606,0.001401978067530487,0.0037535110831317816,0.002651715768218264,0.05352684612450661,0.08011244944995809,0.07714713092318849,0.037076633058192296,0.024209659896598137,0.016444194177693206,0.007867511696974888,0.007311374187051952,0.011820674188656828,0.07888239260963775,0.017240806084770487,0.08312758851810784,0.007094075209294145,0.004318349939509727,0.06750657625587911,0.0031781544165530697,0.05580002974043101,0.17998790709838478,0.015622910904778556,0.01911295051252238,0.008463737833031981,0.10531257506106154,0.0067351230754345735,0.006170107319111325,0.020787319942700503,0.005699936305452795,0.0010152383537405402,0.007342551435105154,0.0080496576562661,0.003730686244770979,0.006830230854475449,0.00574631906794628,0.011232550352616095,0.009446004716918324,0.0059688477832686585,0.06587933147133014,0.008661932673299136,0.03527915071528182,0.04611162455200595,0.052275841825822726,0.004142741616744786,0.009711012660983277,0.0035958054603921607,0.0035766633563507674,0.02872756242205281,0.0019519179902164144,0.022729801883842337,0.05075187012701764,0.023346261329326073,0.009438826219062087,0.007403910807602053,0.0055715027995534615,0.008027221368103073,0.013148549450866716,0.03646176550570932,0.058286024514548604,0.004364261591780251,0.011531644210802609,0.03653845521594295,0.03592931209786727,0.02548867000235208,0.006568252517868502,0.0320011574150666,0.007109266591899561,0.026171939184769972,0.00720338879563068,0.02542221543585605,0.009348493365441378,0.07122957921444752,0.051294606770759324,0.006693629001208968,0.06742382948631538,0.003938949479689589,0.02796084003851593,0.005880098164713383,0.021597660800096743,0.006475585001797237,0.006349958108528494,0.017463218381070986,0.04153589941273804,0.004889277013348095,0.003495465124517156,0.008451711110797504,0.0537199541197708,0.026149704992240983,0.043283724821526474,0.02453786210108434,0.0067294359009745595,0.007046105771557924,0.006122974249217271,0.003086512333517412,0.016532221561155566,0.01102691587921668,0.006267596360125694,0.0054803361017514585,8.533274820001089e-5,0.011451394522822324,0.0035475742564145553,0.01442843236958314,0.005953955930633415,0.004412208828492871,0.038693067250484416,0.009143630810912901,0.011176117206407302,0.009798977093885393,0.005543350153022821,0.0034161226854302076,0.014986035790677322,0.03686352518988429,0.010520522493990546,0.008830399792575386,0.006116837642050682,0.010537313536577516,0.007591719863974983,0.006930705092896445,0.0057910564418242666,0.04630924762326529,0.006065642655774303,0.015064250335212482,0.0677952673323287,0.007529931082639356,0.017746878043757717,0.014292081801775906,0.006005110215600819,0.01864421512656592,0.021576113730610563,0.01643361665305997,0.00630741147382298,0.014269405247604346,0.00648348691227774,0.005259907241827443,0.006046733401651116,0.05024762291805099,0.0047280265827864725,0.020066578477901387,0.005105875163584709,0.03950074976667493,0.0014073186414540319,0.006189887392810121,0.003995747725468782,0.0077033924773909045,0.01493452154259447,0.01650694860033632,0.0031527603824877343,0.008236304513023674,0.004874747274933867,0.00649922268127202,0.0007285449357353637,0.0018958027009052562,0.01642827622412873,0.013618028628651234,0.005178025359203513,0.004077403178485111,0.0077179716712943,0.016872713792913357,0.03255225902800093,0.008329029956449114,0.0030569732119144167,0.003953976481973438,0.004495973100315764,0.029532040971504518,0.010534432629767143,0.016322934800162402,0.020230839961854635,0.011217466261817315,0.0020738530607933374,0.0060610284822880415,0.0013270121639023802,0.014464283937325162,0.014013165145989768,0.010710926828139256,0.005544610085692565,0.007876004149174692,0.009918371904559057,0.006603159045528503,0.0034217208648190333,0.006883242307752386,0.015486179485862834,0.007660218209774946,0.05440438304199625,0.016075910324977218,0.0034387816346329652,0.006575054774068257,0.010187173500055937,0.005209552910846043,0.014899624940903553,0.010870538706805778,0.006595621649991255,0.006335965642529288,0.006771751494258971,0.16507170581160324,0.013675203558079713,0.11131097641554566,0.12674723463650708,0.008909404277745303,0.00109442043617378,0.007255636526841037,0.02090619874799472,0.039419774171803285,0.007755358177130823,0.03317704960610326,0.007098855781129956,0.009966645336492538,0.03887170111696392,0.005947433988796582,0.016004171167689724,0.0026351873100966872,0.04118255737011711,0.006916483323308638,0.006422617999358753,0.006696225525850829,0.003503247704313583,0.006826722830161817,0.013906802657790273,0.008934280235261074,0.008546862207390062,0.017287542803433968,0.011122348004102308,0.013167030114983205,0.006874638684120257,0.011524916049821303,0.014535841586974008,0.013960522435205082,0.04292325846784575,0.013967494573299054,0.03694863041952942,0.008882315469290076,0.01742398486491286,0.012142284337412252,0.006828543287992928,0.0027394000942427424,0.028534874663262762,0.01152697395868834,0.00783923889860747,0.0057876120512920575,0.013681051323990008,0.005516522093624421,0.003030606648908357,0.00683257720749916,0.009056073585228728,0.02962608635206373,0.03974610664052304,0.006225241509822678,0.005242835713034149,0.00487667530119121,7.737332694265495e-5,0.008090543275233175,0.0021097160628907,0.02779814584447573,0.004188130077408484,0.0024587469166202826,0.031651940745627105,0.41222194347382685,0.016372156283317552,0.3576716617809105,0.0036928048143864897,0.0016609815262168752,0.008275917064738998,0.010444657540410513,0.01485352537812405,0.011695196290879218,0.004607376464523691,0.015214135597179972,0.009057221149311545,0.005244511228395491,0.00405807860103955,0.1485725074826204,0.004158415671823445,0.03092533360773734,0.011857096110030014,0.005821626735282851,0.030322749426087182,0.36503553886881035,0.0042392914067181705,0.07225710459613864,0.0072150096279321,0.007312944600306745,0.003004720966394634,0.006250510649180544,0.006465428695765911,0.004360819438455986,0.004110842065238096,0.060391683105827564,0.002862332132711666,0.12500904776815777,0.003238926456565661,0.010105682689788155,0.0007112830654090078,0.0068332839783435415,0.003150060304193161,0.005519343012753874,0.022549050723351442,0.006037820562603998,0.0018575984519161749,0.006697335979611946,0.0037068009291483677,0.004572434429102624,0.0006630041018679477,0.0017728004242712964,0.007333640454439332,0.0052725035579014,0.003323035112791802,0.002482136708860251,0.005851146876971847,0.007403788494901033,0.009969796625100084,0.010666447775209127,0.002704964788615598,0.0032289373168126515,0.0028238725390859545,0.009633120269705933,0.00453660123854531,0.03860155414725246,0.08322538756808862,0.004494787839059121,0.0018569441174013557,0.0041353943150758635,0.0007436140083433017,0.007705784838382138,0.007247440439240009,0.01557398815930412,0.0024931444726966523,0.009954241356186288,0.010347645695697613,0.0055290371777378606,0.003418586344754984,0.4787249328342128,0.03323114255813012,0.009372345621882995,0.04893704025341164,0.03669329301876838,0.003433306673723962,0.0046990998679305954,0.013764169851563998,0.0057677535983578325,0.006085096711879545,0.015848290492552923,0.004142424334833222,0.0044705270102666575,0.004735606499138502,0.013791173163503104,0.008410655960699185,0.05183384367750544,0.030598790747291174,0.005147945551278352,0.0010251821007175347,0.006087079773086284,0.007616118350123687,0.010002737647904473,0.009050608642694245,0.010624051021093546,0.007046150492313877,0.014017642808125015,0.010738706127786206,0.00424290557005002,0.005977702783639794,0.0024147695541163416,0.011033259547354872,0.005165318451912336,0.004729563488098173,0.005351655759890064,0.002855456906902321,0.0052172964652298535,0.02540313104112444,0.005262049534563716,0.011196208840139762,0.00737797783583453,0.015972935068678678,0.005414460479511669,0.004830569205164429,0.009361858239441174,0.006205455058606775,0.017720893727687176,0.011113478069699955,0.020896331993051267,0.009881575213630412,0.008008485407307487,0.04832426769065431,0.006868742654241195,0.004970906308106952,0.00266428496854503,0.010779101991494117,0.017658470956904752,0.003759597794826747,0.004075858596095956,0.005608326119535648,0.0040611331522129104,0.002545289484371097,0.00816565409379053,0.009132985593201609,0.015393590521005819,0.5,0.5,0.5,0.5,0.5,0.5,0.5,0.5,0.5,0.5,0.5,0.5,0.5,0.5,0.5,0.5,0.5,0.5,0.5,0.5,0.5,0.5,0.5,0.5,0.5,0.5,0.5,0.5,0.5,0.5,0.5,0.5,0.5,0.5,0.5,0.5,0.5,0.5,0.5,0.5,0.5,0.5,0.5,0.5,0.5,0.5,0.5,0.5,0.5,0.5,0.5,0.5,0.5,0.5,0.5,0.5,0.5,0.5,0.5,0.5,0.5,0.5,0.5,0.5,0.5,0.5,0.5,0.5,0.5,0.5,0.5,0.5,0.5,0.5,0.5,0.5,0.5,0.5,0.5,0.5,0.5,0.5,0.5,0.5,0.5,0.5,0.5,0.5,0.5,0.5,0.5,0.5,0.5,0.5,0.5,0.5,0.5,0.5,0.5,0.5,0.5,0.5,0.5,0.5,0.5,0.5,0.5,0.5,0.5,0.5,0.5,0.5,0.5,0.5,0.5,0.5,0.5,0.5,0.5,0.5,0.5,0.5,0.5,0.5,0.5,0.5,0.5,0.5,0.5,0.5,0.5,0.5,0.5,0.5,0.5,0.5,0.5,0.5,0.5,0.5,0.5,0.5,0.5,0.5,0.5,0.5,0.5,0.5,0.5,0.5,0.5,0.5,0.5,0.5,0.5,0.5,0.5,0.5,0.5,0.5,0.5,0.5,0.5,0.5,0.5,0.5,0.5,0.5,0.5,0.5,0.5,0.5,0.5,0.5,0.5,0.5,0.5,0.5,0.5,0.5,0.5,0.5,0.5,0.5,0.5,0.5,0.5,0.5,0.5,0.5,0.5,0.5,0.5,0.5,0.5,0.5,0.5,0.5,0.5,0.5,0.5,0.5,0.5,0.5,0.5,0.5,0.5,0.5,0.5,0.5,0.5,0.5,0.5,0.5,0.5,0.5,0.5,0.5,0.5,0.5,0.5,0.5,0.5,0.5,0.5,0.5,0.5,0.5,0.5,0.5,0.5,0.5,0.5,0.5,0.5,0.5,0.5,0.5,0.5,0.5,0.5,0.5,0.5,0.5,0.5,0.5,0.5,0.5,0.5,0.5,0.5,0.5,0.5,0.5,0.5,0.5,0.5,0.5,0.5,0.5,0.5,0.5,0.5,0.5,0.5,0.5,0.5,0.5,0.5,0.5,0.5,0.5,0.5,0.5,0.5,0.5,0.5,0.5,0.5,0.5,0.5,0.5,0.5,0.5,0.5,0.5,0.5,0.5,0.5,0.5,0.5,0.5,0.5,0.5,0.5,0.5,0.5,0.5,0.5,0.5,0.5,0.5,0.5,0.5,0.5,0.5,0.5,0.5,0.5,0.5,0.5,0.5,0.5,0.5,0.5,0.5,0.5,0.5,0.5,0.5,0.5,0.5,0.5,0.5,0.5,0.5,0.5,0.5,0.5,0.5,0.5,0.5,0.5,0.5,0.5,0.5,0.5,0.5,0.5,0.5,0.5,0.5,0.5,0.5,0.5,0.5,0.5,0.5,0.5,0.5,0.5,0.5,0.5,0.5,0.5,0.5,0.5,0.5,0.5,0.5,0.5,0.5,0.5,0.5,0.5,0.5,0.5,0.5,0.5,0.5,0.5,0.5,0.5,0.5,0.5,0.5,0.5,0.5,0.5,0.5,0.5,0.5,0.5,0.5,0.5,0.5,0.5,0.5,0.5,0.5,0.5,0.5,0.5,0.5,0.5,0.5,0.5,0.5,0.5,0.5,0.5,0.5,0.5,0.5,0.5,0.5,0.5,0.5,0.5,0.5,0.5,0.5,0.5,0.5,0.5,0.5,0.5,0.5,0.5,0.5,0.5,0.5,0.5,0.5,0.5,0.5,0.5,0.5,0.5,0.5,0.5,0.5,0.5,0.5,0.5,0.5,0.5,0.5,0.5,0.5,0.5,0.5,0.5,0.5,0.5,0.5,0.5,0.5,0.5,0.5,0.5,0.5,0.5,0.5,0.5,0.5,0.5,0.5,0.5,0.5,0.5,0.5,0.5,0.5,0.5,0.5,0.5,0.5,0.5,0.5,0.5,0.5,0.5,0.5,0.5,0.5,0.5,0.5,0.5,0.5,0.5,0.5,0.5,0.5,0.5,0.5,0.5,0.5,0.5,0.5,0.5,0.5,0.5,0.5,0.5,0.5,0.5,0.5,0.5,0.5,0.5,0.5,0.5,0.5,0.5,0.5,0.5,0.5,0.5,0.5,0.5,0.5,0.5,0.5,0.5,0.5,0.5,0.5,0.5,0.5,0.5,0.5,0.5,0.5,0.5,0.5,0.5,0.5,0.5,0.5,0.5,0.5,0.5,0.5,0.5,0.5,0.5,0.5,0.5,0.5,0.5,0.5,0.5,0.5,0.5,0.5,0.5,0.5,0.5,0.5,0.5,0.5,0.5,0.5,0.5,0.5,0.5,0.5,0.5,0.5,0.5,0.5,0.5,0.5,0.5,0.5,0.5,0.5,0.5,0.5,0.5,0.5,0.5,0.5,0.5,0.5,0.5,0.5,0.5,0.5,0.5,0.5,0.5,0.5,0.5,0.5,0.5,0.5,0.5,0.5,0.5,0.5,0.5,0.5,0.5,0.5,0.5,0.5,0.5,0.5,0.0,0.0,0.0,0.0,0.0,0.0,0.0,0.0,0.0,0.0,0.0,0.0,0.0,0.0,0.0,0.0,0.0,0.0,0.0,0.0,0.0,0.0,0.0,0.0,0.0,0.0,0.0,0.0,0.0,0.0,0.0,0.0,0.0,0.0,0.0,0.0,0.0,0.0,0.0,0.0,0.0,0.0,0.0,0.0,0.0,0.0,0.0,0.0,0.0,0.0,0.0,0.0,0.0,0.0,0.0,0.0,0.0,0.0,0.0,0.0,0.0,0.0,0.0,0.0,0.0,0.0,0.0,0.0,0.0,0.0,0.0,0.0,0.0,0.0,0.0,0.0,0.0,0.0,0.0,0.0,0.0,0.0,0.0,0.0,0.0,0.0,0.0,0.0,0.0,0.0,0.0,0.0,0.0,0.0,0.0,0.0,0.0,0.0,0.0,0.0,0.0,0.0,0.0,0.0,0.0,0.0,0.0,0.0,0.0,0.0,0.0,0.0,0.0,0.0,0.0,0.0,0.0,0.0,0.0,0.0,0.0,0.0,0.0,0.0,0.0,0.0,0.0,0.0,0.0,0.0,0.0,0.0,0.0,0.0,0.0,0.0,0.0,0.0,0.0,0.0,0.0,0.0,0.0,0.0,0.0,0.0,0.0,0.0,0.0,0.0,0.0,0.0,0.0,0.0,0.0,0.0,0.0,0.0,0.0,0.0,0.0,0.0,0.0,0.0,0.0,0.0,0.0,0.0,0.0,0.0,0.0,0.0,0.0,0.0,0.0,0.0,0.0,0.0,0.0,0.0,0.0,0.0,0.0,0.0,0.0,0.0,0.0,0.0,0.0,0.0,0.0,0.0,0.0,0.0,0.0,0.0,0.0,0.0,0.0,0.0,0.0,0.0,0.0,0.0,0.0,0.0,0.0,0.0,0.0,0.0,0.0,0.0,0.0,0.0,0.0,0.0,0.0,0.0,0.0,0.0,0.0,0.0,0.0,0.0,0.0,0.0,0.0,0.0,0.0,0.0,0.0,0.0,0.0,0.0,0.0,0.0,0.0,0.0,0.0,0.0,0.0,0.0,0.0,0.0,0.0,0.0,0.0,0.0,0.0,0.0,0.0,0.0,0.0,0.0,0.0,0.0,0.0,0.0,0.0,0.0,0.0,0.0,0.0,0.0,0.0,0.0,0.0,0.0,0.0,0.0,0.0,0.0,0.0,0.0,0.0,0.0,0.0,0.0,0.0,0.0,0.0,0.0,0.0,0.0,0.0,0.0,0.0,0.0,0.0,0.0,0.0,0.0,0.0,0.0,0.0,0.0,0.0,0.0,0.0,0.0,0.0,0.0,0.0,0.0,0.0,0.0,0.0,0.0,0.0,0.0,0.0,0.0,0.0,0.0,0.0,0.0,0.0,0.0,0.0,0.0,0.0,0.0,0.0,0.0,0.0,0.0,0.0,0.0,0.0,0.0,0.0,0.0,0.0,0.0,0.0,0.0,0.0,0.0,0.0,0.0,0.0,0.0,0.0,0.0,0.0,0.0,0.0,0.0,0.0,0.0,0.0,0.0,0.0,0.0,0.0,0.0,0.0,0.0,0.0,0.0,0.0,0.0,0.0,0.0,0.0,0.0,0.0,0.0,0.0,0.0,0.0,0.0,0.0,0.0,0.0,0.0,0.0,0.0,0.0,0.0,0.0,0.0,0.0,0.0,0.0,0.0,0.0,0.0,0.0,0.0,0.0,0.0,0.0,0.0,0.0,0.0,0.0,0.0,0.0,0.0,0.0,0.0,0.0,0.0,0.0,0.0,0.0,0.0,0.0,0.0,0.0,0.0,0.0,0.0,0.0,0.0,0.0,0.0,0.0,0.0,0.0,0.0,0.0,0.0,0.0,0.0,0.0,0.0,0.0,0.0,0.0,0.0,0.0,0.0,0.0,0.0,0.0,0.0,0.0,0.0,0.0,0.0,0.0,0.0,0.0,0.0,0.0,0.0,0.0,0.0,0.5,0.5,0.5,0.5,0.5,0.5,0.5,0.5,0.5,0.5,0.5,0.5,0.5,0.5,0.5,0.5,0.5,0.5,0.5,0.5,0.5,0.5,0.5,0.5,0.5,0.5,0.5,0.5,0.5,0.5,0.5,0.5,0.5,0.5,0.5,0.5,0.5,0.5,0.5,0.5,0.5,0.5,0.5,0.5,0.5,0.5,0.5,0.5,0.5,0.5,0.5,0.5,0.5,0.5,0.5,0.5,0.5,0.5,0.5,0.5,0.5,0.5,0.5,0.5,0.5,0.5,0.5,0.5,0.5,0.5,0.5,0.5,0.5,0.5,0.5,0.5,0.5,0.5,0.5,0.5,0.5,0.5,0.5,0.5,0.5,0.5,0.5,0.5,0.5,0.5,0.5,0.5,0.5,0.5,0.5,0.5,0.5,0.5,0.5,0.5,0.5,0.5,0.5,0.5,0.5,0.5,0.5,0.5,0.5,0.5,0.5,0.5,0.5,0.5,0.5,0.5,0.5,0.5,0.5,0.5,0.5,0.5,0.5,0.5,0.5,0.5,0.5,0.5,0.5,0.5,0.5,0.5,0.5,0.5,0.5,0.5,0.5,0.5,0.5,0.5,0.5,0.5,0.5,0.5,0.5,0.5,0.5,0.5,0.5,0.5,0.5,0.5,0.5,0.5,0.5,0.5,0.5,0.5,0.5,0.5,0.5,0.5,0.5,0.5,0.5,0.5,0.5,0.5,0.5,0.5,0.5,0.5,0.5,0.5,0.5,0.5,0.5,0.5,0.5,0.5,0.5,0.5,0.5,0.5,0.5,0.5,0.5,0.5,0.5,0.5,0.5,0.5,0.5,0.5,0.5,0.5,0.5,0.5,0.5,0.5,0.5,0.5,0.5,0.5,0.5,0.5,0.5,0.5,0.5,0.5,0.5,0.5,0.5,0.5,0.5,0.5,0.5,0.5,0.5,0.5,0.5,0.5,0.5,0.5,0.5,0.5,0.5,0.5,0.5,0.5,0.5,0.5,0.5,0.5,0.5,0.5,0.5,0.5,0.5,0.5,0.5,0.5,0.5,0.5,0.5,0.5,0.5,0.5,0.5,0.5,0.5,0.5,0.5,0.5,0.5,0.5,0.5,0.5,0.5,0.5,0.5,0.5,0.5,0.5,0.5,0.5,0.5,0.5,0.5,0.5,0.5,0.5,0.5,0.5,0.5,0.5,0.5,0.5,0.5,0.5,0.5,0.5,0.5,0.5,0.5,0.5,0.5,0.5,0.5,0.5,0.5,0.5,0.5,0.5,0.5,0.5,0.5,0.5,0.5,0.5,0.5,0.5,0.5,0.5,0.5,0.5,0.5,0.5,0.5,0.5,0.5,0.5,0.5,0.5,0.5,0.5,0.5,0.5,0.5,0.5,0.5,0.5,0.5,0.5,0.5,0.5,0.5,0.5,0.5,0.5,0.5,0.5,0.5,0.5,0.5,0.5,0.5,0.5,0.5,0.5,0.5,0.5,0.5,0.5,0.5,0.5,0.5,0.5,0.5,0.5,0.5,0.5,0.5,0.5,0.5,0.5,0.5,0.5,0.5,0.5,0.5,0.5,0.5,0.5,0.5,0.5,0.5,0.5,0.5,0.5,0.5,0.5,0.5,0.5,0.5,0.5,0.5,0.5,0.5,0.5,0.5,0.5,0.5,0.5,0.5,0.5,0.5,0.5,0.5,0.5,0.5,0.5,0.5,0.5,0.5,0.5,0.5,0.5,0.5,0.5,0.5,0.5,0.5,0.5,0.5,0.5,0.5,0.5,0.5,0.5,0.5,0.5,0.5,0.5,0.5,0.5,0.5,0.5,0.5,0.5,0.5,0.5,0.5,0.5,0.5,0.5,0.5,0.5,0.5,0.5,0.5,0.5,0.5,0.5,0.5,0.5,0.5,0.5,0.5,0.5,0.5,0.5,0.5,0.5,0.5,0.5,0.5,0.5,0.5,0.5,0.0]

Cone linearizations applied:  15728

Root node processing (before b&c):
  Real time             =    6.45 sec. (6664.36 ticks)
Sequential b&c:
  Real time             =    0.28 sec. (334.44 ticks)
                          ------------
Total (root+branch&cut) =    6.73 sec. (6998.80 ticks)
