#SOLVERNAME# PAJ_CPLEX_MOSEK_primonlynorelax
#SOLVER# Pajarito.PajaritoSolver(3,3600.0,1.0e-5,false,CPLEX.CplexSolver(Any[(:CPX_PARAM_THREADS,1),(:CPX_PARAM_SCRIND,0),(:CPX_PARAM_EPINT,1.0e-8),(:CPX_PARAM_EPRHS,1.0e-7),(:CPX_PARAM_EPGAP,0.0)]),Pajarito.UnsetSolver(),0,false,true,Mosek.MosekMathProgSolverInterface.MosekSolver(Any[(:LOG,0),(:NUM_THREADS,1)]),false,true,false,false,true,false,false,true,false,true,true,true,true,false,true,2.0,false,true,false,true,1.0e-10,1.0e-6)
#INSTANCE# achtziger_stolpe07-5.1flowc.cbf.gz
#TIMELIMIT# 3600.0

Problem dimensions:
       variables |      3781
     constraints |      2606
   nonzeros in A |      7886

Cones summary:
Cone             | Count     | Min dim.  | Max dim. 
    Rotated S.O. |       630 |         3 |         3

Variable types:
      continuous |      3151
         integer |       630

Transforming data...               0.01s

Creating conic subproblem...       0.03s

Building MIP model...              0.01s

Starting iterative algorithm

Iter. | Best feasible  | Best bound     | Rel. gap    | Time (s)   
    0 |           +Inf |           -Inf |         Inf |   4.557e-02

Iter. | Best feasible  | Best bound     | Rel. gap    | Time (s)   
    1 |  +4.580784e+01 |  +3.958301e+01 |   1.359e-01 |   3.600e+03

Iterative algorithm summary:
 - Status               =      UserLimit
 - Best feasible        =  +4.580784e+01
 - Best bound           =  +3.958301e+01
 - Relative opt. gap    =      1.359e-01
 - Total time (s)       =       3.60e+03

Timers (s):
 - Setup                =   4.55e-02
 -- Transform data      =   9.49e-03
 -- Create conic data   =   2.58e-02
 -- Create MIP data     =   1.02e-02
 - Algorithm            =   3.60e+03
 -- Solve relaxation    =   0.00e+00
 -- Get relaxation cuts =   0.00e+00
 -- Solve MIP models    =   3.60e+03
 -- Solve subproblems   =   2.60e-02
 -- Get subproblem cuts =   0.00e+00
 -- Get primal cuts     =   6.40e-02

Counters:
 - Iterations           =     1
 -- Integer repeats     =     0
 -- Conic subproblems   =     1
 --- Infeasible         =     0
 --- Optimal            =     1
 --- Suboptimal         =     0
 --- UserLimit          =     0
 --- ConicFailure       =     0
 --- Other status       =     0
 -- Feasible solutions  =     1
 --- From subproblems   =     1
 --- From MIP solve     =     0

Solution returned by conic solver

Outer-approximation cuts added:
Cone             | Relax.    | Violated  | Nonviol. 
    Second order |         0 |        30 |        18

0 numerically unstable cone duals encountered

Distance to feasibility (negative indicates strict feasibility):
Cone             | Variable  | Constraint
          Linear |  0.00e+00 |  1.35e-08
    Rotated S.O. |  2.75e-09 |        NA

Distance to integrality of integer/binary variables:
         integer |  0.00e+00

#STATUS# UserLimit
#OBJVAL# 45.807840604408355
#OBJBOUND# 39.58300737361117
#TIMESOLVER# 3600.094846010208
#TIMEALL# 3600.1431679725647
#SOLUTION# [45.807840604408355,0.0,0.0,0.0,0.0,0.0,0.0,0.0,0.0,0.0,0.0,0.0,0.0,0.0,0.0,0.0,0.0,0.0,0.0,0.0,0.0,0.0,0.0,-0.0,0.0,0.0,0.0,0.0,0.0,0.0,0.0,0.0,0.0,0.0,0.0,0.0,0.0,0.0,0.0,0.0,0.0,0.0,0.0,0.0,0.0,0.0,0.0,0.0,0.0,0.0,0.0,0.0,0.0,0.0,0.0,0.0,0.0,0.0,0.0,0.0,0.0,0.0,0.0,0.0,0.0,0.0,0.0,0.0,0.0,0.0,-0.0,0.0,0.0,0.0,0.0,0.0,1.0,0.0,0.0,0.0,0.0,0.0,0.0,0.0,0.0,0.0,0.0,0.0,0.0,0.0,0.0,0.0,0.0,0.0,0.0,0.0,0.0,0.0,0.0,1.0,0.0,0.0,0.0,0.0,1.0,0.0,1.0,0.0,0.0,0.0,0.0,0.0,0.0,0.0,0.0,0.0,0.0,0.0,0.0,0.0,0.0,0.0,0.0,0.0,0.0,0.0,1.0,0.0,1.0,0.0,0.0,0.0,0.0,1.0,0.0,0.0,0.0,0.0,0.0,0.0,0.0,0.0,0.0,0.0,0.0,0.0,0.0,0.0,0.0,0.0,0.0,0.0,0.0,0.0,0.0,0.0,1.0,0.0,0.0,0.0,0.0,0.0,0.0,0.0,0.0,0.0,0.0,0.0,0.0,0.0,0.0,0.0,0.0,0.0,-0.0,0.0,0.0,0.0,0.0,0.0,0.0,1.0,1.0,0.0,0.0,0.0,0.0,0.0,0.0,0.0,0.0,0.0,0.0,0.0,0.0,0.0,0.0,0.0,0.0,1.0,0.0,1.0,0.0,0.0,0.0,0.0,0.0,0.0,1.0,0.0,0.0,0.0,0.0,0.0,0.0,0.0,0.0,0.0,0.0,0.0,0.0,0.0,0.0,0.0,0.0,0.0,0.0,0.0,1.0,0.0,0.0,0.0,0.0,0.0,0.0,0.0,0.0,0.0,0.0,0.0,0.0,0.0,0.0,1.0,1.0,0.0,0.0,0.0,0.0,0.0,1.0,0.0,1.0,0.0,0.0,0.0,0.0,0.0,0.0,0.0,0.0,0.0,0.0,0.0,0.0,0.0,0.0,0.0,0.0,0.0,0.0,0.0,0.0,0.0,0.0,0.0,0.0,0.0,0.0,0.0,0.0,0.0,0.0,0.0,0.0,0.0,0.0,1.0,0.0,0.0,0.0,0.0,0.0,0.0,0.0,0.0,0.0,0.0,0.0,0.0,0.0,0.0,0.0,0.0,0.0,0.0,0.0,0.0,0.0,0.0,0.0,0.0,0.0,0.0,0.0,0.0,0.0,0.0,0.0,0.0,0.0,0.0,0.0,0.0,0.0,0.0,0.0,0.0,0.0,0.0,0.0,0.0,0.0,0.0,0.0,0.0,0.0,0.0,0.0,0.0,0.0,0.0,0.0,0.0,0.0,0.0,0.0,0.0,0.0,0.0,0.0,0.0,0.0,0.0,0.0,0.0,0.0,0.0,0.0,0.0,0.0,0.0,0.0,0.0,0.0,0.0,0.0,0.0,0.0,0.0,0.0,0.0,0.0,0.0,0.0,0.0,0.0,0.0,0.0,0.0,0.0,1.0,0.0,0.0,1.0,0.0,1.0,0.0,0.0,0.0,0.0,0.0,0.0,0.0,0.0,0.0,0.0,0.0,0.0,0.0,0.0,0.0,0.0,0.0,0.0,0.0,0.0,0.0,0.0,0.0,0.0,0.0,0.0,0.0,0.0,0.0,0.0,1.0,0.0,0.0,0.0,0.0,0.0,0.0,0.0,0.0,0.0,0.0,0.0,0.0,0.0,0.0,0.0,0.0,0.0,0.0,0.0,0.0,0.0,0.0,0.0,0.0,0.0,0.0,0.0,0.0,0.0,0.0,0.0,0.0,0.0,0.0,0.0,0.0,0.0,0.0,0.0,0.0,0.0,0.0,0.0,0.0,0.0,0.0,0.0,0.0,0.0,0.0,0.0,0.0,0.0,1.0,0.0,0.0,0.0,0.0,0.0,0.0,0.0,0.0,0.0,0.0,0.0,0.0,0.0,0.0,0.0,0.0,0.0,0.0,0.0,0.0,0.0,0.0,0.0,0.0,0.0,0.0,0.0,0.0,0.0,0.0,0.0,0.0,0.0,0.0,0.0,0.0,0.0,0.0,0.0,0.0,0.0,0.0,0.0,0.0,0.0,0.0,0.0,0.0,0.0,0.0,0.0,0.0,0.0,0.0,0.0,0.0,0.0,0.0,0.0,0.0,0.0,0.0,0.0,0.0,0.0,0.0,0.0,0.0,0.0,0.0,0.0,0.0,0.0,0.0,0.0,0.0,0.0,0.0,0.0,0.0,0.0,0.0,0.0,0.0,0.0,0.0,0.0,0.0,0.0,0.0,0.0,0.0,0.0,0.0,0.0,0.0,0.0,0.0,0.0,0.0,0.0,0.0,0.0,0.0,0.0,0.0,0.0,0.0,0.0,0.0,0.0,0.0,0.0,0.0,0.0,0.0,0.0,0.0,0.0,0.0,0.0,0.0,0.0,0.0,0.0,0.0,0.0,0.0,0.0,0.0,0.0,0.0,0.0,0.0,0.0,0.0,0.0,0.0,-0.0,0.0,0.0,0.0,0.0,0.0,0.0,0.0,0.0,0.0,0.0,-0.0,0.0,0.0,0.0,0.0,0.0,0.0,0.0,-0.0,0.0,8.944976729535204e-9,1.2714746740847615e-8,9.672100899514033e-9,9.182919306112613e-9,8.860190340116944e-9,1.1153209420070182e-8,8.89473127695533e-9,8.925999312406018e-9,8.932738104362035e-9,8.985834496653999e-9,9.287104069815616e-9,9.01321278953071e-9,9.700849705093595e-9,8.949563192206564e-9,8.877494089363052e-9,8.892586456459497e-9,9.952216735974718e-9,1.0512889811156742e-8,9.264591684589979e-9,8.90499585715579e-9,8.860910882481673e-9,1.0643336909934996e-8,9.235311127122468e-9,1.081473747123529e-8,8.946708177814029e-9,9.232289779025953e-9,9.665323991928307e-9,1.4535681365971978e-8,8.856054098099183e-9,8.854977782573743e-9,1.3444839096013359e-8,8.864363341271289e-9,9.02123087376447e-9,8.967426730639272e-9,8.980925869120864e-9,9.432056250706917e-9,9.113680139231e-9,8.865726216265167e-9,8.990364114852839e-9,1.0000701522733008e-8,1.036960026347949e-8,8.858044996232753e-9,8.977828332526142e-9,9.621551447952475e-9,1.0996472122013499e-8,9.366463150399726e-9,1.0806409922494119e-8,1.1687179282155866e-8,9.06746278368313e-9,9.711340419285676e-9,1.2659078929846109e-8,9.544658521926575e-9,9.509658613342219e-9,8.887302576180627e-9,8.949356367266465e-9,8.990199524771575e-9,9.58566083780545e-9,9.104281005362132e-9,8.85593304850344e-9,1.0231826037142335e-8,8.85049676849089e-9,1.0581919018753204e-8,9.426806172926152e-9,8.930939907100827e-9,8.872823117094305e-9,1.129695824278489e-8,1.1432855295660007e-8,1.0679181873469169e-8,9.69079778389897e-9,9.11352034107292e-9,1.8794659239151416e-8,9.029957907289356e-9,9.05975886947392e-9,1.1031774249637677e-8,1.1012359203136675e-8,1.1830062826246697,1.1262700932817212e-8,9.092410517303649e-9,9.128363788603429e-9,1.2589498891856724e-8,1.1625901378921432e-8,1.1015296330304197e-8,1.4664234979433643e-8,1.0740977787586604e-8,9.6850853992571e-9,1.7285175719927407e-8,1.1921616798248719e-8,9.609729176748622e-9,1.5628102900582386e-8,1.1843740645179836e-8,1.0199020983804602e-8,9.709872307637148e-9,1.5466867530911797e-8,1.1537959010204135e-8,1.3993070063584387e-8,1.120063162356403e-8,1.0954616484881312e-8,1.0061464388110765e-8,1.183006332369608,1.0352867990989463e-8,1.1566727852506186e-8,1.0788671352400093e-8,9.85021454346e-9,1.0834309908470057,9.550147929363344e-9,0.726895653095395,9.386402514859323e-9,8.86685273267855e-9,8.876874086726109e-9,8.885759192278287e-9,8.918391052426654e-9,9.144626742026839e-9,8.873007017533547e-9,8.919706850359395e-9,9.164698951416868e-9,8.9764091751881e-9,8.871935864966682e-9,9.121505647574605e-9,9.109509966330882e-9,8.894572123182996e-9,9.159489498285126e-9,8.91485991237298e-9,8.85270257970277e-9,8.9453619035615e-9,9.015189218241697e-9,0.7268956614682653,8.899098746180265e-9,1.083430999787852,9.044441545694059e-9,9.31491376091934e-9,9.819611591094216e-9,9.502044403571414e-9,1.37329108909181,1.562853059090684e-8,1.057677387086617e-8,1.2596029092407546e-8,1.454563274399902e-8,1.0515139369285258e-8,1.2184142691359683e-8,1.793584719490679e-8,9.507970696506694e-9,1.3732582475924452e-8,1.8365376795951937e-8,1.0295858209253702e-8,1.1563613576009373e-8,1.371429593524954e-8,1.7492973448720867e-8,1.3887361195057435e-8,1.7190713138728975e-8,1.0778902976306178e-8,1.225806314895201e-8,1.8802332436628185e-8,1.5323295940829136e-8,1.1298176704364309e-8,1.007872818098613e-8,1.3732911563843606,8.928813505869209e-9,9.181624109967103e-9,1.1082250018337906e-8,1.7763965463796922e-8,9.155558527394322e-9,9.32950915435699e-9,8.93132461109445e-9,8.856847478925513e-9,9.220140567756914e-9,9.552683590770997e-9,8.860357663781718e-9,1.0349499024529746e-8,8.853144466300312e-9,8.948157813392844e-9,9.412993418181459e-9,1.0821482196149196e-8,1.1580152606147017e-8,9.061798524313236e-9,9.703204871239488e-9,1.4982992606601047e-8,1.1325644929406985e-8,8.88919678606604e-9,9.583867575141635e-9,2.4737929856098013e-8,0.3906249990250261,1.5624999151464758,1.008710935347558e-8,8.860884198346974e-9,8.95084189486007e-9,1.0304439805824967e-8,1.2129465533484682e-8,9.046399302606506e-9,1.3143340400738694e-8,1.0633466614119935e-8,9.589817985383755e-9,1.3364395384192332e-8,1.0135555848188812e-8,1.4180150510587398e-8,1.1645974991510423e-8,1.0624149161628197e-8,1.0465972159616034e-8,1.4086712617975422e-8,4.367320105293116,9.940232042148395e-9,0.057822992148155006,8.902028105942158e-9,1.5805477809561726e-8,1.0522005669468451e-8,9.931368871219724e-9,1.2402341422650958e-8,1.0636242797890777e-8,0.6141544268525467,1.0266070547977683e-8,1.3606810444375781e-8,1.1316824287094862e-8,1.0023096179922923e-8,1.2536442569052011e-8,1.118373703584683e-8,1.00426720411226e-8,1.2673826360694932e-8,1.0856056553780555e-8,1.0149375203206835e-8,1.0190587342987019e-8,1.1731938535028436e-8,1.0720515479155368e-8,9.092204349960222e-9,9.00953836446045e-9,1.104471969171755e-8,9.348648255022501e-9,9.599484342408186e-9,8.876260448340466e-9,1.4974340210849104,9.04868764100256e-9,9.586127297142159e-9,8.87719517392996e-9,8.97110242063499e-9,9.594721952983788e-9,9.037654442545818e-9,9.016003731619064e-9,9.488462996379888e-9,8.893647513999301e-9,8.929363753963128e-9,9.511165947238294e-9,9.217313765359259e-9,9.02795629722569e-9,9.126772856980123e-9,3.731237611277222,1.7418529118910642,1.346994537154529e-8,1.1837609173259192e-8,1.052926881321027e-8,1.251920819557627e-8,1.9930152735698268e-8,0.03827165717006453,1.1900083238418942e-8,1.705984458210963,1.1821964254859179e-8,1.1431257481917975e-8,1.3515224860723851e-8,1.3454281971082553e-8,1.1133563626908364e-8,1.323337608205429e-8,1.3515148690995232e-8,1.1150334666376641e-8,1.1691066019973627e-8,1.3249048879892956e-8,1.366029036393659e-8,1.8696731500282986e-8,1.252141444033745e-8,8.882579880101248e-9,8.854866640778912e-9,9.310716599314471e-9,9.809852277805332e-9,8.853482288763112e-9,9.02049416752854e-9,9.037954218430302e-9,9.346123904302876e-9,8.978120356796649e-9,9.013954722718771e-9,1.0326725591223915e-8,9.027969223112915e-9,1.0866209727082557e-8,9.097682272048218e-9,9.274430953768099e-9,1.007838205715586e-8,1.1699078313474226e-8,1.1394352367275497e-8,9.166490740506968e-9,2.5253920751975853e-8,1.0250155481037808e-8,1.5624999021534611,9.151503604522104e-9,1.0876888969248629e-8,8.909076227579608e-9,8.919510799587336e-9,1.071940535241266e-8,8.935889528240551e-9,1.1421682693271651e-8,9.968927059286211e-9,9.299071127848594e-9,1.2380806982117278e-8,9.831393093825087e-9,1.2478603879698837e-8,1.325274845327515e-8,1.1004634416323841e-8,9.898740886682463e-9,1.647033520918159e-8,8.914958715630935e-9,9.040211675693728e-9,9.326403928079878e-9,9.130020250340504e-9,1.0028320326386949e-8,8.862610800912395e-9,9.380387899802621e-9,9.34422335419205e-9,8.991782449844e-9,9.214978210186241e-9,9.151891546091556e-9,9.078502488001117e-9,8.966132578406822e-9,9.377816014029664e-9,9.058971981699378e-9,9.235716814896234e-9,9.19127247176541e-9,9.203289896388843e-9,9.358296618691232e-9,9.155226135657067e-9,9.190526788432897e-9,1.079905759307263e-8,9.890610321012749e-9,1.0034675043268227e-8,8.906813048748288e-9,8.89466849704789e-9,8.854908146192096e-9,9.771322248063246e-9,8.863005060113033e-9,8.877343459871607e-9,8.943350481841076e-9,8.888835763700916e-9,8.897195269796959e-9,8.878298566152098e-9,8.854694078923991e-9,8.940421267071409e-9,8.893351908229726e-9,8.908359840898e-9,8.851479234808193e-9,8.852233688027906e-9,1.3058509818407122e-8,1.4221862446166766e-8,1.318372713044687e-8,9.01771526913472e-9,8.945031915746268e-9,1.0783019023736425e-8,9.453411535529238e-9,8.890536473851245e-9,8.914489601287131e-9,8.952051745149099e-9,9.076767491432724e-9,8.969545300943068e-9,9.153408055862311e-9,9.291889779440467e-9,9.03818474808356e-9,9.39863984092022e-9,9.501222923854996e-9,9.088809164729098e-9,9.43679745205232e-9,1.3073473565902177e-8,9.267393790756883e-9,1.0306279565543225e-8,9.694656325726175e-9,9.155035069526484e-9,1.0408342007230883e-8,1.556919953808467e-8,9.13144526686133e-9,1.0233763783178318e-8,9.282814171929199e-9,9.537848217342375e-9,8.867074703497672e-9,9.062087441438428e-9,1.0421061289740925e-8,9.056632405170162e-9,1.1489192658656525e-8,9.114603971566391e-9,9.900418677602277e-9,5.490343298746396,1.126715578057434e-8,9.12143924635557e-9,7.082850032228759,1.00936411738972e-8,1.5624998993399482,8.991716365323693e-9,8.861804816117956e-9,8.852359492645364e-9,8.934024700157398e-9,9.8798689898481e-9,8.986796531362003e-9,1.0893256074732052e-8,9.559438544317128e-9,9.658674838525735e-9,1.1152285766247034e-8,1.0490946452857328e-8,1.8104047116868193e-8,1.052049076204171e-8,1.3529297440228442e-8,8.911282775410277e-9,8.993135648404634e-9,8.936431927941973e-9,8.995139259985249e-9,9.460256432252168e-9,8.850455155284134e-9,9.040987192469067e-9,9.362372176104972e-9,8.943482656335157e-9,9.013719537705126e-9,9.108441168060698e-9,8.910855226873194e-9,9.385762402767607e-9,9.299393884850272e-9,9.158160252091581e-9,1.47060989503612e-8,1.0918300145840227,1.0700808212773911e-8,8.852933043490816e-9,1.0956983976944852e-8,1.3334258154774901e-8,9.622197539693077e-9,9.2978903667541e-9,9.834340971162606e-9,9.0831217791906e-9,8.935325930614411e-9,9.976546120551972e-9,9.161328629000053e-9,9.040712584031243e-9,1.2036692358670882e-8,1.3760635804521334e-8,9.919506245034302e-9,8.870906370254625e-9,8.849765475042127e-9,8.86466644095316e-9,9.096477559331299e-9,9.19444511063141e-9,9.132710866637394e-9,9.023932620532001e-9,8.852756102839805e-9,9.082238998743921e-9,9.241746570790897e-9,8.89776779514249e-9,9.20953450231589e-9,1.3917297111879358e-8,8.88160229391751e-9,9.925042664089861e-9,9.065506228659381e-9,8.987821712371305e-9,8.923139196090089e-9,9.092300747707835e-9,1.0003224351961316e-8,8.909095217039028e-9,1.0039085425520658e-8,9.299814421757928e-9,9.719945817136227e-9,1.1151033888111985e-8,1.0370345543620184e-8,1.087640499071599e-8,9.653804445944427e-9,2.2162593028493885e-8,8.917533842762183e-9,9.106091441789307e-9,9.427600604785055e-9,9.157972803064474e-9,9.210179863483098e-9,9.411906463127691e-9,1.01998680935574e-8,9.714821912803999e-9,1.0415685795181765e-8,4.577359710481388,9.688082720436128e-9,2.034483104572141e-8,1.0007698405897092e-8,9.658366645397451e-9,8.852028541023769e-9,9.199238462119853e-9,8.867274889466736e-9,9.006744056834027e-9,9.101417988651698e-9,9.371273211924174e-9,8.872626893469733e-9,9.002781904136535e-9,9.945822756725404e-9,8.853432700777344e-9,1.0038279370985037e-8,9.883643412947522e-9,9.082157159173196e-9,1.147279202713973e-8,9.022238382725565e-9,9.349709381741433e-9,9.039727636120631e-9,8.854457583874349e-9,8.97538302141954e-9,9.458857646469334e-9,8.932434597324929e-9,8.878936203585753e-9,9.11261092620565e-9,9.107706971880422e-9,9.02860692291377e-9,9.113249888336608e-9,1.2886621447256287e-8,1.4842091437722287e-8,9.336211184961277e-9,9.020666875538651e-9,8.881190326836518e-9,8.864836211606713e-9,8.940062585866216e-9,9.161029071624586e-9,9.311451952244443e-9,9.087789425330665e-9,8.91676552403269e-9,9.673703733301642e-9,1.6117116215846327e-8,8.868022177253684e-9,1.0345903413920814e-8,9.770159805298675e-9,8.863963172152927e-9,8.859275146469338e-9,8.863507585970075e-9,9.043961141615537e-9,9.160769932377293e-9,9.007501357306084e-9,1.02963439546091e-8,9.182052062529806e-9,2.378884027202926e-8,1.0223871318372225e-8,9.61002603011151e-9,1.0267605195853514e-8,2.211548526428149e-8,9.116591142840149e-9,9.481526952257377e-9,9.262928212874446e-9,8.855608149362472e-9,8.982891421336436e-9,9.25915247742993e-9,1.0100053974028565e-8,9.97848765392677e-9,1.8495729228229737e-8,8.869413477629732e-9,9.168368339953488e-9,9.101199251209813e-9,8.966778026991119e-9,9.286634617911592e-9,9.798093868528754e-9,8.890080936698237e-9,1.2764623533705434e-8,9.231097578049468e-9,8.958580777862471e-9,8.964642325115602e-9,9.67846366868756e-9,9.077448359072516e-9,8.891006355377866e-9,9.129400905196788e-9,1.0095871548061133e-8,9.459454247786583e-9,9.414915005110675e-9,1.276853808958206e-8,1.479855682825368e-8,8.977647614775298e-9,9.29949356676699e-9,8.983413389161617e-9,8.968849824818003e-9,9.108495770592573e-9,9.565439882036194e-9,9.120424352012987e-9,2.312765014566095e-8,8.993284754145054e-9,9.585770989182356e-9,9.12440694397598e-9,8.925811789441671e-9,8.918298508913096e-9,1.005743692953748e-8,9.549103123853523e-9,1.0261483201962046e-8,1.0366349515632745e-8,2.0842663467481674e-8,9.270565238008942e-9,8.899847059103876e-9,9.386624278759766e-9,2.5722538769313168e-8,9.155331742270201e-9,8.909601552132953e-9,1.8153319077441155e-8,9.44834023767674e-9,1.0515797928507577e-8,8.999053809764524e-9,8.997294823709017e-9,8.850928289363514e-9,2.432663427931189e-8,9.822163197675423e-9,8.858074050742944e-9,8.97730632297477e-9,1.1983690799032661e-8,9.315045325185948e-9,9.05011307265915e-9,1.0221562898365314e-8,1.0594334076786626e-8,1.0663411948812672e-8,9.065170702921859e-9,1.2428013822354807e-8,1.496641634818356e-8,9.16776568727485e-9,8.850538050579118e-9,9.522850787898509e-9,4.2396683604474555e-8,8.913938984511978e-9,8.965984085732247e-9,1.0600307444150326e-8,9.569244679044764e-9,8.884575834223648e-9,9.158156161435477e-9,3.534883157442895e-8,9.289739787921491e-9,8.968952372177752e-9,9.906876578927132e-9,9.999259876986779e-9,2.0332235729608868e-8,1.1052326020285078e-8,1.63227574176386e-8,1.0919103252366758e-8,5.453853956370373e-8,8.883473772444392e-9,5.701426522750584e-8,1.1893632123665057e-8,1.9456701215070553e-8,1.1801669344475309e-8,9.190609459813924e-9,1.0177346501483972e-8,1.802548148504445e-8,4.1163471611763363e-10,2.5622455160237397e-9,1.2186538343005124e-9,-7.460844282413127e-10,-1.416959513259968e-10,1.9174998701298062e-9,2.850045019484037e-10,-3.695942260739135e-10,3.697127994748599e-10,-4.613865193560015e-10,-8.610143444201074e-10,5.154646182287438e-10,-1.196065944313149e-9,-4.1122586309060454e-10,2.084066097648467e-10,2.617589014707461e-10,-1.3590088036740853e-9,-1.667861723411835e-9,-8.321685511621887e-10,-3.0428451496943905e-10,-1.3729937038822628e-10,-1.7281292252633347e-9,-8.019758933733956e-10,4.1723743122481386e-10,7.962811310636277e-10,-1.21104850821373e-9,-3.097621960962344e-9,-1.0747692715576221e-10,-4.16531510085875e-11,-2.7239377093404855e-9,1.5031652126504972e-10,-5.320370181556864e-10,4.5538177764929787e-10,-4.628310847065733e-10,9.902548380965034e-10,-6.400564360869288e-10,-1.574167453780619e-10,4.851239386328998e-10,1.386950158686658e-9,1.5923121094743062e-9,1.1753330333640707e-10,4.6023891605986645e-10,1.1350343202079395e-9,1.890849812385242e-9,9.258421984421999e-10,1.802347181283328e-9,1.1689874912650273e-9,2.4876641571361415e-9,1.1095918779859645e-9,1.0674694590901337e-9,2.5511924044762684e-10,-4.2211247951053215e-10,4.99151419235927e-10,-1.118225619469951e-9,6.216291764869583e-10,1.0029382261963555e-10,-1.5262949000168824e-9,3.944060882507965e-12,-1.7059810365271184e-9,-9.84661357583795e-10,-3.6862632735502954e-10,-1.951923090943005e-10,-2.0256575770406036e-9,-2.0769108825265126e-9,-1.7567457824965636e-9,-1.183899548642321e-9,-6.624182583990876e-10,-4.165243274940895e-9,-5.387366356408981e-10,6.338367227478538e-10,-1.892228643686497e-9,-1.0876609193454958,-2.008098069828944e-9,-6.459057787147801e-10,-6.997893724475727e-10,-2.517351851536562e-9,-2.1749666065803373e-9,-1.903672094275115e-9,-3.126882327241036e-9,-1.8101351790402684e-9,-1.2019671503361108e-9,-3.7500928957411484e-9,-2.2816961358189294e-9,-1.1440580266839268e-9,-3.3650994571421145e-9,-2.2504270959301274e-9,-1.5179770468524556e-9,-1.216807211480441e-9,-3.3257586594638986e-9,-2.1300464579378388e-9,-2.9350319538760692e-9,-1.9940483098805265e-9,-1.8867709030344194e-9,-1.4357865712323137e-9,-1.0876609433208115,1.5799209268792856e-9,2.189286365504196e-9,1.3597441915974638e-9,1.040879908608889,-1.0602554988708338e-9,-0.8525817534596632,-9.945972809427757e-10,-1.1910354245379875e-10,1.9071321194174004e-10,2.4269198535838e-10,-3.076060503815425e-10,6.794854402006521e-10,1.4792965050028208e-10,-3.219966286664146e-10,7.09722355595625e-10,-4.3269426089516187e-10,-1.7856230111438195e-10,6.616596414624158e-10,6.347445064831578e-10,-2.670998983904974e-10,7.098357640038737e-10,-3.146993943695896e-10,-5.6161038431760706e-11,3.9107385575243025e-10,5.115516252454299e-10,-0.8525817585498122,2.8678745992827357e-10,1.0408799132517825,9.08655222610996e-10,1.269372600371858e-9,1.0607878088950966e-9,1.1718750286252242,3.3586457341719743e-9,1.7096776446432225e-9,2.519010889338693e-9,3.1027594505247518e-9,1.6846409548233584e-9,2.3781093636125114e-9,3.899793581523374e-9,1.0615417454623603e-9,2.865506639252122e-9,3.988298461450443e-9,1.5695200604327708e-9,2.1398449280430708e-9,2.858823703765216e-9,3.798233227630384e-9,2.909237141249571e-9,3.731347788501217e-9,1.8046124737007203e-9,2.3925226441469373e-9,4.1037002180847294e-9,3.289416407838514e-9,-2.082958989194752e-9,-1.4293252499337772e-9,1.171875057998338,-3.5293475040125844e-10,-7.585330108632839e-10,-1.95245303739997e-9,-3.82446703891215e-9,7.166411234372002e-10,-9.073508318246861e-10,3.8120023589116577e-10,-1.1323702638509903e-10,-7.505060743500952e-10,1.0911999566843244e-9,-1.2883019966464218e-10,1.5868509199221378e-9,7.205455299433959e-11,4.038180202549496e-10,9.705649940047293e-10,1.8175170832572075e-9,2.1363023768603496e-9,5.925665879680774e-10,1.1904334330315778e-9,3.2249312919806568e-9,2.031325553758875e-9,-2.7933473027158623e-10,1.0963280931769822e-9,5.224500531856067e-9,-1.2499999632671668,-1.4235867783303973e-9,-6.723922373209653e-11,-3.7830796940402817e-10,-1.5212772572071197e-9,-2.3304461144371372e-9,-5.503624260047648e-10,-2.6674639787048194e-9,-1.7138439544292353e-9,-1.0973809883947138e-9,-2.7354675603653088e-9,-1.453694810955073e-9,-2.9731429251683855e-9,-2.1483028530628234e-9,-1.7096478335799004e-9,-1.6322756204955498e-9,-2.943877158284394e-9,-2.0898134125769663,1.4257560554776002e-9,-1.944614376155667e-10,-3.3644969648341173e-9,-1.6283894675248106e-9,-1.307861048333871e-9,-2.399008840416511e-9,-1.688854200440018e-9,-0.783680049022501,-1.5160600653184397e-9,-2.768348298431173e-9,-1.9958805058022184e-9,-1.37165936509174e-9,-2.4432202491487297e-9,-1.9436079387812275e-9,-1.3899776538164764e-9,-2.493310525735105e-9,-1.799833675744067e-9,-1.4464073364944165e-9,-1.4739296379212496e-9,-2.1645391232173863e-9,-1.7453138428823933e-9,5.779918179765509e-10,1.922772637474752e-9,9.060148630652884e-10,1.1004729207376987e-9,2.0153139140658136e-10,-1.223696863467791,5.724355813513992e-10,1.0823791413106849e-9,1.2637145872620944e-10,4.430055613482904e-10,1.09638933437683e-9,5.358034977133885e-10,5.203145011870656e-10,1.0172204105645914e-9,2.6825244790611644e-10,3.5683402787886583e-10,1.038093180135459e-9,7.657442729677894e-10,5.387176054426565e-10,6.686336934929222e-10,-1.931641169072619,1.3197927511715293,2.2180111932264312e-9,1.6431926797742247e-9,2.4295058619294513e-9,4.2603165734265314e-9,-0.19563141375474652,2.2303351212085057e-9,1.3061333967411868,2.187416705230576e-9,2.0441725736291876e-9,2.752016104414361e-9,2.734758636766529e-9,1.92815050258174e-9,2.669784748079431e-9,2.7527721401559862e-9,1.934397857484534e-9,2.145025603767074e-9,2.6792407216162777e-9,2.799287067289e-9,4.054344889278171e-9,2.4447703540760844e-9,-1.628038923547576e-10,9.190396279719038e-11,-8.777446255578959e-10,-1.2628020799484751e-9,-4.815949293763741e-11,5.543490273534011e-10,-5.502111118667393e-10,9.233208971908363e-10,-4.1951310463873234e-10,5.290948545565888e-10,1.5773758305859681e-9,5.487300835375669e-10,1.8392696090395671e-9,6.477577441453413e-10,8.427911538060104e-10,1.4353353866265127e-9,2.1826570469196347e-9,2.059174701602112e-9,-7.841843180220785e-10,5.319780387611855e-9,-1.249999957810014,-7.042675062850061e-10,1.7918073589523047e-9,3.156282390736062e-10,-3.323836011795227e-10,-1.7566075586491606e-9,-3.7076188783322304e-10,-2.0604358877560774e-9,-1.3560352953202186e-9,-8.587539727573863e-10,-2.416098610916547e-9,-1.2685216594087681e-9,-2.445422767675693e-9,-2.70947134744558e-9,-1.8815649363205095e-9,-1.3113103278262553e-9,-3.6751183331496228e-9,-3.327126157822074e-10,8.984257585403354e-10,-6.651511747409545e-10,1.3615687640557277e-9,-1.3965369068851808e-10,-9.335095189838774e-10,-8.636653431342318e-10,-4.724787667799133e-10,-7.733957737693219e-10,-6.913343240518937e-10,-6.055353674796221e-10,-4.302151822335403e-10,-9.230851713973174e-10,-5.771630752248077e-10,-7.935162168010124e-10,-7.426137050431963e-10,-7.716119329959158e-10,-9.081094273297552e-10,-7.024194849137138e-10,-7.686903312831055e-10,1.8880268680136635e-9,1.4030244077774906e-9,3.1191286427928043e-10,2.626800646457563e-10,-6.728216838125703e-11,-1.2399002088886354e-9,1.4673468185045898e-10,2.0694478025441153e-10,3.9820626950347744e-10,2.533208117119923e-10,2.767927555372092e-10,-2.2015051117083772e-10,8.705220727240167e-11,3.86248934203727e-10,2.6763468863147413e-10,3.096051339646913e-10,4.947664342989414e-11,-5.868400374550083e-11,-2.759595552716485e-9,3.0993726691959886e-9,5.273385162429299e-10,-3.8836314364813313e-10,-1.742161662593568e-9,9.759881400672351e-10,-2.610505644873355e-10,-2.587916784826552e-10,3.9888506528004623e-10,5.882509154823277e-10,4.361902339679774e-10,6.960948837177744e-10,8.338851456691409e-10,5.546317231099589e-10,9.432464383372244e-10,1.0222768192760608e-9,6.203897226396977e-10,9.746054607624763e-10,2.668824409440485e-9,8.176859983785174e-10,-1.6429898454685955e-9,1.2043117408002255e-9,-6.668367324576642e-10,-1.5596529785705845e-9,-3.245443219094712e-9,-5.581859467912893e-10,1.5358294169828576e-9,-7.934457151337874e-10,1.082387801079823e-9,-4.269770835576939e-11,5.974526421766045e-10,1.6282589212465476e-9,5.892282913707126e-10,2.102986800418488e-9,6.6838436290241e-10,1.3281282436550351e-9,2.34314816289803,2.0092823792324084e-9,6.91578347336373e-10,2.661362431492156,-1.2499999564360864,-4.875293298071541e-10,1.3629890533457633e-10,5.996308248305449e-11,-3.760311607483424e-10,-1.3095225797504636e-9,-4.774561988559952e-10,-1.843139351896079e-9,-1.0820247261750192e-9,-1.1593383909774484e-9,-1.9504802915194405e-9,-1.6453178136144654e-9,-4.021469102387111e-9,1.743376347482476e-9,-2.1638733011682045e-10,-4.867556246338829e-10,-3.6790041266774196e-10,-4.8248581358383e-10,-1.0004070066545524e-9,-1.684283928657108e-11,-5.573396994460537e-10,-9.169493383320523e-10,-3.9038449391687194e-10,-5.142634949482947e-10,-6.472508757963829e-10,-3.1609709720152043e-10,-9.561859500957018e-10,-8.557850280331524e-10,-7.2067671747561e-10,1.0449066979476536,1.7023476383520726e-9,6.18707852538488e-11,-1.8229585245139812e-9,-2.684198813052515e-9,1.1011927180294448e-9,-8.413841684098393e-10,1.2542111759772327e-9,5.9682882799737e-10,-3.645666115898827e-10,-1.3461918679903884e-9,7.043785328328273e-10,-5.547753141682142e-10,-2.4150523324824332e-9,2.9567262860677337e-9,-7.660444815327473e-11,2.3282658849428406e-11,1.5153490004812726e-10,6.365078335527964e-10,-7.544954292391027e-10,6.812679633824854e-10,5.307275573149249e-10,-7.090974901149728e-11,6.11909516374849e-10,8.018386875863936e-10,2.789622662931595e-10,7.649809234280101e-10,2.9334104257399576e-9,2.2771510116960441e-10,1.342184394828559e-9,-5.553936181729491e-10,-4.718574333509243e-10,-3.4591051995230046e-10,6.39844690308574e-10,1.3864749013148493e-9,3.1585157967331645e-10,1.408233495096753e-9,8.672975862926863e-10,1.2021821147367985e-9,1.9551044229120375e-9,1.5842141935916061e-9,1.8300024179948368e-9,-1.2326120296448954e-9,4.7944247091910514e-9,-6.52393271542198e-10,-9.602215579616137e-10,-6.799285680408042e-10,-7.430221819806791e-10,-9.408669262978957e-10,-1.4960319113769297e-9,-1.1778522304679384e-9,-1.6070475792233787e-9,-2.139476502083004,-1.1614985886023517e-9,-4.453749732771456e-9,-1.3809708875667302e-9,1.2266338234788514e-9,7.621036956512893e-10,-1.682039605907605e-10,-5.033048774251613e-10,-6.408667080682431e-10,-9.255839716932541e-10,1.9600666819198086e-10,-4.947102823540177e-10,-1.3436964337526457e-9,7.17434700860742e-11,-1.42211365698811e-9,-1.3001513220903112e-9,-6.252611400408376e-10,2.1772769510651704e-9,9.11364384667514e-10,5.599424822498284e-10,8.421001918477123e-11,-4.5642134525106514e-10,-1.0060639810978286e-9,3.643199649129046e-10,-2.1709231514802632e-10,6.567324155480345e-10,6.503497940926154e-10,-5.426040163465881e-10,-6.578964339362794e-10,-2.689372829904951e-9,3.2494832534957666e-9,5.315916005981782e-10,2.2878875406668566e-10,1.5553497724323282e-10,3.8521325326978397e-10,-7.217004433068507e-10,8.754400165509281e-10,6.250259448793738e-10,-3.353004681347512e-10,1.1615167291671636e-9,3.5194443732405365e-9,-1.7329045069792097e-10,-1.6662021719812002e-9,1.2405518856670821e-9,1.5149526699934741e-10,-1.2738017033951097e-10,-1.512925307246655e-10,5.67305360087179e-10,7.106975442475266e-10,5.067616829541913e-10,1.5470718761798578e-9,7.357613302718113e-10,5.041025074939801e-9,1.5022039051226032e-9,-1.200090253505471e-9,1.540233941008745e-9,4.7779886747929906e-9,-1.028044347092716e-9,-8.373316629353534e-10,-9.632623676739157e-11,-4.701437349074482e-10,-8.25717598371671e-10,-1.4397108054559599e-9,-1.3634539032043098e-9,-4.083601597043608e-9,7.305502338190786e-10,-6.485266180411943e-10,-4.2933697077194494e-10,-8.451647714044531e-10,-1.2515636811506517e-9,2.5646244577968043e-10,-2.575534980442811e-9,-7.869868815721778e-10,-4.293285821205604e-10,1.17402349966768e-9,6.091870880499532e-10,2.6558009051170893e-10,-6.761501791992931e-10,-1.4366924169694267e-9,1.000180814372698e-9,-9.626593586304128e-10,-2.644442295268169e-9,3.2328319029774814e-9,8.633533990857531e-10,4.66177307197776e-10,4.386338605444648e-10,6.551306329274341e-10,-1.0895235168981665e-9,6.61815843472595e-10,4.9384585024058844e-9,-4.853237927755618e-10,1.1087072102226069e-9,6.763018108144991e-10,3.532289381196393e-10,3.35205074124344e-10,1.4181138479941176e-9,1.0792080469430894e-9,1.522934463573926e-9,1.5804439790271753e-9,4.541021049710378e-9,2.870540593432901e-10,-9.331098302207288e-10,-5.351698367914592e-9,-7.008057959205274e-10,3.2009157760546964e-10,-4.0084366923820335e-9,-9.987830862172851e-10,1.741597523167441e-9,4.921331379070075e-10,3.705102716507935e-11,-5.110785901908648e-9,-1.2563299220295679e-9,-1.0543063530574457e-10,-4.65493873315957e-10,2.3637628900166184e-9,5.702642631986289e-10,1.4988467498204055e-9,1.740167304677279e-9,-1.7288318533743955e-9,-5.945675814663378e-10,-2.52485615051146e-9,3.272928861629433e-9,1.8839673010230268e-11,1.046316179433157e-9,7.584340228399542e-9,-3.31263131485928e-10,-4.3510196467376983e-10,-1.7887166545928225e-9,1.0959608429777917e-9,-2.4492239954990555e-10,7.055885930745052e-10,6.7295407052746195e-9,8.418566114859312e-10,-4.448136103391435e-10,-1.4021485106195847e-9,1.3838847523160264e-9,4.441315650118009e-9,-3.600394750119225e-9,1.929594089402709e-9,-2.3935281158971226e-10,-2.3311154826784214e-9,4.29119931367018e-9,7.536491639073131e-10,-1.5603159959242168e-9,3.9781844906852525e-9,-1.833817566715515e-9,2.196567307114516e-9,6.388956569764972e-10,1.9702868170947483e-9,-1.8628935247000075e-9,-6.053092106099409e-10,0.6249999934991981,0.24046410399892104,4.417536529691919e-10,-2.772722028834509e-9,1.5336317077153066e-9,5.678450509390832e-10,-1.3083237762129397e-9,-2.6394292746902254e-9,1.4198084375326025e-9,2.717035140359487e-9,-3.0491468689711642e-9,-1.3195636777694601e-9,-1.6430493427543913e-10,-3.8590318465267504e-12,-5.371778581841222e-10,-8.985222800756017e-10,6.589585178971902e-10,1.8337456877886074e-10,-4.387093473719548e-10,-4.573497082322665e-10,8.374208215589157e-10,5.014759228260971e-10,-8.81701733445021e-10,-7.278372554581176e-10,-1.9075627004104024e-9,-8.843459850951036e-9,9.086026726663993e-9,2.2047642968497028e-9,0.0,4.472488364767602e-9,4.1163471611763363e-10,0.0,6.357373370423808e-9,2.5622455160237397e-9,0.0,4.836050449757016e-9,1.2186538343005124e-9,0.0,4.591459653056306e-9,-7.460844282413127e-10,0.0,4.430095170058472e-9,-1.416959513259968e-10,0.0,5.576604710035091e-9,1.9174998701298062e-9,0.0,4.447365638477665e-9,2.850045019484037e-10,0.0,4.462999656203009e-9,-3.695942260739135e-10,0.0,4.4663690521810175e-9,3.697127994748599e-10,0.0,4.492917248326999e-9,-4.613865193560015e-10,0.0,4.643552034907808e-9,-8.610143444201074e-10,0.0,4.506606394765355e-9,5.154646182287438e-10,0.0,4.8504248525467975e-9,-1.196065944313149e-9,0.0,4.474781596103282e-9,-4.1122586309060454e-10,0.0,4.438747044681526e-9,2.084066097648467e-10,0.0,4.446293228229748e-9,2.617589014707461e-10,0.0,4.97610836798736e-9,-1.3590088036740853e-9,0.0,5.256444905578371e-9,-1.667861723411835e-9,0.0,4.632295842294989e-9,-8.321685511621887e-10,0.0,4.452497928577895e-9,-3.0428451496943905e-10,0.0,4.4304554412408375e-9,-1.3729937038822628e-10,0.0,5.321668454967498e-9,-1.7281292252633347e-9,0.0,4.617655563561234e-9,-8.019758933733956e-10,0.0,5.407368735617646e-9,-1.833817566715515e-9,0.0,4.473354088907014e-9,4.1723743122481386e-10,0.0,4.6161448895129765e-9,7.962811310636277e-10,0.0,4.8326619959641535e-9,-1.21104850821373e-9,0.0,7.26784068298599e-9,-3.097621960962344e-9,0.0,4.428027049049591e-9,-1.0747692715576221e-10,0.0,4.4274888912868716e-9,-4.16531510085875e-11,0.0,6.7224195480066795e-9,-2.7239377093404855e-9,0.0,4.4321816706356445e-9,1.5031652126504972e-10,0.0,4.510615436882235e-9,-5.320370181556864e-10,0.0,4.483713365319636e-9,4.5538177764929787e-10,0.0,4.490462934560432e-9,-4.628310847065733e-10,0.0,4.7160281253534585e-9,9.902548380965034e-10,0.0,4.5568400696155e-9,-6.400564360869288e-10,0.0,4.4328631081325834e-9,-1.574167453780619e-10,0.0,4.49518205742642e-9,4.851239386328998e-10,0.0,5.000350761366505e-9,1.386950158686658e-9,0.0,5.184800131739745e-9,1.5923121094743062e-9,0.0,4.429022498116377e-9,1.1753330333640707e-10,0.0,4.488914166263071e-9,4.6023891605986645e-10,0.0,4.8107757239762375e-9,1.1350343202079395e-9,0.0,5.49823606100675e-9,1.890849812385242e-9,0.0,4.683231575199864e-9,9.258421984421999e-10,0.0,5.40320496124706e-9,1.802347181283328e-9,0.0,5.843589641077933e-9,2.196567307114516e-9,0.0,4.533731391841565e-9,6.388956569764972e-10,0.0,4.855670209642838e-9,1.1689874912650273e-9,0.0,6.3295394649230545e-9,2.4876641571361415e-9,0.0,4.7723292609632884e-9,1.1095918779859645e-9,0.0,4.7548293066711095e-9,1.0674694590901337e-9,0.0,4.443651288090314e-9,2.5511924044762684e-10,0.0,4.474678183633233e-9,-4.2211247951053215e-10,0.0,4.4950997623857875e-9,4.99151419235927e-10,0.0,4.7928304189027256e-9,-1.118225619469951e-9,0.0,4.552140502681066e-9,6.216291764869583e-10,0.0,4.42796652425172e-9,1.0029382261963555e-10,0.0,5.115913018571167e-9,-1.5262949000168824e-9,0.0,4.425248384245445e-9,3.944060882507965e-12,0.0,5.290959509376602e-9,-1.7059810365271184e-9,0.0,4.713403086463076e-9,-9.84661357583795e-10,0.0,4.465469953550414e-9,-3.6862632735502954e-10,0.0,4.436411558547153e-9,-1.951923090943005e-10,0.0,5.648479121392445e-9,-2.0256575770406036e-9,0.0,5.716427647830004e-9,-2.0769108825265126e-9,0.0,5.339590936734584e-9,-1.7567457824965636e-9,0.0,4.845398891949485e-9,-1.183899548642321e-9,0.0,4.5567601705364606e-9,-6.624182583990876e-10,0.0,9.397329619575708e-9,-4.165243274940895e-9,0.0,4.514978953644679e-9,-5.387366356408981e-10,0.0,4.52987943473696e-9,6.338367227478538e-10,0.0,5.515887124818839e-9,1.9702868170947483e-9,0.0,5.506179601568338e-9,-1.892228643686497e-9,1.0,0.5915031413123348,-1.0876609193454958,0.0,5.631350466408606e-9,-2.008098069828944e-9,0.0,4.546205258651824e-9,-6.459057787147801e-10,0.0,4.5641818943017145e-9,-6.997893724475727e-10,0.0,6.294749445928362e-9,-2.517351851536562e-9,0.0,5.812950689460716e-9,-2.1749666065803373e-9,0.0,5.507648165152098e-9,-1.903672094275115e-9,0.0,7.332117489716822e-9,-3.126882327241036e-9,0.0,5.370488893793302e-9,-1.8101351790402684e-9,0.0,4.84254269962855e-9,-1.2019671503361108e-9,0.0,8.642587859963703e-9,-3.7500928957411484e-9,0.0,5.9608083991243596e-9,-2.2816961358189294e-9,0.0,4.804864588374311e-9,-1.1440580266839268e-9,0.0,7.814051450291193e-9,-3.3650994571421145e-9,0.0,5.921870322589918e-9,-2.2504270959301274e-9,0.0,5.099510491902301e-9,-1.5179770468524556e-9,0.0,4.854936153818574e-9,-1.216807211480441e-9,0.0,7.733433765455898e-9,-3.3257586594638986e-9,0.0,5.768979505102068e-9,-2.1300464579378388e-9,0.0,6.996535031792193e-9,-2.9350319538760692e-9,0.0,5.600315811782015e-9,-1.9940483098805265e-9,0.0,5.477308242440657e-9,-1.8867709030344194e-9,0.0,5.0307321940553825e-9,-1.4357865712323137e-9,1.0,0.591503166184804,-1.0876609433208115,0.0,5.1764339954947315e-9,1.5799209268792856e-9,0.0,5.783363926253093e-9,2.189286365504196e-9,0.0,5.394335676200046e-9,-1.8628935247000075e-9,0.0,4.9251072717300005e-9,1.3597441915974638e-9,1.0,0.5417154954235028,1.040879908608889,0.0,4.775073964681673e-9,-1.0602554988708338e-9,1.0,0.3634478265476976,-0.8525817534596632,0.0,4.693201257429662e-9,-9.945972809427757e-10,0.0,4.433426366339275e-9,-1.1910354245379875e-10,0.0,4.4384370433630544e-9,1.9071321194174004e-10,0.0,4.442879596139144e-9,2.4269198535838e-10,0.0,4.459195526213327e-9,-3.076060503815425e-10,0.0,4.572313371013419e-9,6.794854402006521e-10,0.0,4.436503508766774e-9,1.4792965050028208e-10,0.0,4.4598534251796975e-9,-3.219966286664146e-10,0.0,4.582349475708434e-9,7.09722355595625e-10,0.0,4.488204587594051e-9,-4.3269426089516187e-10,0.0,4.435967932483341e-9,-1.7856230111438195e-10,0.0,4.560752823787303e-9,6.616596414624158e-10,0.0,4.554754983165441e-9,6.347445064831578e-10,0.0,4.447286061591498e-9,-2.670998983904974e-10,0.0,4.579744749142563e-9,7.098357640038737e-10,0.0,4.45742995618649e-9,-3.146993943695896e-10,0.0,4.426351289851385e-9,-5.6161038431760706e-11,0.0,4.47268095178075e-9,3.9107385575243025e-10,0.0,4.507594609120849e-9,5.115516252454299e-10,1.0,0.3634478307341328,-0.8525817585498122,0.0,4.449549373090133e-9,2.8678745992827357e-10,1.0,0.541715499893926,1.0408799132517825,0.0,4.5222207728470296e-9,-6.053092106099409e-10,0.0,4.65745688045967e-9,9.08655222610996e-10,0.0,4.909805795547109e-9,1.269372600371858e-9,0.0,4.751022201785708e-9,1.0607878088950966e-9,1.0,0.6866455445459051,1.1718750286252242,0.0,7.814265295453422e-9,3.3586457341719743e-9,0.0,5.288386935433085e-9,1.7096776446432225e-9,0.0,6.298014546203773e-9,2.519010889338693e-9,0.0,7.27281637199951e-9,3.1027594505247518e-9,0.0,5.257569684642629e-9,1.6846409548233584e-9,0.0,6.092071345679842e-9,2.3781093636125114e-9,0.0,8.967923597453396e-9,3.899793581523374e-9,0.0,4.753985348253348e-9,1.0615417454623603e-9,0.0,6.866291237962226e-9,2.865506639252122e-9,0.0,9.182688397975969e-9,3.988298461450443e-9,0.0,5.147929104626851e-9,1.5695200604327708e-9,0.0,5.781806788004686e-9,2.1398449280430708e-9,0.0,6.85714796762477e-9,2.858823703765216e-9,0.0,8.746486724360433e-9,3.798233227630384e-9,0.0,6.943680597528718e-9,2.909237141249571e-9,0.0,8.595356569364487e-9,3.731347788501217e-9,0.0,5.389451488153089e-9,1.8046124737007203e-9,0.0,6.129031574476005e-9,2.3925226441469373e-9,0.0,9.401166218314092e-9,4.1037002180847294e-9,0.0,7.661647970414568e-9,3.289416407838514e-9,0.0,5.649088352182155e-9,-2.082958989194752e-9,0.0,5.039364090493065e-9,-1.4293252499337772e-9,1.0,0.6866455781921803,1.171875057998338,0.0,4.4644067529346045e-9,-3.5293475040125844e-10,0.0,4.5908120549835515e-9,-7.585330108632839e-10,0.0,5.541125009168953e-9,-1.95245303739997e-9,0.0,8.881982731898461e-9,-3.82446703891215e-9,0.0,4.577779263697162e-9,7.166411234372002e-10,0.0,4.664754577178496e-9,-9.073508318246861e-10,0.0,4.465662305547225e-9,3.8120023589116577e-10,0.0,4.4284237394627565e-9,-1.1323702638509903e-10,0.0,4.610070283878457e-9,-7.505060743500952e-10,0.0,4.776341795385498e-9,1.0911999566843244e-9,0.0,4.43017883189086e-9,-1.2883019966464218e-10,0.0,5.174749512264874e-9,1.5868509199221378e-9,0.0,4.426572233150156e-9,7.205455299433959e-11,0.0,4.474078906696422e-9,4.038180202549496e-10,0.0,4.7064967090907294e-9,9.705649940047293e-10,0.0,5.410741098074598e-9,1.8175170832572075e-9,0.0,5.790076303073508e-9,2.1363023768603496e-9,0.0,4.530899262156618e-9,5.925665879680774e-10,0.0,4.851602435619745e-9,1.1904334330315778e-9,0.0,7.491496303300524e-9,3.2249312919806568e-9,0.0,5.662822464703492e-9,2.031325553758875e-9,0.0,4.44459839303302e-9,-2.7933473027158623e-10,0.0,4.791933787570818e-9,1.0963280931769822e-9,0.0,1.2368964928049007e-8,5.224500531856067e-9,1.0,0.195312499512513,0.6249999934991981,1.0,0.781249957573238,-1.2499999632671668,0.0,5.04355467673779e-9,-1.4235867783303973e-9,0.0,4.430442099173487e-9,-6.723922373209653e-11,0.0,4.475420947430035e-9,-3.7830796940402817e-10,0.0,5.152219902912483e-9,-1.5212772572071197e-9,0.0,6.064732766742342e-9,-2.3304461144371372e-9,0.0,4.523199651303253e-9,-5.503624260047648e-10,0.0,6.571670200369347e-9,-2.6674639787048194e-9,0.0,5.3167333070599674e-9,-1.7138439544292353e-9,0.0,4.7949089926918775e-9,-1.0973809883947138e-9,0.0,6.682197692096166e-9,-2.7354675603653088e-9,0.0,5.067777924094406e-9,-1.453694810955073e-9,0.0,7.090075255293699e-9,-2.9731429251683855e-9,0.0,5.8229874957552114e-9,-2.1483028530628234e-9,0.0,5.3120745808140995e-9,-1.7096478335799004e-9,0.0,5.232986079808018e-9,-1.6322756204955498e-9,0.0,7.043356308987711e-9,-2.943877158284394e-9,1.0,2.183660052646558,-2.0898134125769663,0.0,4.970116021074198e-9,1.4257560554776002e-9,1.0,0.028911496074077565,0.24046410399892104,0.0,4.451014052971079e-9,-1.944614376155667e-10,0.0,7.902738904780863e-9,-3.3644969648341173e-9,0.0,5.2610028347342255e-9,-1.6283894675248106e-9,0.0,4.965684435609863e-9,-1.307861048333871e-9,0.0,6.201170711325479e-9,-2.399008840416511e-9,0.0,5.3181213989453884e-9,-1.688854200440018e-9,1.0,0.30707721342627337,-0.783680049022501,0.0,5.133035273988842e-9,-1.5160600653184397e-9,0.0,6.803405222187891e-9,-2.768348298431173e-9,0.0,5.658412143547431e-9,-1.9958805058022184e-9,0.0,5.011548089961461e-9,-1.37165936509174e-9,0.0,6.2682212845260056e-9,-2.4432202491487297e-9,0.0,5.591868517923415e-9,-1.9436079387812275e-9,0.0,5.021336020561301e-9,-1.3899776538164764e-9,0.0,6.336913180347466e-9,-2.493310525735105e-9,0.0,5.4280282768902775e-9,-1.799833675744067e-9,0.0,5.074687601603417e-9,-1.4464073364944165e-9,0.0,5.0952936714935094e-9,-1.4739296379212496e-9,0.0,5.865969267514218e-9,-2.1645391232173863e-9,0.0,5.360257739577684e-9,-1.7453138428823933e-9,0.0,4.546102174980111e-9,5.779918179765509e-10,0.0,4.504769182230225e-9,4.417536529691919e-10,0.0,5.522359845858775e-9,1.922772637474752e-9,0.0,4.6743241275112506e-9,9.060148630652884e-10,0.0,4.799742171204093e-9,1.1004729207376987e-9,0.0,4.438130224170233e-9,2.0153139140658136e-10,1.0,0.7487170105424551,-1.223696863467791,0.0,4.52434382050128e-9,5.724355813513992e-10,0.0,4.79306364857108e-9,1.0823791413106849e-9,0.0,4.43859758696498e-9,1.2637145872620944e-10,0.0,4.485551210317496e-9,4.430055613482904e-10,0.0,4.797360976491894e-9,1.09638933437683e-9,0.0,4.518827221272909e-9,5.358034977133885e-10,0.0,4.508001865809532e-9,5.203145011870656e-10,0.0,4.744231498189944e-9,1.0172204105645914e-9,0.0,4.4468237569996504e-9,2.6825244790611644e-10,0.0,4.464681876981564e-9,3.5683402787886583e-10,0.0,4.755582973619147e-9,1.038093180135459e-9,0.0,4.6086568826796295e-9,7.657442729677894e-10,0.0,4.513978148612845e-9,5.387176054426565e-10,0.0,4.5633864284900615e-9,6.686336934929222e-10,1.0,1.865618805638611,-1.931641169072619,1.0,0.8709264559455321,1.3197927511715293,0.0,6.734972685772645e-9,-2.772722028834509e-9,0.0,5.918804586629596e-9,2.2180111932264312e-9,0.0,5.264634406605135e-9,1.6431926797742247e-9,0.0,6.259604097788135e-9,2.4295058619294513e-9,0.0,9.965076367849134e-9,4.2603165734265314e-9,1.0,0.019135828585032228,-0.19563141375474652,0.0,5.950041619209471e-9,2.2303351212085057e-9,1.0,0.8529922291054816,1.3061333967411868,0.0,5.9109821274295896e-9,2.187416705230576e-9,0.0,5.7156287409589875e-9,2.0441725736291876e-9,0.0,6.7576124303619255e-9,2.752016104414361e-9,0.0,6.727140985541277e-9,2.734758636766529e-9,0.0,5.566781813454182e-9,1.92815050258174e-9,0.0,6.616688041027145e-9,2.669784748079431e-9,0.0,6.757574345497616e-9,2.7527721401559862e-9,0.0,5.575167333188321e-9,1.934397857484534e-9,0.0,5.845533009986814e-9,2.145025603767074e-9,0.0,6.624524439946478e-9,2.6792407216162777e-9,0.0,6.830145181968296e-9,2.799287067289e-9,0.0,9.348365750141493e-9,4.054344889278171e-9,0.0,6.260707220168725e-9,2.4447703540760844e-9,0.0,4.441289940050624e-9,-1.628038923547576e-10,0.0,4.427433320389457e-9,9.190396279719038e-11,0.0,4.655358299657236e-9,-8.777446255578959e-10,0.0,4.904926138902666e-9,-1.2628020799484751e-9,0.0,4.426741144381556e-9,-4.815949293763741e-11,0.0,4.51024708376427e-9,5.543490273534011e-10,0.0,4.518977109215151e-9,-5.502111118667393e-10,0.0,4.673061952151438e-9,9.233208971908363e-10,0.0,4.4890601783983246e-9,-4.1951310463873234e-10,0.0,4.506977361359386e-9,5.290948545565888e-10,0.0,5.163362795611958e-9,1.5773758305859681e-9,0.0,4.513984611556458e-9,5.487300835375669e-10,0.0,5.433104863541279e-9,1.8392696090395671e-9,0.0,4.548841136024109e-9,6.477577441453413e-10,0.0,4.6372154768840495e-9,8.427911538060104e-10,0.0,5.039191028577931e-9,1.4353353866265127e-9,0.0,5.849539156737113e-9,2.1826570469196347e-9,0.0,5.697176183637748e-9,2.059174701602112e-9,0.0,4.583245370253484e-9,-7.841843180220785e-10,0.0,1.2626960375987926e-8,5.319780387611855e-9,0.0,5.125077740518905e-9,1.5336317077153066e-9,1.0,0.7812499510767306,-1.249999957810014,0.0,4.575751802261052e-9,-7.042675062850061e-10,0.0,5.4384444846243145e-9,1.7918073589523047e-9,0.0,4.454538113789804e-9,3.156282390736062e-10,0.0,4.459755399793668e-9,-3.323836011795227e-10,0.0,5.35970267620633e-9,-1.7566075586491606e-9,0.0,4.4679447641202754e-9,-3.7076188783322304e-10,0.0,5.7108413466358255e-9,-2.0604358877560774e-9,0.0,4.984463529643106e-9,-1.3560352953202186e-9,0.0,4.649535563924297e-9,-8.587539727573863e-10,0.0,6.190403491058639e-9,-2.416098610916547e-9,0.0,4.9156965469125434e-9,-1.2685216594087681e-9,0.0,6.239301939849419e-9,-2.445422767675693e-9,0.0,6.626374226637575e-9,-2.70947134744558e-9,0.0,5.5023172081619206e-9,-1.8815649363205095e-9,0.0,4.949370443341232e-9,-1.3113103278262553e-9,0.0,8.235167604590796e-9,-3.6751183331496228e-9,0.0,4.4574793578154675e-9,-3.327126157822074e-10,0.0,4.520105837846864e-9,5.678450509390832e-10,0.0,4.663201964039939e-9,8.984257585403354e-10,0.0,4.565010125170252e-9,-6.651511747409545e-10,0.0,5.0141601631934746e-9,1.3615687640557277e-9,0.0,4.431305400456197e-9,-1.3965369068851808e-10,0.0,4.690193949901311e-9,-9.335095189838774e-10,0.0,4.672111677096025e-9,-8.636653431342318e-10,0.0,4.495891224922e-9,-4.724787667799133e-10,0.0,4.6074891050931205e-9,-7.733957737693219e-10,0.0,4.575945773045778e-9,-6.913343240518937e-10,0.0,4.539251244000558e-9,-6.055353674796221e-10,0.0,4.483066289203411e-9,-4.302151822335403e-10,0.0,4.688908007014833e-9,-9.230851713973174e-10,0.0,4.529485990849689e-9,-5.771630752248077e-10,0.0,4.617858407448117e-9,-7.935162168010124e-10,0.0,4.5956362358827055e-9,-7.426137050431963e-10,0.0,4.601644948194422e-9,-7.716119329959158e-10,0.0,4.679148309345616e-9,-9.081094273297552e-10,0.0,4.5776130678285335e-9,-7.024194849137138e-10,0.0,4.595263394216449e-9,-7.686903312831055e-10,0.0,5.399528796536315e-9,1.8880268680136635e-9,0.0,4.945305160506375e-9,-1.3083237762129397e-9,0.0,5.0173375216341136e-9,1.4030244077774906e-9,0.0,4.453406524374144e-9,3.1191286427928043e-10,0.0,4.447334248523945e-9,2.626800646457563e-10,0.0,4.427454073096048e-9,-6.728216838125703e-11,0.0,4.885661124031623e-9,-1.2399002088886354e-9,0.0,4.4315025300565164e-9,1.4673468185045898e-10,0.0,4.438671729935803e-9,2.0694478025441153e-10,0.0,4.471675240920538e-9,3.9820626950347744e-10,0.0,4.444417881850458e-9,2.533208117119923e-10,0.0,4.448597634898479e-9,2.767927555372092e-10,0.0,4.439149283076049e-9,-2.2015051117083772e-10,0.0,4.4273470394619964e-9,8.705220727240167e-11,0.0,4.470210633535704e-9,3.86248934203727e-10,0.0,4.446675954114863e-9,2.6763468863147413e-10,0.0,4.454179920449e-9,3.096051339646913e-10,0.0,4.425739617404097e-9,4.947664342989414e-11,0.0,4.426116844013953e-9,-5.868400374550083e-11,0.0,6.529254909203561e-9,-2.759595552716485e-9,0.0,7.110931223083384e-9,3.0993726691959886e-9,0.0,6.591863565223435e-9,-2.6394292746902254e-9,0.0,4.50885763456736e-9,5.273385162429299e-10,0.0,4.472515957873134e-9,-3.8836314364813313e-10,0.0,5.3915095118682125e-9,-1.742161662593568e-9,0.0,4.726705767764619e-9,9.759881400672351e-10,0.0,4.445268236925623e-9,-2.610505644873355e-10,0.0,4.457244800643566e-9,-2.587916784826552e-10,0.0,4.4760258725745495e-9,3.9888506528004623e-10,0.0,4.538383745716362e-9,5.882509154823277e-10,0.0,4.484772650471534e-9,4.361902339679774e-10,0.0,4.576704027931156e-9,6.960948837177744e-10,0.0,4.645944889720233e-9,8.338851456691409e-10,0.0,4.51909237404178e-9,5.546317231099589e-10,0.0,4.69931992046011e-9,9.432464383372244e-10,0.0,4.750611461927498e-9,1.0222768192760608e-9,0.0,4.544404582364549e-9,6.203897226396977e-10,0.0,4.71839872602616e-9,9.746054607624763e-10,0.0,6.5367367829510885e-9,2.668824409440485e-9,0.0,4.6336968953784415e-9,8.176859983785174e-10,0.0,5.153139782771613e-9,-1.6429898454685955e-9,0.0,4.847328162863088e-9,1.2043117408002255e-9,0.0,4.577517534763242e-9,-6.668367324576642e-10,0.0,5.2041710036154416e-9,-1.5596529785705845e-9,0.0,7.784599769042335e-9,-3.245443219094712e-9,0.0,4.565722633430665e-9,-5.581859467912893e-10,0.0,5.116881891589159e-9,1.5358294169828576e-9,0.0,4.6414070859645994e-9,-7.934457151337874e-10,0.0,4.768924108671187e-9,1.082387801079823e-9,0.0,4.433537351748836e-9,-4.269770835576939e-11,0.0,4.531043720719214e-9,5.974526421766045e-10,0.0,5.210530644870462e-9,1.6282589212465476e-9,0.0,4.528316202585081e-9,5.892282913707126e-10,0.0,5.7445963293282625e-9,2.102986800418488e-9,0.0,4.557301985783196e-9,6.6838436290241e-10,0.0,4.9502093388011386e-9,1.3281282436550351e-9,1.0,2.7451716493731984,2.34314816289803,0.0,5.63357789028717e-9,2.0092823792324084e-9,0.0,4.560719623177785e-9,6.91578347336373e-10,1.0,3.54142501611438,2.661362431492156,0.0,5.0468205869486e-9,1.4198084375326025e-9,1.0,0.7812499496699742,-1.2499999564360864,0.0,4.4958581826618465e-9,-4.875293298071541e-10,0.0,4.430902408058978e-9,1.3629890533457633e-10,0.0,4.426179746322682e-9,5.996308248305449e-11,0.0,4.467012350078699e-9,-3.760311607483424e-10,0.0,4.93993449492405e-9,-1.3095225797504636e-9,0.0,4.4933982656810015e-9,-4.774561988559952e-10,0.0,5.446628037366026e-9,-1.843139351896079e-9,0.0,4.779719272158564e-9,-1.0820247261750192e-9,0.0,4.829337419262867e-9,-1.1593383909774484e-9,0.0,5.576142883123517e-9,-1.9504802915194405e-9,0.0,5.245473226428664e-9,-1.6453178136144654e-9,0.0,9.052023558434096e-9,-4.021469102387111e-9,0.0,5.260245381020855e-9,1.743376347482476e-9,0.0,6.764648720114222e-9,2.717035140359487e-9,0.0,4.455641387705138e-9,-2.1638733011682045e-10,0.0,4.496567824202317e-9,-4.867556246338829e-10,0.0,4.468215963970986e-9,-3.6790041266774196e-10,0.0,4.4975696299926245e-9,-4.8248581358383e-10,0.0,4.730128216126084e-9,-1.0004070066545524e-9,0.0,4.425227577642067e-9,-1.684283928657108e-11,0.0,4.5204935962345335e-9,-5.573396994460537e-10,0.0,4.681186088052486e-9,-9.169493383320523e-10,0.0,4.471741328167578e-9,-3.9038449391687194e-10,0.0,4.506859768852564e-9,-5.142634949482947e-10,0.0,4.554220584030349e-9,-6.472508757963829e-10,0.0,4.455427613436597e-9,-3.1609709720152043e-10,0.0,4.692881201383803e-9,-9.561859500957018e-10,0.0,4.649696942425136e-9,-8.557850280331524e-10,0.0,4.579080126045791e-9,-7.2067671747561e-10,0.0,7.3530494751806e-9,-3.0491468689711642e-9,1.0,0.5459150072920114,1.0449066979476536,0.0,5.350404106386956e-9,1.7023476383520726e-9,0.0,4.426466521745408e-9,6.18707852538488e-11,0.0,5.478491988472426e-9,-1.8229585245139812e-9,0.0,6.6671290773874505e-9,-2.684198813052515e-9,0.0,4.811098769846539e-9,1.1011927180294448e-9,0.0,4.64894518337705e-9,-8.413841684098393e-10,0.0,4.917170485581303e-9,1.2542111759772327e-9,0.0,4.5415608895953e-9,5.9682882799737e-10,0.0,4.4676629653072055e-9,-3.645666115898827e-10,0.0,4.988273060275986e-9,-1.3461918679903884e-9,0.0,4.5806643145000265e-9,7.043785328328273e-10,0.0,4.520356292015621e-9,-5.547753141682142e-10,0.0,6.018346179335441e-9,-2.4150523324824332e-9,0.0,6.880317902260668e-9,2.9567262860677337e-9,0.0,4.959753122517151e-9,-1.3195636777694601e-9,0.0,4.435453185127313e-9,-7.660444815327473e-11,0.0,4.4248827375210645e-9,2.3282658849428406e-11,0.0,4.43233322047658e-9,1.5153490004812726e-10,0.0,4.548238779665649e-9,6.365078335527964e-10,0.0,4.597222555315705e-9,-7.544954292391027e-10,0.0,4.566355433318697e-9,6.812679633824854e-10,0.0,4.511966310266001e-9,5.307275573149249e-10,0.0,4.426378051419903e-9,-7.090974901149728e-11,0.0,4.541119499371961e-9,6.11909516374849e-10,0.0,4.620873285395449e-9,8.018386875863936e-10,0.0,4.448883897571245e-9,2.789622662931595e-10,0.0,4.604767251157946e-9,7.649809234280101e-10,0.0,6.958648555939679e-9,2.9334104257399576e-9,0.0,4.440801146958755e-9,2.2771510116960441e-10,0.0,4.9625213320449305e-9,1.342184394828559e-9,0.0,4.5327531143296905e-9,-5.553936181729491e-10,0.0,4.493910856185653e-9,-4.718574333509243e-10,0.0,4.4615695980450444e-9,-3.4591051995230046e-10,0.0,4.5461503738539175e-9,6.39844690308574e-10,0.0,5.001612175980658e-9,1.3864749013148493e-9,0.0,4.454547608519514e-9,3.1585157967331645e-10,0.0,5.019542712760329e-9,1.408233495096753e-9,0.0,4.649907210878964e-9,8.672975862926863e-10,0.0,4.859972908568114e-9,1.2021821147367985e-9,0.0,5.575516944055992e-9,1.9551044229120375e-9,0.0,5.185172771810092e-9,1.5842141935916061e-9,0.0,5.438202495357995e-9,1.8300024179948368e-9,0.0,4.826902222972214e-9,-1.2326120296448954e-9,0.0,1.1081296514246942e-8,4.7944247091910514e-9,0.0,4.458766921381092e-9,-1.6430493427543913e-10,0.0,4.553045720894653e-9,-6.52393271542198e-10,0.0,4.713800302392527e-9,-9.602215579616137e-10,0.0,4.578986401532237e-9,-6.799285680408042e-10,0.0,4.605089931741549e-9,-7.430221819806791e-10,0.0,4.7059532315638466e-9,-9.408669262978957e-10,0.0,5.0999340467787e-9,-1.4960319113769297e-9,0.0,4.8574109564019995e-9,-1.1778522304679384e-9,0.0,5.2078428975908826e-9,-1.6070475792233787e-9,1.0,2.288679855240694,-2.139476502083004,0.0,4.844041360218064e-9,-1.1614985886023517e-9,0.0,1.0172415522860705e-8,-4.453749732771456e-9,0.0,5.003849202948546e-9,-1.3809708875667302e-9,0.0,4.8291833226987255e-9,1.2266338234788514e-9,0.0,4.4260142705118845e-9,-3.8590318465267504e-12,0.0,4.5996192310599265e-9,7.621036956512893e-10,0.0,4.433637444733368e-9,-1.682039605907605e-10,0.0,4.503372028417013e-9,-5.033048774251613e-10,0.0,4.550708994325849e-9,-6.408667080682431e-10,0.0,4.685636605962088e-9,-9.255839716932541e-10,0.0,4.4363134467348665e-9,1.9600666819198086e-10,0.0,4.501390952068267e-9,-4.947102823540177e-10,0.0,4.972911378362702e-9,-1.3436964337526457e-9,0.0,4.426716350388672e-9,7.17434700860742e-11,0.0,5.0191396854925185e-9,-1.42211365698811e-9,0.0,4.941821706473761e-9,-1.3001513220903112e-9,0.0,4.541078579586598e-9,-6.252611400408376e-10,0.0,5.736396013569865e-9,2.1772769510651704e-9,0.0,4.5111191913627825e-9,-5.371778581841222e-10,0.0,4.674854690870717e-9,9.11364384667514e-10,0.0,4.5198638180603154e-9,5.599424822498284e-10,0.0,4.427228791937174e-9,8.421001918477123e-11,0.0,4.487691510709771e-9,-4.5642134525106514e-10,0.0,4.729428823234667e-9,-1.0060639810978286e-9,0.0,4.4662172986624645e-9,3.643199649129046e-10,0.0,4.439468101792876e-9,-2.1709231514802632e-10,0.0,4.556305463102825e-9,6.567324155480345e-10,0.0,4.553853485940211e-9,6.503497940926154e-10,0.0,4.514303461456885e-9,-5.426040163465881e-10,0.0,4.556624944168304e-9,-6.578964339362794e-10,0.0,6.443310723628144e-9,-2.689372829904951e-9,0.0,7.421045718861144e-9,3.2494832534957666e-9,0.0,4.6681055924806385e-9,-8.985222800756017e-10,0.0,4.510333437769326e-9,5.315916005981782e-10,0.0,4.440595163418259e-9,2.2878875406668566e-10,0.0,4.432418105803357e-9,1.5553497724323282e-10,0.0,4.470031292933108e-9,3.8521325326978397e-10,0.0,4.580514535812293e-9,-7.217004433068507e-10,0.0,4.6557259761222214e-9,8.754400165509281e-10,0.0,4.5438947126653325e-9,6.250259448793738e-10,0.0,4.458382762016345e-9,-3.353004681347512e-10,0.0,4.836851866650821e-9,1.1615167291671636e-9,0.0,8.058558107923165e-9,3.5194443732405365e-9,0.0,4.434011088626843e-9,-1.7329045069792097e-10,0.0,5.172951706960407e-9,-1.6662021719812002e-9,0.0,4.885079902649337e-9,1.2405518856670821e-9,0.0,4.4319815860764645e-9,1.5149526699934741e-10,0.0,4.429637573234669e-9,-1.2738017033951097e-10,0.0,4.431753792985038e-9,-1.512925307246655e-10,0.0,4.521980570807768e-9,5.67305360087179e-10,0.0,4.5803849661886465e-9,7.106975442475266e-10,0.0,4.503750678653042e-9,5.067616829541913e-10,0.0,5.14817197730455e-9,1.5470718761798578e-9,0.0,4.591026031264903e-9,7.357613302718113e-10,0.0,1.189442013601463e-8,5.041025074939801e-9,0.0,5.111935659186113e-9,1.5022039051226032e-9,0.0,4.805013015055756e-9,-1.200090253505471e-9,0.0,5.133802597926757e-9,1.540233941008745e-9,0.0,1.1057742632140746e-8,4.7779886747929906e-9,0.0,4.558295571420075e-9,6.589585178971902e-10,0.0,4.740763476128688e-9,-1.028044347092716e-9,0.0,4.631464106437223e-9,-8.373316629353534e-10,0.0,4.427804074681236e-9,-9.632623676739157e-11,0.0,4.491445710668218e-9,-4.701437349074482e-10,0.0,4.629576238714965e-9,-8.25717598371671e-10,0.0,5.050026987014283e-9,-1.4397108054559599e-9,0.0,4.9892438269633856e-9,-1.3634539032043098e-9,0.0,9.247864614114869e-9,-4.083601597043608e-9,0.0,4.434706738814866e-9,1.8337456877886074e-10,0.0,4.584184169976744e-9,7.305502338190786e-10,0.0,4.550599625604906e-9,-6.485266180411943e-10,0.0,4.4833890134955595e-9,-4.2933697077194494e-10,0.0,4.643317308955796e-9,-8.451647714044531e-10,0.0,4.899046934264377e-9,-1.2515636811506517e-9,0.0,4.445040468349118e-9,2.5646244577968043e-10,0.0,6.382311766852717e-9,-2.575534980442811e-9,0.0,4.615548789024734e-9,-7.869868815721778e-10,0.0,4.4792903889312355e-9,-4.293285821205604e-10,0.0,4.482321162557801e-9,-4.387093473719548e-10,0.0,4.83923183434378e-9,1.17402349966768e-9,0.0,4.538724179536258e-9,6.091870880499532e-10,0.0,4.445503177688933e-9,2.6558009051170893e-10,0.0,4.564700452598394e-9,-6.761501791992931e-10,0.0,5.047935774030566e-9,-1.4366924169694267e-9,0.0,4.729727123893291e-9,1.000180814372698e-9,0.0,4.707457502555338e-9,-9.626593586304128e-10,0.0,6.38426904479103e-9,-2.644442295268169e-9,0.0,7.39927841412684e-9,3.2328319029774814e-9,0.0,4.488823807387649e-9,-4.573497082322665e-10,0.0,4.649746783383495e-9,8.633533990857531e-10,0.0,4.491706694580809e-9,4.66177307197776e-10,0.0,4.484424912409002e-9,4.386338605444648e-10,0.0,4.554247885296287e-9,6.551306329274341e-10,0.0,4.782719941018097e-9,-1.0895235168981665e-9,0.0,4.560212176006494e-9,6.61815843472595e-10,0.0,1.1563825072830476e-8,4.9384585024058844e-9,0.0,4.496642377072527e-9,-4.853237927755618e-10,0.0,4.792885494591178e-9,1.1087072102226069e-9,0.0,4.56220347198799e-9,6.763018108144991e-10,0.0,4.462905894720836e-9,3.532289381196393e-10,0.0,4.459149254456548e-9,3.35205074124344e-10,0.0,5.028718464768741e-9,1.4181138479941176e-9,0.0,4.7745515619267615e-9,1.0792080469430894e-9,0.0,5.130741600981023e-9,1.522934463573926e-9,0.0,5.183174757816372e-9,1.5804439790271753e-9,0.0,1.0421331733740837e-8,4.541021049710378e-9,0.0,4.635282619004471e-9,8.374208215589157e-10,0.0,4.449923529551938e-9,2.870540593432901e-10,0.0,4.693312139379884e-9,-9.331098302207288e-10,0.0,1.2861269384656584e-8,-5.351698367914592e-9,0.0,4.577665871135101e-9,-7.008057959205274e-10,0.0,4.454800776066477e-9,3.2009157760546964e-10,0.0,9.076659538720577e-9,-4.0084366923820335e-9,0.0,4.72417011883837e-9,-9.987830862172851e-10,0.0,5.257898964253789e-9,1.741597523167441e-9,0.0,4.499526904882263e-9,5.014759228260971e-10,0.0,4.4986474118545085e-9,4.921331379070075e-10,0.0,4.425464144681757e-9,3.705102716507935e-11,0.0,1.2163317139655945e-8,-5.110785901908648e-9,0.0,4.911081598837712e-9,-1.2563299220295679e-9,0.0,4.429037025371472e-9,-1.0543063530574457e-10,0.0,4.488653161487385e-9,-4.65493873315957e-10,0.0,5.9918453995163305e-9,2.3637628900166184e-9,0.0,4.657522662592974e-9,-8.81701733445021e-10,0.0,4.525056536329575e-9,5.702642631986289e-10,0.0,5.110781449182658e-9,1.4988467498204055e-9,0.0,5.297167038393313e-9,1.740167304677279e-9,0.0,5.331705974406336e-9,-1.7288318533743955e-9,0.0,4.532585351460929e-9,-5.945675814663378e-10,0.0,6.214006911177404e-9,-2.52485615051146e-9,0.0,7.483208174091782e-9,3.272928861629433e-9,0.0,4.583882843637425e-9,-7.278372554581176e-10,0.0,4.425269025289559e-9,1.8839673010230268e-11,0.0,4.7614253939492544e-9,1.046316179433157e-9,0.0,2.119834180223728e-8,7.584340228399542e-9,0.0,4.456969492255989e-9,-3.31263131485928e-10,0.0,4.482992042866124e-9,-4.3510196467376983e-10,0.0,5.300153722075163e-9,-1.7887166545928225e-9,0.0,4.784622339522382e-9,1.0959608429777917e-9,0.0,4.442287917111824e-9,-2.4492239954990555e-10,0.0,4.579078080717738e-9,7.055885930745052e-10,0.0,1.7674415787214475e-8,6.7295407052746195e-9,0.0,4.6448698939607455e-9,8.418566114859312e-10,0.0,4.484476186088876e-9,-4.448136103391435e-10,0.0,4.953438289463566e-9,-1.4021485106195847e-9,0.0,4.9996299384933895e-9,1.3838847523160264e-9,0.0,1.0166117864804435e-8,4.441315650118009e-9,0.0,5.526163010142539e-9,-1.9075627004104024e-9,0.0,8.1613787088193e-9,-3.600394750119225e-9,0.0,5.459551626183379e-9,1.929594089402709e-9,0.0,2.7269269781851867e-8,-8.843459850951036e-9,0.0,4.441736886222197e-9,-2.3935281158971226e-10,0.0,2.850713261375292e-8,9.086026726663993e-9,0.0,5.946816061832529e-9,-2.3311154826784214e-9,0.0,9.728350607535277e-9,4.29119931367018e-9,0.0,5.900834672237655e-9,2.2047642968497028e-9,0.0,4.595304729906962e-9,7.536491639073131e-10,0.0,5.088673250741986e-9,-1.5603159959242168e-9,0.0,9.012740742522225e-9,3.9781844906852525e-9]
