WARNING: Method definition require(Symbol) in module Base at loading.jl:345 overwritten in module ConicBenchmarkUtilities at /home/ubuntu/.julia/v0.5/Requires/src/require.jl:12.
#SOLVERNAME# PAJ_NEW_MSD_CPLEX_MOSEK_nosocinit
#SOLVER# Pajarito.PajaritoSolver(2,3600.0,1.0e-5,true,CPLEX.CplexSolver(Any[(:CPX_PARAM_THREADS,1),(:CPX_PARAM_TILIM,3600.0),(:CPX_PARAM_EPINT,1.0e-8),(:CPX_PARAM_EPRHS,1.0e-6),(:CPX_PARAM_SCRIND,0),(:CPX_PARAM_EPGAP,1.0e-5)]),CPLEX.CplexSolver(Any[]),0,false,true,Mosek.MosekMathProgSolverInterface.MosekSolver(Any[(:LOG,0),(:NUM_THREADS,1),(:OPTIMIZER_MAX_TIME,120.0)]),true,false,false,true,false,true,false,false,false,true,true,false,true,true,false,true,false,false,true,true,false,false,false,1.0e-10,1.0e-6,0.01,0.0001)
#INSTANCE# pp-n1000-d10.cbf.gz
#TIMELIMIT# 3600.0

Transforming original data......Done     0.01s

Creating conic model data......Done     0.00s

Creating MIP model......Done     0.02s

Cone types summary:
Cone       | Count    | Min dim  | Max dim 
       SOC |     1000 |        3 |        3

Solving conic relaxation......Done     0.07s
 - Relaxation status    =        Optimal
 - Relaxation objective =    7330.100925

Creating conic subproblem model......Done

Starting MIP-solver-driven outer approximation algorithm

Pajarito MICP solve summary:
 - Total time (s)       =       3.60e+03
 - Status               =      UserLimit
 - Best feasible obj.   =  +7.355954e+03
 - OA obj. bound        =  +7.331439e+03
 - Relative opt. gap    =      3.333e-03

Timers (s):
 - Setup                =   1.63e-01
 -- Transform data      =   9.97e-03
 -- Create conic data   =   1.20e-03
 -- Create MIP data     =   2.21e-02
 -- Load/solve relax    =   7.35e-02
 - MIP-driven algorithm =   3.60e+03
 -- Solve conic model   =   1.55e+00

Counters:
 - Lazy callback        =    95
 -- Feasible soln       =     2
 -- Integer repeat      =    52
 -- Conic statuses      =    41
 --- Infeasible         =     0
 --- Optimal            =    38
 --- Suboptimal         =     0
 --- UserLimit          =     0
 --- ConicFailure       =     0
 --- Other status       =     3
 -- No viol. dual cut   =    55
 -- No viol. prim. cut  =     0
 - Heuristic callback   = 516843
 -- Feasible added      =    18
 - Incumbent callback   =    40
 -- Feasible accepted   =    18
 - Dual cuts            = 10539
 -- Relaxation          =  2000
 -- Full viol.          =    23
 -- Full nonviol.       =     0
 -- Disagg. viol        =  8516
 -- Disagg. nonviol     =     0
 -- Poorly conditioned  =   113
 - Primal cuts          =  4713
 -- Full viol.          =  4713
 -- Full nonviol.       =     0
 -- Disagg. viol        =     0
 -- Disagg. nonviol     =     0
 -- Poorly conditioned  =     0

Max absolute primal infeasibilities by cone:
 - Constraint linear    =   0.00e+00
 - Constraint SOC       =   0.00e+00
 - Constraint RSOC      =   0.00e+00
 - Variable linear      =   0.00e+00
 - Variable SOC         =   0.00e+00
 - Variable RSOC        =   0.00e+00

#STATUS# UserLimit
#OBJVAL# 7355.954334906512
#OBJBOUND# 7331.438840604042
#TIMESOLVER# 3600.005373954773
#TIMEALL# 3600.055286169052
#SOLUTION# [5.0,4.0,7.0,9.0,5.0,7.0,10.0,3.0,2.0,7.0,4.0,5.0,8.0,3.0,4.0,4.0,2.0,10.0,7.0,4.0,8.0,7.0,5.0,3.0,4.0,5.0,4.0,2.0,5.0,3.0,8.0,8.0,3.0,5.0,3.0,5.0,3.0,8.0,4.0,3.0,5.0,3.0,4.0,7.0,4.0,5.0,5.0,4.0,4.0,5.0,4.0,6.0,9.0,2.0,2.0,4.0,6.0,3.0,5.0,4.0,3.0,7.0,7.0,4.0,7.0,7.0,15.0,5.0,7.0,9.0,8.0,5.0,7.0,3.0,6.0,4.0,8.0,7.0,5.0,8.0,3.0,9.0,5.0,6.0,2.0,7.0,7.0,2.0,14.0,11.0,8.0,11.0,4.0,11.0,8.0,8.0,8.0,10.0,7.0,4.0,9.0,4.0,10.0,10.0,4.0,6.0,7.0,15.0,4.0,7.0,2.0,6.0,6.0,3.0,3.0,8.0,2.0,7.0,6.0,5.0,5.0,5.0,9.0,7.0,5.0,7.0,7.0,4.0,4.0,7.0,2.0,7.0,4.0,6.0,5.0,6.0,5.0,5.0,6.0,6.0,5.0,3.0,2.0,3.0,7.0,2.0,10.0,4.0,9.0,3.0,3.0,4.0,4.0,3.0,13.0,10.0,3.0,9.0,8.0,10.0,4.0,4.0,5.0,3.0,4.0,9.0,2.0,10.0,5.0,6.0,11.0,7.0,5.0,6.0,8.0,5.0,4.0,9.0,9.0,8.0,2.0,6.0,6.0,5.0,8.0,2.0,2.0,5.0,4.0,3.0,6.0,7.0,6.0,6.0,2.0,6.0,6.0,4.0,2.0,8.0,4.0,10.0,7.0,9.0,10.0,3.0,3.0,10.0,3.0,8.0,3.0,6.0,13.0,4.0,6.0,5.0,2.0,4.0,8.0,5.0,8.0,5.0,4.0,3.0,4.0,5.0,8.0,5.0,7.0,7.0,5.0,10.0,7.0,4.0,7.0,9.0,3.0,4.0,3.0,3.0,6.0,3.0,6.0,10.0,2.0,5.0,4.0,1.0,8.0,6.0,4.0,7.0,11.0,9.0,4.0,5.0,3.0,7.0,7.0,7.0,7.0,4.0,6.0,8.0,9.0,2.0,5.0,7.0,3.0,10.0,6.0,2.0,5.0,8.0,4.0,6.0,10.0,3.0,3.0,4.0,3.0,3.0,7.0,7.0,11.0,7.0,7.0,6.0,2.0,4.0,7.0,4.0,12.0,4.0,7.0,4.0,6.0,2.0,5.0,2.0,4.0,7.0,4.0,3.0,3.0,4.0,4.0,12.0,6.0,5.0,6.0,9.0,6.0,8.0,8.0,6.0,4.0,3.0,7.0,3.0,8.0,4.0,3.0,6.0,3.0,5.0,7.0,5.0,8.0,6.0,6.0,3.0,4.0,6.0,4.0,9.0,6.0,9.0,3.0,3.0,9.0,6.0,9.0,8.0,7.0,11.0,7.0,8.0,11.0,3.0,3.0,4.0,7.0,7.0,4.0,9.0,8.0,6.0,4.0,9.0,11.0,2.0,9.0,3.0,2.0,13.0,5.0,6.0,7.0,10.0,6.0,5.0,7.0,2.0,3.0,5.0,8.0,7.0,8.0,10.0,8.0,5.0,6.0,2.0,6.0,4.0,5.0,5.0,4.0,11.0,3.0,5.0,12.0,8.0,2.0,10.0,7.0,6.0,3.0,9.0,3.0,4.0,3.0,10.0,2.0,8.0,7.0,7.0,5.0,3.0,3.0,8.0,4.0,9.0,7.0,8.0,11.0,3.0,5.0,4.0,6.0,6.0,13.0,6.0,5.0,5.0,3.0,6.0,5.0,6.0,3.0,7.0,3.0,3.0,3.0,5.0,8.0,4.0,4.0,7.0,3.0,7.0,9.0,3.0,2.0,6.0,2.0,6.0,3.0,4.0,3.0,4.0,6.0,2.0,6.0,5.0,5.0,6.0,5.0,5.0,7.0,5.0,8.0,2.0,2.0,5.0,5.0,8.0,12.0,2.0,3.0,5.0,5.0,6.0,7.0,4.0,5.0,6.0,10.0,4.0,8.0,4.0,6.0,3.0,9.0,3.0,3.0,3.0,13.0,8.0,9.0,4.0,8.0,8.0,5.0,6.0,8.0,4.0,4.0,2.0,4.0,6.0,5.0,5.0,4.0,4.0,6.0,8.0,3.0,2.0,3.0,5.0,8.0,5.0,7.0,7.0,9.0,5.0,4.0,4.0,8.0,7.0,3.0,9.0,7.0,3.0,6.0,4.0,7.0,9.0,5.0,2.0,3.0,6.0,8.0,6.0,6.0,5.0,2.0,11.0,3.0,2.0,5.0,12.0,9.0,7.0,5.0,7.0,5.0,6.0,5.0,8.0,5.0,8.0,3.0,5.0,3.0,3.0,4.0,8.0,2.0,7.0,4.0,6.0,10.0,11.0,3.0,5.0,6.0,3.0,6.0,3.0,4.0,8.0,3.0,9.0,2.0,4.0,5.0,11.0,4.0,3.0,2.0,3.0,5.0,10.0,5.0,12.0,5.0,5.0,3.0,10.0,5.0,8.0,4.0,7.0,6.0,3.0,6.0,6.0,9.0,9.0,7.0,8.0,4.0,5.0,6.0,2.0,5.0,2.0,7.0,7.0,4.0,9.0,7.0,5.0,11.0,8.0,9.0,10.0,8.0,6.0,2.0,6.0,4.0,7.0,3.0,3.0,6.0,12.0,2.0,6.0,9.0,6.0,8.0,5.0,8.0,7.0,8.0,12.0,4.0,9.0,7.0,7.0,6.0,7.0,6.0,7.0,4.0,7.0,7.0,5.0,3.0,11.0,6.0,7.0,7.0,6.0,9.0,5.0,4.0,6.0,5.0,6.0,6.0,9.0,4.0,4.0,5.0,10.0,3.0,3.0,2.0,4.0,9.0,5.0,6.0,4.0,4.0,7.0,5.0,6.0,7.0,4.0,7.0,4.0,6.0,8.0,3.0,13.0,8.0,4.0,4.0,8.0,4.0,10.0,4.0,3.0,7.0,8.0,4.0,7.0,8.0,9.0,6.0,4.0,7.0,3.0,2.0,6.0,5.0,5.0,10.0,8.0,5.0,11.0,6.0,4.0,3.0,5.0,4.0,3.0,8.0,2.0,6.0,8.0,4.0,7.0,7.0,7.0,10.0,6.0,8.0,7.0,8.0,2.0,5.0,3.0,5.0,7.0,9.0,8.0,3.0,12.0,3.0,8.0,2.0,2.0,9.0,7.0,6.0,3.0,3.0,4.0,6.0,3.0,8.0,5.0,4.0,5.0,5.0,7.0,7.0,3.0,4.0,5.0,15.0,5.0,6.0,6.0,7.0,6.0,6.0,6.0,6.0,4.0,5.0,10.0,8.0,2.0,5.0,4.0,4.0,6.0,6.0,6.0,3.0,3.0,4.0,6.0,7.0,6.0,4.0,8.0,6.0,5.0,5.0,10.0,4.0,8.0,9.0,9.0,7.0,4.0,3.0,4.0,4.0,4.0,9.0,8.0,3.0,3.0,4.0,2.0,5.0,4.0,6.0,4.0,3.0,5.0,5.0,6.0,9.0,14.0,6.0,8.0,8.0,4.0,4.0,5.0,5.0,5.0,4.0,2.0,3.0,5.0,7.0,6.0,5.0,4.0,4.0,5.0,8.0,8.0,8.0,3.0,6.0,8.0,11.0,5.0,6.0,6.0,3.0,2.0,10.0,3.0,5.0,6.0,2.0,7.0,2.0,11.0,14.0,5.0,4.0,3.0,5.0,3.0,5.0,2.0,7.0,6.0,3.0,2.0,6.0,3.0,8.0,6.0,5.0,7.0,6.0,10.0,4.0,4.0,6.0,5.0,2.0,8.0,6.0,4.0,7.0,4.0,9.0,4.0,6.0,6.0,4.0,3.0,7.0,12.0,4.0,6.0,9.0,5.0,8.0,4.0,7.0,6.0,5.0,3.0,8.0,5.0,11.0,3.0,3.0,9.0,4.0,5.0,6.0,3.0,8.0,4.0,8.0,10.0,6.0,3.0,5.0,5.0,3.0,3.0,7.0,8.0,10.0,4.0,7.0,6.0,5.0,7.0,3.0,9.0,5.0,4.0,6.0,5.0,7.0,3.0,9.0,2.0,7.0,5.0,9.0,3.0,4.0,9.0,8.0,4.0,2.0,6.0,6.0,5.0,5.0,3.0,6.0,6.0,2.0,5.0,8.0,3.0,3.0,3.0,4.0,3.0,5.0,5.0,5.0,8.0,6.0,11.0,6.0,6.0,3.0,3.0,2.0,3.0,4.0,4.0,6.0,6.0,12.0,8.0,5.0,9.0,7.0,4.0,3.0,9.0,5.0,7.0,12.0,4.0,0.20000001703677484,0.2500000347894584,0.14285715386884235,0.1111111253615995,0.20000001023184755,0.14285715209686423,0.10000001799386204,0.3333333326066601,0.5000000436349892,0.14285717146219756,0.25000000207181694,0.2000000112699576,0.12500001579889375,0.3333333437258523,0.2500000139502685,0.2500000027442568,0.5000000374495874,0.10000002325651636,0.1428571528530611,0.25000000166603265,0.125000012064298,0.14285715414628353,0.20000001075304752,0.33333339175114673,0.2500000042396566,0.20000000807838791,0.2500000041441224,0.5000000091300545,0.20000000706085697,0.33333333244119245,0.12500001133681238,0.12500001426414808,0.3333335142895879,0.2000000049680999,0.33333334091077615,0.20000000503794801,0.33333333968354406,0.12500001339516675,0.25000000805601186,0.33333339697360653,0.20000001627895614,0.3333333489638486,0.2500000012564789,0.14285715145903044,0.2500000015255348,0.20000000581246713,0.20000000942186968,0.2500000492147181,0.2500000059852252,0.20000000959413278,0.25000000219217133,0.16666669773478215,0.11111112463817285,0.5000000053391696,0.5000000548083703,0.25000000197440775,0.1666666731995674,0.333333347054233,0.2000000044914536,0.2500000039448156,0.33333333787534025,0.14285715135909793,0.14285715332167115,0.25000003031830875,0.14285715072911387,0.14285715137108923,0.06666669633852607,0.20000004686294304,0.14285715231003682,0.11111112514912769,0.12500001129528204,0.20000000786999905,0.14285715310405322,0.33333340378956544,0.16666667261425516,0.25000000589753846,0.12500001414995943,0.14285715148932088,0.20000003026476687,0.1250000114251728,0.3333333409623771,0.11111112452647554,0.2000000032698086,0.16666667361616305,0.5000000436646308,0.14285715081928352,0.14285715204795935,0.5000000077598694,0.07142860158722009,0.09090911159369952,0.12500001071689315,0.09090910932869001,0.2500000310422821,0.09090910988114409,0.12500001292187513,0.12500001793927673,0.12500001189929844,0.10000001639573064,0.14285715168878,0.2500000250840322,0.11111112436861248,0.2500000019536186,0.10000001691501659,0.1000000159893979,0.25000000971195346,0.16666667638276866,0.14285715713250724,0.06666669880239162,0.25000000081738394,0.14285715741632732,0.5000000555870234,0.1666666729645634,0.1666666740055387,0.333333346213033,0.3333333377528813,0.12500001158160412,0.5000000105289422,0.14285715171651425,0.16666668127540518,0.2000000386894074,0.20000001016528834,0.20000000595146705,0.11111112515353305,0.14285715135193833,0.200000010710629,0.14285715195240822,0.1428571537769585,0.25000000570058933,0.25000000382722254,0.1428571513666741,0.5000000062797025,0.142857151998526,0.25000000437382797,0.1666666747557164,0.20000001129775313,0.16666667776681177,0.20000000471847112,0.20000000330473,0.16666667377519762,0.16666667305575533,0.20000000755763736,0.33333333519196673,0.5000000038665802,0.3333333377970331,0.14285715441638214,0.5000000528650292,0.10000001707937578,0.25000003074887056,0.11111112509712662,0.33333333701970913,0.33333333445094926,0.250000041967263,0.25000003148878536,0.3333333755667627,0.07692311040610811,0.10000001588187324,0.33333334305913365,0.11111112440554116,0.12500001241188752,0.10000001666335478,0.2500000110201688,0.2500000021390103,0.20000000374633142,0.33333334256249003,0.2500000049332285,0.11111112435011528,0.5000000257309689,0.10000001632055344,0.2000000050221713,0.16666667284853975,0.09090911051011474,0.14285715218702144,0.20000000896473846,0.16666667232741528,0.12500001059119814,0.2000000064006784,0.25000000143747014,0.1111111253691881,0.11111113578620113,0.125000019128799,0.500000264298222,0.16666668356808056,0.16666667288574022,0.20000000297109555,0.12500001207207134,0.5000000103480888,0.5000000081747591,0.20000002683724905,0.2500000097392956,0.33333339837144305,0.16666667235885058,0.1428571560675973,0.1666666721297938,0.16666668670516582,0.5000000096000616,0.16666668423016517,0.16666668845715815,0.25000000408838474,0.5000000655744017,0.12500001151009865,0.250000014455388,0.1000000159697052,0.14285715397496457,0.11111113114372628,0.1000000159022143,0.3333333490694397,0.3333333415344204,0.1000000208972267,0.33333334032297124,0.125000011687467,0.33333337349628467,0.1666666789059379,0.07692310176609851,0.2500000056099694,0.16666668001683416,0.20000000343251667,0.5000000100016724,0.2500000010430221,0.12500001141931794,0.20000002118784455,0.12500001148214057,0.20000001577916748,0.2500000057013656,0.33333335018446775,0.2500000016245041,0.20000001717176907,0.12500001334240807,0.20000003283156875,0.1428571520911861,0.14285715931512222,0.2000000042672463,0.10000001741716069,0.14285715333519455,0.2500000021588771,0.14285715213211603,0.11111112837572534,0.33333338631242215,0.2500000199051815,0.33333333530292153,0.33333347874776154,0.16666667691890513,0.33333336221995147,0.16666668020846842,0.10000002184489887,0.5000000222867196,0.20000000577495847,0.25000000862750804,1.0000000878890458,0.1250000157444049,0.16666667175736638,0.2500000018572641,0.14285716368807932,0.09090911061138307,0.11111112486582364,0.25000000578886894,0.20000000404063556,0.33333334145011273,0.14285715248807485,0.1428571526252158,0.14285715267120214,0.14285715388107434,0.2500000097047663,0.16666667879091168,0.12500001402940963,0.11111112530419653,0.5000000029110032,0.2000000155652124,0.14285716483512356,0.33333342268781774,0.10000001901106614,0.16666668091363057,0.5000001412047776,0.20000001706653592,0.12500001160014484,0.25000000366702047,0.16666667596337525,0.10000002179150336,0.3333333520466182,0.33333335339740566,0.25000000252076093,0.333333335354129,0.3333333782210848,0.14285716057225084,0.14285715630299123,0.09090912379462956,0.14285715071340288,0.14285715273398303,0.1666666730186055,0.5000000173491777,0.25000000099719166,0.1428571513205572,0.25000000209438955,0.08333335594737257,0.2500000046911275,0.14285715132389143,0.2500000197771355,0.1666666959452412,0.5000000076033595,0.20000000389832806,0.500000008467393,0.2500000074419626,0.14285716093489587,0.2500000039654813,0.33333333786857633,0.33333334251259616,0.2500000124714119,0.25000000821938473,0.08333336075838638,0.16666667213928843,0.20000002760972269,0.16666667517811007,0.11111112443128057,0.16666667718761552,0.12500001737227784,0.12500001763406576,0.1666666925431075,0.2500000158841402,0.33333337006382546,0.14285715723700143,0.33333337560779475,0.12500001134419936,0.2500000012765331,0.33333337123893836,0.16666667311745442,0.3333333409738213,0.20000000303422194,0.14285715711068203,0.20000003035917224,0.1250000148449404,0.16666667662858803,0.16666667514298528,0.33333334112604573,0.25000000222792407,0.1666666724432142,0.25000000391397403,0.11111112676766233,0.1666666790085145,0.11111113389096516,0.3333333469791615,0.33333334018590977,0.11111112442644533,0.16666668112090477,0.11111112753859764,0.12500001135930994,0.14285715858476244,0.09090911052986073,0.14285715323032466,0.1250000128674964,0.09090911042436822,0.333333379600008,0.3333333391647484,0.2500000221126615,0.14285715290877743,0.14285715291399814,0.2500000165664207,0.11111112449765237,0.1250000113618892,0.16666667708841665,0.25000003388187375,0.11111112563315828,0.09090911149803205,0.500000003538636,0.11111112785459376,0.33333336359132115,0.5000000266610836,0.07692310062961027,0.20000001472168805,0.16666667560316828,0.14285715408967814,0.10000002415126374,0.1666666740753202,0.20000004268094163,0.14285715137357258,0.5000000559168845,0.333333453959304,0.2000000054097546,0.12500001385513304,0.14285715736312898,0.12500002325731963,0.10000001670738357,0.12500001385865644,0.2000000049604269,0.1666666785125308,0.500000057479427,0.1666666734066471,0.2500000446148736,0.20000000663538753,0.20000000410184793,0.2500000081155065,0.09090911416262948,0.33333333278828503,0.2000000070729797,0.08333335551610865,0.12500001089276846,0.5000000061742325,0.10000001695597582,0.14285715089701512,0.16666667246600753,0.3333333527563296,0.11111112449393801,0.3333333403570533,0.250000003699824,0.33333333988759817,0.10000001610845466,0.500000015017884,0.12500002122174791,0.14285715490604112,0.1428571513652166,0.20000001754040042,0.3333333355284487,0.3333333478385456,0.125000016592697,0.2500000019941164,0.11111112720465499,0.14285716100005708,0.12500001492369428,0.09090911356023312,0.33333334244477264,0.200000010329215,0.2500000008955858,0.1666666728664845,0.16666667235478716,0.07692310051362128,0.166666672784352,0.20000000363033532,0.2000000249922964,0.3333333380401511,0.16666667413235992,0.20000000674863738,0.1666666727272963,0.3333333372117626,0.14285715128626997,0.33333333885955385,0.33333334016126104,0.33333333535959087,0.20000000311730126,0.12500001294228458,0.25000000254871324,0.25000002253845555,0.14285715166800816,0.33333333447790414,0.14285715139801702,0.11111112434895887,0.3333333391698372,0.5000000071930666,0.16666668311774924,0.5000000147458674,0.1666666724897743,0.3333333402130898,0.25000000892996077,0.3333333405192387,0.2500000015687598,0.16666667261620383,0.5000000166592689,0.16666667419464165,0.2000000036068128,0.2000000042879435,0.16666667430849014,0.20000000305377608,0.20000000425191455,0.14285715624576412,0.20000000336020296,0.12500001133691363,0.5000000259527155,0.5000000113807215,0.2000000068370209,0.20000000885807,0.12500001167838892,0.08333335609293613,0.5000000131338678,0.3333333489513155,0.20000000665552786,0.20000000328578071,0.1666666945886366,0.14285716867699882,0.25000000128461286,0.20000003319588533,0.16666668022241105,0.10000001727023466,0.25000000921215015,0.12500001367981195,0.25000000994881333,0.1666666772360319,0.3333333400245446,0.11111112523521882,0.33333333482757554,0.333333340642628,0.3333333396787985,0.07692310184559936,0.12500001158812157,0.11111112511236776,0.2500000094768611,0.125000010610119,0.12500001129676974,0.2000000167639202,0.16666667360890308,0.12500001125785065,0.2500000082301157,0.2500000037358876,0.5000000019542259,0.2500000084953222,0.16666667175403838,0.20000000319198996,0.20000000936270013,0.25000011374677733,0.2500000012735728,0.1666666960297123,0.1250000136750229,0.3333333423906004,0.5000000311154018,0.3333334461779711,0.20000000723044575,0.12500001084692958,0.2000000265102253,0.14285715210919658,0.14285715328656767,0.11111112659943423,0.20000000393552586,0.2500000189206242,0.25000003324060227,0.12500001275848938,0.142857152164388,0.33333333280961464,0.11111112625335906,0.14285715773979035,0.333333344189501,0.16666668898794335,0.2500000023639779,0.14285715582536174,0.11111112950774427,0.2000000080644746,0.5000000178862964,0.3333333576410098,0.16666667603312568,0.12500001341005973,0.16666667320404027,0.16666667889201747,0.20000000691803077,0.5000000354954524,0.09090911065027285,0.3333333390684037,0.5000000558148425,0.20000000878926905,0.08333335442428691,0.11111112522409172,0.1428571507769183,0.2000000091139782,0.1428571694373577,0.20000001656418664,0.16666667229052656,0.20000000330774625,0.12500001083022827,0.20000000528260387,0.12500001948171668,0.33333334271352877,0.20000000354894443,0.33333336993086604,0.33333333734593085,0.2500000024036191,0.12500001891868529,0.5000000080454732,0.14285715224879958,0.25000000203513073,0.16666667848687133,0.10000001673641101,0.09090911036368432,0.3333333706974919,0.20000000361676484,0.16666667272990132,0.33333333459657544,0.16666667343145658,0.33333334241720847,0.25000003336473364,0.12500002370687824,0.33333334136289094,0.1111111292769067,0.5000000126824284,0.2500000023578659,0.2000000065775822,0.09090911379372457,0.2500000026396303,0.3333333611678748,0.5000000338231982,0.333333354002904,0.20000002466198374,0.10000002427099908,0.20000000702621,0.08333335728391766,0.20000001220399355,0.20000001296912462,0.3333333355042494,0.10000001751992649,0.2000000116572762,0.12500001133997252,0.25000000336243744,0.14285715238288432,0.1666666723916599,0.3333333369008029,0.16666667770011934,0.16666667231076637,0.11111113278637497,0.1111111257033599,0.14285715531676857,0.12500001880119793,0.250000002443028,0.20000000849080557,0.16666667243952382,0.5000000656851482,0.2000000282244434,0.5000000206390867,0.14285715395359322,0.14285715793779907,0.2500000051128586,0.11111112842969462,0.14285715185225722,0.2000000093058807,0.0909091133462514,0.12500001136178795,0.11111112978278115,0.10000002051117818,0.12500001533913618,0.1666666741983729,0.5000000383899872,0.16666667245648537,0.25000002359138085,0.14285715493136575,0.3333333412767585,0.33333333747165117,0.1666666725960022,0.08333336650474266,0.5000000090140393,0.1666666727883337,0.11111112556636016,0.1666666805494046,0.12500001407155636,0.2000000038958989,0.12500001179698295,0.14285715247684383,0.12500001129294702,0.08333335725648183,0.2500000085216971,0.11111112619525443,0.1428571507535965,0.1428571551308293,0.1666666936766621,0.1428571507673997,0.16666668381641525,0.14285716468948362,0.2500000017531181,0.1428571679833901,0.14285715848989167,0.20000000278268626,0.3333333385178747,0.09090910955763754,0.16666668168572585,0.14285715627359608,0.14285715615112693,0.16666667188281448,0.11111112620118924,0.2000000056314004,0.25000001142266814,0.16666668709514632,0.20000001050288851,0.1666666762046276,0.16666667422402348,0.11111112572382176,0.2500000292371083,0.250000000909822,0.20000000297168086,0.10000001702013073,0.3333333531791931,0.333333382598652,0.5000000057314007,0.250000022703027,0.11111112695507153,0.20000001286186997,0.16666667938651347,0.2500000075505917,0.2500000026501188,0.14285715144732247,0.20000000318003508,0.16666667454940143,0.14285715100934748,0.2500000085003058,0.14285716221232647,0.25000000371437414,0.1666666727023589,0.125000013258596,0.33333338354787845,0.0769231018334029,0.1250000195208658,0.2500000012915704,0.2500000027241742,0.1250000118424346,0.25000000694395785,0.10000001591350127,0.25000001945166206,0.33333333965142975,0.1428571594704353,0.12500001239849645,0.25000000130044464,0.14285715328324144,0.12500001059278976,0.11111112871637552,0.16666667602033947,0.25000000772102826,0.14285716044136443,0.3333333813646804,0.5000002333506703,0.16666667986530026,0.20000000784872274,0.20000001600341744,0.1000000158843033,0.12500001128699445,0.20000000364529846,0.09090911204415164,0.16666669502383158,0.2500000232817232,0.33333336565522487,0.20000001758964547,0.2500000049576041,0.3333333353466226,0.1250000299233296,0.5000000075918949,0.1666666742445928,0.12500001277985362,0.250000016264341,0.14285715157161238,0.14285715386525233,0.14285715078762706,0.10000001678828774,0.16666667644522093,0.12500001077703526,0.1428571576402904,0.1250000167597065,0.5000000589032707,0.2000000053107227,0.3333333658743385,0.20000000472693102,0.14285715652100883,0.11111112573606263,0.1250000115551657,0.33333350555483676,0.08333335628790195,0.33333333399864307,0.12500001339597588,0.5000000504242776,0.5000000589605706,0.11111112510106125,0.14285715240656138,0.16666668463061196,0.3333333317368048,0.33333333782031227,0.2500000084346188,0.16666668701268428,0.33333337922838835,0.12500001403969208,0.20000000548148833,0.25000003899203715,0.20000000754060832,0.20000000373505689,0.1428571538353527,0.14285715689439904,0.3333333591259344,0.25000001200723077,0.20000001084480346,0.0666666972968617,0.20000002782690984,0.16666667633955523,0.16666667301437244,0.1428571514594097,0.1666666722758059,0.16666668966464915,0.1666666821680174,0.16666667567845472,0.2500000278337864,0.20000000555515385,0.10000001853957308,0.12500001642656766,0.5000000063004182,0.2000000069090868,0.2500000327479386,0.2500000018124462,0.16666667553089276,0.16666667370932498,0.16666667996994633,0.333333335229276,0.3333333429713261,0.2500000069886896,0.16666668208569657,0.14285715549792233,0.1666666761768072,0.2500000041496184,0.12500001192850618,0.16666668081429314,0.20000000427203268,0.20000003162695013,0.10000002944936703,0.25000001726814425,0.1250000114541443,0.11111112671932588,0.11111112633921927,0.14285715420207534,0.2500000061446954,0.33333335133767195,0.25000000665180355,0.2500000038400563,0.2500000356477057,0.11111112668644374,0.12500001377914494,0.3333333397899074,0.33333334001520676,0.2500000098840882,0.5000000153059951,0.20000000490399295,0.25000000649725385,0.16666667327257478,0.2500000105200324,0.3333333355045611,0.20000000958009156,0.20000003700208424,0.1666666723696535,0.11111112449944649,0.07142859891844289,0.166666679093729,0.12500001066043964,0.12500002419040968,0.2500000341320532,0.25000000335910944,0.20000000980557697,0.20000000562106113,0.2000000067376595,0.2500000222057235,0.5000000548353449,0.3333333410934993,0.20000000890306602,0.14285715160330348,0.16666667797085388,0.20000001261152445,0.25000000339460815,0.25000000249160026,0.2000000102407462,0.12500001121635762,0.12500001212829037,0.12500001127250826,0.3333333422454161,0.16666667727613138,0.12500001346212297,0.09090910953244169,0.200000003372927,0.16666668019411457,0.16666667441025407,0.3333333680206607,0.5000000082960208,0.10000001745190445,0.3333333462160111,0.2000000244488831,0.16666667843540317,0.5000000069419472,0.14285715296559864,0.5000000067476547,0.09090911169799476,0.0714286009968994,0.2000000093138956,0.25000003050877684,0.33333334035566997,0.20000000525152561,0.3333333480617813,0.20000002611786094,0.5000000037106607,0.1428571537588983,0.16666667261833368,0.3333333894759538,0.5000002798924341,0.1666666727289643,0.3333333482918781,0.12500001226276325,0.16666667788902245,0.20000000407477003,0.14285715224820628,0.16666667174500205,0.10000001682925586,0.2500000014032251,0.25000000557779467,0.16666667587924078,0.20000000291998887,0.5000000498456738,0.12500001173970166,0.16666667227701026,0.2500000047235784,0.1428571512332235,0.25000000536047784,0.11111112586160132,0.2500000118428205,0.16666667286857884,0.16666667403737456,0.2500000122471735,0.33333334693218264,0.14285715284032552,0.08333335587150792,0.25000000176562676,0.16666667507370825,0.11111112518300281,0.20000000356885295,0.1250000113116725,0.2500000017380746,0.14285715748741268,0.16666667858045248,0.20000001352937513,0.33333333880551663,0.12500001342891487,0.20000000546833174,0.0909091120071075,0.33333346509952877,0.3333333347883518,0.11111112509387766,0.2500000156225224,0.20000000491110814,0.1666666742316245,0.33333333997384607,0.12500002629378226,0.25000003280655836,0.12500001123779292,0.10000001995047114,0.16666667859477613,0.3333333680694306,0.20000000942274898,0.2000000105499069,0.33333333988118996,0.33333337917136285,0.14285715103556207,0.1250000261898654,0.10000001773590128,0.2500000074122428,0.1428571527308069,0.16666667309273286,0.20000002039041131,0.14285715157901802,0.3333333818414239,0.11111113000539596,0.20000000757778746,0.2500000059039831,0.1666666728019912,0.20000000598498957,0.142857152425103,0.3333334178651688,0.11111113023683927,0.5000000496417616,0.14285715188524772,0.20000001140443668,0.11111112466570638,0.3333333417637734,0.25000000224790897,0.1111111265232676,0.12500001132587624,0.25000003124479653,0.5000000287852298,0.16666667300557503,0.1666666768287417,0.20000000905059334,0.20000000350906966,0.3333333720676315,0.16666667464211482,0.16666667420182257,0.5000000211094486,0.20000000772906912,0.12500001154658058,0.3333333444494415,0.333333345333366,0.3333333429638432,0.2500000019661175,0.33333334037226114,0.20000000636428528,0.20000000923765793,0.20000000961428022,0.12500001447935993,0.16666667540645275,0.09090911047106509,0.1666666732046389,0.16666667245373112,0.3333333444216371,0.3333333389752089,0.5000000039289785,0.33333333953066147,0.2500000331051435,0.2500000067367374,0.16666669534871303,0.16666667530599266,0.08333335771187222,0.1250000137495304,0.2000000043894854,0.11111112786453603,0.14285715074211414,0.2500000031134011,0.33333334039418183,0.11111113498761327,0.200000015541538,0.14285715449066405,0.08333335436606149,0.2500000013731931,5.0,0.20000001703677484,1.41421356,4.0,0.2500000347894584,1.41421356,7.0,0.14285715386884235,1.41421356,9.0,0.1111111253615995,1.41421356,5.0,0.20000001023184755,1.41421356,7.0,0.14285715209686423,1.41421356,10.0,0.10000001799386204,1.41421356,3.0,0.3333333326066601,1.41421356,2.0,0.5000000436349892,1.41421356,7.0,0.14285717146219756,1.41421356,4.0,0.25000000207181694,1.41421356,5.0,0.2000000112699576,1.41421356,8.0,0.12500001579889375,1.41421356,3.0,0.3333333437258523,1.41421356,4.0,0.2500000139502685,1.41421356,4.0,0.2500000027442568,1.41421356,2.0,0.5000000374495874,1.41421356,10.0,0.10000002325651636,1.41421356,7.0,0.1428571528530611,1.41421356,4.0,0.25000000166603265,1.41421356,8.0,0.125000012064298,1.41421356,7.0,0.14285715414628353,1.41421356,5.0,0.20000001075304752,1.41421356,3.0,0.33333339175114673,1.41421356,4.0,0.2500000042396566,1.41421356,5.0,0.20000000807838791,1.41421356,4.0,0.2500000041441224,1.41421356,2.0,0.5000000091300545,1.41421356,5.0,0.20000000706085697,1.41421356,3.0,0.33333333244119245,1.41421356,8.0,0.12500001133681238,1.41421356,8.0,0.12500001426414808,1.41421356,3.0,0.3333335142895879,1.41421356,5.0,0.2000000049680999,1.41421356,3.0,0.33333334091077615,1.41421356,5.0,0.20000000503794801,1.41421356,3.0,0.33333333968354406,1.41421356,8.0,0.12500001339516675,1.41421356,4.0,0.25000000805601186,1.41421356,3.0,0.33333339697360653,1.41421356,5.0,0.20000001627895614,1.41421356,3.0,0.3333333489638486,1.41421356,4.0,0.2500000012564789,1.41421356,7.0,0.14285715145903044,1.41421356,4.0,0.2500000015255348,1.41421356,5.0,0.20000000581246713,1.41421356,5.0,0.20000000942186968,1.41421356,4.0,0.2500000492147181,1.41421356,4.0,0.2500000059852252,1.41421356,5.0,0.20000000959413278,1.41421356,4.0,0.25000000219217133,1.41421356,6.0,0.16666669773478215,1.41421356,9.0,0.11111112463817285,1.41421356,2.0,0.5000000053391696,1.41421356,2.0,0.5000000548083703,1.41421356,4.0,0.25000000197440775,1.41421356,6.0,0.1666666731995674,1.41421356,3.0,0.333333347054233,1.41421356,5.0,0.2000000044914536,1.41421356,4.0,0.2500000039448156,1.41421356,3.0,0.33333333787534025,1.41421356,7.0,0.14285715135909793,1.41421356,7.0,0.14285715332167115,1.41421356,4.0,0.25000003031830875,1.41421356,7.0,0.14285715072911387,1.41421356,7.0,0.14285715137108923,1.41421356,15.0,0.06666669633852607,1.41421356,5.0,0.20000004686294304,1.41421356,7.0,0.14285715231003682,1.41421356,9.0,0.11111112514912769,1.41421356,8.0,0.12500001129528204,1.41421356,5.0,0.20000000786999905,1.41421356,7.0,0.14285715310405322,1.41421356,3.0,0.33333340378956544,1.41421356,6.0,0.16666667261425516,1.41421356,4.0,0.25000000589753846,1.41421356,8.0,0.12500001414995943,1.41421356,7.0,0.14285715148932088,1.41421356,5.0,0.20000003026476687,1.41421356,8.0,0.1250000114251728,1.41421356,3.0,0.3333333409623771,1.41421356,9.0,0.11111112452647554,1.41421356,5.0,0.2000000032698086,1.41421356,6.0,0.16666667361616305,1.41421356,2.0,0.5000000436646308,1.41421356,7.0,0.14285715081928352,1.41421356,7.0,0.14285715204795935,1.41421356,2.0,0.5000000077598694,1.41421356,14.0,0.07142860158722009,1.41421356,11.0,0.09090911159369952,1.41421356,8.0,0.12500001071689315,1.41421356,11.0,0.09090910932869001,1.41421356,4.0,0.2500000310422821,1.41421356,11.0,0.09090910988114409,1.41421356,8.0,0.12500001292187513,1.41421356,8.0,0.12500001793927673,1.41421356,8.0,0.12500001189929844,1.41421356,10.0,0.10000001639573064,1.41421356,7.0,0.14285715168878,1.41421356,4.0,0.2500000250840322,1.41421356,9.0,0.11111112436861248,1.41421356,4.0,0.2500000019536186,1.41421356,10.0,0.10000001691501659,1.41421356,10.0,0.1000000159893979,1.41421356,4.0,0.25000000971195346,1.41421356,6.0,0.16666667638276866,1.41421356,7.0,0.14285715713250724,1.41421356,15.0,0.06666669880239162,1.41421356,4.0,0.25000000081738394,1.41421356,7.0,0.14285715741632732,1.41421356,2.0,0.5000000555870234,1.41421356,6.0,0.1666666729645634,1.41421356,6.0,0.1666666740055387,1.41421356,3.0,0.333333346213033,1.41421356,3.0,0.3333333377528813,1.41421356,8.0,0.12500001158160412,1.41421356,2.0,0.5000000105289422,1.41421356,7.0,0.14285715171651425,1.41421356,6.0,0.16666668127540518,1.41421356,5.0,0.2000000386894074,1.41421356,5.0,0.20000001016528834,1.41421356,5.0,0.20000000595146705,1.41421356,9.0,0.11111112515353305,1.41421356,7.0,0.14285715135193833,1.41421356,5.0,0.200000010710629,1.41421356,7.0,0.14285715195240822,1.41421356,7.0,0.1428571537769585,1.41421356,4.0,0.25000000570058933,1.41421356,4.0,0.25000000382722254,1.41421356,7.0,0.1428571513666741,1.41421356,2.0,0.5000000062797025,1.41421356,7.0,0.142857151998526,1.41421356,4.0,0.25000000437382797,1.41421356,6.0,0.1666666747557164,1.41421356,5.0,0.20000001129775313,1.41421356,6.0,0.16666667776681177,1.41421356,5.0,0.20000000471847112,1.41421356,5.0,0.20000000330473,1.41421356,6.0,0.16666667377519762,1.41421356,6.0,0.16666667305575533,1.41421356,5.0,0.20000000755763736,1.41421356,3.0,0.33333333519196673,1.41421356,2.0,0.5000000038665802,1.41421356,3.0,0.3333333377970331,1.41421356,7.0,0.14285715441638214,1.41421356,2.0,0.5000000528650292,1.41421356,10.0,0.10000001707937578,1.41421356,4.0,0.25000003074887056,1.41421356,9.0,0.11111112509712662,1.41421356,3.0,0.33333333701970913,1.41421356,3.0,0.33333333445094926,1.41421356,4.0,0.250000041967263,1.41421356,4.0,0.25000003148878536,1.41421356,3.0,0.3333333755667627,1.41421356,13.0,0.07692311040610811,1.41421356,10.0,0.10000001588187324,1.41421356,3.0,0.33333334305913365,1.41421356,9.0,0.11111112440554116,1.41421356,8.0,0.12500001241188752,1.41421356,10.0,0.10000001666335478,1.41421356,4.0,0.2500000110201688,1.41421356,4.0,0.2500000021390103,1.41421356,5.0,0.20000000374633142,1.41421356,3.0,0.33333334256249003,1.41421356,4.0,0.2500000049332285,1.41421356,9.0,0.11111112435011528,1.41421356,2.0,0.5000000257309689,1.41421356,10.0,0.10000001632055344,1.41421356,5.0,0.2000000050221713,1.41421356,6.0,0.16666667284853975,1.41421356,11.0,0.09090911051011474,1.41421356,7.0,0.14285715218702144,1.41421356,5.0,0.20000000896473846,1.41421356,6.0,0.16666667232741528,1.41421356,8.0,0.12500001059119814,1.41421356,5.0,0.2000000064006784,1.41421356,4.0,0.25000000143747014,1.41421356,9.0,0.1111111253691881,1.41421356,9.0,0.11111113578620113,1.41421356,8.0,0.125000019128799,1.41421356,2.0,0.500000264298222,1.41421356,6.0,0.16666668356808056,1.41421356,6.0,0.16666667288574022,1.41421356,5.0,0.20000000297109555,1.41421356,8.0,0.12500001207207134,1.41421356,2.0,0.5000000103480888,1.41421356,2.0,0.5000000081747591,1.41421356,5.0,0.20000002683724905,1.41421356,4.0,0.2500000097392956,1.41421356,3.0,0.33333339837144305,1.41421356,6.0,0.16666667235885058,1.41421356,7.0,0.1428571560675973,1.41421356,6.0,0.1666666721297938,1.41421356,6.0,0.16666668670516582,1.41421356,2.0,0.5000000096000616,1.41421356,6.0,0.16666668423016517,1.41421356,6.0,0.16666668845715815,1.41421356,4.0,0.25000000408838474,1.41421356,2.0,0.5000000655744017,1.41421356,8.0,0.12500001151009865,1.41421356,4.0,0.250000014455388,1.41421356,10.0,0.1000000159697052,1.41421356,7.0,0.14285715397496457,1.41421356,9.0,0.11111113114372628,1.41421356,10.0,0.1000000159022143,1.41421356,3.0,0.3333333490694397,1.41421356,3.0,0.3333333415344204,1.41421356,10.0,0.1000000208972267,1.41421356,3.0,0.33333334032297124,1.41421356,8.0,0.125000011687467,1.41421356,3.0,0.33333337349628467,1.41421356,6.0,0.1666666789059379,1.41421356,13.0,0.07692310176609851,1.41421356,4.0,0.2500000056099694,1.41421356,6.0,0.16666668001683416,1.41421356,5.0,0.20000000343251667,1.41421356,2.0,0.5000000100016724,1.41421356,4.0,0.2500000010430221,1.41421356,8.0,0.12500001141931794,1.41421356,5.0,0.20000002118784455,1.41421356,8.0,0.12500001148214057,1.41421356,5.0,0.20000001577916748,1.41421356,4.0,0.2500000057013656,1.41421356,3.0,0.33333335018446775,1.41421356,4.0,0.2500000016245041,1.41421356,5.0,0.20000001717176907,1.41421356,8.0,0.12500001334240807,1.41421356,5.0,0.20000003283156875,1.41421356,7.0,0.1428571520911861,1.41421356,7.0,0.14285715931512222,1.41421356,5.0,0.2000000042672463,1.41421356,10.0,0.10000001741716069,1.41421356,7.0,0.14285715333519455,1.41421356,4.0,0.2500000021588771,1.41421356,7.0,0.14285715213211603,1.41421356,9.0,0.11111112837572534,1.41421356,3.0,0.33333338631242215,1.41421356,4.0,0.2500000199051815,1.41421356,3.0,0.33333333530292153,1.41421356,3.0,0.33333347874776154,1.41421356,6.0,0.16666667691890513,1.41421356,3.0,0.33333336221995147,1.41421356,6.0,0.16666668020846842,1.41421356,10.0,0.10000002184489887,1.41421356,2.0,0.5000000222867196,1.41421356,5.0,0.20000000577495847,1.41421356,4.0,0.25000000862750804,1.41421356,1.0,1.0000000878890458,1.41421356,8.0,0.1250000157444049,1.41421356,6.0,0.16666667175736638,1.41421356,4.0,0.2500000018572641,1.41421356,7.0,0.14285716368807932,1.41421356,11.0,0.09090911061138307,1.41421356,9.0,0.11111112486582364,1.41421356,4.0,0.25000000578886894,1.41421356,5.0,0.20000000404063556,1.41421356,3.0,0.33333334145011273,1.41421356,7.0,0.14285715248807485,1.41421356,7.0,0.1428571526252158,1.41421356,7.0,0.14285715267120214,1.41421356,7.0,0.14285715388107434,1.41421356,4.0,0.2500000097047663,1.41421356,6.0,0.16666667879091168,1.41421356,8.0,0.12500001402940963,1.41421356,9.0,0.11111112530419653,1.41421356,2.0,0.5000000029110032,1.41421356,5.0,0.2000000155652124,1.41421356,7.0,0.14285716483512356,1.41421356,3.0,0.33333342268781774,1.41421356,10.0,0.10000001901106614,1.41421356,6.0,0.16666668091363057,1.41421356,2.0,0.5000001412047776,1.41421356,5.0,0.20000001706653592,1.41421356,8.0,0.12500001160014484,1.41421356,4.0,0.25000000366702047,1.41421356,6.0,0.16666667596337525,1.41421356,10.0,0.10000002179150336,1.41421356,3.0,0.3333333520466182,1.41421356,3.0,0.33333335339740566,1.41421356,4.0,0.25000000252076093,1.41421356,3.0,0.333333335354129,1.41421356,3.0,0.3333333782210848,1.41421356,7.0,0.14285716057225084,1.41421356,7.0,0.14285715630299123,1.41421356,11.0,0.09090912379462956,1.41421356,7.0,0.14285715071340288,1.41421356,7.0,0.14285715273398303,1.41421356,6.0,0.1666666730186055,1.41421356,2.0,0.5000000173491777,1.41421356,4.0,0.25000000099719166,1.41421356,7.0,0.1428571513205572,1.41421356,4.0,0.25000000209438955,1.41421356,12.0,0.08333335594737257,1.41421356,4.0,0.2500000046911275,1.41421356,7.0,0.14285715132389143,1.41421356,4.0,0.2500000197771355,1.41421356,6.0,0.1666666959452412,1.41421356,2.0,0.5000000076033595,1.41421356,5.0,0.20000000389832806,1.41421356,2.0,0.500000008467393,1.41421356,4.0,0.2500000074419626,1.41421356,7.0,0.14285716093489587,1.41421356,4.0,0.2500000039654813,1.41421356,3.0,0.33333333786857633,1.41421356,3.0,0.33333334251259616,1.41421356,4.0,0.2500000124714119,1.41421356,4.0,0.25000000821938473,1.41421356,12.0,0.08333336075838638,1.41421356,6.0,0.16666667213928843,1.41421356,5.0,0.20000002760972269,1.41421356,6.0,0.16666667517811007,1.41421356,9.0,0.11111112443128057,1.41421356,6.0,0.16666667718761552,1.41421356,8.0,0.12500001737227784,1.41421356,8.0,0.12500001763406576,1.41421356,6.0,0.1666666925431075,1.41421356,4.0,0.2500000158841402,1.41421356,3.0,0.33333337006382546,1.41421356,7.0,0.14285715723700143,1.41421356,3.0,0.33333337560779475,1.41421356,8.0,0.12500001134419936,1.41421356,4.0,0.2500000012765331,1.41421356,3.0,0.33333337123893836,1.41421356,6.0,0.16666667311745442,1.41421356,3.0,0.3333333409738213,1.41421356,5.0,0.20000000303422194,1.41421356,7.0,0.14285715711068203,1.41421356,5.0,0.20000003035917224,1.41421356,8.0,0.1250000148449404,1.41421356,6.0,0.16666667662858803,1.41421356,6.0,0.16666667514298528,1.41421356,3.0,0.33333334112604573,1.41421356,4.0,0.25000000222792407,1.41421356,6.0,0.1666666724432142,1.41421356,4.0,0.25000000391397403,1.41421356,9.0,0.11111112676766233,1.41421356,6.0,0.1666666790085145,1.41421356,9.0,0.11111113389096516,1.41421356,3.0,0.3333333469791615,1.41421356,3.0,0.33333334018590977,1.41421356,9.0,0.11111112442644533,1.41421356,6.0,0.16666668112090477,1.41421356,9.0,0.11111112753859764,1.41421356,8.0,0.12500001135930994,1.41421356,7.0,0.14285715858476244,1.41421356,11.0,0.09090911052986073,1.41421356,7.0,0.14285715323032466,1.41421356,8.0,0.1250000128674964,1.41421356,11.0,0.09090911042436822,1.41421356,3.0,0.333333379600008,1.41421356,3.0,0.3333333391647484,1.41421356,4.0,0.2500000221126615,1.41421356,7.0,0.14285715290877743,1.41421356,7.0,0.14285715291399814,1.41421356,4.0,0.2500000165664207,1.41421356,9.0,0.11111112449765237,1.41421356,8.0,0.1250000113618892,1.41421356,6.0,0.16666667708841665,1.41421356,4.0,0.25000003388187375,1.41421356,9.0,0.11111112563315828,1.41421356,11.0,0.09090911149803205,1.41421356,2.0,0.500000003538636,1.41421356,9.0,0.11111112785459376,1.41421356,3.0,0.33333336359132115,1.41421356,2.0,0.5000000266610836,1.41421356,13.0,0.07692310062961027,1.41421356,5.0,0.20000001472168805,1.41421356,6.0,0.16666667560316828,1.41421356,7.0,0.14285715408967814,1.41421356,10.0,0.10000002415126374,1.41421356,6.0,0.1666666740753202,1.41421356,5.0,0.20000004268094163,1.41421356,7.0,0.14285715137357258,1.41421356,2.0,0.5000000559168845,1.41421356,3.0,0.333333453959304,1.41421356,5.0,0.2000000054097546,1.41421356,8.0,0.12500001385513304,1.41421356,7.0,0.14285715736312898,1.41421356,8.0,0.12500002325731963,1.41421356,10.0,0.10000001670738357,1.41421356,8.0,0.12500001385865644,1.41421356,5.0,0.2000000049604269,1.41421356,6.0,0.1666666785125308,1.41421356,2.0,0.500000057479427,1.41421356,6.0,0.1666666734066471,1.41421356,4.0,0.2500000446148736,1.41421356,5.0,0.20000000663538753,1.41421356,5.0,0.20000000410184793,1.41421356,4.0,0.2500000081155065,1.41421356,11.0,0.09090911416262948,1.41421356,3.0,0.33333333278828503,1.41421356,5.0,0.2000000070729797,1.41421356,12.0,0.08333335551610865,1.41421356,8.0,0.12500001089276846,1.41421356,2.0,0.5000000061742325,1.41421356,10.0,0.10000001695597582,1.41421356,7.0,0.14285715089701512,1.41421356,6.0,0.16666667246600753,1.41421356,3.0,0.3333333527563296,1.41421356,9.0,0.11111112449393801,1.41421356,3.0,0.3333333403570533,1.41421356,4.0,0.250000003699824,1.41421356,3.0,0.33333333988759817,1.41421356,10.0,0.10000001610845466,1.41421356,2.0,0.500000015017884,1.41421356,8.0,0.12500002122174791,1.41421356,7.0,0.14285715490604112,1.41421356,7.0,0.1428571513652166,1.41421356,5.0,0.20000001754040042,1.41421356,3.0,0.3333333355284487,1.41421356,3.0,0.3333333478385456,1.41421356,8.0,0.125000016592697,1.41421356,4.0,0.2500000019941164,1.41421356,9.0,0.11111112720465499,1.41421356,7.0,0.14285716100005708,1.41421356,8.0,0.12500001492369428,1.41421356,11.0,0.09090911356023312,1.41421356,3.0,0.33333334244477264,1.41421356,5.0,0.200000010329215,1.41421356,4.0,0.2500000008955858,1.41421356,6.0,0.1666666728664845,1.41421356,6.0,0.16666667235478716,1.41421356,13.0,0.07692310051362128,1.41421356,6.0,0.166666672784352,1.41421356,5.0,0.20000000363033532,1.41421356,5.0,0.2000000249922964,1.41421356,3.0,0.3333333380401511,1.41421356,6.0,0.16666667413235992,1.41421356,5.0,0.20000000674863738,1.41421356,6.0,0.1666666727272963,1.41421356,3.0,0.3333333372117626,1.41421356,7.0,0.14285715128626997,1.41421356,3.0,0.33333333885955385,1.41421356,3.0,0.33333334016126104,1.41421356,3.0,0.33333333535959087,1.41421356,5.0,0.20000000311730126,1.41421356,8.0,0.12500001294228458,1.41421356,4.0,0.25000000254871324,1.41421356,4.0,0.25000002253845555,1.41421356,7.0,0.14285715166800816,1.41421356,3.0,0.33333333447790414,1.41421356,7.0,0.14285715139801702,1.41421356,9.0,0.11111112434895887,1.41421356,3.0,0.3333333391698372,1.41421356,2.0,0.5000000071930666,1.41421356,6.0,0.16666668311774924,1.41421356,2.0,0.5000000147458674,1.41421356,6.0,0.1666666724897743,1.41421356,3.0,0.3333333402130898,1.41421356,4.0,0.25000000892996077,1.41421356,3.0,0.3333333405192387,1.41421356,4.0,0.2500000015687598,1.41421356,6.0,0.16666667261620383,1.41421356,2.0,0.5000000166592689,1.41421356,6.0,0.16666667419464165,1.41421356,5.0,0.2000000036068128,1.41421356,5.0,0.2000000042879435,1.41421356,6.0,0.16666667430849014,1.41421356,5.0,0.20000000305377608,1.41421356,5.0,0.20000000425191455,1.41421356,7.0,0.14285715624576412,1.41421356,5.0,0.20000000336020296,1.41421356,8.0,0.12500001133691363,1.41421356,2.0,0.5000000259527155,1.41421356,2.0,0.5000000113807215,1.41421356,5.0,0.2000000068370209,1.41421356,5.0,0.20000000885807,1.41421356,8.0,0.12500001167838892,1.41421356,12.0,0.08333335609293613,1.41421356,2.0,0.5000000131338678,1.41421356,3.0,0.3333333489513155,1.41421356,5.0,0.20000000665552786,1.41421356,5.0,0.20000000328578071,1.41421356,6.0,0.1666666945886366,1.41421356,7.0,0.14285716867699882,1.41421356,4.0,0.25000000128461286,1.41421356,5.0,0.20000003319588533,1.41421356,6.0,0.16666668022241105,1.41421356,10.0,0.10000001727023466,1.41421356,4.0,0.25000000921215015,1.41421356,8.0,0.12500001367981195,1.41421356,4.0,0.25000000994881333,1.41421356,6.0,0.1666666772360319,1.41421356,3.0,0.3333333400245446,1.41421356,9.0,0.11111112523521882,1.41421356,3.0,0.33333333482757554,1.41421356,3.0,0.333333340642628,1.41421356,3.0,0.3333333396787985,1.41421356,13.0,0.07692310184559936,1.41421356,8.0,0.12500001158812157,1.41421356,9.0,0.11111112511236776,1.41421356,4.0,0.2500000094768611,1.41421356,8.0,0.125000010610119,1.41421356,8.0,0.12500001129676974,1.41421356,5.0,0.2000000167639202,1.41421356,6.0,0.16666667360890308,1.41421356,8.0,0.12500001125785065,1.41421356,4.0,0.2500000082301157,1.41421356,4.0,0.2500000037358876,1.41421356,2.0,0.5000000019542259,1.41421356,4.0,0.2500000084953222,1.41421356,6.0,0.16666667175403838,1.41421356,5.0,0.20000000319198996,1.41421356,5.0,0.20000000936270013,1.41421356,4.0,0.25000011374677733,1.41421356,4.0,0.2500000012735728,1.41421356,6.0,0.1666666960297123,1.41421356,8.0,0.1250000136750229,1.41421356,3.0,0.3333333423906004,1.41421356,2.0,0.5000000311154018,1.41421356,3.0,0.3333334461779711,1.41421356,5.0,0.20000000723044575,1.41421356,8.0,0.12500001084692958,1.41421356,5.0,0.2000000265102253,1.41421356,7.0,0.14285715210919658,1.41421356,7.0,0.14285715328656767,1.41421356,9.0,0.11111112659943423,1.41421356,5.0,0.20000000393552586,1.41421356,4.0,0.2500000189206242,1.41421356,4.0,0.25000003324060227,1.41421356,8.0,0.12500001275848938,1.41421356,7.0,0.142857152164388,1.41421356,3.0,0.33333333280961464,1.41421356,9.0,0.11111112625335906,1.41421356,7.0,0.14285715773979035,1.41421356,3.0,0.333333344189501,1.41421356,6.0,0.16666668898794335,1.41421356,4.0,0.2500000023639779,1.41421356,7.0,0.14285715582536174,1.41421356,9.0,0.11111112950774427,1.41421356,5.0,0.2000000080644746,1.41421356,2.0,0.5000000178862964,1.41421356,3.0,0.3333333576410098,1.41421356,6.0,0.16666667603312568,1.41421356,8.0,0.12500001341005973,1.41421356,6.0,0.16666667320404027,1.41421356,6.0,0.16666667889201747,1.41421356,5.0,0.20000000691803077,1.41421356,2.0,0.5000000354954524,1.41421356,11.0,0.09090911065027285,1.41421356,3.0,0.3333333390684037,1.41421356,2.0,0.5000000558148425,1.41421356,5.0,0.20000000878926905,1.41421356,12.0,0.08333335442428691,1.41421356,9.0,0.11111112522409172,1.41421356,7.0,0.1428571507769183,1.41421356,5.0,0.2000000091139782,1.41421356,7.0,0.1428571694373577,1.41421356,5.0,0.20000001656418664,1.41421356,6.0,0.16666667229052656,1.41421356,5.0,0.20000000330774625,1.41421356,8.0,0.12500001083022827,1.41421356,5.0,0.20000000528260387,1.41421356,8.0,0.12500001948171668,1.41421356,3.0,0.33333334271352877,1.41421356,5.0,0.20000000354894443,1.41421356,3.0,0.33333336993086604,1.41421356,3.0,0.33333333734593085,1.41421356,4.0,0.2500000024036191,1.41421356,8.0,0.12500001891868529,1.41421356,2.0,0.5000000080454732,1.41421356,7.0,0.14285715224879958,1.41421356,4.0,0.25000000203513073,1.41421356,6.0,0.16666667848687133,1.41421356,10.0,0.10000001673641101,1.41421356,11.0,0.09090911036368432,1.41421356,3.0,0.3333333706974919,1.41421356,5.0,0.20000000361676484,1.41421356,6.0,0.16666667272990132,1.41421356,3.0,0.33333333459657544,1.41421356,6.0,0.16666667343145658,1.41421356,3.0,0.33333334241720847,1.41421356,4.0,0.25000003336473364,1.41421356,8.0,0.12500002370687824,1.41421356,3.0,0.33333334136289094,1.41421356,9.0,0.1111111292769067,1.41421356,2.0,0.5000000126824284,1.41421356,4.0,0.2500000023578659,1.41421356,5.0,0.2000000065775822,1.41421356,11.0,0.09090911379372457,1.41421356,4.0,0.2500000026396303,1.41421356,3.0,0.3333333611678748,1.41421356,2.0,0.5000000338231982,1.41421356,3.0,0.333333354002904,1.41421356,5.0,0.20000002466198374,1.41421356,10.0,0.10000002427099908,1.41421356,5.0,0.20000000702621,1.41421356,12.0,0.08333335728391766,1.41421356,5.0,0.20000001220399355,1.41421356,5.0,0.20000001296912462,1.41421356,3.0,0.3333333355042494,1.41421356,10.0,0.10000001751992649,1.41421356,5.0,0.2000000116572762,1.41421356,8.0,0.12500001133997252,1.41421356,4.0,0.25000000336243744,1.41421356,7.0,0.14285715238288432,1.41421356,6.0,0.1666666723916599,1.41421356,3.0,0.3333333369008029,1.41421356,6.0,0.16666667770011934,1.41421356,6.0,0.16666667231076637,1.41421356,9.0,0.11111113278637497,1.41421356,9.0,0.1111111257033599,1.41421356,7.0,0.14285715531676857,1.41421356,8.0,0.12500001880119793,1.41421356,4.0,0.250000002443028,1.41421356,5.0,0.20000000849080557,1.41421356,6.0,0.16666667243952382,1.41421356,2.0,0.5000000656851482,1.41421356,5.0,0.2000000282244434,1.41421356,2.0,0.5000000206390867,1.41421356,7.0,0.14285715395359322,1.41421356,7.0,0.14285715793779907,1.41421356,4.0,0.2500000051128586,1.41421356,9.0,0.11111112842969462,1.41421356,7.0,0.14285715185225722,1.41421356,5.0,0.2000000093058807,1.41421356,11.0,0.0909091133462514,1.41421356,8.0,0.12500001136178795,1.41421356,9.0,0.11111112978278115,1.41421356,10.0,0.10000002051117818,1.41421356,8.0,0.12500001533913618,1.41421356,6.0,0.1666666741983729,1.41421356,2.0,0.5000000383899872,1.41421356,6.0,0.16666667245648537,1.41421356,4.0,0.25000002359138085,1.41421356,7.0,0.14285715493136575,1.41421356,3.0,0.3333333412767585,1.41421356,3.0,0.33333333747165117,1.41421356,6.0,0.1666666725960022,1.41421356,12.0,0.08333336650474266,1.41421356,2.0,0.5000000090140393,1.41421356,6.0,0.1666666727883337,1.41421356,9.0,0.11111112556636016,1.41421356,6.0,0.1666666805494046,1.41421356,8.0,0.12500001407155636,1.41421356,5.0,0.2000000038958989,1.41421356,8.0,0.12500001179698295,1.41421356,7.0,0.14285715247684383,1.41421356,8.0,0.12500001129294702,1.41421356,12.0,0.08333335725648183,1.41421356,4.0,0.2500000085216971,1.41421356,9.0,0.11111112619525443,1.41421356,7.0,0.1428571507535965,1.41421356,7.0,0.1428571551308293,1.41421356,6.0,0.1666666936766621,1.41421356,7.0,0.1428571507673997,1.41421356,6.0,0.16666668381641525,1.41421356,7.0,0.14285716468948362,1.41421356,4.0,0.2500000017531181,1.41421356,7.0,0.1428571679833901,1.41421356,7.0,0.14285715848989167,1.41421356,5.0,0.20000000278268626,1.41421356,3.0,0.3333333385178747,1.41421356,11.0,0.09090910955763754,1.41421356,6.0,0.16666668168572585,1.41421356,7.0,0.14285715627359608,1.41421356,7.0,0.14285715615112693,1.41421356,6.0,0.16666667188281448,1.41421356,9.0,0.11111112620118924,1.41421356,5.0,0.2000000056314004,1.41421356,4.0,0.25000001142266814,1.41421356,6.0,0.16666668709514632,1.41421356,5.0,0.20000001050288851,1.41421356,6.0,0.1666666762046276,1.41421356,6.0,0.16666667422402348,1.41421356,9.0,0.11111112572382176,1.41421356,4.0,0.2500000292371083,1.41421356,4.0,0.250000000909822,1.41421356,5.0,0.20000000297168086,1.41421356,10.0,0.10000001702013073,1.41421356,3.0,0.3333333531791931,1.41421356,3.0,0.333333382598652,1.41421356,2.0,0.5000000057314007,1.41421356,4.0,0.250000022703027,1.41421356,9.0,0.11111112695507153,1.41421356,5.0,0.20000001286186997,1.41421356,6.0,0.16666667938651347,1.41421356,4.0,0.2500000075505917,1.41421356,4.0,0.2500000026501188,1.41421356,7.0,0.14285715144732247,1.41421356,5.0,0.20000000318003508,1.41421356,6.0,0.16666667454940143,1.41421356,7.0,0.14285715100934748,1.41421356,4.0,0.2500000085003058,1.41421356,7.0,0.14285716221232647,1.41421356,4.0,0.25000000371437414,1.41421356,6.0,0.1666666727023589,1.41421356,8.0,0.125000013258596,1.41421356,3.0,0.33333338354787845,1.41421356,13.0,0.0769231018334029,1.41421356,8.0,0.1250000195208658,1.41421356,4.0,0.2500000012915704,1.41421356,4.0,0.2500000027241742,1.41421356,8.0,0.1250000118424346,1.41421356,4.0,0.25000000694395785,1.41421356,10.0,0.10000001591350127,1.41421356,4.0,0.25000001945166206,1.41421356,3.0,0.33333333965142975,1.41421356,7.0,0.1428571594704353,1.41421356,8.0,0.12500001239849645,1.41421356,4.0,0.25000000130044464,1.41421356,7.0,0.14285715328324144,1.41421356,8.0,0.12500001059278976,1.41421356,9.0,0.11111112871637552,1.41421356,6.0,0.16666667602033947,1.41421356,4.0,0.25000000772102826,1.41421356,7.0,0.14285716044136443,1.41421356,3.0,0.3333333813646804,1.41421356,2.0,0.5000002333506703,1.41421356,6.0,0.16666667986530026,1.41421356,5.0,0.20000000784872274,1.41421356,5.0,0.20000001600341744,1.41421356,10.0,0.1000000158843033,1.41421356,8.0,0.12500001128699445,1.41421356,5.0,0.20000000364529846,1.41421356,11.0,0.09090911204415164,1.41421356,6.0,0.16666669502383158,1.41421356,4.0,0.2500000232817232,1.41421356,3.0,0.33333336565522487,1.41421356,5.0,0.20000001758964547,1.41421356,4.0,0.2500000049576041,1.41421356,3.0,0.3333333353466226,1.41421356,8.0,0.1250000299233296,1.41421356,2.0,0.5000000075918949,1.41421356,6.0,0.1666666742445928,1.41421356,8.0,0.12500001277985362,1.41421356,4.0,0.250000016264341,1.41421356,7.0,0.14285715157161238,1.41421356,7.0,0.14285715386525233,1.41421356,7.0,0.14285715078762706,1.41421356,10.0,0.10000001678828774,1.41421356,6.0,0.16666667644522093,1.41421356,8.0,0.12500001077703526,1.41421356,7.0,0.1428571576402904,1.41421356,8.0,0.1250000167597065,1.41421356,2.0,0.5000000589032707,1.41421356,5.0,0.2000000053107227,1.41421356,3.0,0.3333333658743385,1.41421356,5.0,0.20000000472693102,1.41421356,7.0,0.14285715652100883,1.41421356,9.0,0.11111112573606263,1.41421356,8.0,0.1250000115551657,1.41421356,3.0,0.33333350555483676,1.41421356,12.0,0.08333335628790195,1.41421356,3.0,0.33333333399864307,1.41421356,8.0,0.12500001339597588,1.41421356,2.0,0.5000000504242776,1.41421356,2.0,0.5000000589605706,1.41421356,9.0,0.11111112510106125,1.41421356,7.0,0.14285715240656138,1.41421356,6.0,0.16666668463061196,1.41421356,3.0,0.3333333317368048,1.41421356,3.0,0.33333333782031227,1.41421356,4.0,0.2500000084346188,1.41421356,6.0,0.16666668701268428,1.41421356,3.0,0.33333337922838835,1.41421356,8.0,0.12500001403969208,1.41421356,5.0,0.20000000548148833,1.41421356,4.0,0.25000003899203715,1.41421356,5.0,0.20000000754060832,1.41421356,5.0,0.20000000373505689,1.41421356,7.0,0.1428571538353527,1.41421356,7.0,0.14285715689439904,1.41421356,3.0,0.3333333591259344,1.41421356,4.0,0.25000001200723077,1.41421356,5.0,0.20000001084480346,1.41421356,15.0,0.0666666972968617,1.41421356,5.0,0.20000002782690984,1.41421356,6.0,0.16666667633955523,1.41421356,6.0,0.16666667301437244,1.41421356,7.0,0.1428571514594097,1.41421356,6.0,0.1666666722758059,1.41421356,6.0,0.16666668966464915,1.41421356,6.0,0.1666666821680174,1.41421356,6.0,0.16666667567845472,1.41421356,4.0,0.2500000278337864,1.41421356,5.0,0.20000000555515385,1.41421356,10.0,0.10000001853957308,1.41421356,8.0,0.12500001642656766,1.41421356,2.0,0.5000000063004182,1.41421356,5.0,0.2000000069090868,1.41421356,4.0,0.2500000327479386,1.41421356,4.0,0.2500000018124462,1.41421356,6.0,0.16666667553089276,1.41421356,6.0,0.16666667370932498,1.41421356,6.0,0.16666667996994633,1.41421356,3.0,0.333333335229276,1.41421356,3.0,0.3333333429713261,1.41421356,4.0,0.2500000069886896,1.41421356,6.0,0.16666668208569657,1.41421356,7.0,0.14285715549792233,1.41421356,6.0,0.1666666761768072,1.41421356,4.0,0.2500000041496184,1.41421356,8.0,0.12500001192850618,1.41421356,6.0,0.16666668081429314,1.41421356,5.0,0.20000000427203268,1.41421356,5.0,0.20000003162695013,1.41421356,10.0,0.10000002944936703,1.41421356,4.0,0.25000001726814425,1.41421356,8.0,0.1250000114541443,1.41421356,9.0,0.11111112671932588,1.41421356,9.0,0.11111112633921927,1.41421356,7.0,0.14285715420207534,1.41421356,4.0,0.2500000061446954,1.41421356,3.0,0.33333335133767195,1.41421356,4.0,0.25000000665180355,1.41421356,4.0,0.2500000038400563,1.41421356,4.0,0.2500000356477057,1.41421356,9.0,0.11111112668644374,1.41421356,8.0,0.12500001377914494,1.41421356,3.0,0.3333333397899074,1.41421356,3.0,0.33333334001520676,1.41421356,4.0,0.2500000098840882,1.41421356,2.0,0.5000000153059951,1.41421356,5.0,0.20000000490399295,1.41421356,4.0,0.25000000649725385,1.41421356,6.0,0.16666667327257478,1.41421356,4.0,0.2500000105200324,1.41421356,3.0,0.3333333355045611,1.41421356,5.0,0.20000000958009156,1.41421356,5.0,0.20000003700208424,1.41421356,6.0,0.1666666723696535,1.41421356,9.0,0.11111112449944649,1.41421356,14.0,0.07142859891844289,1.41421356,6.0,0.166666679093729,1.41421356,8.0,0.12500001066043964,1.41421356,8.0,0.12500002419040968,1.41421356,4.0,0.2500000341320532,1.41421356,4.0,0.25000000335910944,1.41421356,5.0,0.20000000980557697,1.41421356,5.0,0.20000000562106113,1.41421356,5.0,0.2000000067376595,1.41421356,4.0,0.2500000222057235,1.41421356,2.0,0.5000000548353449,1.41421356,3.0,0.3333333410934993,1.41421356,5.0,0.20000000890306602,1.41421356,7.0,0.14285715160330348,1.41421356,6.0,0.16666667797085388,1.41421356,5.0,0.20000001261152445,1.41421356,4.0,0.25000000339460815,1.41421356,4.0,0.25000000249160026,1.41421356,5.0,0.2000000102407462,1.41421356,8.0,0.12500001121635762,1.41421356,8.0,0.12500001212829037,1.41421356,8.0,0.12500001127250826,1.41421356,3.0,0.3333333422454161,1.41421356,6.0,0.16666667727613138,1.41421356,8.0,0.12500001346212297,1.41421356,11.0,0.09090910953244169,1.41421356,5.0,0.200000003372927,1.41421356,6.0,0.16666668019411457,1.41421356,6.0,0.16666667441025407,1.41421356,3.0,0.3333333680206607,1.41421356,2.0,0.5000000082960208,1.41421356,10.0,0.10000001745190445,1.41421356,3.0,0.3333333462160111,1.41421356,5.0,0.2000000244488831,1.41421356,6.0,0.16666667843540317,1.41421356,2.0,0.5000000069419472,1.41421356,7.0,0.14285715296559864,1.41421356,2.0,0.5000000067476547,1.41421356,11.0,0.09090911169799476,1.41421356,14.0,0.0714286009968994,1.41421356,5.0,0.2000000093138956,1.41421356,4.0,0.25000003050877684,1.41421356,3.0,0.33333334035566997,1.41421356,5.0,0.20000000525152561,1.41421356,3.0,0.3333333480617813,1.41421356,5.0,0.20000002611786094,1.41421356,2.0,0.5000000037106607,1.41421356,7.0,0.1428571537588983,1.41421356,6.0,0.16666667261833368,1.41421356,3.0,0.3333333894759538,1.41421356,2.0,0.5000002798924341,1.41421356,6.0,0.1666666727289643,1.41421356,3.0,0.3333333482918781,1.41421356,8.0,0.12500001226276325,1.41421356,6.0,0.16666667788902245,1.41421356,5.0,0.20000000407477003,1.41421356,7.0,0.14285715224820628,1.41421356,6.0,0.16666667174500205,1.41421356,10.0,0.10000001682925586,1.41421356,4.0,0.2500000014032251,1.41421356,4.0,0.25000000557779467,1.41421356,6.0,0.16666667587924078,1.41421356,5.0,0.20000000291998887,1.41421356,2.0,0.5000000498456738,1.41421356,8.0,0.12500001173970166,1.41421356,6.0,0.16666667227701026,1.41421356,4.0,0.2500000047235784,1.41421356,7.0,0.1428571512332235,1.41421356,4.0,0.25000000536047784,1.41421356,9.0,0.11111112586160132,1.41421356,4.0,0.2500000118428205,1.41421356,6.0,0.16666667286857884,1.41421356,6.0,0.16666667403737456,1.41421356,4.0,0.2500000122471735,1.41421356,3.0,0.33333334693218264,1.41421356,7.0,0.14285715284032552,1.41421356,12.0,0.08333335587150792,1.41421356,4.0,0.25000000176562676,1.41421356,6.0,0.16666667507370825,1.41421356,9.0,0.11111112518300281,1.41421356,5.0,0.20000000356885295,1.41421356,8.0,0.1250000113116725,1.41421356,4.0,0.2500000017380746,1.41421356,7.0,0.14285715748741268,1.41421356,6.0,0.16666667858045248,1.41421356,5.0,0.20000001352937513,1.41421356,3.0,0.33333333880551663,1.41421356,8.0,0.12500001342891487,1.41421356,5.0,0.20000000546833174,1.41421356,11.0,0.0909091120071075,1.41421356,3.0,0.33333346509952877,1.41421356,3.0,0.3333333347883518,1.41421356,9.0,0.11111112509387766,1.41421356,4.0,0.2500000156225224,1.41421356,5.0,0.20000000491110814,1.41421356,6.0,0.1666666742316245,1.41421356,3.0,0.33333333997384607,1.41421356,8.0,0.12500002629378226,1.41421356,4.0,0.25000003280655836,1.41421356,8.0,0.12500001123779292,1.41421356,10.0,0.10000001995047114,1.41421356,6.0,0.16666667859477613,1.41421356,3.0,0.3333333680694306,1.41421356,5.0,0.20000000942274898,1.41421356,5.0,0.2000000105499069,1.41421356,3.0,0.33333333988118996,1.41421356,3.0,0.33333337917136285,1.41421356,7.0,0.14285715103556207,1.41421356,8.0,0.1250000261898654,1.41421356,10.0,0.10000001773590128,1.41421356,4.0,0.2500000074122428,1.41421356,7.0,0.1428571527308069,1.41421356,6.0,0.16666667309273286,1.41421356,5.0,0.20000002039041131,1.41421356,7.0,0.14285715157901802,1.41421356,3.0,0.3333333818414239,1.41421356,9.0,0.11111113000539596,1.41421356,5.0,0.20000000757778746,1.41421356,4.0,0.2500000059039831,1.41421356,6.0,0.1666666728019912,1.41421356,5.0,0.20000000598498957,1.41421356,7.0,0.142857152425103,1.41421356,3.0,0.3333334178651688,1.41421356,9.0,0.11111113023683927,1.41421356,2.0,0.5000000496417616,1.41421356,7.0,0.14285715188524772,1.41421356,5.0,0.20000001140443668,1.41421356,9.0,0.11111112466570638,1.41421356,3.0,0.3333333417637734,1.41421356,4.0,0.25000000224790897,1.41421356,9.0,0.1111111265232676,1.41421356,8.0,0.12500001132587624,1.41421356,4.0,0.25000003124479653,1.41421356,2.0,0.5000000287852298,1.41421356,6.0,0.16666667300557503,1.41421356,6.0,0.1666666768287417,1.41421356,5.0,0.20000000905059334,1.41421356,5.0,0.20000000350906966,1.41421356,3.0,0.3333333720676315,1.41421356,6.0,0.16666667464211482,1.41421356,6.0,0.16666667420182257,1.41421356,2.0,0.5000000211094486,1.41421356,5.0,0.20000000772906912,1.41421356,8.0,0.12500001154658058,1.41421356,3.0,0.3333333444494415,1.41421356,3.0,0.333333345333366,1.41421356,3.0,0.3333333429638432,1.41421356,4.0,0.2500000019661175,1.41421356,3.0,0.33333334037226114,1.41421356,5.0,0.20000000636428528,1.41421356,5.0,0.20000000923765793,1.41421356,5.0,0.20000000961428022,1.41421356,8.0,0.12500001447935993,1.41421356,6.0,0.16666667540645275,1.41421356,11.0,0.09090911047106509,1.41421356,6.0,0.1666666732046389,1.41421356,6.0,0.16666667245373112,1.41421356,3.0,0.3333333444216371,1.41421356,3.0,0.3333333389752089,1.41421356,2.0,0.5000000039289785,1.41421356,3.0,0.33333333953066147,1.41421356,4.0,0.2500000331051435,1.41421356,4.0,0.2500000067367374,1.41421356,6.0,0.16666669534871303,1.41421356,6.0,0.16666667530599266,1.41421356,12.0,0.08333335771187222,1.41421356,8.0,0.1250000137495304,1.41421356,5.0,0.2000000043894854,1.41421356,9.0,0.11111112786453603,1.41421356,7.0,0.14285715074211414,1.41421356,4.0,0.2500000031134011,1.41421356,3.0,0.33333334039418183,1.41421356,9.0,0.11111113498761327,1.41421356,5.0,0.200000015541538,1.41421356,7.0,0.14285715449066405,1.41421356,12.0,0.08333335436606149,1.41421356,4.0,0.2500000013731931,1.41421356]
WARNING: For the MIP-solver-driven algorithm, optimality tolerance must be specified as MIP solver option, not Pajarito option
WARNING: For the MIP-solver-driven algorithm, optimality tolerance must be specified as MIP solver option, not Pajarito option
WARNING: Unrecognized conic status: Unknown
WARNING: Unrecognized conic status: Stall
WARNING: Unrecognized conic status: Stall
WARNING: Not solved to optimality, status: UserLimit
