#SOLVERNAME# SCIP_MISOCP
#SOLVER# ConicNonlinearBridge.ConicNLPWrapper(SCIP.SCIPSolver(("display/verblevel",1,"limits/gap",1.0e-5,"limits/time",3600.0)),false,false,true)
#FILENAME# shortfall_50_2.cbf.gz
#INSTANCE# shortfall_50_2
#TIMELIMIT# 3600.0
#STATUS# Optimal
#OBJVAL# -1.095219268883827
#OBJBOUND# -1.095219268883827
#TIMESOLVER# 23.93
#TIMEALL# 33.9031081199646
#SOLUTION# [0.0,0.0,0.0,0.0,0.0,0.0,0.0,0.0,0.0,0.0,0.191816,0.0807262,0.0,0.0,0.0,0.0,0.0,0.0,0.0,0.0,0.0,0.0,0.0,0.0,0.0,0.0870797,0.0,0.0712516,0.0,0.0,0.0886017,0.0,0.0,0.0,0.0440397,0.0964051,0.0,0.0,0.0,0.0,0.0,0.0,0.0,0.0,0.103368,0.148524,0.0,0.0,0.0881879,0.0,0.0,0.0,0.0,0.0,0.0,0.0,0.0,0.0,0.0,0.0,0.0,0.0,1.0,1.0,0.0,0.0,0.0,0.0,0.0,0.0,0.0,0.0,0.0,0.0,0.0,0.0,0.0,1.0,0.0,1.0,0.0,0.0,1.0,0.0,0.0,0.0,1.0,1.0,0.0,0.0,0.0,0.0,0.0,0.0,0.0,0.0,1.0,1.0,0.0,0.0,1.0,0.0,0.0,0.00960099,0.0105872,0.0172838,0.0110787,0.0100007,0.0139064,0.018699,0.00542057,0.0077478,0.0179514,0.0510171,0.0481196,0.0147481,0.0163832,0.0114303,0.0076494,0.0151373,0.0173709,0.018573,0.0206425,0.0099592,0.00397348,0.014927,0.0119367,0.00904575,0.0293507,0.0289792,0.0685579,0.0202073,0.0160998,0.0279219,0.0147156,0.0108356,0.018805,0.0358148,0.037044,0.00849018,0.0174614,0.0222337,0.00968871,0.0124498,0.00991202,0.0267471,0.00575417,0.0611975,0.0424305,0.0163847,0.0168166,0.0505941,0.0180268,0.195219,0.0214556,0.0236594,0.0386245,0.0247579,0.0223488,0.0310769,0.0417871,0.0121135,0.0173142,0.0401164,0.114009,0.107534,0.032958,0.0366119,0.0255435,0.0170943,0.0338277,0.0388192,0.0415056,0.0461304,0.0222561,0.00887963,0.0333577,0.0266751,0.0202147,0.0655906,0.0647605,0.153208,0.0451577,0.0359786,0.0623977,0.0328852,0.0242147,0.042024,0.0800362,0.0827831,0.0189732,0.0390213,0.0496862,0.0216516,0.0278219,0.0221506,0.0597725,0.012859,0.136759,0.0948204,0.0366154,0.0375806,0.113064,0.0402849,0.395219,0.195219,0.00960099,0.0105872,0.0172838,0.0110787,0.0100007,0.0139064,0.018699,0.00542057,0.0077478,0.0179514,0.0510171,0.0481196,0.0147481,0.0163832,0.0114303,0.0076494,0.0151373,0.0173709,0.018573,0.0206425,0.0099592,0.00397348,0.014927,0.0119367,0.00904575,0.0293507,0.0289792,0.0685579,0.0202073,0.0160998,0.0279219,0.0147156,0.0108356,0.018805,0.0358148,0.037044,0.00849018,0.0174614,0.0222337,0.00968871,0.0124498,0.00991202,0.0267471,0.00575417,0.0611975,0.0424305,0.0163847,0.0168166,0.0505941,0.0180268,0.395219,0.0214556,0.0236594,0.0386245,0.0247579,0.0223488,0.0310769,0.0417871,0.0121135,0.0173142,0.0401164,0.114009,0.107534,0.032958,0.0366119,0.0255435,0.0170943,0.0338277,0.0388192,0.0415056,0.0461304,0.0222561,0.00887963,0.0333577,0.0266751,0.0202147,0.0655906,0.0647605,0.153208,0.0451577,0.0359786,0.0623977,0.0328852,0.0242147,0.042024,0.0800362,0.0827831,0.0189732,0.0390213,0.0496862,0.0216516,0.0278219,0.0221506,0.0597725,0.012859,0.136759,0.0948204,0.0366154,0.0375806,0.113064,0.0402849]
