#SOLVERNAME# SCIP_MISOCPDIS
#SOLVER# ConicNonlinearBridge.ConicNLPWrapper(SCIP.SCIPSolver(("display/verblevel",1,"limits/gap",1.0e-5,"limits/time",3600.0)),false,true,true)
#FILENAME# estein5_nr1.cbf.gz
#INSTANCE# estein5_nr1
#TIMELIMIT# 3600.0
#STATUS# Optimal
#OBJVAL# 1.6643976790740251
#OBJBOUND# 1.6643976790740251
#TIMESOLVER# 0.81
#TIMEALL# 9.027342796325684
#SOLUTION# [0.799311,0.264205,0.243939,0.189872,0.88,0.46,1.03446,-0.0993111,0.695795,1.03446,0.456061,0.770128,0.531413,-0.18,0.5,1.03446,0.0806889,0.195795,1.03446,0.636061,0.270128,0.0,2.77556e-17,5.55112e-17,0.131792,0.0806889,-0.104205,1.03446,0.636061,-0.0298716,1.03446,2.77556e-17,-0.3,1.03446,-0.609311,-0.00420466,0.0884723,-0.0539393,0.0701284,1.03446,-0.69,-0.2,1.03446,-0.609311,-0.204205,0.140627,-0.0539393,-0.129872,1.03446,-0.69,-0.4,0.560324,0.555372,0.0743331,0.211769,-0.0806889,-0.195795,1.03446,-0.636061,-0.270128,0.0,0.0,0.531413,0.0,0.0,0.0,0.131792,0.0,0.0,0.0,0.0884723,0.0,0.0,0.140627,0.0,0.560324,0.211769,0.0,0.0,0.0,1.0,0.0,0.0,1.0,1.0,0.0,0.0,0.0,1.0,0.0,0.0,1.0,0.0,1.0,1.0,0.0,1.0,1.0,0.0,1.0,1.0,0.0,0.0,1.0,1.0,1.0,0.0,1.0,1.0,0.0,1.0,0.0,0.0,1.0,0.0,0.0,0.503043,0.0,0.0,1.03446,0.902664,0.0,0.0,0.0,0.945984,0.0,0.0,0.893829,0.0,0.474132,0.822687,0.0]
