#SOLVERNAME# SCIP_MISOCPDIS
#SOLVER# ConicNonlinearBridge.ConicNLPWrapper(SCIP.SCIPSolver(("display/verblevel",1,"limits/gap",1.0e-5,"limits/time",3600.0)),false,true,true)
#FILENAME# estein4_A.cbf.gz
#INSTANCE# estein4_A
#TIMELIMIT# 3600.0
#STATUS# Optimal
#OBJVAL# 0.8013641689008075
#OBJBOUND# 0.8013641689008075
#TIMESOLVER# 0.3
#TIMEALL# 8.37375283241272
#SOLUTION# [0.418051,0.498293,0.66051,0.384083,0.493351,0.400338,-0.00531581,0.19179,0.157879,0.108894,0.148598,-0.0120513,0.148109,0.493351,-0.25451,0.262319,0.493351,0.249261,-0.197495,0.0835616,0.00680193,-0.0832846,0.109403,-0.0896653,-0.0626848,0.493351,-0.332124,0.0515254,0.268011,-0.242459,0.11421,0.0,0.19179,0.148598,0.0,0.0,0.0835616,0.109403,0.0,0.268011,0.0,1.0,1.0,0.0,0.0,1.0,1.0,0.0,1.0,1.0,0.0,0.0,1.0,1.0,0.0,0.0,1.0,0.0,0.0,0.301561,0.344753,0.0,0.0,0.409789,0.383948,0.0,0.22534]
