#SOLVERNAME# SCIP_MISOCP
#SOLVER# ConicNonlinearBridge.ConicNLPWrapper(SCIP.SCIPSolver(("display/verblevel",1,"limits/gap",1.0e-5,"limits/time",3600.0)),false,false,true)
#FILENAME# robust_200_3.cbf.gz
#INSTANCE# robust_200_3
#TIMELIMIT# 3600.0
#STATUS# UserLimit
#OBJVAL# -0.12851069080701455
#OBJBOUND# -0.13747827551358788
#TIMESOLVER# 3600.0
#TIMEALL# 3643.5927560329437
#SOLUTION# [0.128511,0.0,0.0,0.0,0.0,0.0,0.0,0.0,0.0,0.0,0.0,0.0,0.0,0.0,0.0,0.0,0.086307,1.0,0.0,0.0,0.0,0.0,0.0,0.0,0.0,0.0,0.0,0.0,0.0,0.0,0.0,0.0,0.0,0.0,0.0,0.0,0.0,0.0,0.0,0.0,0.0,0.0,0.0,0.0,0.0,0.0,0.0,0.0,0.0,0.0,0.0,0.0,0.0315165,1.0,0.0,0.0,0.0,0.0,0.0,0.0,0.0,0.0,0.0,0.0,0.0,0.0,0.0,0.0,0.0,0.0,0.0,0.0,0.0,0.0,0.0,0.0,0.0,0.0,0.0,0.0,0.0,0.0,0.0,0.0,0.0,0.0,0.0,0.0,0.0,0.0,0.0,0.0,0.0,0.0,0.0,0.0,0.0,0.0,0.0,0.0,0.0,0.0,0.0,0.0,0.0,0.0,0.0,0.0,0.0,0.0,0.0,0.0,0.0,0.0,0.0,0.0,0.0,0.0,0.0,0.0,0.0,0.0,0.0,0.0,0.0,0.0,0.177494,1.0,0.0,0.0,0.0,0.0,0.0,0.0,0.0,0.0,0.0,0.0,0.0,0.0,0.0346872,1.0,0.0,0.0,0.0,0.0,0.0681901,1.0,0.0,0.0,0.0,0.0,0.0,0.0,0.263195,1.0,0.0,0.0,0.0,0.0,0.0730541,1.0,0.0,0.0,0.0,0.0,0.0,0.0,0.0,0.0,0.169677,1.0,0.0,0.0,0.0,0.0,0.0,0.0,0.0,0.0,0.0,0.0,0.0,0.0,0.0,0.0,0.0,0.0,0.0,0.0,0.0,0.0,0.0,0.0,0.0,0.0,0.0,0.0,0.0,0.0,0.0,0.0,0.0,0.0,0.0,0.0,0.0,0.0,0.0,0.0,0.0,0.0,0.0,0.0,0.0,0.0,0.0,0.0,0.0,0.0,0.0,0.0,0.0,0.0,0.0,0.0,0.0,0.0,0.0,0.0,0.0,0.0,0.0,0.0,0.0,0.0,0.0,0.0,0.0,0.0,0.0,0.0,0.0,0.0,0.0,0.0,0.0,0.0,0.0,0.0,0.0,0.0,0.0,0.0,0.0,0.0,0.0,0.0,0.0,0.0,0.0,0.0,0.0,0.0,0.0,0.0,0.0,0.0,0.0,0.0,0.0,0.0,0.0,0.0,0.0,0.0,0.0,0.0,0.0789485,1.0,0.0,0.0,0.0,0.0,0.0,0.0,0.0,0.0,0.0,0.0,0.0,0.0,0.0,0.0,0.0,0.0,0.0,0.0,0.0,0.0,0.0,0.0,0.0,0.0,0.0,0.0,0.0,0.0,0.0,0.0,0.0,0.0,0.0169298,1.0,0.0,0.0,0.0,0.0,0.0,0.0,0.0,0.0,0.0,0.0,0.0,0.0,0.0,0.0,0.0,0.0,0.0,0.0,0.0,0.0,0.0,0.0,0.0,0.0,0.0,0.0,0.0,0.0,0.0,0.0,0.0,0.0,0.0,0.0,0.0,0.0,0.0,0.0,0.0,0.0,0.0,0.0,0.0,0.0,0.0,0.0,0.0,0.0,0.0,0.0,0.0,0.0,0.0,0.0,0.0,0.0,0.0,0.0,0.0,0.0,0.0,0.0,0.0,0.0,0.0,0.0,0.0,0.0,0.0,0.0,0.0,0.0,0.0,0.0,0.0,0.0,0.0,0.0,0.0,0.0,0.0,0.0,0.0,0.0,0.0,0.0,0.0,0.0,1.0,-0.0043208,0.0141221,0.00720631,0.00186779,0.0145057,0.0103885,0.00474859,0.0333669,0.000861875,0.0100292,0.00386966,0.0100679,0.0186986,0.010153,0.00840821,0.00960042,0.0285034,0.0106468,0.0121805,-0.00115383,0.00687242,0.0079542,0.0145482,0.0121909,0.011939,0.0301441,0.012773,0.00412495,-0.00132892,0.0121209,0.00213384,0.0063679,0.00601675,0.00543659,0.00627374,0.00493783,0.0114815,0.00691881,-0.0063958,-0.000956357,0.00747193,0.00707059,0.0152058,0.0143411,0.00637014,0.0226413,0.00775481,0.00333928,0.0102118,0.00823687,0.0133286,0.00357217,0.0138931,0.012565,0.011301,0.00365335,0.00799499,0.0127222,0.0107192,0.0106078,0.000842016,0.00359873,0.0298311,-0.00309883,-0.00399295,0.00459463,0.00461034,-0.00432883,0.0183668,0.0331335,0.00461869,0.0108601,0.0217893,0.00501846,0.0155033,0.00542428,0.110513,0.00721351,0.0146779,0.0362643,0.0129453,0.0249954,0.00604663,0.0121385,0.0309364,0.00846703,0.0124828,0.000333653,0.0049999,0.00109677,0.00988016,0.00969124,-0.00246018,0.00730231,0.0212723,0.0151901,0.00380957,0.00969766,0.0122653,0.00614759,0.00303313,0.0115841,0.0110715,0.0144139,0.00215238,0.00247892,-0.00406773,0.00434712,0.0134377,0.00667988,0.0087855,0.0097773,0.0116457,0.00255178,0.00670066,0.0153595,0.00886663,0.00586118,0.00500244,-0.0015959,0.00982294,0.00202495,0.0138136,0.00541038,4.3196e-5,0.00790941,0.00371587,0.00935083,0.0105263,0.0071811,0.0110903,0.00725538,-0.0043297,-0.00287584,0.00771379,-0.000115662,0.00505079,-0.00119771,0.0507367,0.00581617,0.00405064,0.0227543,0.00618691,0.00733566,0.00189647,0.00611888,0.00434625,0.0202612,0.00462467,0.00194873,0.00983847,0.0154177,0.0167885,0.00763922,0.0016478,0.0250057,0.00570797,0.00775394,0.00802494,0.00597111,0.000753748,0.0119442,0.00929574,0.0123428,0.0300049,0.00770595,0.0101829,0.0135456,0.0045787,0.00116908,0.0131471,0.00970143,0.0102967,0.00147845,0.000480187,0.000696396,0.00883923,-9.85883e-5,0.0124167,-0.00223088,0.00532191,0.0198148,0.0075905,0.00922419,0.0051603,-0.00329491,0.00549177,0.00762998,-0.00560226,0.00966622,0.00190725,0.00176414,0.0092874,0.00564112,0.00863031,0.00404637,0.00757404,0.00241946,0.00550566,0.00797835,0.0,0.2,-0.00112258,0.00366904,0.00187226,0.000485266,0.00376869,0.00269901,0.00123372,0.00866897,0.000223922,0.00260566,0.00100537,0.00261572,0.00485804,0.00263782,0.00218452,0.00249426,0.0074054,0.00276613,0.00316459,-0.000299773,0.00178551,0.00206656,0.00377974,0.00316729,0.00310183,0.00783168,0.00331853,0.00107169,-0.000345263,0.00314911,0.000554389,0.00165443,0.0015632,0.00141247,0.00162997,0.00128289,0.00298298,0.00179756,-0.00166168,-0.000248469,0.00194127,0.00183699,0.00395058,0.00372592,0.00165501,0.00588237,0.00201476,0.000867569,0.00265311,0.00214,0.00346288,0.000928077,0.00360952,0.00326448,0.00293608,0.000949167,0.00207716,0.00330534,0.00278492,0.00275598,0.000218762,0.000934978,0.00775035,-0.0008051,-0.0010374,0.00119372,0.0011978,-0.00112466,0.00477184,0.00860832,0.00119997,0.00282153,0.00566102,0.00130383,0.00402788,0.00140927,0.0287122,0.00187412,0.00381344,0.00942174,0.00336329,0.00649399,0.00157096,0.00315369,0.00803752,0.0021998,0.00324312,8.66856e-5,0.00129901,0.00028495,0.00256694,0.00251786,-0.000639174,0.0018972,0.00552671,0.0039465,0.000989754,0.00251952,0.00318661,0.00159719,0.000788029,0.00300963,0.00287645,0.00374484,0.000559206,0.000644041,-0.00105683,0.00112942,0.00349122,0.00173548,0.00228254,0.00254022,0.00302565,0.000662973,0.00174088,0.00399051,0.00230362,0.00152278,0.00129967,-0.000414627,0.00255207,0.000526097,0.00358888,0.00140566,1.12226e-5,0.00205492,0.000965411,0.00242942,0.00273481,0.0018657,0.00288133,0.001885,-0.00112489,-0.000747164,0.0020041,-3.005e-5,0.00131223,-0.000311173,0.0131818,0.00151108,0.00105239,0.00591175,0.00160741,0.00190586,0.000492719,0.00158973,0.00112919,0.00526402,0.00120153,0.000506296,0.00255611,0.00400564,0.00436179,0.00198473,0.00042811,0.00649667,0.00148298,0.00201453,0.00208494,0.00155134,0.00019583,0.00310319,0.0024151,0.00320676,0.00779551,0.00200206,0.0026456,0.00351924,0.00118958,0.000303737,0.00341572,0.0025205,0.00267516,0.000384112,0.000124756,0.000180929,0.0022965,-2.5614e-5,0.00322596,-0.0005796,0.00138267,0.00514804,0.00197207,0.00239651,0.00134068,-0.000856044,0.0014268,0.00198233,-0.00145551,0.00251136,0.000495517,0.000458337,0.00241294,0.0014656,0.00224222,0.00105128,0.00196779,0.000628593,0.00143041,0.00207284,0.0,0.0519615,0.2,-0.0043208,0.0141221,0.00720631,0.00186779,0.0145057,0.0103885,0.00474859,0.0333669,0.000861875,0.0100292,0.00386966,0.0100679,0.0186986,0.010153,0.00840821,0.00960042,0.0285034,0.0106468,0.0121805,-0.00115383,0.00687242,0.0079542,0.0145482,0.0121909,0.011939,0.0301441,0.012773,0.00412495,-0.00132892,0.0121209,0.00213384,0.0063679,0.00601675,0.00543659,0.00627374,0.00493783,0.0114815,0.00691881,-0.0063958,-0.000956357,0.00747193,0.00707059,0.0152058,0.0143411,0.00637014,0.0226413,0.00775481,0.00333928,0.0102118,0.00823687,0.0133286,0.00357217,0.0138931,0.012565,0.011301,0.00365335,0.00799499,0.0127222,0.0107192,0.0106078,0.000842016,0.00359873,0.0298311,-0.00309883,-0.00399295,0.00459463,0.00461034,-0.00432883,0.0183668,0.0331335,0.00461869,0.0108601,0.0217893,0.00501846,0.0155033,0.00542428,0.110513,0.00721351,0.0146779,0.0362643,0.0129453,0.0249954,0.00604663,0.0121385,0.0309364,0.00846703,0.0124828,0.000333653,0.0049999,0.00109677,0.00988016,0.00969124,-0.00246018,0.00730231,0.0212723,0.0151901,0.00380957,0.00969766,0.0122653,0.00614759,0.00303313,0.0115841,0.0110715,0.0144139,0.00215238,0.00247892,-0.00406773,0.00434712,0.0134377,0.00667988,0.0087855,0.0097773,0.0116457,0.00255178,0.00670066,0.0153595,0.00886663,0.00586118,0.00500244,-0.0015959,0.00982294,0.00202495,0.0138136,0.00541038,4.3196e-5,0.00790941,0.00371587,0.00935083,0.0105263,0.0071811,0.0110903,0.00725538,-0.0043297,-0.00287584,0.00771379,-0.000115662,0.00505079,-0.00119771,0.0507367,0.00581617,0.00405064,0.0227543,0.00618691,0.00733566,0.00189647,0.00611888,0.00434625,0.0202612,0.00462467,0.00194873,0.00983847,0.0154177,0.0167885,0.00763922,0.0016478,0.0250057,0.00570797,0.00775394,0.00802494,0.00597111,0.000753748,0.0119442,0.00929574,0.0123428,0.0300049,0.00770595,0.0101829,0.0135456,0.0045787,0.00116908,0.0131471,0.00970143,0.0102967,0.00147845,0.000480187,0.000696396,0.00883923,-9.85883e-5,0.0124167,-0.00223088,0.00532191,0.0198148,0.0075905,0.00922419,0.0051603,-0.00329491,0.00549177,0.00762998,-0.00560226,0.00966622,0.00190725,0.00176414,0.0092874,0.00564112,0.00863031,0.00404637,0.00757404,0.00241946,0.00550566,0.00797835,0.0,0.0519615,-0.00112258,0.00366904,0.00187226,0.000485266,0.00376869,0.00269901,0.00123372,0.00866897,0.000223922,0.00260566,0.00100537,0.00261572,0.00485804,0.00263782,0.00218452,0.00249426,0.0074054,0.00276613,0.00316459,-0.000299773,0.00178551,0.00206656,0.00377974,0.00316729,0.00310183,0.00783168,0.00331853,0.00107169,-0.000345263,0.00314911,0.000554389,0.00165443,0.0015632,0.00141247,0.00162997,0.00128289,0.00298298,0.00179756,-0.00166168,-0.000248469,0.00194127,0.00183699,0.00395058,0.00372592,0.00165501,0.00588237,0.00201476,0.000867569,0.00265311,0.00214,0.00346288,0.000928077,0.00360952,0.00326448,0.00293608,0.000949167,0.00207716,0.00330534,0.00278492,0.00275598,0.000218762,0.000934978,0.00775035,-0.0008051,-0.0010374,0.00119372,0.0011978,-0.00112466,0.00477184,0.00860832,0.00119997,0.00282153,0.00566102,0.00130383,0.00402788,0.00140927,0.0287122,0.00187412,0.00381344,0.00942174,0.00336329,0.00649399,0.00157096,0.00315369,0.00803752,0.0021998,0.00324312,8.66856e-5,0.00129901,0.00028495,0.00256694,0.00251786,-0.000639174,0.0018972,0.00552671,0.0039465,0.000989754,0.00251952,0.00318661,0.00159719,0.000788029,0.00300963,0.00287645,0.00374484,0.000559206,0.000644041,-0.00105683,0.00112942,0.00349122,0.00173548,0.00228254,0.00254022,0.00302565,0.000662973,0.00174088,0.00399051,0.00230362,0.00152278,0.00129967,-0.000414627,0.00255207,0.000526097,0.00358888,0.00140566,1.12226e-5,0.00205492,0.000965411,0.00242942,0.00273481,0.0018657,0.00288133,0.001885,-0.00112489,-0.000747164,0.0020041,-3.005e-5,0.00131223,-0.000311173,0.0131818,0.00151108,0.00105239,0.00591175,0.00160741,0.00190586,0.000492719,0.00158973,0.00112919,0.00526402,0.00120153,0.000506296,0.00255611,0.00400564,0.00436179,0.00198473,0.00042811,0.00649667,0.00148298,0.00201453,0.00208494,0.00155134,0.00019583,0.00310319,0.0024151,0.00320676,0.00779551,0.00200206,0.0026456,0.00351924,0.00118958,0.000303737,0.00341572,0.0025205,0.00267516,0.000384112,0.000124756,0.000180929,0.0022965,-2.5614e-5,0.00322596,-0.0005796,0.00138267,0.00514804,0.00197207,0.00239651,0.00134068,-0.000856044,0.0014268,0.00198233,-0.00145551,0.00251136,0.000495517,0.000458337,0.00241294,0.0014656,0.00224222,0.00105128,0.00196779,0.000628593,0.00143041,0.00207284,0.0]
