#SOLVERNAME# SCIP_MISOCP
#SOLVER# ConicNonlinearBridge.ConicNLPWrapper(SCIP.SCIPSolver(("display/verblevel",1,"limits/gap",1.0e-5,"limits/time",3600.0)),false,false,true)
#FILENAME# robust_50_1.cbf.gz
#INSTANCE# robust_50_1
#TIMELIMIT# 3600.0
#STATUS# Optimal
#OBJVAL# -0.08569584315530976
#OBJBOUND# -0.08569584315530976
#TIMESOLVER# 3.51
#TIMEALL# 12.341784000396729
#SOLUTION# [0.0856958,0.0,0.0,0.0,0.062066,1.0,0.105483,1.0,0.0802235,1.0,0.0,0.0,0.0,0.0,0.0,0.0,0.0,0.0,0.0,0.0,0.0,0.0,0.0,0.0,0.0,0.0,0.0,0.0,0.0,0.0,0.0,0.0,0.123941,1.0,0.0,0.0,0.00775288,1.0,0.0,0.0,0.0,0.0,0.0,0.0,0.0,0.0,0.0,0.0,0.0,0.0,0.0,0.0,0.0,0.0,0.0,0.0,0.0,0.0,0.165706,1.0,0.0,0.0,0.0,0.0,0.0,0.0,0.0,0.0,0.138235,1.0,0.0952498,1.0,0.0,0.0,0.0,0.0,0.0,0.0,0.0,0.0,0.0,0.0,0.0146081,1.0,0.0,0.0,0.0,0.0,0.206735,1.0,0.0,0.0,0.0,0.0,0.0,0.0,0.0,0.0,0.0,0.0,0.0,0.0,1.0,0.0153292,0.0486622,0.0587717,0.0893025,0.0323655,0.0284335,0.0109582,0.011108,0.00844877,0.000979386,0.0128041,-0.00102898,0.00839682,0.0104983,0.0259299,0.0529819,0.00990138,0.0348104,0.0102094,0.0153861,0.0126761,0.0264562,0.0142671,0.0170832,0.0347787,0.0109359,0.00977344,0.0103629,0.0532566,0.0132925,0.0171435,0.0116003,0.0241122,0.0481769,0.0632839,0.0262147,0.0135775,0.0130878,0.00539205,0.0150646,0.0283209,0.0200218,0.00962354,0.0401772,0.0215414,0.00956313,0.0119901,0.00370932,0.00657586,0.0109358,0.0,0.2,0.00398264,0.0126428,0.0152693,0.0232015,0.00840881,0.00738723,0.00284702,0.00288594,0.00219506,0.000254452,0.00332661,-0.000267338,0.00218156,0.00272753,0.00673679,0.0137651,0.00257245,0.009044,0.00265247,0.00399743,0.00329334,0.00687353,0.00370669,0.00443833,0.00903577,0.00284122,0.00253922,0.00269235,0.0138365,0.0034535,0.00445402,0.00301385,0.00626453,0.0125167,0.0164416,0.00681078,0.00352755,0.00340031,0.00140089,0.0039139,0.00735798,0.00520182,0.00250027,0.0104383,0.00559661,0.00248457,0.00311512,0.000963709,0.00170846,0.00284121,0.0,0.0519614,0.2,0.0153292,0.0486622,0.0587717,0.0893025,0.0323655,0.0284335,0.0109582,0.011108,0.00844877,0.000979386,0.0128041,-0.00102898,0.00839682,0.0104983,0.0259299,0.0529819,0.00990138,0.0348104,0.0102094,0.0153861,0.0126761,0.0264562,0.0142671,0.0170832,0.0347787,0.0109359,0.00977344,0.0103629,0.0532566,0.0132925,0.0171435,0.0116003,0.0241122,0.0481769,0.0632839,0.0262147,0.0135775,0.0130878,0.00539205,0.0150646,0.0283209,0.0200218,0.00962354,0.0401772,0.0215414,0.00956313,0.0119901,0.00370932,0.00657586,0.0109358,0.0,0.0519614,0.00398264,0.0126428,0.0152693,0.0232015,0.00840881,0.00738723,0.00284702,0.00288594,0.00219506,0.000254452,0.00332661,-0.000267338,0.00218156,0.00272753,0.00673679,0.0137651,0.00257245,0.009044,0.00265247,0.00399743,0.00329334,0.00687353,0.00370669,0.00443833,0.00903577,0.00284122,0.00253922,0.00269235,0.0138365,0.0034535,0.00445402,0.00301385,0.00626453,0.0125167,0.0164416,0.00681078,0.00352755,0.00340031,0.00140089,0.0039139,0.00735798,0.00520182,0.00250027,0.0104383,0.00559661,0.00248457,0.00311512,0.000963709,0.00170846,0.00284121,0.0]
