WARNING: Method definition require(Symbol) in module Base at loading.jl:345 overwritten in module ConicBenchmarkUtilities at /home/ubuntu/.julia/v0.5/Requires/src/require.jl:12.
WARNING: Base.ASCIIString is deprecated, use String instead.
  likely near /home/ubuntu/run.jl:171
WARNING: Base.ASCIIString is deprecated, use String instead.
  likely near /home/ubuntu/run.jl:171
WARNING: Base.ASCIIString is deprecated, use String instead.
  likely near /home/ubuntu/run.jl:171
WARNING: Base.ASCIIString is deprecated, use String instead.
  likely near /home/ubuntu/run.jl:171
#SOLVERNAME# PAJ_GUROBI_ECOS
#SOLVER# Pajarito.PajaritoSolver(2,3600.0,1.0e-5,false,Gurobi.GurobiSolver(nothing,Any[(:OutputFlag,0),(:Threads,1),(:TimeLimit,3600.0),(:MIPGap,0.0)]),MathProgBase.DefaultMIPSolver(),0,false,true,ECOS.ECOSSolver(Any[(:verbose,false)]),true,false,false,true,false,true,false,true,true,true,true,false,false,true,false,false,false,false,1.0e-10,0.0001,1.0e-6,0.01,1.0e-6)
#FILENAME# 75_0_5_w.cbf.gz
#INSTANCE# 75_0_5_w
#TIMELIMIT# 3600.0

Transforming original data......Done     0.02s

Creating conic model data......Done     0.02s

Creating MIP model......Done     0.21s

Cone types summary:
Cone       | Count    | Min dim  | Max dim 
       SOC |     1800 |        3 |        3

Solving conic relaxation......Done     2.53s
 - Relaxation status    =        Optimal
 - Relaxation objective = 12132468.092023

Creating conic subproblem model......Done     0.00s

Starting iterative outer approximation algorithm

Iter | Best obj       | OA obj         | Rel gap     | Time (s)   
   1 |  +1.225669e+07 |  +1.225525e+07 |   1.174e-04 |   4.181e+02
   2 |  +1.225669e+07 |  +1.225653e+07 |   1.335e-05 |   1.580e+03
   3 |  +1.225669e+07 |  +1.225669e+07 |   1.136e-10 |   2.516e+03

Pajarito MICP solve summary:
 - Total time (s)       =       2.52e+03
 - Status               =        Optimal
 - Best feasible obj.   =  +1.225669e+07
 - Final OA obj. bound  =  +1.225669e+07
 - Relative opt. gap    =      1.136e-10
 - MIP solve count      =              3
 - Conic solve count    =              3
 - Feas. solution count =              3
 - Integer repeat count =              0

Timers (s):
 - Setup                =       2.83e+00
 -- Transform data      =       2.14e-02
 -- Create conic data   =       2.46e-02
 -- Create MIP data     =       2.07e-01
 -- Load/solve relax    =       2.53e+00
 - Iterative algorithm  =       2.52e+03
 -- Solve MIPs          =       2.51e+03
 -- Solve conic model   =       1.93e+00
 -- Process conic data  =       1.68e-03
 -- Add conic solution  =       1.00e-03
 -- Add dual cuts       =       5.87e-02
 -- Use outer inf/cuts  =       2.89e-03

#STATUS# Optimal
#OBJVAL# 1.2256690963709764e7
#OBJBOUND# 1.2256690962317519e7
#TIMESOLVER# 2518.554417848587
#TIMEALL# 2518.566220998764
#SOLUTION# [1.0,1.0,1.0,1.0,1.0,1.0,1.0,1.0,1.0,1.0,1.0,1.0,1.0,1.0,1.0,1.0,1.0,1.0,1.0,1.0,1.0,1.0,1.0,1.0,0.0,0.0,0.0,0.0,0.0,0.0,0.0,0.0,0.0,0.0,1.0,1.0,1.0,1.0,1.0,1.0,1.0,1.0,1.0,1.0,1.0,1.0,1.0,1.0,1.0,1.0,1.0,1.0,1.0,1.0,1.0,1.0,1.0,1.0,1.0,1.0,1.0,1.0,1.0,1.0,1.0,1.0,1.0,1.0,1.0,1.0,1.0,1.0,-0.0,0.0,-0.0,-0.0,0.0,0.0,1.0,1.0,1.0,1.0,1.0,1.0,1.0,1.0,1.0,1.0,1.0,1.0,1.0,1.0,1.0,1.0,1.0,1.0,1.0,1.0,1.0,1.0,1.0,1.0,1.0,1.0,1.0,1.0,1.0,1.0,1.0,1.0,0.0,0.0,0.0,0.0,0.0,-0.0,-0.0,-0.0,-0.0,0.0,0.0,0.0,0.0,0.0,-0.0,0.0,1.0,1.0,1.0,1.0,1.0,1.0,1.0,1.0,1.0,1.0,1.0,1.0,1.0,1.0,1.0,1.0,1.0,1.0,0.0,0.0,0.0,0.0,0.0,0.0,0.0,1.0,1.0,1.0,1.0,1.0,1.0,1.0,1.0,1.0,1.0,1.0,1.0,1.0,1.0,1.0,1.0,1.0,1.0,1.0,1.0,1.0,1.0,1.0,1.0,1.0,1.0,1.0,1.0,1.0,1.0,1.0,1.0,1.0,1.0,1.0,-0.0,0.0,-0.0,-0.0,-0.0,-0.0,0.0,-0.0,-0.0,-0.0,-0.0,-0.0,0.0,-0.0,-0.0,-0.0,-0.0,0.0,0.0,0.0,-0.0,-0.0,-0.0,0.0,0.0,-0.0,-0.0,0.0,0.0,-0.0,1.0,1.0,1.0,1.0,1.0,1.0,1.0,1.0,1.0,1.0,1.0,1.0,1.0,1.0,1.0,1.0,1.0,1.0,1.0,1.0,1.0,1.0,1.0,1.0,1.0,1.0,1.0,1.0,1.0,1.0,1.0,1.0,1.0,1.0,1.0,1.0,1.0,1.0,1.0,-0.0,-0.0,-0.0,-0.0,-0.0,0.0,0.0,0.0,0.0,1.0,1.0,1.0,1.0,1.0,1.0,1.0,1.0,1.0,1.0,1.0,1.0,1.0,1.0,1.0,1.0,1.0,1.0,1.0,1.0,1.0,1.0,1.0,1.0,1.0,1.0,1.0,1.0,1.0,0.0,-0.0,0.0,-0.0,0.0,0.0,0.0,-0.0,0.0,0.0,0.0,0.0,0.0,0.0,0.0,0.0,0.0,0.0,-0.0,1.0,1.0,1.0,1.0,0.0,0.0,0.0,0.0,0.0,0.0,-0.0,0.0,-0.0,0.0,0.0,0.0,0.0,0.0,0.0,0.0,0.0,0.0,0.0,-0.0,1.0,1.0,1.0,-0.0,-0.0,-0.0,-0.0,-0.0,-0.0,-0.0,-0.0,0.0,-0.0,-0.0,0.0,-0.0,-0.0,0.0,0.0,0.0,-0.0,0.0,-0.0,-0.0,1.0,1.0,1.0,1.0,0.0,0.0,0.0,0.0,0.0,0.0,0.0,-0.0,0.0,0.0,0.0,0.0,-0.0,-0.0,0.0,0.0,-0.0,0.0,0.0,0.0,0.0,0.0,0.0,0.0,0.0,-0.0,1.0,1.0,1.0,1.0,1.0,1.0,1.0,1.0,1.0,1.0,1.0,1.0,1.0,1.0,1.0,1.0,1.0,1.0,1.0,1.0,1.0,1.0,1.0,1.0,1.0,1.0,1.0,1.0,1.0,1.0,1.0,1.0,1.0,1.0,1.0,1.0,1.0,1.0,1.0,1.0,1.0,1.0,1.0,1.0,1.0,0.0,0.0,0.0,0.0,0.0,0.0,-0.0,0.0,0.0,0.0,0.0,0.0,-0.0,0.0,0.0,-0.0,-0.0,0.0,0.0,0.0,0.0,1.0,1.0,1.0,1.0,0.0,0.0,0.0,0.0,0.0,0.0,0.0,0.0,0.0,-0.0,0.0,0.0,0.0,0.0,0.0,0.0,0.0,0.0,0.0,-0.0,0.0,-0.0,-0.0,-0.0,-0.0,-0.0,-0.0,-0.0,0.0,-0.0,0.0,-0.0,0.0,0.0,0.0,-0.0,-0.0,-0.0,-0.0,-0.0,-0.0,-0.0,-0.0,-0.0,1.0,1.0,1.0,0.0,-0.0,0.0,-0.0,-0.0,0.0,-0.0,-0.0,0.0,0.0,-0.0,0.0,0.0,0.0,0.0,0.0,0.0,0.0,0.0,0.0,-0.0,1.0,1.0,1.0,1.0,1.0,1.0,1.0,1.0,1.0,1.0,1.0,1.0,1.0,1.0,1.0,1.0,1.0,1.0,1.0,1.0,1.0,1.0,1.0,0.0,0.0,-0.0,0.0,0.0,0.0,0.0,1.0,1.0,1.0,1.0,1.0,1.0,1.0,1.0,1.0,1.0,1.0,1.0,1.0,1.0,1.0,1.0,1.0,1.0,1.0,1.0,1.0,1.0,1.0,1.0,1.0,1.0,1.0,1.0,1.0,1.0,1.0,1.0,1.0,1.0,1.0,1.0,1.0,1.0,1.0,1.0,1.0,0.0,1.0,1.0,1.0,-0.0,-0.0,-0.0,0.0,-0.0,-0.0,-0.0,-0.0,-0.0,-0.0,-0.0,0.0,0.0,0.0,0.0,0.0,0.0,0.0,0.0,0.0,-0.0,0.0,0.0,0.0,0.0,-0.0,-0.0,0.0,-0.0,0.0,-0.0,0.0,0.0,-0.0,0.0,-0.0,0.0,0.0,-0.0,-0.0,-0.0,0.0,-0.0,-0.0,-0.0,0.0,0.0,0.0,0.0,-0.0,0.0,1.0,1.0,1.0,1.0,1.0,1.0,1.0,1.0,1.0,1.0,1.0,1.0,1.0,1.0,1.0,1.0,1.0,-0.0,0.0,0.0,0.0,0.0,0.0,0.0,0.0,-0.0,0.0,0.0,0.0,0.0,0.0,0.0,0.0,0.0,-0.0,0.0,0.0,-0.0,-0.0,0.0,-0.0,0.0,1.0,1.0,1.0,1.0,0.0,0.0,-0.0,0.0,-0.0,0.0,0.0,0.0,0.0,0.0,0.0,0.0,0.0,0.0,0.0,0.0,0.0,0.0,0.0,0.0,0.0,0.0,0.0,0.0,0.0,0.0,0.0,1.0,1.0,1.0,1.0,1.0,1.0,1.0,1.0,1.0,1.0,1.0,1.0,1.0,1.0,1.0,1.0,1.0,0.0,0.0,0.0,0.0,-0.0,-0.0,-0.0,0.0,0.0,-0.0,-0.0,0.0,0.0,0.0,0.0,0.0,0.0,0.0,0.0,0.0,-0.0,0.0,0.0,-0.0,0.0,0.0,0.0,0.0,0.0,0.0,1.0,1.0,1.0,1.0,1.0,1.0,1.0,1.0,1.0,1.0,1.0,1.0,1.0,1.0,1.0,1.0,1.0,-0.0,0.0,0.0,0.0,0.0,0.0,0.0,1.0,1.0,1.0,1.0,1.0,1.0,1.0,1.0,1.0,1.0,1.0,1.0,1.0,1.0,1.0,1.0,1.0,1.0,0.0,0.0,0.0,0.0,0.0,0.0,-0.0,-0.0,-0.0,0.0,0.0,0.0,0.0,0.0,-0.0,0.0,-0.0,-0.0,-0.0,-0.0,-0.0,-0.0,0.0,0.0,1.0,1.0,1.0,1.0,1.0,1.0,1.0,1.0,1.0,1.0,1.0,1.0,1.0,1.0,1.0,1.0,1.0,1.0,1.0,1.0,1.0,1.0,1.0,-0.0,1.0,1.0,1.0,-0.0,-0.0,-0.0,-0.0,-0.0,-0.0,-0.0,-0.0,-0.0,-0.0,-0.0,-0.0,-0.0,-0.0,-0.0,-0.0,-0.0,-0.0,-0.0,-0.0,-0.0,1.0,0.0,-0.0,0.0,0.0,1.0,1.0,1.0,1.0,1.0,1.0,1.0,1.0,1.0,1.0,1.0,1.0,1.0,1.0,1.0,1.0,1.0,1.0,1.0,1.0,0.0,0.0,0.0,0.0,0.0,1.0,1.0,1.0,1.0,1.0,1.0,1.0,1.0,1.0,1.0,1.0,1.0,1.0,1.0,1.0,1.0,1.0,1.0,1.0,-0.0,0.0,0.0,0.0,-0.0,1.0,1.0,1.0,1.0,1.0,1.0,1.0,1.0,1.0,1.0,1.0,1.0,1.0,1.0,1.0,1.0,1.0,0.0,1.0,0.0,0.0,0.0,0.0,1.0,1.0,1.0,1.0,1.0,1.0,1.0,1.0,1.0,1.0,1.0,1.0,1.0,1.0,1.0,1.0,1.0,1.0,1.0,1.0,1.0,1.0,1.0,1.0,1.0,1.0,1.0,1.0,1.0,1.0,1.0,1.0,1.0,1.0,1.0,1.0,1.0,1.0,1.0,1.0,1.0,1.0,1.0,1.0,1.0,1.0,1.0,1.0,1.0,1.0,1.0,1.0,1.0,1.0,1.0,1.0,1.0,1.0,1.0,1.0,1.0,1.0,1.0,1.0,1.0,1.0,1.0,1.0,1.0,1.0,1.0,1.0,1.0,1.0,1.0,1.0,1.0,1.0,1.0,1.0,1.0,1.0,1.0,1.0,1.0,1.0,1.0,1.0,1.0,1.0,1.0,1.0,1.0,1.0,1.0,1.0,1.0,1.0,1.0,1.0,1.0,1.0,1.0,1.0,1.0,1.0,1.0,1.0,1.0,1.0,1.0,1.0,1.0,1.0,1.0,1.0,1.0,1.0,1.0,1.0,1.0,1.0,1.0,1.0,1.0,1.0,1.0,1.0,1.0,1.0,1.0,1.0,1.0,1.0,1.0,1.0,1.0,1.0,1.0,1.0,1.0,1.0,1.0,1.0,1.0,1.0,1.0,1.0,1.0,1.0,1.0,1.0,1.0,1.0,1.0,1.0,1.0,1.0,1.0,1.0,1.0,1.0,1.0,1.0,1.0,1.0,1.0,1.0,1.0,1.0,1.0,1.0,1.0,1.0,1.0,1.0,1.0,1.0,1.0,1.0,1.0,1.0,1.0,1.0,1.0,1.0,1.0,1.0,-0.0,-0.0,0.0,0.0,-0.0,-0.0,1.0,1.0,1.0,1.0,1.0,1.0,1.0,1.0,1.0,1.0,1.0,-0.0,-0.0,1.0,0.0,-0.0,-0.0,1.0,1.0,1.0,1.0,1.0,1.0,1.0,1.0,1.0,1.0,1.0,1.0,1.0,1.0,1.0,1.0,1.0,1.0,1.0,1.0,1.0,1.0,1.0,1.0,1.0,0.0,0.0,0.0,-0.0,1.0,1.0,1.0,1.0,1.0,1.0,1.0,1.0,1.0,1.0,1.0,1.0,1.0,1.0,1.0,1.0,1.0,1.0,1.0,1.0,1.0,1.0,1.0,1.0,1.0,1.0,1.0,1.0,1.0,1.0,1.0,1.0,1.0,1.0,1.0,1.0,1.0,1.0,1.0,1.0,1.0,1.0,1.0,1.0,1.0,1.0,1.0,1.0,1.0,1.0,1.0,1.0,1.0,1.0,1.0,1.0,1.0,1.0,1.0,1.0,1.0,1.0,1.0,1.0,1.0,1.0,1.0,1.0,0.0,0.0,0.0,0.0,1.0,1.0,1.0,1.0,1.0,1.0,1.0,1.0,1.0,1.0,1.0,1.0,1.0,1.0,1.0,1.0,1.0,1.0,1.0,1.0,1.0,1.0,0.0,0.0,0.0,1.0,1.0,1.0,1.0,1.0,1.0,1.0,1.0,1.0,1.0,1.0,1.0,1.0,1.0,1.0,1.0,1.0,1.0,1.0,0.0,0.0,0.0,0.0,0.0,1.0,1.0,1.0,1.0,1.0,1.0,1.0,1.0,1.0,1.0,1.0,1.0,1.0,1.0,1.0,1.0,1.0,1.0,1.0,1.0,1.0,1.0,1.0,1.0,1.0,1.0,1.0,1.0,1.0,1.0,1.0,1.0,1.0,1.0,1.0,1.0,1.0,1.0,1.0,1.0,1.0,1.0,1.0,1.0,1.0,1.0,1.0,1.0,1.0,1.0,1.0,1.0,1.0,1.0,1.0,1.0,1.0,1.0,1.0,1.0,1.0,1.0,1.0,1.0,1.0,1.0,1.0,1.0,1.0,1.0,1.0,1.0,1.0,1.0,1.0,1.0,1.0,1.0,1.0,1.0,1.0,1.0,1.0,1.0,1.0,1.0,1.0,1.0,1.0,1.0,1.0,1.0,1.0,1.0,1.0,1.0,1.0,1.0,1.0,1.0,1.0,1.0,1.0,1.0,1.0,1.0,1.0,1.0,1.0,1.0,1.0,1.0,1.0,1.0,1.0,1.0,1.0,1.0,1.0,1.0,1.0,1.0,1.0,1.0,1.0,1.0,1.0,1.0,1.0,1.0,1.0,1.0,1.0,1.0,1.0,1.0,1.0,1.0,1.0,1.0,1.0,1.0,1.0,1.0,1.0,1.0,1.0,1.0,1.0,1.0,1.0,1.0,1.0,1.0,1.0,1.0,1.0,1.0,1.0,1.0,1.0,1.0,1.0,1.0,1.0,0.0,0.0,-0.0,1.0,1.0,1.0,1.0,1.0,1.0,1.0,1.0,1.0,1.0,1.0,1.0,1.0,1.0,1.0,1.0,1.0,1.0,1.0,-0.0,0.0,0.0,0.0,1.0,1.0,1.0,1.0,1.0,1.0,1.0,1.0,1.0,1.0,1.0,1.0,1.0,1.0,1.0,1.0,1.0,1.0,1.0,1.0,1.0,1.0,1.0,1.0,1.0,1.0,1.0,1.0,1.0,1.0,1.0,1.0,1.0,1.0,1.0,1.0,1.0,1.0,1.0,1.0,1.0,1.0,1.0,1.0,-0.0,0.0,-0.0,0.0,0.0,1.0,1.0,1.0,1.0,1.0,1.0,1.0,1.0,1.0,1.0,1.0,1.0,1.0,1.0,1.0,1.0,1.0,1.0,1.0,-0.0,0.0,0.0,0.0,-0.0,1.0,1.0,1.0,1.0,1.0,1.0,1.0,1.0,1.0,1.0,1.0,1.0,1.0,1.0,1.0,1.0,1.0,-0.0,1.0,1.0,1.0,1.0,1.0,1.0,1.0,1.0,1.0,1.0,1.0,1.0,1.0,1.0,1.0,1.0,1.0,1.0,1.0,1.0,1.0,1.0,1.0,1.0,1.0,1.0,1.0,1.0,1.0,1.0,1.0,1.0,1.0,1.0,1.0,1.0,1.0,1.0,1.0,1.0,1.0,1.0,1.0,1.0,1.0,1.0,1.0,1.0,1.0,1.0,1.0,1.0,1.0,1.0,1.0,1.0,1.0,1.0,1.0,1.0,1.0,1.0,1.0,1.0,1.0,1.0,1.0,1.0,1.0,1.0,1.0,1.0,1.0,1.0,1.0,1.0,1.0,1.0,1.0,1.0,1.0,1.0,1.0,1.0,1.0,1.0,1.0,1.0,1.0,1.0,1.0,1.0,1.0,1.0,1.0,1.0,1.0,1.0,1.0,1.0,1.0,1.0,1.0,1.0,1.0,1.0,1.0,1.0,1.0,1.0,1.0,1.0,1.0,1.0,1.0,1.0,1.0,1.0,1.0,1.0,1.0,0.0,0.0,0.0,-0.0,1.0,1.0,1.0,1.0,1.0,1.0,1.0,1.0,1.0,1.0,1.0,1.0,1.0,1.0,1.0,1.0,1.0,1.0,1.0,1.0,1.0,1.0,1.0,1.0,1.0,1.0,1.0,1.0,1.0,1.0,1.0,1.0,1.0,1.0,1.0,1.0,1.0,1.0,1.0,1.0,1.0,1.0,1.0,1.0,1.0,1.0,-0.0,0.0,0.0,1.0,1.0,1.0,1.0,1.0,1.0,1.0,1.0,1.0,1.0,1.0,1.0,1.0,1.0,1.0,1.0,1.0,1.0,1.0,-1.70872e-11,-1.68514e-11,-1.53705e-11,-1.39732e-11,-1.26284e-11,-1.14006e-11,-9.91186e-12,-9.03012e-12,-8.06896e-12,-7.35181e-12,-7.66561e-12,-1.2308e-11,-1.10916e-11,-1.00434e-11,-9.5666e-12,-8.3678e-12,-6.94008e-12,-5.21813e-12,-3.06347e-12,-3.07173e-13,3.41317e-12,2.64155e-11,4.03955e-11,7.54553e-13,-8.30035e-12,-7.25187e-12,-6.87277e-12,-6.32031e-12,-5.99918e-12,-5.7768e-12,-5.45808e-12,-4.79561e-12,-4.37766e-12,1.0,-1.33768e-12,-1.67739e-11,-1.78276e-11,-1.65271e-11,-1.5049e-11,-1.33231e-11,-1.12482e-11,-8.66572e-12,-5.29749e-12,-6.01492e-13,6.66387e-12,2.03131e-11,6.19149e-11,1.60295e-11,-1.67078e-11,-1.4515e-11,-1.27847e-11,-1.13563e-11,-1.01899e-11,-9.29518e-12,-8.72344e-12,-8.59287e-12,-9.21169e-12,-1.24763e-11,-1.14517e-11,-1.03835e-11,-9.28707e-12,-8.1544e-12,-7.00424e-12,-5.63558e-12,-3.98762e-12,-1.95993e-12,6.14511e-13,4.04052e-12,8.95921e-12,1.70753e-11,3.57546e-11,-4.49874e-12,-1.01053e-11,-8.27462e-12,-7.68797e-12,-6.05222e-12,-4.19963e-12,1.0,-1.43969e-11,-1.33153e-11,-1.67923e-11,-1.85401e-11,-1.72566e-11,-1.58757e-11,-1.32974e-11,-1.26738e-11,-1.06142e-11,-8.11864e-12,-4.98589e-12,-8.88138e-13,1.66614e-12,4.77792e-12,9.19744e-12,3.78536e-11,4.90933e-11,3.23749e-13,-1.74045e-11,-1.23263e-11,-1.32794e-11,-1.15172e-11,-1.14706e-11,-1.17928e-11,-1.2469e-11,-1.35296e-11,-1.49245e-11,-1.72215e-11,-1.76961e-11,-8.09263e-12,-4.66416e-12,-2.34841e-11,-8.19302e-12,-7.77231e-12,-5.33429e-12,-3.95335e-12,-1.67548e-12,2.80333e-12,6.88875e-12,1.79074e-11,3.45982e-11,4.34206e-12,-1.06009e-11,-1.00373e-11,-8.81089e-12,-7.85309e-12,-6.01606e-12,1.0,-3.09751e-12,-9.15593e-12,-1.67974e-11,-1.5388e-11,-1.42395e-11,-1.33647e-11,-1.31115e-11,-1.56028e-11,-1.38732e-11,-1.1809e-11,-9.24637e-12,-5.99854e-12,-1.59487e-12,1.77115e-12,6.6583e-12,1.48033e-11,3.36977e-11,3.38548e-12,-1.02248e-11,-1.01166e-11,-9.22041e-12,-8.77292e-12,-8.39198e-12,-7.10429e-12,1.0,6.22809e-13,-1.35457e-11,-1.92289e-11,-1.79745e-11,-1.66797e-11,-1.53025e-11,-1.38083e-11,-1.20699e-11,-9.93718e-12,-7.22469e-12,-3.59884e-12,1.628e-12,1.0139e-11,1.71764e-11,2.74821e-11,4.94551e-11,1.0,-1.73396e-11,-1.43041e-11,-1.47305e-11,-1.32444e-11,-1.15916e-11,-9.93034e-12,-9.4407e-12,-9.31897e-12,-9.62693e-12,-1.0436e-11,-1.1944e-11,-1.50002e-11,-1.76137e-11,-1.73214e-11,-1.70463e-11,-1.44212e-11,-7.94793e-13,1.34117e-11,3.20785e-12,4.74877e-12,8.61693e-12,1.5704e-11,2.86247e-11,-7.30224e-12,-3.71392e-12,-1.63359e-12,-5.12976e-12,-4.88004e-12,-4.31124e-12,-3.68721e-12,-2.73305e-12,-1.28739e-12,-2.23963e-12,-2.53115e-12,-1.86777e-12,-1.38412e-12,-2.53894e-12,-1.05044e-11,-8.88313e-12,-7.17197e-12,-5.23906e-12,-3.35902e-12,-7.88778e-13,3.88312e-12,6.81127e-12,1.63053e-11,2.68275e-11,1.08282e-11,-1.64424e-11,-1.43912e-11,-1.20577e-11,-1.13364e-11,-1.02044e-11,-9.34283e-12,-8.80593e-12,-8.7178e-12,-9.39616e-12,-1.27814e-11,-1.17585e-11,-1.06989e-11,-9.58508e-12,-8.40837e-12,-7.22457e-12,-5.81393e-12,-4.11037e-12,-2.01521e-12,6.39277e-13,4.16642e-12,9.22404e-12,1.75671e-11,3.67658e-11,3.98116e-12,-1.70834e-11,-9.76587e-12,-1.31779e-11,-1.20154e-11,-1.1436e-11,-1.12969e-11,-1.15782e-11,-1.22907e-11,-1.34675e-11,-1.5247e-11,-1.84892e-11,-2.09639e-11,-1.80378e-11,-1.67447e-11,-2.20849e-11,-3.34472e-12,-1.11001e-12,4.70595e-13,3.09663e-12,7.8768e-12,1.22292e-11,2.23839e-11,4.04373e-11,5.79601e-12,-1.56837e-11,-9.47256e-12,-1.19897e-11,-1.08628e-11,-9.40608e-12,-8.49413e-12,-7.77188e-12,-7.25811e-12,-6.98648e-12,-7.02339e-12,-7.50289e-12,-8.85457e-12,-1.29399e-11,-1.17934e-11,-1.04941e-11,-8.92089e-12,-7.0978e-12,-4.90721e-12,-2.17641e-12,1.40204e-12,6.47476e-12,1.47488e-11,3.36512e-11,-8.6149e-12,-1.25306e-11,-1.05412e-11,-1.67271e-11,-1.78425e-11,-2.47572e-11,-1.84997e-12,-2.7076e-12,-3.08218e-12,-3.56453e-12,-3.51431e-12,-2.96854e-12,-1.84675e-12,-1.20303e-13,-7.10395e-13,-1.67265e-12,-8.92295e-12,-7.05798e-12,-5.07053e-12,-2.56944e-12,1.17667e-12,4.90898e-12,1.2618e-11,2.47712e-11,-1.79628e-11,-6.34735e-12,-9.66807e-12,-1.90102e-11,-2.54788e-11,-2.63693e-12,-3.22712e-12,-3.50732e-12,-3.32017e-12,-3.45328e-12,-2.91599e-12,-1.19294e-12,-1.38317e-12,-8.30749e-13,-1.40386e-12,-2.22119e-12,-9.75866e-12,-7.67891e-12,-5.488e-12,-2.73394e-12,1.35372e-12,5.17007e-12,1.34465e-11,2.59631e-11,-5.38944e-12,-1.81628e-11,-1.80802e-11,-2.5025e-11,-2.88056e-12,-2.87715e-12,-2.84519e-12,-2.81315e-12,-2.67757e-12,-3.66041e-12,-3.74979e-12,-1.62121e-12,-1.27622e-12,-7.7665e-13,-1.09278e-12,-6.77382e-13,-1.48623e-12,-8.94158e-12,-6.70018e-12,-4.01652e-12,-6.80206e-14,3.68295e-12,1.18984e-11,2.38957e-11,-1.63477e-11,-4.75169e-12,-8.27559e-12,-1.74799e-11,-2.2829e-11,-1.26434e-12,-2.04225e-12,-2.4432e-12,-2.40524e-12,-2.54963e-12,-2.17466e-12,-8.463e-13,-1.033e-12,-5.1956e-13,-9.29866e-13,-1.60623e-12,-7.71182e-12,-6.03426e-12,-4.2472e-12,-1.99719e-12,1.33909e-12,4.51144e-12,1.12916e-11,2.18753e-11,5.03586e-12,-8.16931e-12,-7.42353e-12,-6.35619e-12,-5.39491e-12,-3.46873e-12,1.0,-7.02965e-12,-1.00159e-11,-1.64664e-11,-1.44658e-11,-1.24071e-11,-1.02967e-11,-8.20543e-12,-6.40568e-12,-8.26167e-12,-1.40596e-11,-1.22551e-11,-9.9728e-12,-7.03808e-12,-3.10337e-12,2.56423e-12,1.18814e-11,3.28829e-11,1.02983e-11,-1.53454e-11,-1.0251e-11,-9.84038e-12,-8.94834e-12,-7.92579e-12,-7.35414e-12,-7.1593e-12,-7.66307e-12,-7.9227e-12,-8.02422e-12,-7.90205e-12,-7.61686e-12,-7.29441e-12,-7.07382e-12,-7.18846e-12,-8.19657e-12,-1.32317e-11,-1.08968e-11,-8.03686e-12,-4.33273e-12,8.73169e-13,9.31544e-12,2.8457e-11,-3.29386e-12,-1.73888e-11,-1.67691e-11,-2.34327e-11,-1.69404e-12,-1.93435e-12,-2.08218e-12,-2.19854e-12,-2.19768e-12,-2.40494e-12,-1.50076e-12,-1.80527e-12,-1.14061e-12,-6.4227e-13,-9.35616e-13,-1.57805e-12,-7.7686e-12,-6.07306e-12,-4.27172e-12,-2.05311e-12,1.25943e-12,4.49011e-12,1.1278e-11,2.2076e-11,-1.77224e-11,-1.43156e-11,-1.27586e-11,-1.90434e-11,-2.68236e-11,-3.08567e-12,-3.48128e-12,-3.76438e-12,-3.7539e-12,-4.55949e-12,-4.88924e-12,-3.91398e-12,-1.13623e-12,-8.35122e-13,-1.18842e-12,-8.83196e-13,-1.89914e-12,-1.05177e-11,-7.93754e-12,-4.78856e-12,-3.07437e-13,4.09471e-12,1.30754e-11,2.73258e-11,-5.56366e-12,-4.73739e-13,-2.68331e-13,-3.13066e-12,-2.72389e-12,-2.35403e-12,-2.20482e-12,-2.17024e-12,-1.61747e-12,-2.36252e-12,-2.953e-12,-2.59136e-12,-1.82739e-12,-1.09557e-12,-1.19268e-12,-6.74825e-13,-1.44286e-12,-9.11781e-12,-6.85236e-12,-4.07789e-12,7.03428e-14,3.81534e-12,1.16944e-11,2.44856e-11,-1.46344e-12,-1.81408e-11,-1.66545e-11,-2.43529e-11,-2.66098e-12,-2.64483e-12,-2.63338e-12,-2.651e-12,-2.59823e-12,-2.75633e-12,-1.70231e-12,-2.02777e-12,-1.39212e-12,-8.89222e-13,-1.18259e-12,-1.86192e-12,-8.66359e-12,-6.78164e-12,-4.80533e-12,-2.38679e-12,1.24179e-12,4.71839e-12,1.19732e-11,2.37468e-11,9.63664e-12,-1.58991e-11,-1.314e-11,-8.95333e-12,-9.5739e-12,-8.46319e-12,-7.72636e-12,-7.33236e-12,-7.95266e-12,-8.95584e-12,-9.43468e-12,-9.17908e-12,-8.31553e-12,-6.76625e-12,-3.97087e-12,-1.23372e-12,-1.45489e-11,-2.50701e-11,-2.4323e-11,-2.38744e-11,-2.38216e-11,-9.3692e-12,1.86429e-11,1.15206e-10,4.62628e-12,-6.77686e-12,-5.96078e-12,-5.16371e-12,-4.06143e-12,-1.95065e-12,1.0,-8.89464e-12,-1.01393e-11,-1.54039e-11,-1.32568e-11,-1.10297e-11,-8.67946e-12,-6.23212e-12,-6.65411e-12,-7.33389e-12,-8.87353e-12,-1.44079e-11,-1.19147e-11,-8.78111e-12,-4.68556e-12,1.00615e-12,1.01693e-11,3.08625e-11,3.79168e-12,-1.48924e-11,-9.76483e-12,-1.05798e-11,-9.24186e-12,-8.32629e-12,-7.72572e-12,-7.54419e-12,-7.14666e-12,-8.93034e-12,-9.46552e-12,-9.30353e-12,-8.69658e-12,-4.53624e-12,-5.21218e-12,-3.10022e-12,-1.37909e-11,-2.02977e-11,-1.8803e-11,-1.74868e-11,-1.63282e-11,3.42772e-12,3.59155e-11,4.83223e-11,-5.5804e-12,-1.88994e-11,-1.82558e-11,-2.59641e-11,-2.91716e-12,-2.93577e-12,-2.92942e-12,-2.95962e-12,-2.92824e-12,-3.76382e-12,-3.78695e-12,-1.63742e-12,-1.34555e-12,-8.90069e-13,-1.08234e-12,-7.06574e-13,-1.52778e-12,-9.17877e-12,-6.84123e-12,-4.0667e-12,-9.8257e-14,3.86558e-12,1.19817e-11,2.47753e-11,-2.11001e-12,-2.04606e-12,-7.79352e-13,-2.19964e-12,-1.86546e-12,-1.59408e-12,-1.45592e-12,-1.33033e-12,-9.9312e-13,-1.7673e-12,-2.2592e-12,-1.93199e-12,-1.32875e-12,-6.65158e-13,-7.06164e-13,-2.70485e-13,-9.41128e-13,-7.36884e-12,-5.48947e-12,-3.19565e-12,1.52115e-13,3.47192e-12,1.04509e-11,2.11781e-11,-1.813e-12,-4.74937e-12,-3.41791e-12,-3.69996e-12,-2.50826e-12,-8.78074e-13,1.0,-1.53365e-11,-1.24671e-11,-1.38233e-11,-1.25831e-11,-1.10967e-11,-9.41055e-12,-4.06096e-12,-3.62834e-12,-1.75421e-12,-1.3026e-11,-1.90007e-11,-1.75326e-11,-1.63051e-11,-1.50092e-11,4.22633e-12,3.59044e-11,4.0868e-11,-4.08354e-13,-5.84383e-12,-3.6811e-12,-3.73573e-12,-2.98351e-12,-2.60864e-12,-2.54147e-12,-2.57052e-12,-2.61292e-12,-3.3252e-12,-3.18612e-12,-2.49739e-12,-1.74405e-12,-1.11021e-12,-1.37227e-12,-2.15227e-12,-9.96677e-12,-7.84891e-12,-5.62484e-12,-2.8737e-12,1.20184e-12,5.18553e-12,1.33206e-11,2.66833e-11,-6.71476e-12,-1.60332e-11,-1.3927e-11,-1.9226e-11,-2.65952e-11,-2.99098e-12,-3.38763e-12,-3.63595e-12,-3.68229e-12,-3.9429e-12,-3.27463e-12,-1.37165e-12,-1.6882e-12,-1.13471e-12,-1.5443e-12,-2.40539e-12,-1.05226e-11,-8.29385e-12,-5.93535e-12,-3.0122e-12,1.24445e-12,5.39876e-12,1.39831e-11,2.7738e-11,6.30522e-12,-6.69673e-12,-6.35413e-12,-6.02903e-12,-5.74847e-12,-5.46059e-12,-4.00958e-12,1.0,8.61781e-13,-1.12439e-11,-1.63006e-11,-1.42453e-11,-1.21178e-11,-9.9603e-12,-7.946e-12,-6.78883e-12,-1.24057e-11,-1.0783e-11,-8.83322e-12,-6.30704e-12,-2.88449e-12,2.10506e-12,1.0431e-11,2.96811e-11,-3.69695e-12,-3.51995e-12,-1.44992e-12,-3.50313e-12,-2.98256e-12,-2.57368e-12,-2.37959e-12,-2.20878e-12,-1.69528e-12,-2.86088e-12,-3.57715e-12,-3.09769e-12,-2.24784e-12,-1.31284e-12,-1.44172e-12,-8.0514e-13,-1.68743e-12,-1.03367e-11,-7.84052e-12,-4.80416e-12,-3.38707e-13,3.9766e-12,1.33691e-11,2.68957e-11,2.0131e-12,-7.77979e-12,-6.36268e-12,-5.7336e-12,-4.33781e-12,-2.34553e-12,1.0,-1.3336e-11,-1.21807e-11,-1.55479e-11,-1.4156e-11,-1.23779e-11,-1.02338e-11,-7.50329e-12,-2.79572e-12,-1.28935e-12,-1.43533e-11,-2.30959e-11,-2.19401e-11,-2.10511e-11,-2.0536e-11,-2.47396e-12,3.14128e-11,8.00193e-11,3.91892e-12,-6.92111e-12,-6.14006e-12,-5.18014e-12,-4.13818e-12,-2.15655e-12,1.0,-7.60001e-12,-9.5707e-12,-1.53163e-11,-1.34253e-11,-1.14839e-11,-9.51205e-12,-7.59544e-12,-6.01874e-12,-7.77263e-12,-1.31832e-11,-1.14731e-11,-9.32841e-12,-6.57694e-12,-2.89184e-12,2.41116e-12,1.11225e-11,3.07668e-11,1.82273e-13,-5.22282e-12,-2.9348e-12,-3.44983e-12,-2.74934e-12,-2.34235e-12,-2.16622e-12,-2.05123e-12,-1.96345e-12,-2.94198e-12,-3.45773e-12,-2.9967e-12,-2.24941e-12,-1.41862e-12,-1.34028e-12,-7.89847e-13,-1.66025e-12,-1.01268e-11,-7.63523e-12,-4.63731e-12,-3.08259e-13,3.99814e-12,1.27303e-11,2.67745e-11,7.01461e-12,-1.60961e-11,-1.00817e-11,-1.14429e-11,-9.74441e-12,-8.46449e-12,-7.82693e-12,-7.92364e-12,-8.76594e-12,-9.22437e-12,-9.04663e-12,-8.45347e-12,-7.26693e-12,-4.98326e-12,-3.07352e-12,-2.06053e-12,-2.37873e-11,-2.28958e-11,-2.22665e-11,-2.18708e-11,-2.18386e-11,-6.37119e-12,2.49018e-11,1.14724e-10,-1.6515e-11,-1.6431e-11,-1.96697e-11,-2.54071e-11,-2.96521e-12,-3.36493e-12,-3.54641e-12,-3.74398e-12,-3.85956e-12,-4.14626e-12,-3.56915e-12,-1.63928e-12,-1.07186e-12,-7.35944e-13,-1.34765e-12,-2.27335e-12,-1.00132e-11,-7.90541e-12,-5.65377e-12,-2.80738e-12,1.46733e-12,5.30873e-12,1.32931e-11,2.65781e-11,1.0,-2.71943e-12,2.65728e-11,2.64215e-11,2.66673e-11,1.0,2.85439e-11,2.10453e-11,1.43799e-11,1.44068e-11,1.44068e-11,1.44068e-11,1.44068e-11,1.44069e-11,1.44066e-11,1.44068e-11,1.44068e-11,1.44068e-11,1.44068e-11,1.44068e-11,1.44068e-11,1.44068e-11,1.44069e-11,1.44069e-11,1.0,-3.39066e-12,2.64351e-11,2.60771e-11,2.61027e-11,2.64045e-11,1.0,2.56603e-11,2.05301e-11,1.43302e-11,1.43301e-11,1.43301e-11,1.43301e-11,1.43284e-11,1.43299e-11,1.43301e-11,1.43301e-11,1.43301e-11,1.43298e-11,1.43302e-11,1.43301e-11,1.43301e-11,1.43284e-11,1.43297e-11,1.0,-2.3872e-12,2.5308e-11,2.48497e-11,2.48794e-11,2.50925e-11,1.0,1.66415e-11,1.34705e-11,1.35329e-11,1.35327e-11,1.39148e-11,1.353e-11,1.35317e-11,1.35323e-11,1.35322e-11,1.35291e-11,1.35308e-11,1.35329e-11,1.35326e-11,1.81218e-11,1.34989e-11,2.01934e-11,1.06703e-11,1.0,-2.56482e-12,2.65001e-11,2.63503e-11,2.66309e-11,1.0,3.11187e-11,2.48435e-11,1.43217e-11,1.43321e-11,1.43321e-11,1.43321e-11,1.43321e-11,1.43321e-11,1.43321e-11,1.43321e-11,1.43321e-11,1.43321e-11,1.43321e-11,1.43321e-11,1.43321e-11,1.43321e-11,1.43321e-11,1.43321e-11,1.0,3.12064e-11,2.23122e-11,1.37486e-11,1.38655e-11,1.38655e-11,1.38655e-11,1.38655e-11,1.38655e-11,1.38655e-11,1.38655e-11,1.38655e-11,1.38655e-11,1.38655e-11,1.38655e-11,1.38655e-11,1.38655e-11,1.38655e-11,1.38655e-11,1.38655e-11,1.38655e-11,1.38655e-11,1.38655e-11,1.38655e-11,2.93578e-11,1.24117e-11,1.24841e-11,1.24841e-11,1.24841e-11,1.24841e-11,1.24841e-11,1.24841e-11,1.24841e-11,1.24841e-11,1.24841e-11,1.24841e-11,1.24841e-11,1.24841e-11,1.24841e-11,1.24841e-11,1.24841e-11,1.24841e-11,1.24841e-11,1.24841e-11,1.24841e-11,1.24841e-11,1.24841e-11,1.24841e-11,1.41065e-11,1.41368e-11,1.41368e-11,1.41371e-11,1.41371e-11,1.41371e-11,1.41371e-11,1.41371e-11,1.41371e-11,1.41371e-11,1.41371e-11,1.41371e-11,1.41371e-11,1.41371e-11,1.41371e-11,1.41371e-11,1.41371e-11,1.41371e-11,1.41371e-11,1.41371e-11,1.41371e-11,1.41371e-11,1.41371e-11,1.41371e-11,3.02902e-11,1.31429e-11,1.31528e-11,1.31531e-11,1.3153e-11,1.3153e-11,1.3153e-11,1.3153e-11,1.3153e-11,1.3153e-11,1.3153e-11,1.3153e-11,1.3153e-11,1.3153e-11,1.3153e-11,1.3153e-11,1.3153e-11,1.3153e-11,1.3153e-11,1.3153e-11,1.3153e-11,1.3153e-11,1.3153e-11,1.3153e-11,1.0,3.2152e-11,2.44954e-11,1.34136e-11,1.34136e-11,1.34136e-11,1.34136e-11,1.34136e-11,1.34136e-11,1.34136e-11,1.34136e-11,1.34136e-11,1.34136e-11,1.34136e-11,1.34136e-11,1.34136e-11,1.34136e-11,1.34136e-11,1.34136e-11,1.34136e-11,1.34136e-11,1.34136e-11,1.34136e-11,1.34136e-11,3.58177e-11,1.45566e-11,1.45921e-11,1.45923e-11,1.45923e-11,1.45923e-11,1.45923e-11,1.45923e-11,1.45923e-11,1.45923e-11,1.45923e-11,1.45923e-11,1.45923e-11,1.45923e-11,1.45923e-11,1.45923e-11,1.45923e-11,1.45923e-11,1.45923e-11,1.45923e-11,1.45923e-11,1.45923e-11,1.45923e-11,1.45923e-11,1.0,3.17746e-11,2.49317e-11,1.29446e-11,1.29446e-11,1.29446e-11,1.29446e-11,1.29446e-11,1.29446e-11,1.29446e-11,1.29446e-11,1.29446e-11,1.29446e-11,1.29446e-11,1.29446e-11,1.29446e-11,1.29446e-11,1.29446e-11,1.29446e-11,1.29446e-11,1.29446e-11,1.29446e-11,1.29446e-11,1.29446e-11,1.0,-1.31387e-12,2.47152e-11,2.41713e-11,2.41865e-11,2.4207e-11,2.44755e-11,1.0,1.92175e-11,1.29622e-11,1.29642e-11,1.29315e-11,1.28679e-11,1.29525e-11,1.29669e-11,1.29669e-11,1.29521e-11,2.26066e-11,1.46792e-11,2.41963e-11,1.0,3.96427e-12,2.45199e-11,2.42052e-11,1.0,2.69224e-11,1.37862e-11,1.37922e-11,1.37955e-11,1.37957e-11,1.37959e-11,1.37958e-11,1.37959e-11,1.37959e-11,1.37959e-11,1.37959e-11,1.37959e-11,1.37959e-11,1.37956e-11,1.37959e-11,1.37959e-11,1.37959e-11,1.37959e-11,1.37959e-11,1.37959e-11,1.37959e-11,1.37959e-11,1.37959e-11,1.0,-2.82739e-12,2.65902e-11,2.63848e-11,2.6739e-11,1.0,3.05602e-11,2.46727e-11,1.43252e-11,1.43574e-11,1.43573e-11,1.43574e-11,1.43573e-11,1.43573e-11,1.43574e-11,1.43574e-11,1.43574e-11,1.43573e-11,1.43573e-11,1.43574e-11,1.43574e-11,1.43573e-11,1.43573e-11,1.43573e-11,2.99591e-11,1.46945e-11,1.4688e-11,1.46917e-11,1.46944e-11,1.46947e-11,1.46947e-11,1.46947e-11,1.46947e-11,1.46947e-11,1.46947e-11,1.46947e-11,1.46947e-11,1.46947e-11,1.46947e-11,1.46947e-11,1.46947e-11,1.46947e-11,1.46947e-11,1.46947e-11,1.46947e-11,1.46947e-11,1.46947e-11,1.46946e-11,1.0,3.36453e-11,2.68824e-11,1.36855e-11,1.37329e-11,1.37329e-11,1.37329e-11,1.37329e-11,1.37329e-11,1.37329e-11,1.37329e-11,1.37329e-11,1.37329e-11,1.37329e-11,1.37329e-11,1.37329e-11,1.37329e-11,1.37329e-11,1.37329e-11,1.37329e-11,1.37329e-11,1.37329e-11,1.37329e-11,1.37329e-11,1.0,-2.70959e-12,2.63136e-11,2.61632e-11,2.64389e-11,1.0,3.14025e-11,2.53509e-11,1.42031e-11,1.42737e-11,1.42737e-11,1.42737e-11,1.42737e-11,1.42737e-11,1.42737e-11,1.42737e-11,1.42737e-11,1.42737e-11,1.42737e-11,1.42737e-11,1.42737e-11,1.42737e-11,1.42737e-11,1.42737e-11,2.4998e-11,1.16095e-11,2.00391e-11,9.67929e-12,2.22051e-11,2.23153e-11,1.0,2.17543e-11,1.76227e-11,1.16576e-11,1.16579e-11,1.16579e-11,1.16579e-11,1.16566e-11,1.16572e-11,1.16579e-11,1.16579e-11,1.16579e-11,1.16577e-11,1.16579e-11,1.16579e-11,1.16579e-11,1.16566e-11,1.16577e-11,1.0,9.26634e-13,2.20318e-11,2.18687e-11,2.18762e-11,2.21386e-11,1.0,2.84627e-11,2.49825e-11,1.15374e-11,1.15374e-11,1.15374e-11,1.15374e-11,1.15374e-11,1.15374e-11,1.15374e-11,1.15374e-11,1.15374e-11,1.15374e-11,1.15374e-11,1.15374e-11,1.15374e-11,1.15374e-11,1.15374e-11,1.34707e-11,1.35585e-11,1.35586e-11,1.35587e-11,1.35587e-11,1.35587e-11,1.35587e-11,1.35587e-11,1.35587e-11,1.35587e-11,1.35587e-11,1.35587e-11,1.35587e-11,1.35587e-11,1.35587e-11,1.35587e-11,1.35587e-11,1.35587e-11,1.35587e-11,1.35587e-11,1.35587e-11,1.35587e-11,1.35587e-11,1.35587e-11,1.13028e-11,1.13037e-11,1.13038e-11,1.13038e-11,1.13039e-11,1.13039e-11,1.13039e-11,1.13039e-11,1.13039e-11,1.13039e-11,1.13039e-11,1.13039e-11,1.13039e-11,1.13039e-11,1.13039e-11,1.13039e-11,1.13039e-11,1.13039e-11,1.13039e-11,1.13039e-11,1.13039e-11,1.13039e-11,1.13039e-11,1.13039e-11,1.0,2.85276e-11,1.97408e-11,1.27542e-11,1.27553e-11,1.27553e-11,1.27553e-11,1.27553e-11,1.27553e-11,1.27553e-11,1.27553e-11,1.27553e-11,1.27553e-11,1.27553e-11,1.27553e-11,1.27553e-11,1.27553e-11,1.27553e-11,1.27553e-11,1.27553e-11,1.27553e-11,1.27553e-11,1.27553e-11,1.27553e-11,1.0,3.63655e-11,2.95062e-11,1.45925e-11,1.45927e-11,1.45927e-11,1.45927e-11,1.45927e-11,1.45927e-11,1.45927e-11,1.45927e-11,1.45927e-11,1.45927e-11,1.45927e-11,1.45927e-11,1.45927e-11,1.45927e-11,1.45927e-11,1.45927e-11,1.45927e-11,1.45927e-11,1.45927e-11,1.45927e-11,1.45927e-11,3.04709e-11,1.35802e-11,1.35809e-11,1.3581e-11,1.3581e-11,1.3581e-11,1.3581e-11,1.3581e-11,1.3581e-11,1.3581e-11,1.3581e-11,1.3581e-11,1.3581e-11,1.3581e-11,1.3581e-11,1.3581e-11,1.3581e-11,1.3581e-11,1.3581e-11,1.3581e-11,1.3581e-11,1.3581e-11,1.3581e-11,1.3581e-11,1.0,2.70026e-11,1.37367e-11,1.37376e-11,1.37384e-11,1.37384e-11,1.37383e-11,1.37384e-11,1.37383e-11,1.37383e-11,1.37383e-11,1.37383e-11,1.37383e-11,1.37381e-11,1.37384e-11,1.37383e-11,1.37383e-11,1.37383e-11,1.37383e-11,1.37383e-11,1.37383e-11,1.37383e-11,1.37381e-11,1.37381e-11,2.60645e-11,1.1687e-11,2.10122e-11,1.17014e-11,2.21189e-11,2.22162e-11,1.0,2.29931e-11,1.8604e-11,1.16901e-11,1.16907e-11,1.16907e-11,1.16907e-11,1.16899e-11,1.16901e-11,1.16907e-11,1.16907e-11,1.16907e-11,1.16906e-11,1.16907e-11,1.16907e-11,1.16907e-11,1.16899e-11,1.16904e-11,1.0,-8.14058e-13,2.36364e-11,2.34898e-11,2.37086e-11,1.0,2.68722e-11,2.07259e-11,1.26258e-11,1.26303e-11,1.26303e-11,1.26303e-11,1.26303e-11,1.26303e-11,1.26303e-11,1.26303e-11,1.26303e-11,1.26303e-11,1.26303e-11,1.26303e-11,1.26303e-11,1.26303e-11,1.26303e-11,1.26303e-11,1.51485e-11,1.51507e-11,1.5151e-11,1.51511e-11,1.51511e-11,1.51511e-11,1.51511e-11,1.51511e-11,1.51511e-11,1.51511e-11,1.51511e-11,1.51511e-11,1.51511e-11,1.51511e-11,1.51511e-11,1.51511e-11,1.51511e-11,1.51511e-11,1.51511e-11,1.51511e-11,1.51511e-11,1.51511e-11,1.51511e-11,1.51511e-11,1.0,-2.39137e-12,2.60222e-11,2.56963e-11,2.57162e-11,2.59394e-11,1.0,1.99156e-11,1.50805e-11,1.39398e-11,1.39378e-11,1.39392e-11,1.39391e-11,1.39318e-11,1.39397e-11,1.39396e-11,1.39394e-11,1.39359e-11,1.39393e-11,1.39398e-11,1.39376e-11,1.39396e-11,1.39145e-11,1.39395e-11,1.0,-6.96978e-13,2.34373e-11,2.29393e-11,2.29818e-11,2.32562e-11,1.0,1.92841e-11,1.59784e-11,1.2264e-11,1.22665e-11,1.22618e-11,1.2267e-11,1.22627e-11,1.22662e-11,1.22659e-11,1.22634e-11,1.22644e-11,1.22672e-11,1.2267e-11,1.22488e-11,2.15695e-11,2.73285e-11,1.67516e-11,2.76792e-11,1.25893e-11,1.25764e-11,1.2586e-11,1.25893e-11,1.25893e-11,1.25893e-11,1.25893e-11,1.25893e-11,1.25893e-11,1.25893e-11,1.25893e-11,1.25893e-11,1.25893e-11,1.25893e-11,1.25893e-11,1.25893e-11,1.25893e-11,1.25893e-11,1.25893e-11,1.25893e-11,1.25893e-11,1.25893e-11,1.25893e-11,1.0,2.90638e-11,1.99485e-11,1.25629e-11,1.25629e-11,1.2563e-11,1.2563e-11,1.2563e-11,1.2563e-11,1.2563e-11,1.2563e-11,1.2563e-11,1.2563e-11,1.2563e-11,1.2563e-11,1.2563e-11,1.2563e-11,1.2563e-11,1.2563e-11,1.2563e-11,1.2563e-11,1.2563e-11,1.2563e-11,1.2563e-11,1.0,2.8746e-11,2.09157e-11,1.23078e-11,1.23127e-11,1.23127e-11,1.23127e-11,1.23127e-11,1.23127e-11,1.23127e-11,1.23127e-11,1.23127e-11,1.23127e-11,1.23127e-11,1.23127e-11,1.23127e-11,1.23127e-11,1.23127e-11,1.23127e-11,1.23127e-11,1.23127e-11,1.23127e-11,1.23127e-11,1.23127e-11,1.0,3.0279e-11,2.54144e-11,1.15334e-11,1.15335e-11,1.15335e-11,1.15335e-11,1.15335e-11,1.15335e-11,1.15335e-11,1.15335e-11,1.15335e-11,1.15335e-11,1.15335e-11,1.15335e-11,1.15335e-11,1.15335e-11,1.15335e-11,1.15335e-11,1.15335e-11,1.15335e-11,1.15335e-11,1.15335e-11,1.15335e-11,2.46273e-11,1.09525e-11,1.09466e-11,1.09501e-11,1.09525e-11,1.09525e-11,1.09525e-11,1.09525e-11,1.09525e-11,1.09525e-11,1.09525e-11,1.09525e-11,1.09525e-11,1.09525e-11,1.09525e-11,1.09525e-11,1.09525e-11,1.09525e-11,1.09525e-11,1.09525e-11,1.09525e-11,1.09525e-11,1.09525e-11,1.09525e-11,1.0,-2.3934e-12,2.55246e-11,2.53769e-11,2.56325e-11,1.0,3.03085e-11,2.4218e-11,1.38156e-11,1.38362e-11,1.38362e-11,1.38362e-11,1.38362e-11,1.38362e-11,1.38362e-11,1.38362e-11,1.38362e-11,1.38362e-11,1.38362e-11,1.38362e-11,1.38362e-11,1.38362e-11,1.38362e-11,1.38362e-11,3.25008e-11,2.62028e-11,1.2627e-11,1.26292e-11,1.26292e-11,1.26292e-11,1.26292e-11,1.26292e-11,1.26292e-11,1.26292e-11,1.26292e-11,1.26292e-11,1.26292e-11,1.26292e-11,1.26292e-11,1.26292e-11,1.26292e-11,1.26292e-11,1.26292e-11,1.26292e-11,1.26292e-11,1.26292e-11,1.26292e-11,1.26292e-11,1.13958e-11,2.42889e-11,2.65384e-11,1.9995e-11,2.19769e-11,2.19168e-11,1.0,2.10792e-11,1.70466e-11,1.13963e-11,1.13964e-11,1.13964e-11,1.13964e-11,1.13954e-11,1.13958e-11,1.13964e-11,1.13964e-11,1.13964e-11,1.13963e-11,1.13964e-11,1.13964e-11,1.13964e-11,1.13954e-11,1.13961e-11,1.19243e-12,0.349632,-8.77252e-12,1.36566e-11,1.02333e-10,0.239694,0.589325,0.938957,1.0,1.0,1.0,1.0,1.0,0.58489,0.934522,1.0,1.0,1.0,1.0,1.0,1.0,1.0,0.58489,0.16978,7.44645e-12,7.74392e-12,6.65647e-12,7.28299e-12,8.24061e-12,9.33658e-12,1.05122e-11,1.21525e-11,1.47071e-11,1.78121e-11,2.56721e-11,0.445099,0.890199,0.975303,1.0,1.0,1.0,1.0,1.0,1.0,1.0,1.0,0.982709,0.713191,0.884112,1.0,1.0,1.0,1.0,1.0,1.0,1.0,1.0,1.0,1.0,1.0,1.0,1.0,1.0,1.0,1.0,1.0,1.0,1.0,1.0,1.0,1.0,1.0,4.9467e-12,4.53822e-12,3.08076e-12,3.98455e-12,5.92908e-12,8.943e-12,5.16463e-12,0.347313,0.694626,1.0,1.0,1.0,1.0,0.65318,0.952826,1.0,1.0,1.0,0.753413,0.929759,1.0,1.0,0.65318,0.306359,0.635801,0.363063,-4.78149e-13,1.25556e-11,1.05375e-10,0.11383,0.129728,0.541936,1.0,1.0,1.0,0.726125,0.363063,1.30022e-11,1.42868e-11,1.23081e-11,1.16348e-11,9.85856e-12,9.05827e-12,9.98029e-12,1.33725e-11,1.09336e-11,5.23732e-12,8.17187e-13,8.65731e-12,9.93995e-12,9.83979e-12,1.11467e-11,1.29527e-11,1.6028e-11,2.05348e-11,0.407434,0.814867,1.0,1.0,1.0,1.0,1.0,1.0,1.0,1.0,1.0,1.0,1.0,1.0,1.0,1.0,1.0,9.34418e-12,1.09211e-11,1.11279e-11,1.22532e-11,1.34781e-11,1.50567e-11,1.78709e-11,3.20477e-11,0.48571,0.971421,1.0,1.0,1.0,1.0,1.0,1.0,1.0,1.0,1.0,1.0,1.0,1.0,1.0,1.0,1.46847e-12,0.456625,0.0719891,0.443982,0.900607,1.0,1.0,1.0,1.0,1.0,1.0,1.0,1.0,0.950749,1.0,0.769272,0.384636,3.21831e-11,1.85482e-11,1.55003e-11,1.74676e-11,1.49358e-11,9.88207e-12,6.60497e-12,2.02382e-12,-1.75935e-12,-6.24161e-12,-7.25405e-12,-7.15766e-12,-6.42315e-12,-5.21393e-12,-3.15328e-12,-2.48879e-14,1.73552e-12,2.44138e-12,4.11224e-12,1.78937e-12,-5.16466e-13,-5.56445e-13,2.00736e-13,1.17813e-12,2.6653e-13,3.82801e-14,1.57942e-12,5.75663e-12,2.94455e-12,-3.33839e-12,-7.23171e-12,0.914642,1.0,0.56174,1.0,1.0,1.0,1.0,1.0,1.0,1.0,1.0,1.0,1.0,1.0,1.0,1.0,1.0,1.0,1.0,1.0,1.0,1.0,1.0,1.0,0.758786,0.617061,0.279601,0.314598,0.725086,1.0,1.0,1.0,1.0,1.0,1.0,1.0,0.674919,0.33746,1.26709e-11,1.52794e-11,1.39481e-11,1.2023e-11,1.12523e-11,1.22038e-11,1.57629e-11,1.37253e-11,8.97997e-12,5.8137e-12,0.737149,0.605163,0.197895,0.250445,0.655475,0.839313,0.846126,1.0,1.0,1.0,1.0,1.0,1.0,0.640875,1.0,1.0,1.0,1.0,1.0,1.0,1.0,1.0,0.648184,0.382217,0.978335,0.529266,0.0801971,2.76155e-11,-8.02864e-12,9.66434e-12,8.0874e-12,8.4091e-12,1.01748e-11,1.10047e-11,1.11913e-11,1.25115e-11,1.0369e-11,7.81273e-12,7.79973e-12,9.0157e-12,9.76247e-12,9.02161e-12,8.81998e-12,1.01043e-11,1.37667e-11,1.12435e-11,5.36141e-12,1.08486e-12,0.95303,0.524723,0.0964165,-1.43606e-11,8.94841e-14,-1.70559e-12,-1.9826e-12,-8.70195e-13,1.4791e-12,2.76316e-12,3.21703e-12,4.85089e-12,2.43017e-12,-2.34996e-13,-3.696e-13,7.99982e-13,1.5497e-12,7.98307e-13,6.13145e-13,1.99404e-12,5.82008e-12,3.17024e-12,-2.8434e-12,-6.83699e-12,0.887549,0.483194,-1.35067e-11,2.93375e-12,1.95364e-12,2.1124e-12,3.0005e-12,4.78861e-12,7.47372e-12,8.82467e-12,9.2931e-12,1.09022e-11,8.7018e-12,6.23535e-12,6.13656e-12,7.30831e-12,8.50408e-12,7.81776e-12,7.61825e-12,8.80179e-12,1.21921e-11,9.71094e-12,3.98376e-12,-3.0084e-13,0.979501,0.620811,0.262121,-1.4954e-11,1.52047e-12,-7.52345e-13,-1.25499e-12,-2.48333e-13,2.05976e-12,3.29538e-12,3.70794e-12,5.33047e-12,2.88818e-12,1.87605e-13,5.53926e-14,1.23665e-12,1.97509e-12,1.22535e-12,1.03487e-12,2.42323e-12,6.34111e-12,3.67794e-12,-2.5068e-12,-6.61482e-12,1.06558e-11,1.20468e-11,1.16507e-11,1.33178e-11,1.58189e-11,2.01501e-11,2.18337e-11,0.497231,0.994462,1.0,1.0,1.0,1.0,1.0,1.0,1.0,1.0,1.0,1.0,1.0,1.0,1.0,1.0,1.0,0.737373,1.0,0.57259,0.953161,1.0,1.0,1.0,1.0,1.0,1.0,1.0,1.0,1.0,1.0,1.0,1.0,1.0,1.0,1.0,1.0,1.0,1.0,1.0,1.0,0.655991,0.435326,-1.26573e-11,6.46396e-12,4.93329e-12,4.76109e-12,5.41607e-12,7.02279e-12,9.57134e-12,1.08664e-11,1.13148e-11,1.28387e-11,1.06875e-11,8.288e-12,8.29612e-12,9.50517e-12,1.02462e-11,9.50866e-12,9.30152e-12,1.05866e-11,1.42906e-11,1.17807e-11,5.88225e-12,1.60241e-12,1.0,0.645446,0.290893,-6.35815e-12,9.27434e-12,8.13179e-12,8.11686e-12,9.18437e-12,1.12511e-11,1.21871e-11,1.24215e-11,1.37634e-11,1.17442e-11,9.52203e-12,9.53749e-12,1.06807e-11,1.18167e-11,1.11295e-11,1.09257e-11,1.20369e-11,1.52686e-11,1.30593e-11,8.03836e-12,4.34195e-12,5.01468e-13,-5.23298e-12,-1.06633e-11,-1.18363e-11,-1.18686e-11,-1.14053e-11,-1.0636e-11,-9.15019e-12,-6.61325e-12,-5.34435e-12,-4.94873e-12,-3.45776e-12,-5.69772e-12,-8.15753e-12,-8.29894e-12,-7.20138e-12,-6.03595e-12,-6.72629e-12,-6.89535e-12,-5.64657e-12,-2.06745e-12,-4.27128e-12,-9.07156e-12,-1.16268e-11,0.6031,0.458477,-7.86226e-12,8.92882e-12,7.76341e-12,7.69795e-12,8.27742e-12,9.66026e-12,1.18865e-11,1.2905e-11,1.31586e-11,1.45711e-11,1.26538e-11,1.05376e-11,1.06382e-11,1.18095e-11,1.25418e-11,1.18268e-11,1.16201e-11,1.28015e-11,1.62612e-11,1.40468e-11,8.93102e-12,5.28278e-12,0.849796,1.0,0.524157,0.930503,1.0,1.0,1.0,1.0,1.0,1.0,1.0,1.0,1.0,1.0,1.0,1.0,1.0,1.0,1.0,1.0,0.951686,0.475843,8.70528e-11,2.71738e-11,1.02224e-11,1.09657e-11,1.00132e-11,1.16947e-11,1.44953e-11,1.92392e-11,1.82871e-11,0.411882,0.823763,1.0,1.0,1.0,1.0,1.0,1.0,1.0,1.0,1.0,1.0,1.0,1.0,1.0,1.0,1.0,0.687,0.494553,3.2971e-12,3.83142e-11,1.15034e-9,0.161541,0.168483,0.526312,1.0,1.0,0.990109,1.0,0.960119,0.465566,0.526312,1.0,1.0,0.748892,0.364734,0.515418,0.989105,0.494553,4.74916e-11,2.22334e-11,0.876055,0.455365,-1.19715e-11,5.88495e-12,4.70878e-12,4.71143e-12,5.45179e-12,7.08628e-12,9.61519e-12,1.08467e-11,1.12365e-11,1.28053e-11,1.06518e-11,8.25704e-12,8.18828e-12,9.34585e-12,1.05195e-11,9.8282e-12,9.62001e-12,1.07801e-11,1.41476e-11,1.17567e-11,6.2376e-12,2.1281e-12,4.43397e-12,8.64022e-13,-3.75232e-12,-4.4094e-12,-3.91226e-12,-2.81476e-12,-1.30373e-12,9.90325e-13,4.24272e-12,5.95014e-12,6.58092e-12,8.18911e-12,5.90943e-12,3.28461e-12,3.10848e-12,4.29621e-12,5.53076e-12,4.83339e-12,4.63286e-12,5.86714e-12,9.42507e-12,6.83193e-12,7.55027e-13,-3.63499e-12,5.93147e-12,4.16577e-12,1.2295e-12,1.78142e-12,3.81077e-12,7.31398e-12,-4.99599e-12,0.442516,0.885032,1.0,0.98029,1.0,0.835009,0.402247,0.516341,0.958857,1.0,0.631486,0.198724,0.423007,0.865523,0.432762,4.91612e-11,2.23927e-11,7.16539e-12,6.24948e-12,3.5807e-12,3.84997e-12,4.84147e-12,6.11154e-12,7.50079e-12,9.36967e-12,1.18803e-11,1.30091e-11,1.33069e-11,1.47395e-11,1.28645e-11,1.07799e-11,1.0888e-11,1.20565e-11,1.27967e-11,1.2077e-11,1.18719e-11,1.30437e-11,1.64515e-11,1.42664e-11,9.2821e-12,5.74362e-12,0.935177,0.580176,0.225174,-7.0671e-12,9.52054e-12,8.23432e-12,8.14602e-12,9.19104e-12,1.12618e-11,1.22317e-11,1.24645e-11,1.39631e-11,1.19216e-11,9.68816e-12,9.74157e-12,1.09169e-11,1.16641e-11,1.09325e-11,1.07263e-11,1.19479e-11,1.5448e-11,1.31128e-11,7.77933e-12,3.92699e-12,1.15118e-11,1.25266e-11,1.17769e-11,1.29142e-11,1.45081e-11,1.67824e-11,2.0914e-11,2.79344e-11,0.462035,0.924071,1.0,1.0,1.0,1.0,1.0,1.0,1.0,1.0,1.0,1.0,1.0,1.0,1.0,1.0,4.21754e-12,8.8413e-13,-3.51366e-12,-4.16495e-12,-3.66119e-12,-2.54243e-12,-1.00363e-12,1.29442e-12,4.49457e-12,6.19165e-12,6.82508e-12,8.39912e-12,6.20036e-12,3.66778e-12,3.50381e-12,4.67363e-12,5.89368e-12,5.18697e-12,4.98917e-12,6.20435e-12,9.60922e-12,7.03336e-12,1.21109e-12,-3.068e-12,8.00001e-12,7.99866e-12,6.50412e-12,7.84267e-12,1.03158e-11,1.42105e-11,1.0704e-11,0.485626,0.971252,1.0,1.0,1.0,1.0,0.613502,1.0,1.0,1.0,1.0,0.995317,1.0,0.948068,0.474034,5.9868e-11,2.39764e-11,1.04752e-11,1.15491e-11,1.09526e-11,1.26354e-11,1.53131e-11,1.99555e-11,1.97569e-11,0.471082,0.942163,1.0,1.0,1.0,1.0,1.0,1.0,1.0,1.0,1.0,1.0,1.0,1.0,1.0,1.0,1.0,7.04004e-12,5.70626e-12,2.65628e-12,2.79318e-12,3.73772e-12,5.01191e-12,6.45035e-12,8.42401e-12,1.10952e-11,1.22985e-11,1.26101e-11,1.40159e-11,1.21033e-11,9.93808e-12,9.93215e-12,1.10568e-11,1.21868e-11,1.14933e-11,1.12855e-11,1.23895e-11,1.56126e-11,1.34299e-11,8.45706e-12,4.80652e-12,0.794517,1.0,0.557968,0.93099,1.0,1.0,1.0,1.0,1.0,1.0,1.0,1.0,1.0,1.0,1.0,1.0,1.0,1.0,1.0,1.0,0.884063,0.442032,8.68662e-11,2.60692e-11,0.646071,0.234636,-1.80305e-11,-7.78064e-12,-9.9288e-12,-1.05246e-11,-1.02694e-11,-9.07934e-12,-6.90437e-12,-5.76879e-12,-5.36706e-12,-3.73391e-12,-6.03442e-12,-8.47348e-12,-8.49799e-12,-7.34824e-12,-6.60127e-12,-7.32331e-12,-7.48317e-12,-6.13506e-12,-2.30824e-12,-4.5829e-12,-9.48444e-12,-1.20011e-11,1.93063e-11,2.63603e-11,2.19988e-11,2.36121e-11,2.89765e-11,5.0302e-11,0.346345,0.69269,1.0,1.0,1.0,1.0,1.0,0.964987,1.0,1.0,1.0,1.0,1.0,1.0,1.0,1.0,0.966409,0.914674,1.58646e-11,2.26675e-11,1.7086e-11,1.81924e-11,2.00145e-11,2.53564e-11,4.07885e-11,0.467406,0.934813,1.0,1.0,1.0,1.0,0.842419,0.980622,1.0,1.0,1.0,0.945522,0.976561,1.0,1.0,0.844313,0.775391,1.56381e-11,2.1862e-11,1.5262e-11,1.63415e-11,1.83193e-11,2.32138e-11,3.13914e-11,0.35829,0.700711,0.706802,0.578423,0.936713,0.642918,0.414384,0.496787,0.588179,0.803393,0.534118,0.475859,0.530702,0.888992,0.458392,3.51228e-11,2.45155e-11,1.95913e-11,2.68372e-11,2.23429e-11,2.40535e-11,2.99369e-11,5.37011e-11,0.361162,0.722323,1.0,1.0,1.0,1.0,1.0,1.0,1.0,1.0,1.0,1.0,1.0,1.0,1.0,1.0,1.0,1.0,2.82996e-11,0.336835,0.67367,1.0,1.0,1.0,1.0,1.0,1.0,1.0,1.0,1.0,1.0,1.0,1.0,1.0,1.0,1.0,1.0,1.0,1.0,1.0,1.0,1.0,0.577838,1.0,1.0,1.0,1.0,1.0,1.0,1.0,1.0,1.0,1.0,1.0,1.0,1.0,1.0,1.0,1.0,1.0,1.0,1.0,1.0,1.0,1.0,1.0,1.0,1.0,0.939406,1.0,1.0,1.0,1.0,1.0,1.0,1.0,1.0,1.0,1.0,1.0,1.0,1.0,1.0,1.0,1.0,1.0,1.0,1.0,1.0,1.0,0.613995,1.0,0.969097,1.0,1.0,1.0,1.0,1.0,1.0,1.0,1.0,1.0,1.0,1.0,1.0,1.0,1.0,1.0,1.0,1.0,1.0,1.0,1.0,1.0,2.87446e-11,0.472151,0.944302,1.0,1.0,1.0,1.0,1.0,1.0,1.0,1.0,1.0,1.0,1.0,1.0,1.0,1.0,1.0,1.0,1.0,1.0,1.0,1.0,1.0,0.589374,1.0,1.0,1.0,1.0,1.0,1.0,1.0,1.0,1.0,1.0,1.0,1.0,1.0,1.0,1.0,1.0,1.0,1.0,1.0,1.0,1.0,1.0,1.0,3.10679e-11,0.459288,0.918577,1.0,1.0,1.0,1.0,1.0,1.0,1.0,1.0,1.0,1.0,1.0,1.0,1.0,1.0,1.0,1.0,1.0,1.0,1.0,1.0,1.0,1.6167e-11,2.31246e-11,1.45604e-11,1.53008e-11,1.69128e-11,1.92492e-11,2.56936e-11,3.69679e-11,0.441737,0.751373,0.589567,1.0,0.675424,0.403732,0.501697,0.610347,0.336695,4.44024e-11,2.84119e-11,2.66726e-11,3.01574e-11,2.71022e-11,1.98702e-11,1.74355e-11,2.423e-11,0.365639,0.649987,0.873294,0.944703,0.97612,0.977304,1.0,1.0,1.0,1.0,1.0,1.0,0.941645,1.0,1.0,1.0,1.0,1.0,1.0,1.0,1.0,0.942915,0.896708,1.82754e-11,2.59445e-11,2.07507e-11,2.27472e-11,2.92999e-11,5.16585e-11,0.344663,0.689325,1.0,1.0,1.0,1.0,1.0,1.0,1.0,1.0,1.0,1.0,1.0,1.0,1.0,1.0,1.0,1.0,0.987883,1.0,0.675085,0.918472,0.996303,1.0,1.0,1.0,1.0,1.0,1.0,1.0,1.0,0.99297,1.0,1.0,1.0,1.0,1.0,1.0,1.0,1.0,0.994354,0.943992,2.94587e-11,0.341305,0.68261,1.0,1.0,1.0,1.0,1.0,1.0,1.0,1.0,1.0,1.0,1.0,1.0,1.0,1.0,1.0,1.0,1.0,1.0,1.0,1.0,1.0,1.89159e-11,2.57355e-11,2.14643e-11,2.31e-11,2.86371e-11,5.15013e-11,0.338611,0.677222,1.0,1.0,1.0,1.0,1.0,1.0,1.0,1.0,1.0,1.0,1.0,1.0,1.0,1.0,1.0,1.0,0.82315,0.424166,3.86152e-11,2.68858e-11,2.28677e-11,2.89006e-11,4.93544e-11,0.446917,0.893833,1.0,1.0,1.0,1.0,0.827956,0.975974,1.0,1.0,1.0,0.938382,0.971626,1.0,1.0,0.829984,0.756168,2.23017e-11,2.64675e-11,2.09532e-11,2.22518e-11,2.3935e-11,3.07277e-11,6.02992e-11,0.498262,0.996523,1.0,1.0,1.0,1.0,1.0,1.0,1.0,1.0,1.0,1.0,1.0,1.0,1.0,1.0,1.0,1.0,1.0,1.0,1.0,1.0,1.0,1.0,1.0,1.0,1.0,1.0,1.0,1.0,1.0,1.0,1.0,1.0,1.0,1.0,1.0,1.0,1.0,1.0,1.0,1.0,1.0,1.0,1.0,1.0,1.0,1.0,1.0,1.0,1.0,1.0,1.0,1.0,1.0,1.0,1.0,1.0,1.0,1.0,1.0,1.0,1.0,1.0,1.0,2.95034e-11,0.421097,0.842194,1.0,1.0,1.0,1.0,1.0,1.0,1.0,1.0,1.0,1.0,1.0,1.0,1.0,1.0,1.0,1.0,1.0,1.0,1.0,1.0,1.0,2.50805e-11,0.463091,0.926182,1.0,1.0,1.0,1.0,1.0,1.0,1.0,1.0,1.0,1.0,1.0,1.0,1.0,1.0,1.0,1.0,1.0,1.0,1.0,1.0,1.0,0.914755,1.0,1.0,1.0,1.0,1.0,1.0,1.0,1.0,1.0,1.0,1.0,1.0,1.0,1.0,1.0,1.0,1.0,1.0,1.0,1.0,1.0,1.0,1.0,2.36349e-11,0.450686,0.701099,0.897659,0.960516,0.98817,0.989212,1.0,1.0,1.0,1.0,1.0,1.0,0.957824,1.0,1.0,1.0,1.0,1.0,1.0,1.0,1.0,0.958941,0.918269,0.660658,0.406963,3.88568e-11,2.54854e-11,2.18235e-11,2.70572e-11,4.74789e-11,0.432051,0.864103,1.0,1.0,1.0,1.0,0.865164,1.0,1.0,1.0,1.0,0.970973,1.0,1.0,1.0,0.867108,0.796378,1.95459e-11,2.44293e-11,2.00012e-11,2.16689e-11,2.69072e-11,4.88983e-11,0.377696,0.755392,1.0,1.0,1.0,1.0,1.0,1.0,1.0,1.0,1.0,1.0,1.0,1.0,1.0,1.0,1.0,1.0,1.0,1.0,1.0,1.0,1.0,1.0,1.0,1.0,1.0,1.0,1.0,1.0,1.0,1.0,1.0,1.0,1.0,1.0,1.0,1.0,1.0,1.0,1.0,1.0,1.76358e-11,2.50232e-11,1.87824e-11,1.98848e-11,2.17536e-11,2.71753e-11,4.05041e-11,0.46862,0.93724,0.98839,0.8258,1.0,0.912073,0.639064,0.737504,0.846681,1.0,0.782099,0.712503,0.734612,1.0,0.973072,0.640413,0.591322,1.65001e-11,2.21252e-11,1.41344e-11,1.53364e-11,1.79487e-11,2.43829e-11,3.64095e-11,0.372995,0.74599,0.955075,0.751144,1.0,0.859354,0.516929,0.640398,0.777335,1.0,0.696333,0.609041,0.636771,0.958856,0.479428,4.87992e-11,2.99095e-11,0.936001,1.0,0.692354,1.0,1.0,1.0,1.0,1.0,1.0,1.0,1.0,1.0,1.0,1.0,1.0,1.0,1.0,1.0,1.0,1.0,1.0,1.0,1.0,1.0,3.3243e-11,0.474934,0.949868,1.0,1.0,1.0,1.0,1.0,1.0,1.0,1.0,1.0,1.0,1.0,1.0,1.0,1.0,1.0,1.0,1.0,1.0,1.0,1.0,1.0,2.90141e-11,0.376939,0.753877,1.0,1.0,1.0,1.0,1.0,1.0,1.0,1.0,1.0,1.0,1.0,1.0,1.0,1.0,1.0,1.0,1.0,1.0,1.0,1.0,1.0,3.64134e-11,0.498451,0.996901,1.0,1.0,1.0,1.0,1.0,1.0,1.0,1.0,1.0,1.0,1.0,1.0,1.0,1.0,1.0,1.0,1.0,1.0,1.0,1.0,1.0,0.96909,1.0,0.791143,1.0,1.0,1.0,1.0,1.0,1.0,1.0,1.0,1.0,1.0,1.0,1.0,1.0,1.0,1.0,1.0,1.0,1.0,1.0,1.0,1.0,1.84777e-11,2.45176e-11,2.04302e-11,2.20111e-11,2.71638e-11,4.88774e-11,0.348114,0.696228,1.0,1.0,1.0,1.0,1.0,1.0,1.0,1.0,1.0,1.0,1.0,1.0,1.0,1.0,1.0,1.0,0.482791,0.832904,1.0,1.0,1.0,1.0,1.0,1.0,1.0,1.0,1.0,1.0,1.0,1.0,1.0,1.0,1.0,1.0,1.0,1.0,1.0,1.0,1.0,1.0,0.866616,0.433308,5.85504e-11,3.11503e-11,2.4142e-11,3.00722e-11,5.14618e-11,0.466198,0.932396,1.0,1.0,1.0,1.0,0.846565,0.998578,1.0,1.0,1.0,0.959971,0.994112,1.0,1.0,0.848648,0.77284,1.0,1.0,1.0,1.0,1.0,1.0,1.0,1.0,1.0,1.0,1.0,1.0,1.0,1.0,1.0,1.0,1.0,1.0,1.0,1.0,1.0,1.0,1.0,1.0,1.00258e-14,1.07362e-14,2.08245e-14,2.40091e-14,8.4867e-15,1.92623e-14,2.85362e-14,4.63785e-14,8.26277e-14,1.37479e-13,1.0,1.0,1.0,1.0,1.0,1.0,1.0,1.0,1.0,1.0,1.0,1.0,1.0,1.0,1.0,1.0,1.0,1.0,1.0,1.0,1.0,1.0,1.0,1.0,1.0,1.0,1.0,1.0,1.0,1.0,1.0,1.0,1.0,1.0,1.0,1.0,1.0,1.0,1.37951e-14,1.67993e-14,2.79087e-14,3.25933e-14,2.15499e-14,5.00392e-14,1.0,1.0,1.0,1.0,1.0,1.0,1.0,1.0,1.0,1.0,1.0,1.0,1.0,1.0,1.0,1.0,1.0,1.0,1.0,1.0,1.0,1.0,1.0,1.0,1.0,1.0,1.0,1.0,1.0,1.0,1.0,1.0,2.08855e-13,1.88828e-13,2.28329e-13,2.54443e-13,3.45325e-13,5.19864e-13,8.54225e-13,6.38547e-13,4.37579e-13,3.55083e-13,9.94362e-15,7.11861e-15,1.41958e-14,1.50656e-14,-2.81142e-15,3.36286e-14,1.0,1.0,1.0,1.0,1.0,1.0,1.0,1.0,1.0,1.0,1.0,1.0,1.0,1.0,1.0,1.0,1.0,1.0,4.69366e-15,2.85581e-15,9.5926e-15,1.1774e-14,-4.63863e-15,6.44264e-15,4.14267e-14,1.0,1.0,1.0,1.0,1.0,1.0,1.0,1.0,1.0,1.0,1.0,1.0,1.0,1.0,1.0,1.0,1.0,1.0,1.0,1.0,1.0,1.0,1.0,1.0,1.0,1.0,1.0,1.0,1.0,1.0,1.0,1.0,1.0,1.0,1.0,5.04055e-13,5.93694e-13,8.91271e-13,6.5328e-13,4.45382e-13,3.5948e-13,2.05031e-14,2.53186e-14,3.75187e-14,4.08153e-14,2.548e-14,3.33134e-14,3.80996e-14,4.92106e-14,7.06855e-14,7.39059e-14,8.66586e-14,1.25332e-13,9.4523e-14,8.45148e-14,8.92221e-14,1.36232e-13,1.94894e-13,2.44207e-13,3.42491e-13,5.16941e-13,8.27616e-13,6.25708e-13,4.3871e-13,3.59946e-13,1.0,1.0,1.0,1.0,1.0,1.0,1.0,1.0,1.0,1.0,1.0,1.0,1.0,1.0,1.0,1.0,1.0,1.0,1.0,1.0,1.0,1.0,1.0,1.0,1.0,1.0,1.0,1.0,1.0,1.0,1.0,1.0,1.0,1.0,1.0,1.0,1.0,1.0,1.0,1.32491e-13,1.89356e-13,2.22938e-13,3.20062e-13,4.97737e-13,8.47686e-13,6.27746e-13,4.26526e-13,3.4738e-13,1.0,1.0,1.0,1.0,1.0,1.0,1.0,1.0,1.0,1.0,1.0,1.0,1.0,1.0,1.0,1.0,1.0,1.0,1.0,1.0,1.0,1.0,1.0,1.0,1.0,1.0,1.0,1.0,1.0,1.88786e-14,2.52011e-14,3.91121e-14,6.26549e-14,6.52729e-14,7.70425e-14,1.1812e-13,8.37452e-14,6.8977e-14,7.07894e-14,1.18242e-13,1.72362e-13,2.14403e-13,3.04763e-13,4.72534e-13,7.82413e-13,5.80136e-13,3.90996e-13,3.12404e-13,1.0,1.0,1.0,1.0,3.09032e-14,3.7998e-14,4.24052e-14,5.30887e-14,7.25963e-14,7.3817e-14,8.5118e-14,1.20627e-13,9.22403e-14,8.02884e-14,8.21486e-14,1.26886e-13,1.78449e-13,2.23263e-13,3.14156e-13,4.79178e-13,7.73273e-13,5.78791e-13,3.99708e-13,3.22863e-13,1.0,1.0,1.0,4.03205e-14,2.16225e-14,2.85962e-14,3.31594e-14,4.45154e-14,6.72686e-14,6.92478e-14,8.02733e-14,1.23926e-13,8.6608e-14,7.21839e-14,7.37862e-14,1.21724e-13,1.83547e-13,2.27694e-13,3.20394e-13,4.91045e-13,8.02748e-13,5.99522e-13,4.09484e-13,3.30162e-13,1.0,1.0,1.0,1.0,2.92251e-14,3.6965e-14,4.18372e-14,5.28152e-14,7.24205e-14,7.34552e-14,8.4585e-14,1.19694e-13,9.14209e-14,7.91136e-14,8.05071e-14,1.24445e-13,1.7481e-13,2.18416e-13,3.07705e-13,4.70955e-13,7.64176e-13,5.69962e-13,3.90676e-13,3.13987e-13,1.23624e-14,1.26724e-14,2.54712e-14,3.19837e-14,2.50455e-14,8.54689e-14,1.0,1.0,1.0,1.0,1.0,1.0,1.0,1.0,1.0,1.0,1.0,1.0,1.0,1.0,1.0,1.0,1.0,1.0,1.0,1.0,1.0,1.0,1.0,1.0,1.0,1.0,1.0,1.0,1.0,1.0,1.0,1.0,1.0,1.0,1.0,1.0,1.0,1.0,1.0,1.0,1.0,1.0,1.0,1.0,1.0,4.03167e-14,2.08014e-14,2.77325e-14,3.22795e-14,4.35541e-14,6.54976e-14,6.65223e-14,7.75107e-14,1.19245e-13,8.33679e-14,6.85064e-14,7.00179e-14,1.17138e-13,1.71067e-13,2.13166e-13,3.03245e-13,4.70831e-13,7.81971e-13,5.79174e-13,3.89334e-13,3.10548e-13,1.0,1.0,1.0,1.0,1.01415e-14,1.81105e-14,2.34995e-14,3.56413e-14,6.01541e-14,6.18272e-14,7.24548e-14,1.17417e-13,7.79396e-14,6.37188e-14,6.53511e-14,1.13995e-13,1.7749e-13,2.19914e-13,3.12078e-13,4.83237e-13,8.00695e-13,5.95441e-13,4.04205e-13,3.25577e-13,2.66991e-14,3.49301e-14,4.79375e-14,5.22613e-14,3.76002e-14,4.53628e-14,4.9491e-14,5.88577e-14,7.60244e-14,7.58867e-14,8.59881e-14,1.1417e-13,9.31518e-14,8.48705e-14,8.72569e-14,1.30249e-13,1.82459e-13,2.29434e-13,3.20911e-13,4.83188e-13,7.64262e-13,5.78331e-13,4.10351e-13,3.37084e-13,1.0,1.0,1.0,3.32514e-14,1.34191e-14,2.04686e-14,2.51707e-14,3.64045e-14,5.916e-14,5.99188e-14,6.99973e-14,1.16313e-13,7.69653e-14,6.23556e-14,6.45554e-14,1.13991e-13,1.71346e-13,2.13568e-13,3.05491e-13,4.76413e-13,7.9767e-13,5.90966e-13,3.98074e-13,3.19302e-13,1.0,1.0,1.0,1.0,1.0,1.0,1.0,1.0,1.0,1.0,1.0,1.0,1.0,1.0,1.0,1.0,1.0,1.0,1.0,1.0,1.0,1.0,1.0,1.82838e-12,1.64206e-14,1.49269e-14,2.44553e-14,2.6406e-14,1.07078e-14,4.32088e-14,1.0,1.0,1.0,1.0,1.0,1.0,1.0,1.0,1.0,1.0,1.0,1.0,1.0,1.0,1.0,1.0,1.0,1.0,1.0,1.0,1.0,1.0,1.0,1.0,1.0,1.0,1.0,1.0,1.0,1.0,1.0,1.0,1.0,1.0,1.0,1.0,1.0,1.0,1.0,1.0,1.0,1.95261e-12,1.0,1.0,1.0,3.40374e-14,1.66204e-14,2.4542e-14,2.96254e-14,4.14204e-14,6.46607e-14,6.60244e-14,7.6474e-14,1.19718e-13,8.25518e-14,6.77961e-14,6.87959e-14,1.15813e-13,1.76355e-13,2.18638e-13,3.09335e-13,4.77864e-13,7.88225e-13,5.85735e-13,3.96585e-13,3.17932e-13,2.13183e-14,2.58171e-14,3.78984e-14,4.11909e-14,2.52643e-14,3.32239e-14,3.81151e-14,4.87807e-14,7.07723e-14,7.27968e-14,8.3821e-14,1.20265e-13,8.93787e-14,7.60442e-14,7.6793e-14,1.21734e-13,1.78223e-13,2.21696e-13,3.11455e-13,4.76509e-13,7.74672e-13,5.77722e-13,3.94029e-13,3.15818e-13,2.10599e-14,2.47766e-14,3.71961e-14,4.16946e-14,2.85858e-14,4.61378e-14,1.0,1.0,1.0,1.0,1.0,1.0,1.0,1.0,1.0,1.0,1.0,1.0,1.0,1.0,1.0,1.0,1.0,1.81062e-12,1.36254e-14,1.59919e-14,2.74703e-14,2.9682e-14,1.24319e-14,2.05222e-14,2.59542e-14,3.75069e-14,5.90309e-14,5.96579e-14,6.956e-14,1.15727e-13,7.6477e-14,6.15027e-14,6.38744e-14,1.13508e-13,1.71007e-13,2.12581e-13,3.04468e-13,4.75392e-13,7.96087e-13,5.89576e-13,3.9721e-13,3.18852e-13,1.0,1.0,1.0,1.0,1.33648e-14,2.06922e-14,2.57862e-14,3.7536e-14,6.04951e-14,6.18231e-14,7.22349e-14,1.18507e-13,7.98558e-14,6.51618e-14,6.71308e-14,1.15866e-13,1.72373e-13,2.14607e-13,3.06127e-13,4.76398e-13,7.93583e-13,5.88282e-13,3.97269e-13,3.18573e-13,9.92271e-15,7.6641e-15,1.7185e-14,1.77075e-14,-6.05715e-16,9.57095e-15,4.59611e-14,1.0,1.0,1.0,1.0,1.0,1.0,1.0,1.0,1.0,1.0,1.0,1.0,1.0,1.0,1.0,1.0,1.0,2.07678e-14,2.51611e-14,3.67842e-14,3.9734e-14,2.34475e-14,3.12745e-14,3.61656e-14,4.74272e-14,7.03833e-14,7.3139e-14,8.45175e-14,1.23484e-13,9.04536e-14,7.68699e-14,7.85018e-14,1.25632e-13,1.85534e-13,2.30823e-13,3.23728e-13,4.93078e-13,7.97268e-13,5.97385e-13,4.11162e-13,3.32087e-13,1.67575e-14,1.78112e-14,2.96178e-14,3.37876e-14,2.21101e-14,5.57042e-14,1.0,1.0,1.0,1.0,1.0,1.0,1.0,1.0,1.0,1.0,1.0,1.0,1.0,1.0,1.0,1.0,1.0,1.92752e-12,1.1143e-14,1.01231e-14,2.06166e-14,2.29274e-14,8.47049e-15,4.78996e-14,1.0,1.0,1.0,1.0,1.0,1.0,1.0,1.0,1.0,1.0,1.0,1.0,1.0,1.0,1.0,1.0,1.0,1.0,1.69015e-14,1.85935e-14,2.9788e-14,3.16347e-14,1.3886e-14,2.13043e-14,2.60091e-14,3.75535e-14,6.17683e-14,6.24285e-14,7.19022e-14,1.16744e-13,7.79043e-14,6.33479e-14,6.46291e-14,1.13055e-13,1.76416e-13,2.18345e-13,3.1017e-13,4.80953e-13,7.98006e-13,5.93114e-13,4.01932e-13,3.23322e-13,1.0,1.0,1.0,1.0,1.0,1.0,1.0,1.0,1.0,1.0,1.0,1.0,1.0,1.0,1.0,1.0,1.0,1.0,1.0,1.0,1.0,1.0,1.0,1.83161e-12,1.0,1.0,1.0,6.77867e-14,4.68037e-14,5.13067e-14,5.36456e-14,6.21249e-14,7.74115e-14,7.66372e-14,8.6579e-14,1.15207e-13,9.37274e-14,8.51099e-14,8.75085e-14,1.30127e-13,1.794e-13,2.25347e-13,3.15822e-13,4.77109e-13,7.58196e-13,5.71951e-13,4.04231e-13,3.31428e-13,1.0,-1.37928e-14,-7.67047e-15,-1.99946e-14,-6.2311e-14,1.0,1.0,1.0,1.0,1.0,1.0,1.0,1.0,1.0,1.0,1.0,1.0,1.0,1.0,1.0,1.0,1.0,1.0,1.0,1.0,7.11686e-15,1.55294e-14,1.59635e-14,-4.56059e-15,2.95964e-14,1.0,1.0,1.0,1.0,1.0,1.0,1.0,1.0,1.0,1.0,1.0,1.0,1.0,1.0,1.0,1.0,1.0,1.0,1.0,3.50598e-15,8.00737e-15,2.20878e-15,-3.10619e-14,-5.35209e-14,1.0,1.0,1.0,1.0,1.0,1.0,1.0,1.0,1.0,1.0,1.0,1.0,1.0,1.0,1.0,1.0,1.0,2.08149e-13,1.0,-1.16218e-14,-5.45082e-15,-1.81792e-14,-5.26652e-14,1.0,1.0,1.0,1.0,1.0,1.0,1.0,1.0,1.0,1.0,1.0,1.0,1.0,1.0,1.0,1.0,1.0,1.0,1.0,1.0,1.0,1.0,1.0,1.0,1.0,1.0,1.0,1.0,1.0,1.0,1.0,1.0,1.0,1.0,1.0,1.0,1.0,1.0,1.0,1.0,1.0,1.0,1.0,1.0,1.0,1.0,1.0,1.0,1.0,1.0,1.0,1.0,1.0,1.0,1.0,1.0,1.0,1.0,1.0,1.0,1.0,1.0,1.0,1.0,1.0,1.0,1.0,1.0,1.0,1.0,1.0,1.0,1.0,1.0,1.0,1.0,1.0,1.0,1.0,1.0,1.0,1.0,1.0,1.0,1.0,1.0,1.0,1.0,1.0,1.0,1.0,1.0,1.0,1.0,1.0,1.0,1.0,1.0,1.0,1.0,1.0,1.0,1.0,1.0,1.0,1.0,1.0,1.0,1.0,1.0,1.0,1.0,1.0,1.0,1.0,1.0,1.0,1.0,1.0,1.0,1.0,1.0,1.0,1.0,1.0,1.0,1.0,1.0,1.0,1.0,1.0,1.0,1.0,1.0,1.0,1.0,1.0,1.0,1.0,1.0,1.0,1.0,1.0,1.0,1.0,1.0,1.0,1.0,1.0,1.0,1.0,1.0,1.0,1.0,1.0,1.0,1.0,1.0,1.0,1.0,1.0,1.0,1.0,1.0,1.0,1.0,1.0,1.0,1.0,1.0,1.0,1.0,1.0,1.0,1.0,1.0,1.0,1.0,1.0,1.0,1.0,1.0,1.0,1.0,1.0,1.0,1.0,1.0,1.69619e-14,2.23926e-14,2.22891e-14,1.97422e-17,9.58389e-15,2.57264e-14,1.0,1.0,1.0,1.0,1.0,1.0,1.0,1.0,1.0,1.0,1.0,3.71973e-13,4.94908e-13,1.0,6.08316e-13,3.69702e-13,2.88282e-13,1.0,1.0,1.0,1.0,1.0,1.0,1.0,1.0,1.0,1.0,1.0,1.0,1.0,1.0,1.0,1.0,1.0,1.0,1.0,1.0,1.0,1.0,1.0,1.0,1.0,-6.197e-15,-2.70994e-15,-1.69707e-14,-5.69013e-14,1.0,1.0,1.0,1.0,1.0,1.0,1.0,1.0,1.0,1.0,1.0,1.0,1.0,1.0,1.0,1.0,1.0,1.0,1.0,1.0,1.0,1.0,1.0,1.0,1.0,1.0,1.0,1.0,1.0,1.0,1.0,1.0,1.0,1.0,1.0,1.0,1.0,1.0,1.0,1.0,1.0,1.0,1.0,1.0,1.0,1.0,1.0,1.0,1.0,1.0,1.0,1.0,1.0,1.0,1.0,1.0,1.0,1.0,1.0,1.0,1.0,1.0,1.0,1.0,1.0,1.0,1.0,1.0,-1.5895e-14,-1.18562e-14,-2.91001e-14,-7.84469e-14,1.0,1.0,1.0,1.0,1.0,1.0,1.0,1.0,1.0,1.0,1.0,1.0,1.0,1.0,1.0,1.0,1.0,1.0,1.0,1.0,1.0,1.0,-3.91072e-15,-1.38663e-14,2.69393e-14,1.0,1.0,1.0,1.0,1.0,1.0,1.0,1.0,1.0,1.0,1.0,1.0,1.0,1.0,1.0,1.0,1.0,1.0,1.0,6.79425e-15,2.97055e-14,4.61042e-14,5.9208e-14,2.86926e-13,1.0,1.0,1.0,1.0,1.0,1.0,1.0,1.0,1.0,1.0,1.0,1.0,1.0,1.0,1.0,1.0,1.0,1.0,1.0,1.0,1.0,1.0,1.0,1.0,1.0,1.0,1.0,1.0,1.0,1.0,1.0,1.0,1.0,1.0,1.0,1.0,1.0,1.0,1.0,1.0,1.0,1.0,1.0,1.0,1.0,1.0,1.0,1.0,1.0,1.0,1.0,1.0,1.0,1.0,1.0,1.0,1.0,1.0,1.0,1.0,1.0,1.0,1.0,1.0,1.0,1.0,1.0,1.0,1.0,1.0,1.0,1.0,1.0,1.0,1.0,1.0,1.0,1.0,1.0,1.0,1.0,1.0,1.0,1.0,1.0,1.0,1.0,1.0,1.0,1.0,1.0,1.0,1.0,1.0,1.0,1.0,1.0,1.0,1.0,1.0,1.0,1.0,1.0,1.0,1.0,1.0,1.0,1.0,1.0,1.0,1.0,1.0,1.0,1.0,1.0,1.0,1.0,1.0,1.0,1.0,1.0,1.0,1.0,1.0,1.0,1.0,1.0,1.0,1.0,1.0,1.0,1.0,1.0,1.0,1.0,1.0,1.0,1.0,1.0,1.0,1.0,1.0,1.0,1.0,1.0,1.0,1.0,1.0,1.0,1.0,1.0,1.0,1.0,1.0,1.0,1.0,1.0,1.0,1.0,1.0,1.0,1.0,1.0,1.0,1.0,8.94006e-15,-1.2769e-14,2.47106e-14,1.0,1.0,1.0,1.0,1.0,1.0,1.0,1.0,1.0,1.0,1.0,1.0,1.0,1.0,1.0,1.0,1.0,1.0,1.0,-1.3607e-14,-4.66037e-15,-1.54539e-14,-5.0118e-14,1.0,1.0,1.0,1.0,1.0,1.0,1.0,1.0,1.0,1.0,1.0,1.0,1.0,1.0,1.0,1.0,1.0,1.0,1.0,1.0,1.0,1.0,1.0,1.0,1.0,1.0,1.0,1.0,1.0,1.0,1.0,1.0,1.0,1.0,1.0,1.0,1.0,1.0,1.0,1.0,1.0,1.0,1.0,1.0,6.22431e-15,1.48236e-14,1.45692e-14,-7.68287e-15,8.08656e-15,1.0,1.0,1.0,1.0,1.0,1.0,1.0,1.0,1.0,1.0,1.0,1.0,1.0,1.0,1.0,1.0,1.0,1.0,1.0,1.56416e-14,2.23597e-14,2.28882e-14,1.27392e-15,2.234e-14,1.0,1.0,1.0,1.0,1.0,1.0,1.0,1.0,1.0,1.0,1.0,1.0,1.0,1.0,1.0,1.0,1.0,1.55253e-12,1.0,1.0,1.0,1.0,1.0,1.0,1.0,1.0,1.0,1.0,1.0,1.0,1.0,1.0,1.0,1.0,1.0,1.0,1.0,1.0,1.0,1.0,1.0,1.0,1.0,1.0,1.0,1.0,1.0,1.0,1.0,1.0,1.0,1.0,1.0,1.0,1.0,1.0,1.0,1.0,1.0,1.0,1.0,1.0,1.0,1.0,1.0,1.0,1.0,1.0,1.0,1.0,1.0,1.0,1.0,1.0,1.0,1.0,1.0,1.0,1.0,1.0,1.0,1.0,1.0,1.0,1.0,1.0,1.0,1.0,1.0,1.0,1.0,1.0,1.0,1.0,1.0,1.0,1.0,1.0,1.0,1.0,1.0,1.0,1.0,1.0,1.0,1.0,1.0,1.0,1.0,1.0,1.0,1.0,1.0,1.0,1.0,1.0,1.0,1.0,1.0,1.0,1.0,1.0,1.0,1.0,1.0,1.0,1.0,1.0,1.0,1.0,1.0,1.0,1.0,1.0,1.0,1.0,1.0,1.0,1.0,-1.44344e-14,-8.02245e-15,-2.12586e-14,-6.00355e-14,1.0,1.0,1.0,1.0,1.0,1.0,1.0,1.0,1.0,1.0,1.0,1.0,1.0,1.0,1.0,1.0,1.0,1.0,1.0,1.0,1.0,1.0,1.0,1.0,1.0,1.0,1.0,1.0,1.0,1.0,1.0,1.0,1.0,1.0,1.0,1.0,1.0,1.0,1.0,1.0,1.0,1.0,1.0,1.0,1.0,1.0,5.5029e-14,-1.55363e-15,3.97169e-14,1.0,1.0,1.0,1.0,1.0,1.0,1.0,1.0,1.0,1.0,1.0,1.0,1.0,1.0,1.0,1.0,1.0,1.0,492.594,1.36124e-7,1.93289e-8,1.93275e-8,1.93271e-8,1.93269e-8,1.93268e-8,1.93268e-8,1.93268e-8,1.93267e-8,1.93267e-8,1.93267e-8,1.93267e-8,1.93267e-8,1.93267e-8,1.93267e-8,1.93267e-8,1.93267e-8,1.93267e-8,1.93267e-8,1.93267e-8,1.93267e-8,1.93267e-8,1.93267e-8,2.90604e-8,3.8794e-8,4.85275e-8,5.8261e-8,6.79944e-8,7.77278e-8,8.74612e-8,9.71944e-8,1.06927e-7,1.1666e-7,416.662,1.36124e-7,1.93294e-8,1.93278e-8,1.93273e-8,1.93271e-8,1.9327e-8,1.93269e-8,1.93269e-8,1.93269e-8,1.93269e-8,1.93268e-8,1.93268e-8,1.93268e-8,1.93266e-8,1.93266e-8,1.93266e-8,1.93266e-8,1.93266e-8,1.93266e-8,1.93266e-8,1.93266e-8,1.93266e-8,1.93266e-8,1.93266e-8,1.93266e-8,1.93266e-8,1.93266e-8,1.93266e-8,1.93266e-8,1.93266e-8,1.93266e-8,1.93266e-8,1.93266e-8,1.93266e-8,1.93266e-8,1.93266e-8,1.93266e-8,1.5559e-7,1.5559e-7,1.5559e-7,1.5559e-7,1.5559e-7,1.5559e-7,428.098,1.5559e-7,1.93298e-8,1.93279e-8,1.93273e-8,1.93271e-8,1.93269e-8,1.93269e-8,1.93268e-8,1.93268e-8,1.93268e-8,1.93267e-8,1.93267e-8,1.93267e-8,1.93267e-8,1.93267e-8,1.93267e-8,1.93267e-8,1.5559e-7,1.93295e-8,1.93277e-8,1.93272e-8,1.9327e-8,1.93269e-8,1.93268e-8,1.93267e-8,1.93267e-8,1.93267e-8,1.93267e-8,1.93267e-8,1.93267e-8,1.93267e-8,9.59313e-9,1.93267e-8,2.90602e-8,3.87936e-8,4.85271e-8,5.82605e-8,6.79939e-8,7.77273e-8,8.74606e-8,9.71939e-8,6.79943e-8,7.77277e-8,8.74609e-8,9.7194e-8,1.06927e-7,1.16659e-7,487.064,1.16659e-7,1.93285e-8,1.93274e-8,1.93271e-8,1.9327e-8,1.93269e-8,1.93269e-8,1.93268e-8,1.93268e-8,1.93268e-8,1.93268e-8,1.93268e-8,1.93268e-8,1.93268e-8,1.93268e-8,1.93268e-8,1.93268e-8,7.77276e-8,8.7461e-8,9.71943e-8,1.06927e-7,1.16661e-7,1.26394e-7,1.36126e-7,410.039,1.5559e-7,1.933e-8,1.9328e-8,1.93274e-8,1.93271e-8,1.9327e-8,1.93269e-8,1.93269e-8,1.93268e-8,1.93268e-8,1.93268e-8,1.93268e-8,1.93268e-8,1.93268e-8,1.93268e-8,1.93268e-8,428.693,1.26392e-7,1.93291e-8,1.93277e-8,1.93273e-8,1.93271e-8,1.9327e-8,1.93269e-8,1.93269e-8,1.93269e-8,1.93269e-8,1.93269e-8,1.93269e-8,1.93269e-8,1.93269e-8,1.93269e-8,1.93269e-8,1.93269e-8,9.59324e-9,1.93269e-8,2.90605e-8,3.8794e-8,4.85276e-8,5.8261e-8,1.06927e-7,1.1666e-7,1.26392e-7,1.26392e-7,1.26392e-7,1.26392e-7,1.26392e-7,1.26392e-7,1.26392e-7,1.26392e-7,1.26392e-7,1.26392e-7,1.26392e-7,1.26392e-7,1.26392e-7,1.26392e-7,1.26392e-7,1.26392e-7,1.26392e-7,1.26392e-7,1.26392e-7,1.26392e-7,1.26392e-7,1.26392e-7,1.93267e-8,1.93267e-8,1.93267e-8,1.93267e-8,1.93267e-8,1.93267e-8,1.93267e-8,1.93267e-8,1.93267e-8,1.93267e-8,1.93267e-8,1.93267e-8,1.93267e-8,1.93267e-8,1.93267e-8,1.93267e-8,1.93267e-8,1.93267e-8,1.93267e-8,1.93267e-8,1.93267e-8,1.93267e-8,1.93267e-8,1.93267e-8,1.9327e-8,1.93269e-8,1.93269e-8,1.93269e-8,1.93269e-8,1.93269e-8,1.93269e-8,1.93269e-8,1.93269e-8,1.93269e-8,1.93269e-8,1.93269e-8,1.93269e-8,1.93269e-8,1.93269e-8,9.59323e-9,1.93269e-8,2.90604e-8,3.8794e-8,4.85275e-8,5.8261e-8,6.79945e-8,7.77279e-8,8.74612e-8,1.9327e-8,1.93269e-8,1.93269e-8,1.93269e-8,1.93268e-8,1.93268e-8,1.93268e-8,1.93268e-8,1.93268e-8,1.93268e-8,1.93268e-8,1.93268e-8,1.93268e-8,1.93268e-8,1.93268e-8,1.93268e-8,1.93268e-8,1.93268e-8,1.93268e-8,1.93268e-8,1.93268e-8,1.93268e-8,1.93268e-8,1.93268e-8,1.93284e-8,1.93279e-8,1.93277e-8,1.93276e-8,1.93276e-8,9.59361e-9,1.93275e-8,2.90614e-8,3.87952e-8,4.85289e-8,5.82625e-8,6.79958e-8,7.7729e-8,8.74616e-8,9.7193e-8,9.7193e-8,9.7193e-8,9.7193e-8,9.7193e-8,9.7193e-8,9.7193e-8,9.7193e-8,9.7193e-8,9.7193e-8,1.93274e-8,1.93274e-8,1.93274e-8,1.93274e-8,9.59355e-9,1.93274e-8,2.90612e-8,3.8795e-8,4.85286e-8,5.82621e-8,6.79953e-8,7.77282e-8,8.746e-8,8.746e-8,8.746e-8,8.746e-8,8.746e-8,8.746e-8,8.746e-8,8.746e-8,8.746e-8,8.746e-8,8.746e-8,8.746e-8,1.93272e-8,1.93272e-8,1.93272e-8,9.59341e-9,1.93272e-8,2.90609e-8,3.87946e-8,4.85282e-8,5.82617e-8,6.79951e-8,7.77282e-8,8.74611e-8,9.7193e-8,9.7193e-8,9.7193e-8,9.7193e-8,9.7193e-8,9.7193e-8,9.7193e-8,9.7193e-8,9.7193e-8,9.7193e-8,9.7193e-8,9.7193e-8,1.93276e-8,1.93276e-8,1.93276e-8,1.93276e-8,9.59362e-9,1.93276e-8,2.90614e-8,3.87952e-8,4.85288e-8,5.82623e-8,6.79956e-8,7.77283e-8,8.746e-8,8.746e-8,8.746e-8,8.746e-8,8.746e-8,8.746e-8,8.746e-8,8.746e-8,8.746e-8,8.746e-8,8.746e-8,8.746e-8,3.87951e-8,4.85287e-8,5.82623e-8,6.79956e-8,7.77288e-8,8.74615e-8,262.475,9.7193e-8,1.93299e-8,1.93283e-8,1.93278e-8,1.93276e-8,1.93275e-8,1.93275e-8,1.93275e-8,1.93275e-8,1.93275e-8,1.93275e-8,1.93275e-8,1.93275e-8,1.93275e-8,1.93275e-8,1.93275e-8,1.93275e-8,1.93273e-8,1.93272e-8,1.93272e-8,1.93272e-8,1.93272e-8,1.93272e-8,1.93272e-8,1.93272e-8,1.93272e-8,1.93272e-8,1.93272e-8,1.93272e-8,1.93272e-8,1.93272e-8,1.93272e-8,1.93272e-8,1.93272e-8,1.93272e-8,1.93272e-8,1.93272e-8,1.93272e-8,1.93272e-8,1.93272e-8,1.93272e-8,1.93276e-8,1.93275e-8,1.93275e-8,9.59361e-9,1.93275e-8,2.90614e-8,3.87952e-8,4.85288e-8,5.82623e-8,6.79955e-8,7.77283e-8,8.746e-8,8.746e-8,8.746e-8,8.746e-8,8.746e-8,8.746e-8,8.746e-8,8.746e-8,8.746e-8,8.746e-8,8.746e-8,8.746e-8,8.746e-8,1.93275e-8,1.93274e-8,1.93274e-8,1.93273e-8,9.59349e-9,1.93273e-8,2.90611e-8,3.87948e-8,4.85285e-8,5.8262e-8,6.79954e-8,7.77285e-8,8.74613e-8,9.7193e-8,9.7193e-8,9.7193e-8,9.7193e-8,9.7193e-8,9.7193e-8,9.7193e-8,9.7193e-8,9.7193e-8,9.7193e-8,9.7193e-8,6.79952e-8,7.77281e-8,8.746e-8,8.746e-8,8.746e-8,8.746e-8,8.746e-8,8.746e-8,8.746e-8,8.746e-8,8.746e-8,8.746e-8,8.746e-8,8.746e-8,8.746e-8,8.746e-8,8.746e-8,8.746e-8,8.746e-8,8.746e-8,8.746e-8,8.746e-8,8.746e-8,8.746e-8,1.93274e-8,1.93274e-8,1.93274e-8,9.5935e-9,1.93274e-8,2.90611e-8,3.87948e-8,4.85284e-8,5.82619e-8,6.79952e-8,7.77281e-8,8.746e-8,8.746e-8,8.746e-8,8.746e-8,8.746e-8,8.746e-8,8.746e-8,8.746e-8,8.746e-8,8.746e-8,8.746e-8,8.746e-8,8.746e-8,1.93278e-8,1.93276e-8,1.93276e-8,1.93275e-8,1.93275e-8,1.93275e-8,1.93275e-8,1.93275e-8,1.93275e-8,1.93275e-8,1.93275e-8,1.93275e-8,1.93275e-8,1.93275e-8,1.93275e-8,1.93275e-8,1.93275e-8,1.93275e-8,1.93275e-8,1.93275e-8,1.93275e-8,1.93275e-8,1.93275e-8,9.59359e-9,6.79954e-8,7.77282e-8,8.746e-8,8.746e-8,8.746e-8,8.746e-8,265.075,8.746e-8,1.93295e-8,1.93281e-8,1.93277e-8,1.93276e-8,1.93275e-8,1.93275e-8,1.93275e-8,1.93275e-8,1.93275e-8,1.93275e-8,1.93275e-8,1.93275e-8,1.93275e-8,1.93275e-8,1.93275e-8,1.93275e-8,1.93274e-8,1.93274e-8,1.93274e-8,1.93274e-8,1.93274e-8,1.93274e-8,1.93274e-8,1.93274e-8,1.93274e-8,1.93274e-8,1.93274e-8,1.93274e-8,1.93274e-8,1.93274e-8,1.93274e-8,1.93274e-8,1.93274e-8,1.93274e-8,1.93274e-8,1.93274e-8,1.93274e-8,1.93274e-8,1.93274e-8,9.59352e-9,1.93279e-8,1.93277e-8,1.93276e-8,9.59362e-9,1.93276e-8,2.90614e-8,3.87952e-8,4.85289e-8,5.82625e-8,6.79958e-8,7.7729e-8,8.74616e-8,9.7193e-8,9.7193e-8,9.7193e-8,9.7193e-8,9.7193e-8,9.7193e-8,9.7193e-8,9.7193e-8,9.7193e-8,9.7193e-8,9.7193e-8,9.7193e-8,7.77283e-8,8.746e-8,8.746e-8,8.746e-8,8.746e-8,8.746e-8,8.746e-8,8.746e-8,8.746e-8,8.746e-8,8.746e-8,8.746e-8,8.746e-8,8.746e-8,8.746e-8,8.746e-8,8.746e-8,8.746e-8,8.746e-8,8.746e-8,8.746e-8,8.746e-8,8.746e-8,8.746e-8,3.8795e-8,4.85287e-8,5.82621e-8,6.79954e-8,7.77282e-8,8.746e-8,262.176,8.746e-8,1.93295e-8,1.93281e-8,1.93277e-8,1.93276e-8,1.93275e-8,1.93275e-8,1.93275e-8,1.93275e-8,1.93275e-8,1.93275e-8,1.93275e-8,1.93275e-8,1.93275e-8,1.93275e-8,1.93275e-8,9.59357e-9,1.93273e-8,2.90611e-8,3.87949e-8,4.85285e-8,5.8262e-8,6.79954e-8,7.77286e-8,8.74613e-8,9.7193e-8,9.7193e-8,9.7193e-8,9.7193e-8,9.7193e-8,9.7193e-8,9.7193e-8,9.7193e-8,9.7193e-8,9.7193e-8,9.7193e-8,9.7193e-8,9.7193e-8,9.7193e-8,9.7193e-8,9.7193e-8,1.93274e-8,1.93274e-8,1.93274e-8,1.93274e-8,9.59352e-9,1.93274e-8,2.90612e-8,3.87949e-8,4.85285e-8,5.82619e-8,6.79952e-8,7.77281e-8,8.746e-8,8.746e-8,8.746e-8,8.746e-8,8.746e-8,8.746e-8,8.746e-8,8.746e-8,8.746e-8,8.746e-8,8.746e-8,8.746e-8,1.93274e-8,2.90611e-8,3.87949e-8,4.85285e-8,5.8262e-8,6.79954e-8,7.77286e-8,288.055,9.7193e-8,1.93296e-8,1.93281e-8,1.93277e-8,1.93275e-8,1.93274e-8,1.93274e-8,1.93274e-8,1.93274e-8,1.93274e-8,1.93274e-8,1.93274e-8,1.93274e-8,1.93274e-8,1.93274e-8,1.93274e-8,3.8795e-8,4.85286e-8,5.82621e-8,6.79953e-8,7.77282e-8,8.746e-8,8.746e-8,8.746e-8,8.746e-8,8.746e-8,8.746e-8,8.746e-8,8.746e-8,8.746e-8,8.746e-8,8.746e-8,8.746e-8,8.746e-8,8.746e-8,8.746e-8,8.746e-8,8.746e-8,8.746e-8,8.746e-8,3.87948e-8,4.85284e-8,5.82618e-8,6.79951e-8,7.7728e-8,8.746e-8,306.963,8.746e-8,1.9329e-8,1.93279e-8,1.93275e-8,1.93274e-8,1.93273e-8,1.93273e-8,1.93273e-8,1.93273e-8,1.93273e-8,1.93273e-8,1.93273e-8,1.93273e-8,1.93273e-8,1.93273e-8,1.93273e-8,9.59348e-9,2.90611e-8,3.87948e-8,4.85285e-8,5.8262e-8,6.79954e-8,7.77285e-8,293.724,9.7193e-8,1.93295e-8,1.93281e-8,1.93276e-8,1.93275e-8,1.93274e-8,1.93274e-8,1.93273e-8,1.93273e-8,1.93273e-8,1.93273e-8,1.93273e-8,1.93273e-8,1.93273e-8,1.93273e-8,1.93273e-8,1.93273e-8,2.90611e-8,3.87948e-8,4.85285e-8,5.8262e-8,6.79954e-8,7.77285e-8,8.74613e-8,9.7193e-8,9.7193e-8,9.7193e-8,9.7193e-8,9.7193e-8,9.7193e-8,9.7193e-8,9.7193e-8,9.7193e-8,9.7193e-8,9.7193e-8,9.7193e-8,9.7193e-8,9.7193e-8,9.7193e-8,9.7193e-8,9.7193e-8,1.93274e-8,1.93274e-8,1.93274e-8,1.93274e-8,1.93274e-8,1.93274e-8,1.93274e-8,1.93274e-8,1.93274e-8,1.93274e-8,1.93274e-8,1.93274e-8,1.93274e-8,1.93274e-8,1.93274e-8,1.93274e-8,1.93274e-8,1.93274e-8,1.93274e-8,1.93274e-8,1.93274e-8,1.93274e-8,1.93274e-8,9.59354e-9,1.93274e-8,1.93274e-8,1.93274e-8,9.59354e-9,1.93274e-8,2.90613e-8,3.8795e-8,4.85287e-8,5.82622e-8,6.79956e-8,7.77287e-8,8.74614e-8,9.7193e-8,9.7193e-8,9.7193e-8,9.7193e-8,9.7193e-8,9.7193e-8,9.7193e-8,9.7193e-8,9.7193e-8,9.7193e-8,9.7193e-8,9.7193e-8,136.992,9.59403e-9,1.93276e-8,2.90603e-8,2.90603e-8,136.992,2.90603e-8,1.93276e-8,1.93276e-8,1.93276e-8,1.93276e-8,1.93276e-8,1.93276e-8,1.93276e-8,1.93276e-8,1.93276e-8,1.93276e-8,1.93276e-8,1.93276e-8,1.93276e-8,1.93276e-8,1.93276e-8,1.93276e-8,1.93276e-8,175.3,9.59385e-9,1.93274e-8,2.90603e-8,2.90603e-8,2.90603e-8,175.3,2.90603e-8,1.93274e-8,1.93274e-8,1.93274e-8,1.93274e-8,1.93274e-8,1.93274e-8,1.93274e-8,1.93274e-8,1.93274e-8,1.93274e-8,1.93274e-8,1.93274e-8,1.93274e-8,1.93274e-8,1.93274e-8,1.93274e-8,179.177,9.59383e-9,1.93274e-8,2.90603e-8,2.90603e-8,2.90603e-8,179.177,2.90603e-8,1.93274e-8,1.93274e-8,1.93274e-8,1.93274e-8,1.93274e-8,1.93274e-8,1.93274e-8,1.93274e-8,1.93274e-8,1.93274e-8,1.93274e-8,1.93274e-8,1.93274e-8,1.93274e-8,1.93274e-8,9.59367e-9,145.97,9.59398e-9,1.93275e-8,2.90603e-8,2.90603e-8,145.97,2.90603e-8,1.93275e-8,1.93275e-8,1.93275e-8,1.93275e-8,1.93275e-8,1.93275e-8,1.93275e-8,1.93275e-8,1.93275e-8,1.93275e-8,1.93275e-8,1.93275e-8,1.93275e-8,1.93275e-8,1.93275e-8,1.93275e-8,1.93275e-8,150.414,2.90603e-8,1.93275e-8,1.93275e-8,1.93275e-8,1.93275e-8,1.93275e-8,1.93275e-8,1.93275e-8,1.93275e-8,1.93275e-8,1.93275e-8,1.93275e-8,1.93275e-8,1.93275e-8,1.93275e-8,1.93275e-8,1.93275e-8,1.93275e-8,1.93275e-8,1.93275e-8,1.93275e-8,1.93275e-8,1.93275e-8,1.93274e-8,1.93274e-8,1.93274e-8,1.93274e-8,1.93274e-8,1.93274e-8,1.93274e-8,1.93274e-8,1.93274e-8,1.93274e-8,1.93274e-8,1.93274e-8,1.93274e-8,1.93274e-8,1.93274e-8,1.93274e-8,1.93274e-8,1.93274e-8,1.93274e-8,1.93274e-8,1.93274e-8,1.93274e-8,1.93274e-8,1.93274e-8,2.90603e-8,1.93274e-8,1.93274e-8,1.93274e-8,1.93274e-8,1.93274e-8,1.93274e-8,1.93274e-8,1.93274e-8,1.93274e-8,1.93274e-8,1.93274e-8,1.93274e-8,1.93274e-8,1.93274e-8,1.93274e-8,1.93274e-8,1.93274e-8,1.93274e-8,1.93274e-8,1.93274e-8,1.93274e-8,1.93274e-8,1.93274e-8,1.93276e-8,1.93276e-8,1.93276e-8,1.93276e-8,1.93276e-8,1.93276e-8,1.93276e-8,1.93276e-8,1.93276e-8,1.93276e-8,1.93276e-8,1.93276e-8,1.93276e-8,1.93276e-8,1.93276e-8,1.93276e-8,1.93276e-8,1.93276e-8,1.93276e-8,1.93276e-8,1.93276e-8,1.93276e-8,1.93276e-8,1.93276e-8,162.109,2.90603e-8,1.93274e-8,1.93274e-8,1.93274e-8,1.93274e-8,1.93274e-8,1.93274e-8,1.93274e-8,1.93274e-8,1.93274e-8,1.93274e-8,1.93274e-8,1.93274e-8,1.93274e-8,1.93274e-8,1.93274e-8,1.93274e-8,1.93274e-8,1.93274e-8,1.93274e-8,1.93274e-8,1.93274e-8,1.93274e-8,1.93273e-8,1.93273e-8,1.93273e-8,1.93273e-8,1.93273e-8,1.93273e-8,1.93273e-8,1.93273e-8,1.93273e-8,1.93273e-8,1.93273e-8,1.93273e-8,1.93273e-8,1.93273e-8,1.93273e-8,1.93273e-8,1.93273e-8,1.93273e-8,1.93273e-8,1.93273e-8,1.93273e-8,1.93273e-8,1.93273e-8,1.93273e-8,170.267,2.90603e-8,1.93274e-8,1.93274e-8,1.93274e-8,1.93274e-8,1.93274e-8,1.93274e-8,1.93274e-8,1.93274e-8,1.93274e-8,1.93274e-8,1.93274e-8,1.93274e-8,1.93274e-8,1.93274e-8,1.93274e-8,1.93274e-8,1.93274e-8,1.93274e-8,1.93274e-8,1.93274e-8,1.93274e-8,1.93274e-8,147.849,9.59397e-9,1.93275e-8,2.90603e-8,2.90603e-8,2.90603e-8,2.90603e-8,147.849,2.90603e-8,1.93275e-8,1.93275e-8,1.93275e-8,1.93275e-8,1.93275e-8,1.93275e-8,1.93275e-8,1.93275e-8,1.93275e-8,9.59377e-9,1.93275e-8,147.849,9.59397e-9,1.93275e-8,2.90603e-8,173.435,2.90603e-8,1.93274e-8,1.93274e-8,1.93274e-8,1.93274e-8,1.93274e-8,1.93274e-8,1.93274e-8,1.93274e-8,1.93274e-8,1.93274e-8,1.93274e-8,1.93274e-8,1.93274e-8,1.93274e-8,1.93274e-8,1.93274e-8,1.93274e-8,1.93274e-8,1.93274e-8,1.93274e-8,1.93274e-8,1.93274e-8,135.125,9.59405e-9,1.93276e-8,2.90603e-8,2.90603e-8,135.125,2.90603e-8,1.93276e-8,1.93276e-8,1.93276e-8,1.93276e-8,1.93276e-8,1.93276e-8,1.93276e-8,1.93276e-8,1.93276e-8,1.93276e-8,1.93276e-8,1.93276e-8,1.93276e-8,1.93276e-8,1.93276e-8,1.93276e-8,1.93276e-8,2.90603e-8,1.93274e-8,1.93274e-8,1.93274e-8,1.93274e-8,1.93274e-8,1.93274e-8,1.93274e-8,1.93274e-8,1.93274e-8,1.93274e-8,1.93274e-8,1.93274e-8,1.93274e-8,1.93274e-8,1.93274e-8,1.93274e-8,1.93274e-8,1.93274e-8,1.93274e-8,1.93274e-8,1.93274e-8,1.93274e-8,1.93274e-8,156.354,2.90603e-8,1.93275e-8,1.93275e-8,1.93275e-8,1.93275e-8,1.93275e-8,1.93275e-8,1.93275e-8,1.93275e-8,1.93275e-8,1.93275e-8,1.93275e-8,1.93275e-8,1.93275e-8,1.93275e-8,1.93275e-8,1.93275e-8,1.93275e-8,1.93275e-8,1.93275e-8,1.93275e-8,1.93275e-8,1.93275e-8,167.25,9.59388e-9,1.93274e-8,2.90603e-8,2.90603e-8,167.25,2.90603e-8,1.93274e-8,1.93274e-8,1.93274e-8,1.93274e-8,1.93274e-8,1.93274e-8,1.93274e-8,1.93274e-8,1.93274e-8,1.93274e-8,1.93274e-8,1.93274e-8,1.93274e-8,1.93274e-8,1.93274e-8,1.93274e-8,1.93274e-8,2.90603e-8,1.93275e-8,1.93275e-8,9.59377e-9,1.93275e-8,2.90603e-8,148.411,2.90603e-8,1.93275e-8,1.93275e-8,1.93275e-8,1.93275e-8,1.93275e-8,1.93275e-8,1.93275e-8,1.93275e-8,1.93275e-8,1.93275e-8,1.93275e-8,1.93275e-8,1.93275e-8,1.93275e-8,1.93275e-8,1.93275e-8,162.249,9.5939e-9,1.93274e-8,2.90603e-8,2.90603e-8,2.90603e-8,162.249,2.90603e-8,1.93274e-8,1.93274e-8,1.93274e-8,1.93274e-8,1.93274e-8,1.93274e-8,1.93274e-8,1.93274e-8,1.93274e-8,1.93274e-8,1.93274e-8,1.93274e-8,1.93274e-8,1.93274e-8,1.93274e-8,1.93274e-8,1.93274e-8,1.93274e-8,1.93274e-8,1.93274e-8,1.93274e-8,1.93274e-8,1.93274e-8,1.93274e-8,1.93274e-8,1.93274e-8,1.93274e-8,1.93274e-8,1.93274e-8,1.93274e-8,1.93274e-8,1.93274e-8,1.93274e-8,1.93274e-8,1.93274e-8,1.93274e-8,1.93274e-8,1.93274e-8,1.93274e-8,1.93274e-8,1.93274e-8,1.93274e-8,1.93274e-8,1.93274e-8,1.93274e-8,1.93274e-8,1.93274e-8,1.93274e-8,1.93274e-8,1.93274e-8,1.93274e-8,1.93274e-8,1.93274e-8,1.93274e-8,1.93274e-8,1.93274e-8,1.93274e-8,1.93274e-8,1.93274e-8,1.93274e-8,1.93274e-8,1.93274e-8,1.93274e-8,1.93274e-8,153.423,2.90603e-8,1.93275e-8,1.93275e-8,1.93275e-8,1.93275e-8,1.93275e-8,1.93275e-8,1.93275e-8,1.93275e-8,1.93275e-8,1.93275e-8,1.93275e-8,1.93275e-8,1.93275e-8,1.93275e-8,1.93275e-8,1.93275e-8,1.93275e-8,1.93275e-8,1.93275e-8,1.93275e-8,1.93275e-8,1.93275e-8,183.971,2.90603e-8,1.93274e-8,1.93274e-8,1.93274e-8,1.93274e-8,1.93274e-8,1.93274e-8,1.93274e-8,1.93274e-8,1.93274e-8,1.93274e-8,1.93274e-8,1.93274e-8,1.93274e-8,1.93274e-8,1.93274e-8,1.93274e-8,1.93274e-8,1.93274e-8,1.93274e-8,1.93274e-8,1.93274e-8,1.93274e-8,1.93274e-8,1.93274e-8,1.93274e-8,1.93274e-8,1.93274e-8,1.93274e-8,1.93274e-8,1.93274e-8,1.93274e-8,1.93274e-8,1.93274e-8,1.93274e-8,1.93274e-8,1.93274e-8,1.93274e-8,1.93274e-8,1.93274e-8,1.93274e-8,1.93274e-8,1.93274e-8,1.93274e-8,1.93274e-8,1.93274e-8,1.93274e-8,176.058,2.90603e-8,1.93274e-8,1.93274e-8,1.93274e-8,1.93274e-8,1.93274e-8,1.93274e-8,1.93274e-8,1.93274e-8,1.93274e-8,1.93274e-8,1.93274e-8,1.93274e-8,1.93274e-8,1.93274e-8,1.93274e-8,1.93274e-8,1.93274e-8,1.93274e-8,1.93274e-8,1.93274e-8,1.93274e-8,1.93274e-8,2.90603e-8,1.93274e-8,1.93274e-8,9.59367e-9,1.93274e-8,2.90603e-8,179.007,2.90603e-8,1.93274e-8,1.93274e-8,1.93274e-8,1.93274e-8,1.93274e-8,1.93274e-8,1.93274e-8,1.93274e-8,1.93274e-8,1.93274e-8,1.93274e-8,1.93274e-8,1.93274e-8,1.93274e-8,1.93274e-8,1.93274e-8,171.351,9.59386e-9,1.93274e-8,2.90603e-8,2.90603e-8,171.351,2.90603e-8,1.93274e-8,1.93274e-8,1.93274e-8,1.93274e-8,1.93274e-8,1.93274e-8,1.93274e-8,1.93274e-8,1.93274e-8,1.93274e-8,1.93274e-8,1.93274e-8,1.93274e-8,1.93274e-8,1.93274e-8,1.93274e-8,1.93274e-8,1.93274e-8,1.93274e-8,1.93274e-8,1.93274e-8,1.93274e-8,1.93274e-8,1.93274e-8,1.93274e-8,1.93274e-8,1.93274e-8,1.93274e-8,1.93274e-8,1.93274e-8,1.93274e-8,1.93274e-8,1.93274e-8,1.93274e-8,1.93274e-8,1.93274e-8,1.93274e-8,1.93274e-8,1.93274e-8,1.93274e-8,1.93274e-8,148.037,9.59397e-9,1.93275e-8,2.90603e-8,2.90603e-8,2.90603e-8,148.037,2.90603e-8,1.93275e-8,1.93275e-8,1.93275e-8,1.93275e-8,1.93275e-8,1.93275e-8,1.93275e-8,1.93275e-8,1.93275e-8,1.93275e-8,1.93275e-8,1.93275e-8,1.93275e-8,1.93275e-8,1.93275e-8,1.93275e-8,176.771,9.59384e-9,1.93274e-8,2.90603e-8,2.90603e-8,2.90603e-8,176.771,2.90603e-8,1.93274e-8,1.93274e-8,1.93274e-8,1.93274e-8,1.93274e-8,1.93274e-8,1.93274e-8,1.93274e-8,1.93274e-8,1.93274e-8,1.93274e-8,1.93274e-8,1.93274e-8,1.93274e-8,1.93274e-8,9.59367e-9,1.93274e-8,1.93274e-8,1.93274e-8,1.93274e-8,1.93274e-8,1.93274e-8,1.93274e-8,1.93274e-8,1.93274e-8,1.93274e-8,1.93274e-8,1.93274e-8,1.93274e-8,1.93274e-8,1.93274e-8,1.93274e-8,1.93274e-8,1.93274e-8,1.93274e-8,1.93274e-8,1.93274e-8,1.93274e-8,1.93274e-8,1.93274e-8,141.234,2.90603e-8,1.93275e-8,1.93275e-8,1.93275e-8,1.93275e-8,1.93275e-8,1.93275e-8,1.93275e-8,1.93275e-8,1.93275e-8,1.93275e-8,1.93275e-8,1.93275e-8,1.93275e-8,1.93275e-8,1.93275e-8,1.93275e-8,1.93275e-8,1.93275e-8,1.93275e-8,1.93275e-8,1.93275e-8,1.93275e-8,188.593,2.90603e-8,1.93274e-8,1.93274e-8,1.93274e-8,1.93274e-8,1.93274e-8,1.93274e-8,1.93274e-8,1.93274e-8,1.93274e-8,1.93274e-8,1.93274e-8,1.93274e-8,1.93274e-8,1.93274e-8,1.93274e-8,1.93274e-8,1.93274e-8,1.93274e-8,1.93274e-8,1.93274e-8,1.93274e-8,1.93274e-8,149.431,2.90603e-8,1.93275e-8,1.93275e-8,1.93275e-8,1.93275e-8,1.93275e-8,1.93275e-8,1.93275e-8,1.93275e-8,1.93275e-8,1.93275e-8,1.93275e-8,1.93275e-8,1.93275e-8,1.93275e-8,1.93275e-8,1.93275e-8,1.93275e-8,1.93275e-8,1.93275e-8,1.93275e-8,1.93275e-8,1.93275e-8,1.93275e-8,1.93275e-8,1.93275e-8,1.93275e-8,1.93275e-8,1.93275e-8,1.93275e-8,1.93275e-8,1.93275e-8,1.93275e-8,1.93275e-8,1.93275e-8,1.93275e-8,1.93275e-8,1.93275e-8,1.93275e-8,1.93275e-8,1.93275e-8,1.93275e-8,1.93275e-8,1.93275e-8,1.93275e-8,1.93275e-8,1.93275e-8,187.823,9.5938e-9,1.93274e-8,2.90603e-8,2.90603e-8,187.823,2.90603e-8,1.93274e-8,1.93274e-8,1.93274e-8,1.93274e-8,1.93274e-8,1.93274e-8,1.93274e-8,1.93274e-8,1.93274e-8,1.93274e-8,1.93274e-8,1.93274e-8,1.93274e-8,1.93274e-8,1.93274e-8,1.93274e-8,1.93274e-8,2.90603e-8,1.93274e-8,1.93274e-8,1.93274e-8,1.93274e-8,1.93274e-8,1.93274e-8,1.93274e-8,1.93274e-8,1.93274e-8,1.93274e-8,1.93274e-8,1.93274e-8,1.93274e-8,1.93274e-8,1.93274e-8,1.93274e-8,1.93274e-8,1.93274e-8,1.93274e-8,1.93274e-8,1.93274e-8,1.93274e-8,1.93274e-8,1.93275e-8,1.93275e-8,1.93275e-8,9.59377e-9,1.93275e-8,2.90603e-8,147.974,2.90603e-8,1.93275e-8,1.93275e-8,1.93275e-8,1.93275e-8,1.93275e-8,1.93275e-8,1.93275e-8,1.93275e-8,1.93275e-8,1.93275e-8,1.93275e-8,1.93275e-8,1.93275e-8,1.93275e-8,1.93275e-8,1.93275e-8,1.23502e-10,0.0611212,1.23502e-10,1.23502e-10,1.23502e-10,0.0287265,0.173652,0.44082,0.5,0.5,0.5,0.5,0.5,0.171048,0.436665,0.5,0.5,0.5,0.5,0.5,0.5,0.5,0.171048,0.0144126,-9.14413e-11,-9.14383e-11,-9.14487e-11,-9.1443e-11,-9.14329e-11,-9.14206e-11,-9.14055e-11,-9.13816e-11,-9.13374e-11,-9.12712e-11,-9.14773e-11,0.0990568,0.396227,0.475608,0.5,0.5,0.5,0.5,0.5,0.5,0.5,0.5,0.482858,0.254321,0.390827,0.5,0.5,0.5,0.5,0.5,0.5,0.5,0.5,0.5,0.5,0.5,0.5,0.5,0.5,0.5,0.5,0.5,0.5,0.5,0.5,0.5,0.5,0.5,-8.16096e-11,-8.16122e-11,-8.16197e-11,-8.16155e-11,-8.16024e-11,-8.15725e-11,-8.1626e-11,0.0603131,0.241252,0.5,0.5,0.5,0.5,0.213322,0.453938,0.5,0.5,0.5,0.283816,0.432226,0.5,0.5,0.213322,0.046928,0.202122,0.0659073,-4.50712e-11,-4.50713e-11,-4.50708e-11,0.00647867,0.00841467,0.146847,0.5,0.5,0.5,0.263629,0.0659073,-4.50713e-11,-4.49377e-11,-4.49742e-11,-4.49865e-11,-4.50131e-11,-4.50259e-11,-4.50208e-11,-4.49855e-11,-4.50122e-11,-4.50599e-11,-4.5071e-11,-7.57707e-11,-7.57546e-11,-7.57561e-11,-7.57376e-11,-7.57074e-11,-7.5647e-11,-7.5821e-11,0.0830011,0.332004,0.5,0.5,0.5,0.5,0.5,0.5,0.5,0.5,0.5,0.5,0.5,0.5,0.5,0.5,0.5,-9.38744e-11,-9.38534e-11,-9.38506e-11,-9.38333e-11,-9.38117e-11,-9.37822e-11,-9.37205e-11,-9.39311e-11,0.117957,0.471829,0.5,0.5,0.5,0.5,0.5,0.5,0.5,0.5,0.5,0.5,0.5,0.5,0.5,0.5,-6.42232e-11,0.104253,0.00259122,0.0985599,0.405547,0.5,0.5,0.5,0.5,0.5,0.5,0.5,0.5,0.451962,0.5,0.29589,0.0739725,-6.42229e-11,-6.40227e-11,-6.40936e-11,-6.40684e-11,-6.41056e-11,-6.41727e-11,-6.42019e-11,-1.03518e-10,-1.03519e-10,-1.03495e-10,-1.03486e-10,-1.03488e-10,-1.03494e-10,-1.03503e-10,-1.03514e-10,-1.03521e-10,-1.03519e-10,-1.03517e-10,-1.0351e-10,-1.03519e-10,-1.0352e-10,-1.0352e-10,-1.03521e-10,-1.0352e-10,-1.03521e-10,-1.0352e-10,-1.03521e-10,-1.03512e-10,-1.03519e-10,-1.03508e-10,-1.03477e-10,0.418285,0.5,0.157776,0.5,0.5,0.5,0.5,0.5,0.5,0.5,0.5,0.5,0.5,0.5,0.5,0.5,0.5,0.5,0.5,0.5,0.5,0.5,0.5,0.5,0.287878,0.190382,0.0390883,0.049486,0.262875,0.5,0.5,0.5,0.5,0.5,0.5,0.5,0.227758,0.0569395,-8.18156e-11,-8.16654e-11,-8.16934e-11,-8.17283e-11,-8.17437e-11,-8.1737e-11,-8.16911e-11,-8.17173e-11,-8.17748e-11,-8.17998e-11,0.271695,0.183111,0.0195813,0.0313615,0.214824,0.352223,0.357965,0.5,0.5,0.5,0.5,0.5,0.5,0.205361,0.5,0.5,0.5,0.5,0.5,0.5,0.5,0.5,0.210071,0.0730449,0.47857,0.140061,0.00321578,-3.18432e-11,-3.18433e-11,-3.17817e-11,-3.18003e-11,-3.17972e-11,-3.17763e-11,-3.17649e-11,-3.17625e-11,-3.1743e-11,-3.17743e-11,-3.18043e-11,-3.18045e-11,-3.17927e-11,-3.17854e-11,-3.17957e-11,-3.18008e-11,-3.17916e-11,-3.17525e-11,-3.17807e-11,-3.18308e-11,-3.1843e-11,0.454133,0.137667,0.00464807,-4.54835e-11,-4.54834e-11,-4.54814e-11,-4.54807e-11,-4.54828e-11,-4.54821e-11,-4.54787e-11,-4.54771e-11,-4.54691e-11,-4.54799e-11,-4.54833e-11,-4.54832e-11,-4.54832e-11,-4.54825e-11,-4.54833e-11,-4.54834e-11,-4.5483e-11,-4.54739e-11,-4.54815e-11,-4.54735e-11,-4.54448e-11,0.393871,0.116738,-7.32211e-11,-7.32155e-11,-7.32184e-11,-7.3218e-11,-7.32151e-11,-7.32063e-11,-7.31854e-11,-7.31713e-11,-7.3166e-11,-7.31458e-11,-7.31731e-11,-7.31966e-11,-7.31975e-11,-7.31886e-11,-7.31781e-11,-7.31864e-11,-7.31908e-11,-7.3184e-11,-7.31538e-11,-7.31772e-11,-7.32153e-11,-7.322e-11,0.479711,0.192703,0.0343538,-1.60508e-11,-1.60492e-11,-1.60503e-11,-1.60496e-11,-1.60506e-11,-1.60482e-11,-1.6044e-11,-1.60422e-11,-1.60333e-11,-1.60457e-11,-1.60507e-11,-1.60507e-11,-1.60501e-11,-1.6049e-11,-1.60504e-11,-1.60506e-11,-1.60498e-11,-1.60384e-11,-1.60475e-11,-1.60425e-11,-1.60143e-11,-5.52463e-11,-5.52255e-11,-5.5232e-11,-5.52048e-11,-5.51562e-11,-5.50536e-11,-5.53207e-11,0.123619,0.494478,0.5,0.5,0.5,0.5,0.5,0.5,0.5,0.5,0.5,0.5,0.5,0.5,0.5,0.5,0.5,0.271859,0.5,0.163929,0.454258,0.5,0.5,0.5,0.5,0.5,0.5,0.5,0.5,0.5,0.5,0.5,0.5,0.5,0.5,0.5,0.5,0.5,0.5,0.5,0.5,0.215162,0.0947543,-1.98096e-11,-1.97825e-11,-1.97935e-11,-1.97947e-11,-1.97904e-11,-1.97775e-11,-1.97503e-11,-1.9733e-11,-1.97268e-11,-1.97037e-11,-1.97361e-11,-1.97656e-11,-1.97656e-11,-1.97531e-11,-1.97454e-11,-1.97563e-11,-1.97618e-11,-1.97521e-11,-1.97104e-11,-1.97398e-11,-1.97941e-11,-1.98091e-11,0.5,0.208301,0.0423093,-7.25207e-11,-7.24647e-11,-7.24778e-11,-7.24781e-11,-7.24664e-11,-7.24394e-11,-7.24253e-11,-7.24218e-11,-7.24e-11,-7.24328e-11,-7.24632e-11,-7.24631e-11,-7.24499e-11,-7.24356e-11,-7.24476e-11,-7.24541e-11,-7.24453e-11,-7.24066e-11,-7.24339e-11,-7.24891e-11,-7.25128e-11,-6.68555e-11,-6.68377e-11,-6.6781e-11,-6.67636e-11,-6.67637e-11,-6.67705e-11,-6.67815e-11,-6.68005e-11,-6.68264e-11,-6.68364e-11,-6.6839e-11,-6.68471e-11,-6.68335e-11,-6.6811e-11,-6.68093e-11,-6.68195e-11,-6.68288e-11,-6.68214e-11,-6.68171e-11,-6.68246e-11,-6.68447e-11,-6.68339e-11,-6.67886e-11,-6.67536e-11,0.181865,0.105101,-6.57995e-11,-6.57479e-11,-6.57601e-11,-6.57609e-11,-6.57549e-11,-6.57391e-11,-6.57084e-11,-6.56921e-11,-6.56881e-11,-6.56636e-11,-6.56969e-11,-6.57285e-11,-6.57273e-11,-6.57122e-11,-6.57029e-11,-6.57161e-11,-6.5723e-11,-6.57125e-11,-6.56671e-11,-6.56967e-11,-6.5759e-11,-6.57865e-11,0.361076,0.5,0.13737,0.432918,0.5,0.5,0.5,0.5,0.5,0.5,0.5,0.5,0.5,0.5,0.5,0.5,0.5,0.5,0.5,0.5,0.452853,0.113213,-4.15409e-11,-4.12002e-11,-4.56436e-11,-4.56332e-11,-4.56465e-11,-4.56226e-11,-4.55736e-11,-4.54679e-11,-4.57121e-11,0.0848232,0.339293,0.5,0.5,0.5,0.5,0.5,0.5,0.5,0.5,0.5,0.5,0.5,0.5,0.5,0.5,0.5,0.235984,0.122291,-7.49346e-11,-7.49347e-11,-7.49209e-11,0.0130478,0.0141932,0.138502,0.5,0.5,0.490158,0.5,0.460914,0.108376,0.138502,0.5,0.5,0.280419,0.0665153,0.132828,0.489165,0.122291,-7.49344e-11,-7.47327e-11,0.383736,0.103679,-4.81823e-11,-4.816e-11,-4.81678e-11,-4.81679e-11,-4.81631e-11,-4.81499e-11,-4.81229e-11,-4.81066e-11,-4.81012e-11,-4.80776e-11,-4.81099e-11,-4.8139e-11,-4.81398e-11,-4.81282e-11,-4.81151e-11,-4.81257e-11,-4.81313e-11,-4.81229e-11,-4.8086e-11,-4.81134e-11,-4.81647e-11,-4.81812e-11,-2.38233e-11,-2.38356e-11,-2.38266e-11,-2.3823e-11,-2.3826e-11,-2.38308e-11,-2.38349e-11,-2.38355e-11,-2.38247e-11,-2.38135e-11,-2.38086e-11,-2.37938e-11,-2.38141e-11,-2.38295e-11,-2.38302e-11,-2.38253e-11,-2.38186e-11,-2.38238e-11,-2.38263e-11,-2.3822e-11,-2.38001e-11,-2.38173e-11,-2.3836e-11,-2.38229e-11,-3.44258e-11,-3.44374e-11,-3.44478e-11,-3.44467e-11,-3.44392e-11,-3.44139e-11,-3.44489e-11,0.0979102,0.391641,0.5,0.480484,0.5,0.34862,0.0809014,0.133304,0.459703,0.5,0.199387,0.0197457,0.0894675,0.374565,0.0936413,-3.44489e-11,-3.42351e-11,-6.65184e-11,-6.65264e-11,-6.65434e-11,-6.65421e-11,-6.65363e-11,-6.65274e-11,-6.65152e-11,-6.6495e-11,-6.64609e-11,-6.64428e-11,-6.6438e-11,-6.64128e-11,-6.64459e-11,-6.64776e-11,-6.64763e-11,-6.64608e-11,-6.64512e-11,-6.64648e-11,-6.64718e-11,-6.64612e-11,-6.64159e-11,-6.64455e-11,-6.65076e-11,-6.65361e-11,0.437278,0.168302,0.0253518,-4.9985e-11,-4.99253e-11,-4.99405e-11,-4.99415e-11,-4.99299e-11,-4.99027e-11,-4.98879e-11,-4.98844e-11,-4.98595e-11,-4.98934e-11,-4.99247e-11,-4.99241e-11,-4.99101e-11,-4.99012e-11,-4.99137e-11,-4.99201e-11,-4.99098e-11,-4.98665e-11,-4.98963e-11,-4.99551e-11,-4.99785e-11,-5.01609e-11,-5.01447e-11,-5.01569e-11,-5.01384e-11,-5.01087e-11,-5.00617e-11,-4.99578e-11,-5.02479e-11,0.106738,0.426953,0.5,0.5,0.5,0.5,0.5,0.5,0.5,0.5,0.5,0.5,0.5,0.5,0.5,0.5,-7.00073e-11,-7.00182e-11,-7.00106e-11,-7.00072e-11,-7.001e-11,-7.00145e-11,-7.0018e-11,-7.00177e-11,-7.00061e-11,-6.99945e-11,-6.99894e-11,-6.99745e-11,-6.99947e-11,-7.00105e-11,-7.00113e-11,-7.0006e-11,-6.9999e-11,-7.00046e-11,-7.00073e-11,-7.00029e-11,-6.99813e-11,-6.99988e-11,-7.00187e-11,-7.00086e-11,-8.23699e-11,-8.23699e-11,-8.2384e-11,-8.23717e-11,-8.23421e-11,-8.22802e-11,-8.24111e-11,0.117916,0.471665,0.5,0.5,0.5,0.5,0.188192,0.5,0.5,0.5,0.5,0.495328,0.5,0.449417,0.112354,-8.24111e-11,-8.21692e-11,-4.20841e-11,-4.20685e-11,-4.20775e-11,-4.20515e-11,-4.20012e-11,-4.18927e-11,-4.21562e-11,0.110959,0.443836,0.5,0.5,0.5,0.5,0.5,0.5,0.5,0.5,0.5,0.5,0.5,0.5,0.5,0.5,0.5,-6.50188e-11,-6.50299e-11,-6.50464e-11,-6.5046e-11,-6.50418e-11,-6.50347e-11,-6.5024e-11,-6.50051e-11,-6.49717e-11,-6.49534e-11,-6.49487e-11,-6.49252e-11,-6.49572e-11,-6.4988e-11,-6.49882e-11,-6.49747e-11,-6.49599e-11,-6.49725e-11,-6.49792e-11,-6.49702e-11,-6.49304e-11,-6.49581e-11,-6.50153e-11,-6.50408e-11,0.315629,0.5,0.155664,0.433371,0.5,0.5,0.5,0.5,0.5,0.5,0.5,0.5,0.5,0.5,0.5,0.5,0.5,0.5,0.5,0.5,0.390784,0.097696,-5.26178e-11,-5.231e-11,0.208704,0.027527,-5.43778e-11,-5.43372e-11,-5.43128e-11,-5.43047e-11,-5.43081e-11,-5.4323e-11,-5.43456e-11,-5.43551e-11,-5.43579e-11,-5.43676e-11,-5.43527e-11,-5.43293e-11,-5.43289e-11,-5.43398e-11,-5.43457e-11,-5.43373e-11,-5.43328e-11,-5.43419e-11,-5.43653e-11,-5.43534e-11,-5.4305e-11,-5.42694e-11,-1.13974e-10,-1.13607e-10,-1.13723e-10,-1.13683e-10,-1.13522e-10,-1.13973e-10,0.0599774,0.23991,0.5,0.5,0.5,0.5,0.5,0.4656,0.5,0.5,0.5,0.5,0.5,0.5,0.5,0.5,0.466973,0.418314,-1.11863e-10,-1.11579e-10,-1.11705e-10,-1.11684e-10,-1.11643e-10,-1.11503e-10,-1.11863e-10,0.109234,0.436938,0.5,0.5,0.5,0.5,0.354835,0.480809,0.5,0.5,0.5,0.447006,0.476836,0.5,0.5,0.356432,0.300616,-1.21927e-10,-1.21695e-10,-1.21817e-10,-1.21801e-10,-1.21766e-10,-1.21662e-10,-1.21925e-10,0.0641857,0.245498,0.249785,0.167287,0.438715,0.206672,0.085857,0.123399,0.172977,0.32272,0.142641,0.113221,0.140823,0.395153,0.105062,-1.21926e-10,-1.21642e-10,-9.17413e-11,-9.13147e-11,-9.14488e-11,-9.14006e-11,-9.12025e-11,-9.17414e-11,0.0652189,0.260876,0.5,0.5,0.5,0.5,0.5,0.5,0.5,0.5,0.5,0.5,0.5,0.5,0.5,0.5,0.5,0.5,-6.29857e-11,0.0567289,0.226916,0.5,0.5,0.5,0.5,0.5,0.5,0.5,0.5,0.5,0.5,0.5,0.5,0.5,0.5,0.5,0.5,0.5,0.5,0.5,0.5,0.5,0.166948,0.5,0.5,0.5,0.5,0.5,0.5,0.5,0.5,0.5,0.5,0.5,0.5,0.5,0.5,0.5,0.5,0.5,0.5,0.5,0.5,0.5,0.5,0.5,0.5,0.5,0.441242,0.5,0.5,0.5,0.5,0.5,0.5,0.5,0.5,0.5,0.5,0.5,0.5,0.5,0.5,0.5,0.5,0.5,0.5,0.5,0.5,0.5,0.188495,0.5,0.469575,0.5,0.5,0.5,0.5,0.5,0.5,0.5,0.5,0.5,0.5,0.5,0.5,0.5,0.5,0.5,0.5,0.5,0.5,0.5,0.5,0.5,-4.84732e-11,0.111463,0.445853,0.5,0.5,0.5,0.5,0.5,0.5,0.5,0.5,0.5,0.5,0.5,0.5,0.5,0.5,0.5,0.5,0.5,0.5,0.5,0.5,0.5,0.173681,0.5,0.5,0.5,0.5,0.5,0.5,0.5,0.5,0.5,0.5,0.5,0.5,0.5,0.5,0.5,0.5,0.5,0.5,0.5,0.5,0.5,0.5,0.5,-5.23035e-11,0.105473,0.421892,0.5,0.5,0.5,0.5,0.5,0.5,0.5,0.5,0.5,0.5,0.5,0.5,0.5,0.5,0.5,0.5,0.5,0.5,0.5,0.5,0.5,-1.14687e-10,-1.14415e-10,-1.14582e-10,-1.14571e-10,-1.14545e-10,-1.14501e-10,-1.14346e-10,-1.14687e-10,0.0975656,0.28228,0.173794,0.5,0.228099,0.0814997,0.12585,0.186262,0.0566819,-1.14687e-10,-1.14294e-10,-1.14353e-10,-1.14687e-10,-1.14347e-10,-1.14508e-10,-1.14549e-10,-1.19068e-10,0.0668459,0.211241,0.381321,0.446232,0.476405,0.477562,0.5,0.5,0.5,0.5,0.5,0.5,0.443348,0.5,0.5,0.5,0.5,0.5,0.5,0.5,0.5,0.444544,0.402043,-6.79206e-11,-6.75022e-11,-6.76549e-11,-6.76001e-11,-6.73804e-11,-6.79205e-11,0.0593961,0.237585,0.5,0.5,0.5,0.5,0.5,0.5,0.5,0.5,0.5,0.5,0.5,0.5,0.5,0.5,0.5,0.5,0.487957,0.5,0.22787,0.421796,0.49631,0.5,0.5,0.5,0.5,0.5,0.5,0.5,0.5,0.492995,0.5,0.5,0.5,0.5,0.5,0.5,0.5,0.5,0.49437,0.44556,-1.12928e-11,0.0582445,0.232978,0.5,0.5,0.5,0.5,0.5,0.5,0.5,0.5,0.5,0.5,0.5,0.5,0.5,0.5,0.5,0.5,0.5,0.5,0.5,0.5,0.5,-9.18726e-11,-9.14754e-11,-9.15989e-11,-9.1554e-11,-9.13733e-11,-9.18725e-11,0.0573288,0.229315,0.5,0.5,0.5,0.5,0.5,0.5,0.5,0.5,0.5,0.5,0.5,0.5,0.5,0.5,0.5,0.5,0.338788,0.0899585,-9.93828e-11,-9.89734e-11,-9.90893e-11,-9.89056e-11,-9.93828e-11,0.0998673,0.399469,0.5,0.5,0.5,0.5,0.342755,0.476263,0.5,0.5,0.5,0.44028,0.472028,0.5,0.5,0.344437,0.285895,-9.5332e-12,-9.07882e-12,-9.25041e-12,-9.21459e-12,-9.16336e-12,-8.92153e-12,-9.5331e-12,0.124132,0.496529,0.5,0.5,0.5,0.5,0.5,0.5,0.5,0.5,0.5,0.5,0.5,0.5,0.5,0.5,0.5,0.5,0.5,0.5,0.5,0.5,0.5,0.5,0.5,0.5,0.5,0.5,0.5,0.5,0.5,0.5,0.5,0.5,0.5,0.5,0.5,0.5,0.5,0.5,0.5,0.5,0.5,0.5,0.5,0.5,0.5,0.5,0.5,0.5,0.5,0.5,0.5,0.5,0.5,0.5,0.5,0.5,0.5,0.5,0.5,0.5,0.5,0.5,0.5,-4.50653e-11,0.0886614,0.354646,0.5,0.5,0.5,0.5,0.5,0.5,0.5,0.5,0.5,0.5,0.5,0.5,0.5,0.5,0.5,0.5,0.5,0.5,0.5,0.5,0.5,-3.5163e-11,0.107227,0.428906,0.5,0.5,0.5,0.5,0.5,0.5,0.5,0.5,0.5,0.5,0.5,0.5,0.5,0.5,0.5,0.5,0.5,0.5,0.5,0.5,0.5,0.418389,0.5,0.5,0.5,0.5,0.5,0.5,0.5,0.5,0.5,0.5,0.5,0.5,0.5,0.5,0.5,0.5,0.5,0.5,0.5,0.5,0.5,0.5,0.5,-1.22208e-10,0.101559,0.24577,0.402896,0.461295,0.48824,0.48927,0.5,0.5,0.5,0.5,0.5,0.5,0.458713,0.5,0.5,0.5,0.5,0.5,0.5,0.5,0.5,0.459784,0.421609,0.218235,0.0828095,-1.07537e-10,-1.07173e-10,-1.07273e-10,-1.07123e-10,-1.07537e-10,0.0933342,0.373337,0.5,0.5,0.5,0.5,0.374255,0.5,0.5,0.5,0.5,0.471394,0.5,0.5,0.5,0.375938,0.317109,-1.07848e-10,-1.07508e-10,-1.07623e-10,-1.07583e-10,-1.07429e-10,-1.07848e-10,0.0713272,0.285309,0.5,0.5,0.5,0.5,0.5,0.5,0.5,0.5,0.5,0.5,0.5,0.5,0.5,0.5,0.5,0.5,0.5,0.5,0.5,0.5,0.5,0.5,0.5,0.5,0.5,0.5,0.5,0.5,0.5,0.5,0.5,0.5,0.5,0.5,0.5,0.5,0.5,0.5,0.5,0.5,-1.14883e-10,-1.14561e-10,-1.14707e-10,-1.14685e-10,-1.14643e-10,-1.14499e-10,-1.14883e-10,0.109802,0.43921,0.488457,0.340973,0.5,0.415939,0.204202,0.271956,0.358434,0.5,0.30584,0.25383,0.269827,0.5,0.473434,0.205065,0.174831,-1.12449e-10,-1.12186e-10,-1.12344e-10,-1.12326e-10,-1.12278e-10,-1.12126e-10,-1.12449e-10,0.0695627,0.278251,0.456084,0.282109,0.5,0.369244,0.133608,0.205055,0.302125,0.5,0.24244,0.185465,0.202739,0.459702,0.114926,-1.12449e-10,-1.12077e-10,0.438049,0.5,0.239677,0.5,0.5,0.5,0.5,0.5,0.5,0.5,0.5,0.5,0.5,0.5,0.5,0.5,0.5,0.5,0.5,0.5,0.5,0.5,0.5,0.5,-9.17577e-11,0.112781,0.451125,0.5,0.5,0.5,0.5,0.5,0.5,0.5,0.5,0.5,0.5,0.5,0.5,0.5,0.5,0.5,0.5,0.5,0.5,0.5,0.5,0.5,-5.57548e-11,0.0710413,0.284165,0.5,0.5,0.5,0.5,0.5,0.5,0.5,0.5,0.5,0.5,0.5,0.5,0.5,0.5,0.5,0.5,0.5,0.5,0.5,0.5,0.5,7.38316e-11,0.124226,0.496906,0.5,0.5,0.5,0.5,0.5,0.5,0.5,0.5,0.5,0.5,0.5,0.5,0.5,0.5,0.5,0.5,0.5,0.5,0.5,0.5,0.5,0.469568,0.5,0.312954,0.5,0.5,0.5,0.5,0.5,0.5,0.5,0.5,0.5,0.5,0.5,0.5,0.5,0.5,0.5,0.5,0.5,0.5,0.5,0.5,0.5,-1.01323e-10,-1.00969e-10,-1.0108e-10,-1.0104e-10,-1.00882e-10,-1.01323e-10,0.0605916,0.242367,0.5,0.5,0.5,0.5,0.5,0.5,0.5,0.5,0.5,0.5,0.5,0.5,0.5,0.5,0.5,0.5,0.116544,0.346865,0.5,0.5,0.5,0.5,0.5,0.5,0.5,0.5,0.5,0.5,0.5,0.5,0.5,0.5,0.5,0.5,0.5,0.5,0.5,0.5,0.5,0.5,0.375512,0.093878,-9.42701e-11,-9.37122e-11,-9.3941e-11,-9.37508e-11,-9.42701e-11,0.10867,0.434681,0.5,0.5,0.5,0.5,0.358336,0.498579,0.5,0.5,0.5,0.460772,0.494129,0.5,0.5,0.360102,0.298641]
WARNING: If matrix A has nonzero entries smaller than zero tolerance, performance may be improved by fixing these values to zero
