WARNING: Method definition require(Symbol) in module Base at loading.jl:345 overwritten in module ConicBenchmarkUtilities at /home/ubuntu/.julia/v0.5/Requires/src/require.jl:12.
#SOLVERNAME# PAJ_SCIP_tols_MOSEK
#SOLVER# Pajarito.PajaritoSolver(2,3600.0,1.0e-5,false,SCIP.SCIPSolver(("display/verblevel",0,"limits/gap",0.0,"limits/time",3600.0,"numerics/feastol",1.0e-8)),MathProgBase.DefaultMIPSolver(),0,false,true,Mosek.MosekMathProgSolverInterface.MosekSolver(Any[(:LOG,0),(:NUM_THREADS,1),(:OPTIMIZER_MAX_TIME,120.0)]),true,false,false,true,false,true,false,true,true,true,true,false,false,true,false,false,false,true,1.0e-10,0.0001,1.0e-6,0.01,1.0e-6)
#INSTANCE# 10_0_5_w.cbf.gz
#TIMELIMIT# 3600.0

Transforming original data......Done     0.01s

Creating conic model data......Done     0.00s

Creating MIP model......Done     0.02s

Cone types summary:
Cone       | Count    | Min dim  | Max dim 
       SOC |      240 |        3 |        3

Solving conic relaxation......Done     0.18s
 - Relaxation status    =        Optimal
 - Relaxation objective = 1927024.916186

Creating conic subproblem model......Done     0.00s

Starting iterative outer approximation algorithm

Iter | Best obj       | OA obj         | Rel gap     | Time (s)   
   1 |  +1.956871e+06 |  +1.956722e+06 |   7.631e-05 |   1.468e+01
   2 |  +1.956871e+06 |  +1.956871e+06 |   1.217e-11 |   2.976e+01

Pajarito MICP solve summary:
 - Total time (s)       =       3.00e+01
 - Status               =        Optimal
 - Best feasible obj.   =  +1.956871e+06
 - Final OA obj. bound  =  +1.956871e+06
 - Relative opt. gap    =      1.217e-11
 - MIP solve count      =              2
 - Conic solve count    =              2
 - Feas. solution count =              2
 - Integer repeat count =              0

Timers (s):
 - Setup                =       2.15e-01
 -- Transform data      =       9.36e-03
 -- Create conic data   =       7.85e-04
 -- Create MIP data     =       1.68e-02
 -- Load/solve relax    =       1.77e-01
 - Iterative algorithm  =       2.98e+01
 -- Solve MIPs          =       2.97e+01
 -- Solve conic model   =       3.61e-02
 -- Process conic data  =       9.84e-03
 -- Add conic solution  =       6.06e-05
 -- Add dual cuts       =       2.81e-02
 -- Use outer inf/cuts  =       1.86e-02

#STATUS# Optimal
#OBJVAL# 1.9568712667802793e6
#OBJBOUND# 1.956871266756471e6
#TIMESOLVER# 29.970481872558594
#TIMEALL# 29.971828937530518
#SOLUTION# [1.0,1.0,1.0,1.0,1.0,1.0,1.0,1.0,1.0,1.0,1.0,1.0,1.0,1.0,1.0,1.0,1.0,1.0,1.0,1.0,1.0,1.0,1.0,1.0,0.0,0.0,0.0,0.0,0.0,0.0,0.0,1.0,1.0,1.0,1.0,1.0,1.0,1.0,1.0,1.0,1.0,1.0,1.0,1.0,1.0,1.0,1.0,1.0,1.0,1.0,1.0,1.0,1.0,1.0,1.0,1.0,1.0,1.0,1.0,1.0,1.0,1.0,1.0,1.0,1.0,1.0,0.0,0.0,0.0,0.0,0.0,0.0,1.0,1.0,1.0,1.0,1.0,1.0,1.0,1.0,1.0,1.0,1.0,1.0,1.0,1.0,0.0,0.0,0.0,0.0,0.0,0.0,0.0,0.0,0.0,0.0,1.0,1.0,0.0,0.0,0.0,0.0,0.0,0.0,-0.0,0.0,0.0,0.0,0.0,0.0,1.0000000000000004,1.0,1.0,1.0,1.0,1.0,1.0,1.0,1.0,0.0,1.0,1.0,1.0,1.0,1.0,1.0,1.0,1.0,1.0,1.0,1.0,1.0,1.0,1.0,1.0,1.0,1.0,1.0,1.0,1.0,1.0,1.0,1.0,1.0,1.0,1.0,1.0,1.0,1.0,1.0,1.0,1.0,1.0,1.0,1.0,1.0,1.0,1.0,1.0,1.0,1.0,1.0,1.0,1.0,1.0,1.0,1.0,1.0,0.0,0.0,0.0,0.0,0.0,1.0,1.0,1.0,1.0,1.0,1.0,1.0,1.0,1.0,1.0,1.0,1.0,1.0,1.0,1.0,1.0,1.0,1.0,1.0,1.0,1.0,0.0,0.0,0.0,1.0,1.0000000000000016,1.0,1.0,1.0,1.0,1.0,1.0,1.0,1.0,1.0,1.0,1.0,1.0,1.0,1.0,1.0,1.0,1.0,1.0,1.0,1.0,1.0,1.0,1.0,1.0,1.0,1.0,1.0,1.0,1.0,1.0,1.0,1.0,1.0,1.0,1.0,1.0,1.0,1.0,1.0,1.0,1.0,-0.0,0.0,0.0,0.0,0.0,0.0,0.0,0.0,0.0,0.0,0.0,0.0,0.0,0.0,0.0,0.0,0.0,0.0,0.0,0.0,0.0,0.0,0.0,-0.0,-0.0,0.0,0.0,0.0,0.0,0.0,0.0,1.0,0.0,0.0,0.0,0.0,0.0,0.0,0.0,0.0,0.0,0.0,0.0,0.0,0.0,0.0,0.0,-0.0,-0.0,0.0,0.0,0.0,0.0,0.0,0.0,0.0,0.0,0.0,0.0,0.0,0.0,0.0,0.0,0.0,0.0,0.0,-0.0,0.0,0.0,0.0,0.0,0.0,-0.0,0.0,0.0,0.0,0.0,0.0,0.0,0.0,0.0,0.0,0.0,0.0,0.0,-0.0,-0.0,0.0,0.0,0.0,0.0,0.0,0.0,0.0,0.0,0.0,0.0,0.0,-0.0,0.0,0.0,0.0,0.0,0.0,0.0,0.0,0.0,0.0,0.0,0.0,1.0000000000000004,-4.440892098500626e-16,0.0,0.0,0.0,0.0,0.0,0.0,0.0,-0.0,0.0,0.0,0.0,0.0,0.0,0.0,0.0,0.0,0.0,0.0,0.0,0.0,0.0,0.0,0.0,0.0,0.0,0.0,0.0,0.0,0.0,0.0,0.0,0.0,0.0,0.0,0.0,0.0,0.0,0.0,0.0,0.0,0.0,0.0,0.0,0.0,0.0,0.0,0.0,0.0,0.0,0.0,0.0,0.0,0.0,0.0,0.0,0.0,-0.0,-0.0,-0.0,-0.0,-0.0,1.0,0.0,0.0,0.0,0.0,0.0,0.0,0.0,0.0,0.0,0.0,0.0,0.0,0.0,0.0,0.0,0.0,0.0,0.0,0.0,0.0,-0.0,-0.0,-0.0,1.0,1.5543122344752192e-15,0.0,0.0,0.0,0.0,0.0,0.0,0.0,0.0,0.0,0.0,0.0,0.0,0.0,0.0,0.0,0.0,0.0,0.0,0.0,0.0,0.0,0.0,0.0,0.0,0.0,0.0,0.0,0.0,0.0,0.0,0.0,0.0,0.0,0.0,0.0,0.0,0.0,0.0,0.0,0.0,0.0,0.6015767842410118,0.6971306766254117,0.5503750253841436,0.5374398162435073,0.5692526992454804,0.48302852001437074,0.6500458041068357,0.7281442683532772,0.9999999997790664,0.9999999995397508,0.999999999424574,1.0000000017951027,1.0000000016326136,0.7612261293265119,0.9105198209848522,0.9999999975607694,0.9999999988499921,0.9999999990795925,0.9999999991750937,1.0000000015591675,1.000000001650585,1.0000000013526016,0.8169799888233819,0.618397457337843,0.0,0.0,0.0,0.0,0.0,0.0,0.0,0.0,0.34485573904628786,0.6897114779821278,0.99999999969055,1.0000000015632315,1.0000000015381993,1.0000000013536967,1.0000000013871675,0.9999999996043999,0.9999999996363186,0.9999999996488428,0.9999999996586497,1.0000000015325226,1.0000000015473487,1.0000000015149473,0.9999999995103499,0.9999999994397288,0.7183187735204398,0.8621580818792686,0.6412467268087926,0.6217761823208159,0.6696644831205472,0.5398696733569607,0.791277053456023,0.9088569939147765,0.9999999997164045,0.9999999993643935,0.9999999992218896,0.9999999992636003,0.9999999991756257,0.958632386158592,0.999999991107376,0.8853310686937825,0.44266553487819915,0.0,0.0,0.0,0.0,0.0,0.0,0.0,0.3981452142835719,8.345254207059749e-10,7.184835137037355e-10,7.07793269209655e-10,7.30722559049375e-10,7.022797277177547e-10,0.2812191010849686,0.625132169095123,0.96904523746724,0.8961082086564411,0.46120259092415633,0.6084051266670165,0.4124526845411208,0.0,0.0,0.0,0.0,0.0,0.0,0.0,0.0,0.0,0.0,0.0,0.11230585355049885,0.0,0.0,0.0,0.0,0.0,0.0,0.0,0.0,0.0,0.0,0.0,0.0,0.0,0.0,0.03498457929697406,0.3572134914973252,0.4738249263180856,0.5600985413928413,0.6717460359539816,0.9034146061634127,0.46240697249877755,0.0,0.0,0.9200565936541681,0.9999999994082612,0.999999999386259,0.99999999938408,0.9999999993893849,0.9999999993737645,0.9999999994020234,0.9999999994135668,0.9999999997077587,0.9999999995843412,0.9999999995629096,0.9999999995657028,0.9999999995342987,0.9999999994206935,0.9999999994179259,0.9999999994894023,0.9999999995125858,0.9999999995224373,0.9999999995304679,0.9999999995383101,0.9999999995406024,0.9999999995104033,0.9999999994323202,0.9999999994010175,0.9999999994954512,0.9999999995052739,0.9999999994892037,0.9999999994877543,0.9999999994917348,0.9999999994795931,0.9999999995007354,0.9999999995097018,0.9999999997370177,0.9999999996390565,0.9999999996226765,0.9999999996234475,0.9999999995998643,0.999999999514594,0.9999999995123202,0.99999999956575,0.9999999995833092,0.9999999995904636,0.9999999995968032,0.9999999996023259,0.9999999996044967,0.9999999995806794,0.999999999523544,0.999999999500388,0.0,0.0,0.0,0.0,0.0,0.0,0.45652232044777846,0.9130446404754584,0.9999999996513197,0.999999999446167,0.9999999994089571,0.9999999994161237,0.9999999993710372,0.9999999991292329,0.9999999991561813,0.9999999992656823,0.99999999931371,0.9999999993331633,0.9999999993468992,0.999999999366757,0.9999999993746739,0.9999999993205659,0.9999999991606323,0.9999999990957543,0.4360700957056332,0.0,0.0,0.0,0.0,0.0,0.45821104726561573,0.9164220582533344,0.999999999516245,0.9999999985907713,0.9999999982651422,0.9999999983894674,0.9999999980707596,0.9484205465062755,0.9891428889490962,0.9999999932027434,0.9999999962381261,0.999999996960555,0.9999999973038225,0.9999999977299525,0.9999999980921808,0.9999999970445451,0.9636173512145843,0.9094587073179846,0.9999999993365073,0.9999999993560732,0.9999999993239513,0.9999999993205746,0.9999999993282821,0.9999999993048612,0.9999999993470075,0.9999999993640735,0.9999999997213068,0.9999999995890815,0.9999999995622036,0.9999999995635521,0.9999999995315584,0.999999999373353,0.9999999993805555,0.9999999994672993,0.9999999994977089,0.9999999995105272,0.999999999520593,0.9999999995301886,0.9999999995372534,0.9999999994991704,0.9999999993897486,0.9999999993452345,1.0,1.0,1.0,1.0,1.0,1.0,1.0,1.0,1.0,1.0,1.0,1.0,1.0,1.0,1.0,1.0,1.0,1.0,1.0,1.0,1.0,1.0,1.0,1.0,-0.0,-0.0,-0.0,-0.0,-0.0,-0.0,-0.0,1.0,1.0,1.0,1.0,1.0,1.0,1.0,1.0,1.0,1.0,1.0,1.0,1.0,1.0,1.0,1.0,1.0,1.0,1.0,1.0,1.0,1.0,1.0,1.0,1.0,1.0,1.0,1.0,1.0,1.0,1.0,1.0,1.0,1.0,1.0,-0.0,-0.0,-0.0,-0.0,-0.0,-0.0,1.0,1.0,1.0,1.0,1.0,1.0,1.0,1.0,1.0,1.0,1.0,1.0,1.0,1.0,-0.0,-0.0,-0.0,-0.0,-0.0,-0.0,-0.0,-0.0,-0.0,-0.0,1.0,1.0,-0.0,-0.0,-0.0,-0.0,-0.0,-0.0,-0.0,-0.0,-0.0,-0.0,-0.0,-0.0,1.0000000000000004,1.0,1.0,1.0,1.0,1.0,1.0,1.0,1.0,-0.0,1.0,1.0,1.0,1.0,1.0,1.0,1.0,1.0,1.0,1.0,1.0,1.0,1.0,1.0,1.0,1.0,1.0,1.0,1.0,1.0,1.0,1.0,1.0,1.0,1.0,1.0,1.0,1.0,1.0,1.0,1.0,1.0,1.0,1.0,1.0,1.0,1.0,1.0,1.0,1.0,1.0,1.0,1.0,1.0,1.0,1.0,1.0,1.0,-0.0,-0.0,-0.0,-0.0,-0.0,1.0,1.0,1.0,1.0,1.0,1.0,1.0,1.0,1.0,1.0,1.0,1.0,1.0,1.0,1.0,1.0,1.0,1.0,1.0,1.0,1.0,-0.0,-0.0,-0.0,1.0,1.0000000000000016,1.0,1.0,1.0,1.0,1.0,1.0,1.0,1.0,1.0,1.0,1.0,1.0,1.0,1.0,1.0,1.0,1.0,1.0,1.0,1.0,1.0,1.0,1.0,1.0,1.0,1.0,1.0,1.0,1.0,1.0,1.0,1.0,1.0,1.0,1.0,1.0,1.0,1.0,1.0,1.0,1.0,-0.0,-0.0,-0.0,-0.0,-0.0,-0.0,-0.0,-0.0,-0.0,-0.0,-0.0,-0.0,-0.0,-0.0,-0.0,-0.0,-0.0,-0.0,-0.0,-0.0,-0.0,-0.0,-0.0,-0.0,-0.0,-0.0,-0.0,-0.0,-0.0,-0.0,-0.0,433.39931,-0.0,-0.0,-0.0,-0.0,-0.0,-0.0,-0.0,-0.0,-0.0,-0.0,-0.0,-0.0,-0.0,-0.0,-0.0,-0.0,-0.0,-0.0,-0.0,-0.0,-0.0,-0.0,-0.0,-0.0,-0.0,-0.0,-0.0,-0.0,-0.0,-0.0,-0.0,-0.0,-0.0,-0.0,0.0,-0.0,-0.0,-0.0,-0.0,-0.0,-0.0,-0.0,-0.0,-0.0,-0.0,-0.0,-0.0,-0.0,-0.0,-0.0,-0.0,-0.0,-0.0,-0.0,0.0,-0.0,-0.0,-0.0,-0.0,-0.0,-0.0,-0.0,-0.0,-0.0,-0.0,-0.0,0.0,-0.0,-0.0,-0.0,-0.0,-0.0,-0.0,-0.0,-0.0,-0.0,-0.0,-0.0,308.48004200000014,0.0,-0.0,-0.0,-0.0,-0.0,-0.0,-0.0,-0.0,0.0,-0.0,-0.0,-0.0,-0.0,-0.0,-0.0,-0.0,-0.0,-0.0,-0.0,-0.0,-0.0,-0.0,-0.0,-0.0,-0.0,-0.0,-0.0,-0.0,-0.0,-0.0,-0.0,-0.0,-0.0,-0.0,-0.0,-0.0,-0.0,-0.0,-0.0,-0.0,-0.0,-0.0,-0.0,-0.0,-0.0,-0.0,-0.0,-0.0,-0.0,-0.0,-0.0,-0.0,-0.0,-0.0,-0.0,-0.0,-0.0,-0.0,-0.0,-0.0,-0.0,-0.0,132.772577,-0.0,-0.0,-0.0,-0.0,-0.0,-0.0,-0.0,-0.0,-0.0,-0.0,-0.0,-0.0,-0.0,-0.0,-0.0,-0.0,-0.0,-0.0,-0.0,-0.0,0.0,-0.0,-0.0,142.354053,2.2737367544323206e-13,0.0,-0.0,-0.0,-0.0,-0.0,-0.0,-0.0,-0.0,-0.0,-0.0,-0.0,-0.0,-0.0,-0.0,-0.0,-0.0,-0.0,-0.0,-0.0,-0.0,-0.0,-0.0,-0.0,-0.0,-0.0,-0.0,-0.0,-0.0,-0.0,-0.0,-0.0,-0.0,-0.0,-0.0,-0.0,-0.0,-0.0,-0.0,-0.0,-0.0,-0.0,0.18094731188740748,0.24299558825472212,0.1514563325512111,0.1444207763169514,0.1620243160322089,0.11665827395834774,0.21127977191753944,0.26509703583920524,0.49999999736457795,0.49999999712893245,0.49999999702702486,0.49999999871731526,0.4999999986768894,0.28973260772454706,0.41452316945719825,0.4999999950965991,0.49999999647048726,0.4999999966919821,0.4999999967827636,0.4999999986676905,0.4999999986593674,0.49999999843760395,0.33372814859677447,0.19120770526426425,-7.999503126275942e-10,-7.999503126275942e-10,-7.999503126275942e-10,-7.999503126275942e-10,-7.999503126275942e-10,-7.999503126275942e-10,-7.999503126275942e-10,-7.999504343143093e-10,0.05946273939061771,0.23785096017741436,0.4999999978984044,0.49999999953103175,0.49999999954289387,0.4999999995307668,0.49999999952849833,0.499999997830997,0.4999999978578234,0.49999999787170296,0.4999999979015667,0.49999999954045726,0.499999999549068,0.49999999955169894,0.49999999772327225,0.49999999757655383,0.25799092831377574,0.3716582770809829,0.20559868053816557,0.1933028087407207,0.2242252583191207,0.14572963042559212,0.31305968575199355,0.413010515568081,0.49999999803063117,0.4999999975923619,0.49999999731844447,0.4999999972536517,0.49999999713726206,0.45948802381904796,0.49999998899111764,0.3919055489106053,0.09797638660578059,-7.715661714343645e-10,-7.715662798089875e-10,-7.715662798089875e-10,-7.715662798089875e-10,-7.715662798089875e-10,-7.715662798089875e-10,-7.715662798089875e-10,0.07925980476321466,-4.674727039794109e-10,-4.704998133352925e-10,-5.004007162131145e-10,-4.894211254298881e-10,-5.372721318318346e-10,0.03954209041620891,0.1953951129760797,0.4695243343989496,0.40150495873809583,0.10635391375906857,0.18507839779088991,0.08505860737146459,-9.509714349593775e-10,-9.509717915765653e-10,-9.509717915765653e-10,-9.509717915765653e-10,-9.509717915765653e-10,-9.509717915765653e-10,-9.509717915765653e-10,-9.509717915765653e-10,-9.509717915765653e-10,-9.509717915765653e-10,-9.509717915765653e-10,0.006306300968676275,-1.323865458928211e-9,-1.3238651343275893e-9,-1.3238651343275893e-9,-1.3238651343275893e-9,-1.3238651343275893e-9,-1.3238651343275893e-9,-1.3238651343275893e-9,-1.3238651343275893e-9,-1.3238651343275893e-9,-1.3238651343275893e-9,-1.3238651343275893e-9,-1.3238651343275893e-9,-1.3238651343275893e-9,-1.3238652437124166e-9,0.0006119589116736138,0.06380073781062108,0.11225502890952255,0.15685518640994356,0.22562136678306283,0.40807897340184607,0.10691010270155085,-1.323865458928211e-9,-1.3238651343275893e-9,0.4232520656150749,0.49999999710696846,0.4999999970825892,0.49999999707996456,0.4999999970853157,0.4999999970739974,0.4999999971065718,0.49999999712601056,0.4999999974273833,0.49999999729565564,0.4999999972759052,0.4999999972658627,0.49999999726910227,0.4999999971178475,0.4999999971500256,0.4999999972024059,0.4999999972261459,0.49999999723506117,0.49999999724290795,0.49999999723936134,0.4999999972376364,0.4999999972078141,0.49999999714696336,0.49999999711921733,0.49999999791232597,0.49999999792627486,0.49999999790495053,0.4999999979061959,0.4999999979135299,0.49999999789117816,0.49999999791692823,0.4999999979333139,0.49999999827699915,0.4999999981428872,0.49999999810122114,0.4999999981050367,0.49999999786541566,0.49999999794602235,0.49999999774020487,0.49999999802374384,0.49999999804186596,0.49999999805327366,0.49999999807221546,0.49999999807163154,0.49999999795473293,0.49999999791695204,0.4999999979663317,0.4999999979182958,-1.1928144642613956e-9,-1.1928144642613956e-9,-1.1928144642613956e-9,-1.1928144642613956e-9,-1.1928144642613956e-9,-1.1928142232470546e-9,0.10420631325244502,0.4168252557084243,0.499999997471116,0.4999999972285244,0.4999999971944426,0.499999997179849,0.4999999972044989,0.49999999689685876,0.4999999969455763,0.4999999970503937,0.49999999710244813,0.49999999711698695,0.49999999713279425,0.4999999971296635,0.49999999713165366,0.49999999707105525,0.4999999969456665,0.49999999689707225,0.0950785624322984,-1.565159758778384e-9,-1.5651597706634437e-9,-1.5651597706634437e-9,-1.5651597706634437e-9,-1.565159758778384e-9,0.104978680147139,0.4199146922109433,0.4999999971067821,0.4999999962036058,0.49999999577712484,0.49999999601585804,0.49999999570450515,0.44975076432545036,0.48920182472725704,0.49999999080969515,0.4999999937043055,0.4999999944489799,0.4999999948158046,0.49999999532502415,0.49999999572307857,0.4999999946542537,0.46427919734994155,0.41355756800716414,0.4999999970078637,0.4999999970227004,0.49999999699045033,0.49999999698624886,0.49999999699318065,0.4999999969693657,0.4999999970172238,0.499999997038414,0.49999999736517864,0.49999999723615896,0.4999999972222225,0.4999999972158026,0.4999999972147587,0.4999999970325646,0.4999999970650018,0.4999999971312323,0.4999999971661763,0.4999999971750644,0.4999999971817144,0.49999999718464844,0.4999999972000141,0.4999999971634743,0.49999999706084836,0.4999999970244997]
