WARNING: Method definition require(Symbol) in module Base at loading.jl:345 overwritten in module ConicBenchmarkUtilities at /home/ubuntu/.julia/v0.5/Requires/src/require.jl:12.
#SOLVERNAME# PAJ_SCIP_tols_MOSEK
#SOLVER# Pajarito.PajaritoSolver(2,3600.0,1.0e-5,false,SCIP.SCIPSolver(("display/verblevel",0,"limits/gap",0.0,"limits/time",3600.0,"numerics/feastol",1.0e-8)),MathProgBase.DefaultMIPSolver(),0,false,true,Mosek.MosekMathProgSolverInterface.MosekSolver(Any[(:LOG,0),(:NUM_THREADS,1),(:OPTIMIZER_MAX_TIME,120.0)]),true,false,false,true,false,true,false,true,true,true,true,false,false,true,false,false,false,true,1.0e-10,0.0001,1.0e-6,0.01,1.0e-6)
#INSTANCE# pp-n1000-d10000.cbf.gz
#TIMELIMIT# 3600.0

Transforming original data......Done     0.00s

Creating conic model data......Done     0.01s

Creating MIP model......Done     0.06s

Cone types summary:
Cone       | Count    | Min dim  | Max dim 
       SOC |     1000 |        3 |        3

Solving conic relaxation......Done     0.08s
 - Relaxation status    =        Optimal
 - Relaxation objective =  216112.214355

Creating conic subproblem model......Done     0.00s

Starting iterative outer approximation algorithm

Iter | Best obj       | OA obj         | Rel gap     | Time (s)   
   1 |  +3.509447e+06 |  +2.161124e+05 |   9.384e-01 |   1.551e+01
   2 |  +1.697971e+06 |  +2.161124e+05 |   8.727e-01 |   3.878e+01
   3 |  +8.938733e+05 |  +2.161124e+05 |   7.582e-01 |   7.453e+01
   4 |  +5.139424e+05 |  +2.161124e+05 |   5.795e-01 |   1.526e+02
   5 |  +3.378893e+05 |  +2.161124e+05 |   3.604e-01 |   3.176e+02
   6 |  +2.610812e+05 |  +2.161124e+05 |   1.722e-01 |   4.281e+02
   7 |  +2.308841e+05 |  +2.161124e+05 |   6.398e-02 |   5.635e+02
   8 |  +2.204505e+05 |  +2.161125e+05 |   1.968e-02 |   1.236e+03
   9 |  +2.172725e+05 |  +2.161125e+05 |   5.339e-03 |   2.213e+03

Pajarito MICP solve summary:
 - Total time (s)       =       3.65e+03
 - Status               =      UserLimit
 - Best feasible obj.   =  +2.172725e+05
 - Final OA obj. bound  =  +2.161125e+05
 - Relative opt. gap    =      5.339e-03
 - MIP solve count      =             10
 - Conic solve count    =              9
 - Feas. solution count =              9
 - Integer repeat count =              0

Timers (s):
 - Setup                =       1.98e-01
 -- Transform data      =       2.88e-03
 -- Create conic data   =       8.94e-03
 -- Create MIP data     =       5.74e-02
 -- Load/solve relax    =       8.38e-02
 - Iterative algorithm  =       3.65e+03
 -- Solve MIPs          =       3.65e+03
 -- Solve conic model   =       3.09e-01
 -- Process conic data  =       3.76e-02
 -- Add conic solution  =       2.33e-03
 -- Add dual cuts       =       1.02e-01
 -- Use outer inf/cuts  =       3.25e+00

#STATUS# UserLimit
#OBJVAL# 217272.52192109244
#OBJBOUND# 216112.48092912152
#TIMESOLVER# 3649.393555164337
#TIMEALL# 3649.3969349861145
#SOLUTION# [100.0,260.0,68.0,148.0,125.0,51.0,223.0,135.0,32.0,163.0,53.0,137.0,128.0,151.0,299.0,183.0,242.0,58.0,200.0,39.0,196.0,70.0,116.0,41.0,151.0,210.0,212.0,238.0,59.0,191.0,306.0,114.0,27.0,182.0,163.0,156.0,123.0,116.0,55.0,42.0,111.0,149.0,173.0,147.0,145.0,159.0,90.0,124.0,79.0,156.0,190.0,163.0,177.0,123.0,223.0,87.0,201.0,156.0,166.0,202.0,213.0,334.0,180.0,134.0,149.0,139.0,146.0,95.0,124.0,168.0,48.0,78.0,60.0,164.0,186.0,77.0,231.0,73.0,83.0,155.0,134.0,100.0,75.0,92.0,89.0,172.0,132.0,158.0,384.0,85.0,118.0,166.0,102.0,127.0,114.0,177.0,126.0,249.0,107.0,163.0,53.0,229.0,97.0,191.0,299.0,125.0,172.0,77.0,125.0,226.0,141.0,71.0,89.0,93.0,117.0,163.0,143.0,85.0,207.0,95.0,149.0,81.0,109.0,201.0,212.0,191.0,145.0,186.0,235.0,116.0,210.0,211.0,195.0,82.0,30.0,103.0,180.0,136.0,151.0,180.0,280.0,214.0,226.0,101.0,133.0,81.0,156.0,179.00000000000014,139.0,170.0,85.0,217.0,276.0,194.0,107.0,148.0,298.0,84.0,167.0,41.0,170.0,256.0,193.0,43.0,163.0,210.0,125.0,59.0,34.0,195.0,118.0,256.0,128.0,78.0,90.0,211.0,121.0,109.0,60.0,252.0,91.0,227.0,69.0,124.0,84.0,95.0,249.0,58.0,135.0,119.0,230.0,47.0,123.0,245.0,133.0,125.0,131.0,212.0,119.0,211.0,166.0,81.0,115.0,93.0,97.0,124.0,99.0,97.0,154.0,64.0,96.0,118.0,208.0,73.0,86.0,140.0,200.0,301.0,134.0,67.0,45.0,191.0,260.0,180.0,297.0,196.0,195.0,106.0,156.0,162.0,211.0,69.0,152.0,148.0,13.0,86.0,282.0,267.0,136.0,51.0,281.0,181.0,153.0,201.0,61.0,274.0,148.0,169.0,167.0,107.0,188.0,209.0,92.0,218.0,21.0,117.0,49.0,111.0,117.0,76.0,64.0,72.0,67.0,106.0,128.0,125.0,215.0,33.0,165.0,154.0,116.0,139.0,75.0,222.0,207.0,176.0,81.0,220.0,98.0,18.0,295.0,62.0,111.0,187.0,159.0,58.0,292.0,185.0,152.0,211.0,182.0,87.0,234.0,83.0,135.0,145.0,188.0,220.0,176.0,112.0,139.0,131.0,103.0,94.0,211.0,99.0,198.0,289.0,156.0,81.0,65.0,87.0,147.0,218.0,80.0,187.0,186.0,125.0,139.0,206.0,173.0,270.0,138.0,256.0,48.0,119.0,99.0,140.0,242.0,305.0,86.0,141.0,195.0,130.0,193.0,179.0,59.0,125.0,311.0,61.0,70.0,125.0,185.0,101.0,128.0,184.0,42.0,163.0,111.0,141.0,40.0,148.0,144.0,191.0,60.0,48.0,91.0,249.0,186.0,206.0,152.0,77.0,175.0,170.0,148.0,106.0,214.0,186.0,250.0,43.0,74.0,275.0,168.0,177.0,118.0,152.0,133.0,99.0,240.0,25.0,215.0,316.0,106.0,187.0,75.0,157.0,185.0,136.0,168.0,128.0,62.0,226.0,288.0,84.0,51.00000000000014,204.0,49.0,196.0,26.0,250.0,294.0,101.0,280.0,101.0,98.0,215.0,110.0,15.0,119.0,106.0,186.0,184.0,76.0,151.0,109.0,107.0,232.0,22.000000000000004,168.0,91.0,45.0,154.0,212.0,156.0,163.0,198.0,134.0,112.0,160.0,128.0,247.0,195.0,71.0,224.0,228.0,44.0,249.0,148.0,168.0,126.0,210.0,205.0,159.0,37.0,212.0,176.0,211.0,113.0,128.0,176.0,324.0,59.0,92.0,91.0,182.0,180.0,173.0,89.0,73.0,217.0,33.0,201.0,214.0,214.0,225.0,187.0,116.0,63.0,322.0,58.0,187.0,193.0,167.0,238.0,159.0,154.0,211.0,78.0,125.0,235.0,63.0,124.0,229.0,152.0,279.0,103.0,153.0,226.0,23.0,170.0,100.0,214.0,114.0,292.0,73.0,159.0,171.0,185.0,164.0,80.0,97.0,22.0,276.0,290.0,144.0,101.0,157.0,107.0,298.0,212.0,127.0,243.0,76.0,68.0,144.0,194.0,269.0,229.0,214.0,302.0,148.0,105.0,92.0,227.0,161.0,113.0,101.0,129.0,162.0,276.0,165.0,228.0,260.0,25.0,200.0,61.0,45.0,274.0,151.0,140.0,191.0,256.0,123.0,45.0,142.0,294.0,112.0,210.0,87.0,174.0,260.0,249.0,95.0,148.0,29.0,191.0,205.0,125.0,128.0,236.0,182.0,48.0,124.0,211.0,73.0,236.0,274.0,218.0,117.0,97.0,113.0,114.0,250.0,170.0,313.0,229.0,169.0,59.0,81.0,154.0,54.0,192.0,209.0,123.0,80.0,74.0,278.0,260.0,142.0,106.0,124.0,190.0,142.0,119.0,84.0,65.0,37.0,182.0,155.0,140.0,190.0,97.0,177.0,115.0,27.0,242.0,216.0,170.0,51.0,102.0,64.0,200.0,95.0,218.0,218.0,45.0,124.0,254.0,84.0,185.0,35.0,101.0,132.0,131.0,113.0,65.0,191.0,159.0,196.0,133.0,163.0,214.0,178.0,39.0,135.0,68.0,113.0,170.0,146.0,210.0,187.0,263.0,67.0,166.0,235.0,218.0,305.0,22.0,21.0,94.0,154.0,100.0,125.0,115.0,127.0,127.0,167.0,151.0,140.0,235.0,289.0,101.0,75.0,83.0,137.0,243.0,224.0,190.0,75.0,230.0,97.0,118.0,38.0,97.0,126.0,159.0,72.0,56.0,170.0,169.0,181.0,111.0,128.0,64.0,127.0,80.0,101.0,213.0,106.0,88.0,37.0,216.0,106.0,260.0,107.0,145.0,170.0,61.0,119.0,247.0,230.0,115.0,117.0,89.0,196.0,161.0,113.0,250.0,93.0,301.0,359.0,63.0,271.0,58.0,79.0,72.0,177.0,307.0,64.0,147.0,253.0,235.0,300.0,162.0,156.0,160.0,144.0,79.0,283.0,162.0,53.0,106.0,75.0,67.0,93.0,110.0,305.0,89.0,99.0,147.0,159.0,144.0,99.0,167.0,14.0,142.0,181.0,193.0,96.0,191.0,51.0,74.0,218.0,238.0,135.0,171.0,333.0,147.0,239.0,115.0,206.0,63.0,156.0,170.0,115.0,127.0,131.0,127.0,230.0,111.0,186.0,240.0,170.0,210.0,68.0,267.0,217.0,148.0,249.0,129.0,148.0,85.0,242.0,154.0,121.0,84.0,137.0,139.0,50.0,253.0,159.0,129.0,170.0,154.0,158.0,102.0,262.0,233.0,218.0,98.0,115.0,181.0,221.0,211.0,85.0,168.0,174.0,145.0,243.0,110.0,114.0,49.0,148.0,243.0,44.0,87.0,159.0,64.0,120.0,128.0,170.0,244.0,250.0,119.0,148.0,145.0,77.0,152.0,253.0,170.0,148.0,198.0,150.0,93.0,38.0,105.0,106.0,220.0,50.0,106.0,122.0,127.0,54.0,225.0,253.0,102.0,106.0,160.0,163.0,49.0,116.0,106.0,107.0,158.0,162.0,110.0,162.0,111.0,243.0,99.0,243.0,175.0,257.0,117.0,276.0,87.0,127.0,196.0,179.0,50.0,64.0,148.0,80.0,193.0,42.0,315.0,116.0,220.0,164.0,136.0,95.0,49.0,148.0,61.0,61.0,196.0,73.0,228.0,47.0,277.0,152.0,167.0,120.0,291.0,256.0,113.0,155.0,112.0,91.0,117.0,207.0,19.0,235.0,48.0,139.0,60.0,41.0,175.0,172.0,174.0,76.0,186.0,100.0,113.0,223.0,20.0,189.0,109.0,242.0,78.0,155.0,111.0,163.0,187.0,64.0,138.0,54.0,191.0,207.0,95.0,240.0,103.0,200.0,113.0,235.0,168.0,292.0,154.0,214.0,219.0,238.0,136.0,39.0,195.0,183.0,191.0,149.0,196.0,133.0,195.0,244.0,94.0,40.0,188.0,56.0,133.0,145.0,231.0,177.0,133.0,136.0,163.0,139.0,99.0,229.0,177.0,176.0,134.0,255.0,174.0,74.0,21.0,101.0,283.0,133.0,124.0,45.0,154.0,89.0,143.0,191.0,26.0,206.0,82.0,353.0,156.0,93.0,332.0,195.0,159.0,221.0,233.0,134.0,261.0,161.0,166.0,136.0,232.0,89.0,89.0,0.01000008547583775,0.003846289926798363,0.014705925862543268,0.0067568262761881215,0.00800006259072461,0.019608193441712274,0.004484415275072706,0.007407471324967219,0.0312504572087029,0.006135053380745603,0.018867984268268856,0.007299334632222099,0.007812557874444792,0.0066225917458382355,0.0033446539841861522,0.005464566255966474,0.0041323537392941034,0.017241440666047936,0.005000095778086688,0.025643246841134726,0.005102150561299368,0.014285749434819195,0.008620736986401312,0.02439039329330228,0.0066225817999452374,0.004762006658182827,0.004717095069395327,0.004201799004277973,0.016949262354096106,0.00523569008723257,0.0032681361262802966,0.00877198007370339,0.03703740603203798,0.005494589022703167,0.006135040466205055,0.006410321687638998,0.008130130672441283,0.008620740277180516,0.018181860127988614,0.023809689338456508,0.009009060164402172,0.006711486145121626,0.005780431256141583,0.006802787237802477,0.006896618793604148,0.00628937935380236,0.011111178410885714,0.008064578719825022,0.012658278245623933,0.0064103235206118825,0.0052632445873541656,0.0061350393189059105,0.005649807275887042,0.008130137433667528,0.004484414194848796,0.01149431497431408,0.004975218645967061,0.006410371218009914,0.006024168871505253,0.004950599243528586,0.004694938379003588,0.002994195017436141,0.005555636853245005,0.007462741200043865,0.0067114898564852865,0.007194320515623076,0.006849395739209285,0.01052635505499211,0.00806458817672251,0.00595246388547821,0.02083368959061005,0.01282054484418893,0.016666714306225572,0.006097633935723934,0.0053764296198721695,0.012987042635188573,0.004329120963774358,0.013698661151337888,0.012048250031028829,0.006451722634920998,0.007462775170921532,0.01000012117175686,0.013333391040390552,0.010869756590906832,0.01123612061148549,0.005814055556385256,0.007575812897613332,0.006329182119912957,0.002604379545687152,0.011764801508533651,0.008474649369972553,0.006024198687100579,0.009803974421586759,0.007874126282757743,0.008771987398418446,0.005649801893639506,0.007936557276593703,0.004016195488787844,0.009345884756243095,0.006135041420748166,0.018867988214928744,0.004366926952485528,0.010309393387487376,0.005235692348293242,0.0033446451026861723,0.008000063888331965,0.005814038294175816,0.012987380736603882,0.008000103140318515,0.004424910039261931,0.007092256588180135,0.014084600506350853,0.01123601508028571,0.010752726981024807,0.008547088671775782,0.006135045349310531,0.006993067918131146,0.011764836498912246,0.004831017930655435,0.010526366283443167,0.006711472762987114,0.012345714877682212,0.009174354827223397,0.004975221720712852,0.004717089986428391,0.005235695182506106,0.0068966157071201906,0.0053764336348365305,0.004255436938393586,0.008620755182775497,0.0047620320892178825,0.004739442060952115,0.005128295813079831,0.01219531575242172,0.03333353977909681,0.009708801362677377,0.0055556475635683,0.00735299857151972,0.006622583873848953,0.0055556419620188535,0.0035715736036650014,0.004673003764793293,0.004424893664463525,0.009901048020452663,0.007518854648964179,0.012345889490930517,0.006410343533389096,0.005586673187565339,0.007194302540256103,0.005882431421156298,0.011764744643272707,0.004608413460090333,0.003623342322384815,0.005154757392574538,0.009345840320861498,0.006756828838092588,0.003355864380807816,0.011904854905537832,0.005988104408316985,0.024390569577604992,0.0058824303349638285,0.003906379302861751,0.005181439655871145,0.023256030820405726,0.006135065929271377,0.004762016482686704,0.00800011331226358,0.016949210828357764,0.029412609188554484,0.005128299687839899,0.008474873989726461,0.003906387114795962,0.007812562270842704,0.01282063900441699,0.011111160228395534,0.0047394400598079756,0.008264534304387894,0.00917436732336796,0.016666694198057996,0.003968381803133525,0.010989078063133206,0.004405401288039457,0.014492882085647807,0.008064600002398947,0.011904819194825222,0.010526356933738157,0.004016199524272679,0.017241449581504753,0.007407460794524923,0.008403406585443918,0.00434794185332521,0.021276997156661537,0.008130136107666885,0.004081760039866822,0.007518856033982502,0.008000054120358868,0.0076336398124396965,0.004717081027649783,0.008403412083566764,0.004739444871347587,0.0060241695673255435,0.012345716491751091,0.008695705451060576,0.010752787868725022,0.010309348375329819,0.008064580482837869,0.010101064551278682,0.01030933278076418,0.0064935928491820505,0.015625166770689702,0.010416765890894908,0.008474667045817341,0.004807795671013082,0.013698666643989554,0.011627960007388083,0.007142914249044452,0.005000098284028809,0.0033224199885921735,0.007462790918253859,0.014925412470233823,0.022222316886583826,0.005235689979571134,0.0038463005201947453,0.0055556472191256034,0.003367163689347308,0.005102144843249334,0.005128320675311215,0.009434198583662123,0.0064103376172397475,0.006172918552181272,0.004739435248978907,0.014492832743215445,0.006579011943813384,0.006756865418708458,0.0769247847827188,0.011627943562700693,0.0035462623675357463,0.0037454646650303403,0.007353000095804418,0.01960789382281547,0.003558870107497114,0.005524955543108945,0.006536014125146039,0.004975226473874272,0.016393504072993892,0.003649778151100236,0.006756817333382514,0.005917240352857789,0.005988097543024651,0.009345837955208935,0.00531923488122743,0.004784789259446143,0.010869605020729978,0.004587270193241011,0.04761963457247376,0.008547073211246925,0.02040822760550043,0.009009066516554753,0.008547068857112095,0.013157948635367234,0.015625100364580646,0.013888955004418335,0.01492553658840734,0.009434010588975639,0.007812553515393006,0.008000049880436677,0.0046512767154922585,0.030304205095951886,0.006060680962207243,0.006493571883851246,0.008620732968694256,0.0071943035871413485,0.013333391587636356,0.004504615043231297,0.004831027039841729,0.005681896313234347,0.012345936983834349,0.004545561044182023,0.010204121769106678,0.055556482475289215,0.0033899887382631277,0.016129063051650405,0.009009056639143864,0.00534767893782373,0.006289378616969543,0.017241545709524075,0.003424813389017345,0.005405493260610683,0.00657902091319329,0.004739440844929277,0.005494587985054977,0.01149428811851294,0.0042736250879613635,0.012048262925418385,0.007407459700971231,0.00689661905650496,0.005319280016550465,0.004545563617455173,0.0056819105930117075,0.008928737263929065,0.007194336966989567,0.007633655326316102,0.009708875838143172,0.010638342850242566,0.004739445604940329,0.010101134867610995,0.005050596965531895,0.003460367748630233,0.006410408617057328,0.012345726705206062,0.015384650323099436,0.01149428203389391,0.006802780633648808,0.004587268858898597,0.012500029464163731,0.005347684045176493,0.005376428596036931,0.008000109362299668,0.007194314817496661,0.004854468875493012,0.005780461136964732,0.0037038462090777102,0.007246431285608423,0.003906384952131248,0.020833522184176445,0.008403415129265568,0.010101079414226888,0.007142912548033564,0.0041323559465524795,0.0032788513867103575,0.011628145211432184,0.007092263555875888,0.005128298715646906,0.007692376680608959,0.005181437374659481,0.005586731655597532,0.01694920145509826,0.008000059777117485,0.0032156048262095283,0.016393980332040314,0.014286005155270232,0.008000052746695019,0.005405571739117931,0.009901052669931687,0.00781257403578195,0.005434867158868428,0.02380995060473623,0.006135044601222717,0.00900916138601815,0.007092257981412331,0.025000151102297252,0.006756831179757228,0.006944514459604534,0.005235689008571853,0.0166666938166955,0.020834949369188394,0.010989070804910739,0.004016191918879031,0.005376430508249541,0.004854468603099349,0.0065790153126954465,0.012987079299279003,0.005714365248536524,0.005882428366930981,0.0067568181529509275,0.009434001752865129,0.004673007894609782,0.005376476772624983,0.004000134564847713,0.02325592896639961,0.013513627447039767,0.0036365097960242565,0.005952465982858257,0.005649799129969324,0.008474632774792212,0.006579009820370629,0.007518849237300174,0.010101175132945173,0.004166791342640863,0.040001083242877655,0.0046512683498747265,0.00316472653338451,0.009434036597170348,0.005347681160998263,0.013333377392740431,0.006369499586639904,0.005405489440619249,0.007352995016333352,0.00595247122538467,0.007812552486896607,0.016129076727395386,0.004424897871047051,0.003472373651447924,0.011904811980670615,0.019607933875249728,0.004902055735811928,0.02040820895416573,0.005102136058070528,0.03846242816419121,0.00400012857247134,0.00340151624942564,0.009901028314033056,0.003571575680894057,0.009901182427171307,0.010204132410791544,0.0046513139199362286,0.009090955836299486,0.06666812502390762,0.008403425414670096,0.009434011338328219,0.0053764293026574705,0.005434868169061247,0.013157933398403543,0.006622584848145152,0.009174435782611567,0.009345860073636914,0.004310459175172809,0.04548489363670072,0.005952541346545104,0.01098907148794126,0.022222285499253758,0.006493581310905938,0.0047170848733628645,0.006410325456130295,0.006135039241058848,0.005050598078099711,0.007462744775921237,0.00892862607965128,0.0062500695716209975,0.007812550429235898,0.004048708636275933,0.005128318705772017,0.014084593405257806,0.004464401209105517,0.004386078016040074,0.022727485030941352,0.004016190208602666,0.006756818406472576,0.005952466012729474,0.007936563001536001,0.0047620069742606574,0.004878145294327396,0.006289377844751698,0.027027580376440596,0.0047170834995711175,0.005681901317274196,0.004739447875778069,0.008849598112902868,0.00781256446461498,0.00568190428182902,0.0030866030759852947,0.016949200390065755,0.010869609067952979,0.01098904644788945,0.005494591095640544,0.00555564968809108,0.005780425572311287,0.011235995436138069,0.013698707088053652,0.00460840233398585,0.03030312425995163,0.004975220362410937,0.004673003880839133,0.004673000061814037,0.004444555543585693,0.005347679506201075,0.008620732307818457,0.015873134546517065,0.0031057641036795758,0.017241458271129773,0.005347680081342787,0.00518143781690128,0.005988109777092632,0.00420180173395579,0.006289398927606271,0.006493575772196891,0.004739444400797765,0.012820541617443837,0.008000049317772095,0.0042554364014790735,0.015873306728607872,0.00806457559102114,0.004366945556967039,0.006579039229109185,0.003584369179748137,0.009708879830526485,0.00653602397349573,0.004424891987582669,0.04347888015918855,0.00588244270105065,0.010000034972733829,0.00467300317333752,0.008771990218093606,0.0034248143081185844,0.01369867792593027,0.006289376060891527,0.0058480285104565155,0.005405490681113179,0.0060976446719109845,0.012500046649293495,0.010309340110083554,0.04545505395010352,0.003623333234600068,0.003448428865738151,0.006944628183134682,0.00990103150023458,0.0063694972018879525,0.00934583303468628,0.003355866138520014,0.004717084947060357,0.007874072998902193,0.004115347695261562,0.013157954700915298,0.014706058167135438,0.006944515511548843,0.005154729026827454,0.0037176138281438398,0.004366925735695304,0.004673005365276595,0.003311421760315625,0.006756824179689147,0.009523853870888388,0.010869637160197954,0.0044054059500524545,0.006211268629414235,0.008849608812226961,0.009901031346643663,0.007751987627784729,0.006172909355655065,0.0036233337145290534,0.00606068820579253,0.004386100885710675,0.003846296652284309,0.04000025808544905,0.005000097304389328,0.0163936858417415,0.022222322139555217,0.003649778763417544,0.006622584566031264,0.007142962850849699,0.005235694252945677,0.003906414698064964,0.008130153487414304,0.02222333262852061,0.007042338395962133,0.003401519391900365,0.008928623535851443,0.004762007435942905,0.011494321697242071,0.005747203724922656,0.0038462870626858603,0.004016193023375081,0.010526701426940122,0.006756820749330927,0.034483106515303064,0.005235703059099706,0.004878150930437641,0.008000064336457058,0.007812548448114853,0.004237416196247068,0.00549459013222986,0.020833573343509215,0.008064567269300937,0.004739437634498245,0.013698722921546391,0.004237412824721787,0.0036497896798550755,0.004587260262553627,0.008547078867550795,0.01030949178453966,0.00884960233521781,0.008771974755788392,0.004000129778233941,0.005882444887816973,0.003195061760095541,0.004366930776654954,0.005917243511845527,0.016949309781757904,0.012345739884139562,0.006493573775230743,0.018518581637110287,0.005208425824122287,0.004784789013456248,0.008130154708339887,0.0125001282875985,0.013513566772871854,0.003597269937586134,0.003846299664076014,0.00704231723562998,0.00943401183447179,0.008064576954339486,0.00526324911996312,0.007042359454629832,0.0084034113597653,0.011904984731827994,0.015384668244735167,0.027030984442887984,0.005494597934529111,0.006451682857544938,0.007142920502957395,0.005263247682051997,0.010309323060042175,0.0056498035827985404,0.0086957029500212,0.03703764519010022,0.0041323531314674256,0.004629734592242585,0.005882447496333043,0.019608150408899405,0.009803957945635489,0.015625066106366603,0.005000111666305429,0.01052636480123681,0.0045872649313878355,0.004587260757858758,0.02222269781842101,0.008064589905202979,0.0039371398312937345,0.011904866063545683,0.005405494615359885,0.02857153017636449,0.00990104613912024,0.007575823154269301,0.0076336388813444955,0.008849621318518075,0.015384658736749657,0.005235691566241485,0.0062893761036093565,0.005102135356366944,0.0075189025179440705,0.006135089217167433,0.004673001441148017,0.005618091309088413,0.025641227469748173,0.007407518071488539,0.014706055319607003,0.00884963330776145,0.005882428737123746,0.006849382599710907,0.0047620066294769,0.005347681944130045,0.0038024166177592633,0.01492540148659316,0.006024182255430333,0.004255435289394427,0.004587260112145941,0.003278851228003532,0.045456072238977185,0.04764962173221576,0.010638369669422332,0.006493576669583945,0.010000284735468767,0.008000070080612431,0.008695727554027144,0.007874067312641841,0.007874079726221339,0.0059880984865685605,0.006622581611026135,0.0071429213327576235,0.00425543643152082,0.0034603807933422104,0.009901123703727421,0.013333358848555577,0.012048323188736276,0.007299323922154599,0.004115349195075169,0.00446440588515884,0.005263244175296222,0.013333368415715086,0.0043479404561139745,0.010309428781852148,0.008474626756964199,0.026315943387700713,0.010309335862942248,0.00793656616602334,0.006289381066409305,0.013888921875548021,0.01785737116040309,0.005882442131678545,0.005917267219416544,0.005524947371014832,0.00900905835923993,0.00781259898772646,0.01562504214376048,0.007874076939216934,0.012500055531731391,0.009901118271571363,0.004694939953594712,0.009434023521009749,0.011363707411049973,0.027027225902429564,0.004629743198648839,0.00943400509214598,0.0038462873638422934,0.009345847744967273,0.0068966217267814045,0.00588242807961592,0.01639372990789667,0.008403407680546593,0.004048711831700302,0.004347946548165282,0.008695695330061426,0.008547058932151685,0.011235993262559418,0.0051021316623405255,0.006211262643631699,0.008849608597785164,0.0040001274718974855,0.010752789809046703,0.0033224225167600707,0.0027857160812914117,0.015873059214897012,0.0036901787507304107,0.017241960880070906,0.012658257549219343,0.013888939217778784,0.005649798108521509,0.0032574973696455345,0.015625079226651906,0.006802785784287835,0.003952707975855674,0.004255436053028916,0.003333502021177992,0.00617294570474769,0.006410329107751522,0.006250081193741153,0.00694459347295151,0.012658337462951863,0.003533714384104769,0.006172916875215151,0.018868494543490044,0.009434055273956687,0.01333348216046204,0.014925479818018061,0.010752801760375519,0.009090956260806138,0.003278852071730398,0.011236016760918233,0.010101088689083326,0.006802786634750646,0.006289387548065406,0.0069445100223219924,0.010101077772660005,0.005988103181266524,0.07143062335818762,0.007042319126441043,0.005524952292859098,0.005181439566484869,0.010416715416084799,0.005235697146332541,0.01960872579405759,0.013513719306104122,0.004587269631230129,0.004201803678142824,0.007407477638224691,0.005848040572288937,0.0030031901317784104,0.006802803156773507,0.0041842213122720295,0.008695697925205081,0.004854473071446819,0.015873168606724164,0.006410390477782357,0.0058824292091230745,0.008695696613159498,0.007874065892281124,0.007633647331687143,0.00787407934448936,0.0043479448273160415,0.00900915925718948,0.005376432374134765,0.004166793490924192,0.005882438918291655,0.004762008822410735,0.014705986424218054,0.0037454597386386013,0.004608411246010746,0.006756828879332488,0.004016189808197623,0.007752019323504555,0.006756821434635185,0.011764762296081699,0.004132362874969431,0.006493576705764781,0.008264667120187141,0.011904832461908654,0.007299334064356344,0.007194334144571712,0.020000148114142746,0.0039526985677582616,0.006289409299597537,0.007751992965296495,0.0058824352010447,0.006493584149382059,0.006329188685384679,0.009803970801343098,0.0038169279763451414,0.004291968563620685,0.004587260036458929,0.010204154206718385,0.008695696171614031,0.00552494328519515,0.004524995401681053,0.004739464176736874,0.011764758508419959,0.0059524598501923265,0.005747251098966899,0.006896630170075468,0.004115351382267818,0.00909098569907485,0.008771972701083541,0.020408313623036634,0.006756818442340773,0.004115347647996259,0.02272762484340518,0.01149442620258867,0.006289376842516958,0.01562511238119413,0.008333388471385206,0.00781255271456871,0.005882428524955685,0.004098484271708003,0.0040001330053200945,0.008403448055332774,0.006756820969712862,0.0068966309823110805,0.012987042640702384,0.006579025445660136,0.003952702210824555,0.005882429799584088,0.006756820550634757,0.005050600630141844,0.006666736762952041,0.01075275184473412,0.026316152847478236,0.009523913387795346,0.009434086957824661,0.004545573420443816,0.020000350648906817,0.009434008214952883,0.00819677308145117,0.007874102502171354,0.01851889892826364,0.00444455507067687,0.00395270405229553,0.009804007337876897,0.009434001982953077,0.006250070375330097,0.006135049227395939,0.020408380114481872,0.00862074375282873,0.009434014010494707,0.00934588088136934,0.006329202728437622,0.006172909165826468,0.009091021400848831,0.006172913315339201,0.009009049161136318,0.00411534696067406,0.01010105161256547,0.004115350260235573,0.005714375778580916,0.00389118283459311,0.00854706618849832,0.0036233339440059353,0.011494319779629336,0.007874081281244116,0.0051021346349955365,0.005586673313473511,0.020000082109881134,0.015625060710100058,0.0067568185056643415,0.01250017492920108,0.005181461020953293,0.02381030627125824,0.0031747764536476097,0.008620740301125807,0.004545567282804086,0.006097633726710683,0.00735299633493014,0.010526365967493234,0.020408408654390087,0.006756822782534755,0.016393493011307214,0.016393490144132272,0.005102135093267179,0.013698661717825189,0.004386081046533263,0.021276653166900417,0.0036102525111232353,0.006579021717158184,0.005988110807635394,0.008333378833640381,0.0034365825860618315,0.003906382028674216,0.008849611575655558,0.006451697661219669,0.008928617031514818,0.010989098779646156,0.00854706366244784,0.004831024773864101,0.05263254112612259,0.004255435088879267,0.020833603019625002,0.007194325046924632,0.016666702409537493,0.024392272975028106,0.005714365676055877,0.00581403366976474,0.005747210107301726,0.013157965270963246,0.005376430318506209,0.010000040732506932,0.008849748985184647,0.004484414998927377,0.050001623444313026,0.005291140710056652,0.009174376113293192,0.004132356110517321,0.012820559141857757,0.006451701616754235,0.009009068256645492,0.006135037842426527,0.005347693817071786,0.015625308771319624,0.0072464408335974895,0.018518561791815102,0.005235698070066519,0.0048310212228841465,0.010526349927474143,0.0041667946666166245,0.009708783166075818,0.005000099065256336,0.008849641998807556,0.004255436097565735,0.005952492389923236,0.0034248119197854976,0.006493574288896298,0.004673003571753043,0.004566320379097988,0.004201807553130266,0.007352997903694813,0.02564206703652161,0.005128296394047993,0.005464572411312929,0.0052356879382671195,0.006711510171783175,0.005102131834860302,0.007518850111722486,0.005128302882894786,0.004098483644668249,0.01063832842623924,0.025000082518573663,0.005319238079181332,0.017857191292442565,0.007518854694183119,0.006896611573552036,0.004329123309418037,0.005649804317584994,0.007518863990185309,0.007352998511294118,0.006135040726945817,0.007194304715909539,0.01010109088532829,0.0043669294220478605,0.005649805323116652,0.005681897571378158,0.007462759245640882,0.003921699771694875,0.005747205538028766,0.013513651942318461,0.04762374013303372,0.009901029861822508,0.0035337218823769945,0.007518875181972362,0.00806456375235598,0.022222310457017613,0.006493614941490478,0.0112359997957725,0.006993069764263282,0.005235733217119787,0.03846185733905827,0.004854470611320494,0.012195197873950292,0.002833061779597301,0.006410325011501072,0.01075274698898454,0.003012226989028477,0.005128300678279629,0.006289382571480928,0.004524993807422106,0.004291966107871303,0.007462748151908727,0.0038315559972943447,0.006211291254771822,0.006024170070105583,0.0073530144874212056,0.004310460795977633,0.011236029731165331,0.01123600462989316,100.0,0.01000008547583775,1.41421356,260.0,0.003846289926798363,1.41421356,68.0,0.014705925862543268,1.41421356,148.0,0.0067568262761881215,1.41421356,125.0,0.00800006259072461,1.41421356,51.0,0.019608193441712274,1.41421356,223.0,0.004484415275072706,1.41421356,135.0,0.007407471324967219,1.41421356,32.0,0.0312504572087029,1.41421356,163.0,0.006135053380745603,1.41421356,53.0,0.018867984268268856,1.41421356,137.0,0.007299334632222099,1.41421356,128.0,0.007812557874444792,1.41421356,151.0,0.0066225917458382355,1.41421356,299.0,0.0033446539841861522,1.41421356,183.0,0.005464566255966474,1.41421356,242.0,0.0041323537392941034,1.41421356,58.0,0.017241440666047936,1.41421356,200.0,0.005000095778086688,1.41421356,39.0,0.025643246841134726,1.41421356,196.0,0.005102150561299368,1.41421356,70.0,0.014285749434819195,1.41421356,116.0,0.008620736986401312,1.41421356,41.0,0.02439039329330228,1.41421356,151.0,0.0066225817999452374,1.41421356,210.0,0.004762006658182827,1.41421356,212.0,0.004717095069395327,1.41421356,238.0,0.004201799004277973,1.41421356,59.0,0.016949262354096106,1.41421356,191.0,0.00523569008723257,1.41421356,306.0,0.0032681361262802966,1.41421356,114.0,0.00877198007370339,1.41421356,27.0,0.03703740603203798,1.41421356,182.0,0.005494589022703167,1.41421356,163.0,0.006135040466205055,1.41421356,156.0,0.006410321687638998,1.41421356,123.0,0.008130130672441283,1.41421356,116.0,0.008620740277180516,1.41421356,55.0,0.018181860127988614,1.41421356,42.0,0.023809689338456508,1.41421356,111.0,0.009009060164402172,1.41421356,149.0,0.006711486145121626,1.41421356,173.0,0.005780431256141583,1.41421356,147.0,0.006802787237802477,1.41421356,145.0,0.006896618793604148,1.41421356,159.0,0.00628937935380236,1.41421356,90.0,0.011111178410885714,1.41421356,124.0,0.008064578719825022,1.41421356,79.0,0.012658278245623933,1.41421356,156.0,0.0064103235206118825,1.41421356,190.0,0.0052632445873541656,1.41421356,163.0,0.0061350393189059105,1.41421356,177.0,0.005649807275887042,1.41421356,123.0,0.008130137433667528,1.41421356,223.0,0.004484414194848796,1.41421356,87.0,0.01149431497431408,1.41421356,201.0,0.004975218645967061,1.41421356,156.0,0.006410371218009914,1.41421356,166.0,0.006024168871505253,1.41421356,202.0,0.004950599243528586,1.41421356,213.0,0.004694938379003588,1.41421356,334.0,0.002994195017436141,1.41421356,180.0,0.005555636853245005,1.41421356,134.0,0.007462741200043865,1.41421356,149.0,0.0067114898564852865,1.41421356,139.0,0.007194320515623076,1.41421356,146.0,0.006849395739209285,1.41421356,95.0,0.01052635505499211,1.41421356,124.0,0.00806458817672251,1.41421356,168.0,0.00595246388547821,1.41421356,48.0,0.02083368959061005,1.41421356,78.0,0.01282054484418893,1.41421356,60.0,0.016666714306225572,1.41421356,164.0,0.006097633935723934,1.41421356,186.0,0.0053764296198721695,1.41421356,77.0,0.012987042635188573,1.41421356,231.0,0.004329120963774358,1.41421356,73.0,0.013698661151337888,1.41421356,83.0,0.012048250031028829,1.41421356,155.0,0.006451722634920998,1.41421356,134.0,0.007462775170921532,1.41421356,100.0,0.01000012117175686,1.41421356,75.0,0.013333391040390552,1.41421356,92.0,0.010869756590906832,1.41421356,89.0,0.01123612061148549,1.41421356,172.0,0.005814055556385256,1.41421356,132.0,0.007575812897613332,1.41421356,158.0,0.006329182119912957,1.41421356,384.0,0.002604379545687152,1.41421356,85.0,0.011764801508533651,1.41421356,118.0,0.008474649369972553,1.41421356,166.0,0.006024198687100579,1.41421356,102.0,0.009803974421586759,1.41421356,127.0,0.007874126282757743,1.41421356,114.0,0.008771987398418446,1.41421356,177.0,0.005649801893639506,1.41421356,126.0,0.007936557276593703,1.41421356,249.0,0.004016195488787844,1.41421356,107.0,0.009345884756243095,1.41421356,163.0,0.006135041420748166,1.41421356,53.0,0.018867988214928744,1.41421356,229.0,0.004366926952485528,1.41421356,97.0,0.010309393387487376,1.41421356,191.0,0.005235692348293242,1.41421356,299.0,0.0033446451026861723,1.41421356,125.0,0.008000063888331965,1.41421356,172.0,0.005814038294175816,1.41421356,77.0,0.012987380736603882,1.41421356,125.0,0.008000103140318515,1.41421356,226.0,0.004424910039261931,1.41421356,141.0,0.007092256588180135,1.41421356,71.0,0.014084600506350853,1.41421356,89.0,0.01123601508028571,1.41421356,93.0,0.010752726981024807,1.41421356,117.0,0.008547088671775782,1.41421356,163.0,0.006135045349310531,1.41421356,143.0,0.006993067918131146,1.41421356,85.0,0.011764836498912246,1.41421356,207.0,0.004831017930655435,1.41421356,95.0,0.010526366283443167,1.41421356,149.0,0.006711472762987114,1.41421356,81.0,0.012345714877682212,1.41421356,109.0,0.009174354827223397,1.41421356,201.0,0.004975221720712852,1.41421356,212.0,0.004717089986428391,1.41421356,191.0,0.005235695182506106,1.41421356,145.0,0.0068966157071201906,1.41421356,186.0,0.0053764336348365305,1.41421356,235.0,0.004255436938393586,1.41421356,116.0,0.008620755182775497,1.41421356,210.0,0.0047620320892178825,1.41421356,211.0,0.004739442060952115,1.41421356,195.0,0.005128295813079831,1.41421356,82.0,0.01219531575242172,1.41421356,30.0,0.03333353977909681,1.41421356,103.0,0.009708801362677377,1.41421356,180.0,0.0055556475635683,1.41421356,136.0,0.00735299857151972,1.41421356,151.0,0.006622583873848953,1.41421356,180.0,0.0055556419620188535,1.41421356,280.0,0.0035715736036650014,1.41421356,214.0,0.004673003764793293,1.41421356,226.0,0.004424893664463525,1.41421356,101.0,0.009901048020452663,1.41421356,133.0,0.007518854648964179,1.41421356,81.0,0.012345889490930517,1.41421356,156.0,0.006410343533389096,1.41421356,179.00000000000014,0.005586673187565339,1.41421356,139.0,0.007194302540256103,1.41421356,170.0,0.005882431421156298,1.41421356,85.0,0.011764744643272707,1.41421356,217.0,0.004608413460090333,1.41421356,276.0,0.003623342322384815,1.41421356,194.0,0.005154757392574538,1.41421356,107.0,0.009345840320861498,1.41421356,148.0,0.006756828838092588,1.41421356,298.0,0.003355864380807816,1.41421356,84.0,0.011904854905537832,1.41421356,167.0,0.005988104408316985,1.41421356,41.0,0.024390569577604992,1.41421356,170.0,0.0058824303349638285,1.41421356,256.0,0.003906379302861751,1.41421356,193.0,0.005181439655871145,1.41421356,43.0,0.023256030820405726,1.41421356,163.0,0.006135065929271377,1.41421356,210.0,0.004762016482686704,1.41421356,125.0,0.00800011331226358,1.41421356,59.0,0.016949210828357764,1.41421356,34.0,0.029412609188554484,1.41421356,195.0,0.005128299687839899,1.41421356,118.0,0.008474873989726461,1.41421356,256.0,0.003906387114795962,1.41421356,128.0,0.007812562270842704,1.41421356,78.0,0.01282063900441699,1.41421356,90.0,0.011111160228395534,1.41421356,211.0,0.0047394400598079756,1.41421356,121.0,0.008264534304387894,1.41421356,109.0,0.00917436732336796,1.41421356,60.0,0.016666694198057996,1.41421356,252.0,0.003968381803133525,1.41421356,91.0,0.010989078063133206,1.41421356,227.0,0.004405401288039457,1.41421356,69.0,0.014492882085647807,1.41421356,124.0,0.008064600002398947,1.41421356,84.0,0.011904819194825222,1.41421356,95.0,0.010526356933738157,1.41421356,249.0,0.004016199524272679,1.41421356,58.0,0.017241449581504753,1.41421356,135.0,0.007407460794524923,1.41421356,119.0,0.008403406585443918,1.41421356,230.0,0.00434794185332521,1.41421356,47.0,0.021276997156661537,1.41421356,123.0,0.008130136107666885,1.41421356,245.0,0.004081760039866822,1.41421356,133.0,0.007518856033982502,1.41421356,125.0,0.008000054120358868,1.41421356,131.0,0.0076336398124396965,1.41421356,212.0,0.004717081027649783,1.41421356,119.0,0.008403412083566764,1.41421356,211.0,0.004739444871347587,1.41421356,166.0,0.0060241695673255435,1.41421356,81.0,0.012345716491751091,1.41421356,115.0,0.008695705451060576,1.41421356,93.0,0.010752787868725022,1.41421356,97.0,0.010309348375329819,1.41421356,124.0,0.008064580482837869,1.41421356,99.0,0.010101064551278682,1.41421356,97.0,0.01030933278076418,1.41421356,154.0,0.0064935928491820505,1.41421356,64.0,0.015625166770689702,1.41421356,96.0,0.010416765890894908,1.41421356,118.0,0.008474667045817341,1.41421356,208.0,0.004807795671013082,1.41421356,73.0,0.013698666643989554,1.41421356,86.0,0.011627960007388083,1.41421356,140.0,0.007142914249044452,1.41421356,200.0,0.005000098284028809,1.41421356,301.0,0.0033224199885921735,1.41421356,134.0,0.007462790918253859,1.41421356,67.0,0.014925412470233823,1.41421356,45.0,0.022222316886583826,1.41421356,191.0,0.005235689979571134,1.41421356,260.0,0.0038463005201947453,1.41421356,180.0,0.0055556472191256034,1.41421356,297.0,0.003367163689347308,1.41421356,196.0,0.005102144843249334,1.41421356,195.0,0.005128320675311215,1.41421356,106.0,0.009434198583662123,1.41421356,156.0,0.0064103376172397475,1.41421356,162.0,0.006172918552181272,1.41421356,211.0,0.004739435248978907,1.41421356,69.0,0.014492832743215445,1.41421356,152.0,0.006579011943813384,1.41421356,148.0,0.006756865418708458,1.41421356,13.0,0.0769247847827188,1.41421356,86.0,0.011627943562700693,1.41421356,282.0,0.0035462623675357463,1.41421356,267.0,0.0037454646650303403,1.41421356,136.0,0.007353000095804418,1.41421356,51.0,0.01960789382281547,1.41421356,281.0,0.003558870107497114,1.41421356,181.0,0.005524955543108945,1.41421356,153.0,0.006536014125146039,1.41421356,201.0,0.004975226473874272,1.41421356,61.0,0.016393504072993892,1.41421356,274.0,0.003649778151100236,1.41421356,148.0,0.006756817333382514,1.41421356,169.0,0.005917240352857789,1.41421356,167.0,0.005988097543024651,1.41421356,107.0,0.009345837955208935,1.41421356,188.0,0.00531923488122743,1.41421356,209.0,0.004784789259446143,1.41421356,92.0,0.010869605020729978,1.41421356,218.0,0.004587270193241011,1.41421356,21.0,0.04761963457247376,1.41421356,117.0,0.008547073211246925,1.41421356,49.0,0.02040822760550043,1.41421356,111.0,0.009009066516554753,1.41421356,117.0,0.008547068857112095,1.41421356,76.0,0.013157948635367234,1.41421356,64.0,0.015625100364580646,1.41421356,72.0,0.013888955004418335,1.41421356,67.0,0.01492553658840734,1.41421356,106.0,0.009434010588975639,1.41421356,128.0,0.007812553515393006,1.41421356,125.0,0.008000049880436677,1.41421356,215.0,0.0046512767154922585,1.41421356,33.0,0.030304205095951886,1.41421356,165.0,0.006060680962207243,1.41421356,154.0,0.006493571883851246,1.41421356,116.0,0.008620732968694256,1.41421356,139.0,0.0071943035871413485,1.41421356,75.0,0.013333391587636356,1.41421356,222.0,0.004504615043231297,1.41421356,207.0,0.004831027039841729,1.41421356,176.0,0.005681896313234347,1.41421356,81.0,0.012345936983834349,1.41421356,220.0,0.004545561044182023,1.41421356,98.0,0.010204121769106678,1.41421356,18.0,0.055556482475289215,1.41421356,295.0,0.0033899887382631277,1.41421356,62.0,0.016129063051650405,1.41421356,111.0,0.009009056639143864,1.41421356,187.0,0.00534767893782373,1.41421356,159.0,0.006289378616969543,1.41421356,58.0,0.017241545709524075,1.41421356,292.0,0.003424813389017345,1.41421356,185.0,0.005405493260610683,1.41421356,152.0,0.00657902091319329,1.41421356,211.0,0.004739440844929277,1.41421356,182.0,0.005494587985054977,1.41421356,87.0,0.01149428811851294,1.41421356,234.0,0.0042736250879613635,1.41421356,83.0,0.012048262925418385,1.41421356,135.0,0.007407459700971231,1.41421356,145.0,0.00689661905650496,1.41421356,188.0,0.005319280016550465,1.41421356,220.0,0.004545563617455173,1.41421356,176.0,0.0056819105930117075,1.41421356,112.0,0.008928737263929065,1.41421356,139.0,0.007194336966989567,1.41421356,131.0,0.007633655326316102,1.41421356,103.0,0.009708875838143172,1.41421356,94.0,0.010638342850242566,1.41421356,211.0,0.004739445604940329,1.41421356,99.0,0.010101134867610995,1.41421356,198.0,0.005050596965531895,1.41421356,289.0,0.003460367748630233,1.41421356,156.0,0.006410408617057328,1.41421356,81.0,0.012345726705206062,1.41421356,65.0,0.015384650323099436,1.41421356,87.0,0.01149428203389391,1.41421356,147.0,0.006802780633648808,1.41421356,218.0,0.004587268858898597,1.41421356,80.0,0.012500029464163731,1.41421356,187.0,0.005347684045176493,1.41421356,186.0,0.005376428596036931,1.41421356,125.0,0.008000109362299668,1.41421356,139.0,0.007194314817496661,1.41421356,206.0,0.004854468875493012,1.41421356,173.0,0.005780461136964732,1.41421356,270.0,0.0037038462090777102,1.41421356,138.0,0.007246431285608423,1.41421356,256.0,0.003906384952131248,1.41421356,48.0,0.020833522184176445,1.41421356,119.0,0.008403415129265568,1.41421356,99.0,0.010101079414226888,1.41421356,140.0,0.007142912548033564,1.41421356,242.0,0.0041323559465524795,1.41421356,305.0,0.0032788513867103575,1.41421356,86.0,0.011628145211432184,1.41421356,141.0,0.007092263555875888,1.41421356,195.0,0.005128298715646906,1.41421356,130.0,0.007692376680608959,1.41421356,193.0,0.005181437374659481,1.41421356,179.0,0.005586731655597532,1.41421356,59.0,0.01694920145509826,1.41421356,125.0,0.008000059777117485,1.41421356,311.0,0.0032156048262095283,1.41421356,61.0,0.016393980332040314,1.41421356,70.0,0.014286005155270232,1.41421356,125.0,0.008000052746695019,1.41421356,185.0,0.005405571739117931,1.41421356,101.0,0.009901052669931687,1.41421356,128.0,0.00781257403578195,1.41421356,184.0,0.005434867158868428,1.41421356,42.0,0.02380995060473623,1.41421356,163.0,0.006135044601222717,1.41421356,111.0,0.00900916138601815,1.41421356,141.0,0.007092257981412331,1.41421356,40.0,0.025000151102297252,1.41421356,148.0,0.006756831179757228,1.41421356,144.0,0.006944514459604534,1.41421356,191.0,0.005235689008571853,1.41421356,60.0,0.0166666938166955,1.41421356,48.0,0.020834949369188394,1.41421356,91.0,0.010989070804910739,1.41421356,249.0,0.004016191918879031,1.41421356,186.0,0.005376430508249541,1.41421356,206.0,0.004854468603099349,1.41421356,152.0,0.0065790153126954465,1.41421356,77.0,0.012987079299279003,1.41421356,175.0,0.005714365248536524,1.41421356,170.0,0.005882428366930981,1.41421356,148.0,0.0067568181529509275,1.41421356,106.0,0.009434001752865129,1.41421356,214.0,0.004673007894609782,1.41421356,186.0,0.005376476772624983,1.41421356,250.0,0.004000134564847713,1.41421356,43.0,0.02325592896639961,1.41421356,74.0,0.013513627447039767,1.41421356,275.0,0.0036365097960242565,1.41421356,168.0,0.005952465982858257,1.41421356,177.0,0.005649799129969324,1.41421356,118.0,0.008474632774792212,1.41421356,152.0,0.006579009820370629,1.41421356,133.0,0.007518849237300174,1.41421356,99.0,0.010101175132945173,1.41421356,240.0,0.004166791342640863,1.41421356,25.0,0.040001083242877655,1.41421356,215.0,0.0046512683498747265,1.41421356,316.0,0.00316472653338451,1.41421356,106.0,0.009434036597170348,1.41421356,187.0,0.005347681160998263,1.41421356,75.0,0.013333377392740431,1.41421356,157.0,0.006369499586639904,1.41421356,185.0,0.005405489440619249,1.41421356,136.0,0.007352995016333352,1.41421356,168.0,0.00595247122538467,1.41421356,128.0,0.007812552486896607,1.41421356,62.0,0.016129076727395386,1.41421356,226.0,0.004424897871047051,1.41421356,288.0,0.003472373651447924,1.41421356,84.0,0.011904811980670615,1.41421356,51.00000000000014,0.019607933875249728,1.41421356,204.0,0.004902055735811928,1.41421356,49.0,0.02040820895416573,1.41421356,196.0,0.005102136058070528,1.41421356,26.0,0.03846242816419121,1.41421356,250.0,0.00400012857247134,1.41421356,294.0,0.00340151624942564,1.41421356,101.0,0.009901028314033056,1.41421356,280.0,0.003571575680894057,1.41421356,101.0,0.009901182427171307,1.41421356,98.0,0.010204132410791544,1.41421356,215.0,0.0046513139199362286,1.41421356,110.0,0.009090955836299486,1.41421356,15.0,0.06666812502390762,1.41421356,119.0,0.008403425414670096,1.41421356,106.0,0.009434011338328219,1.41421356,186.0,0.0053764293026574705,1.41421356,184.0,0.005434868169061247,1.41421356,76.0,0.013157933398403543,1.41421356,151.0,0.006622584848145152,1.41421356,109.0,0.009174435782611567,1.41421356,107.0,0.009345860073636914,1.41421356,232.0,0.004310459175172809,1.41421356,22.000000000000004,0.04548489363670072,1.41421356,168.0,0.005952541346545104,1.41421356,91.0,0.01098907148794126,1.41421356,45.0,0.022222285499253758,1.41421356,154.0,0.006493581310905938,1.41421356,212.0,0.0047170848733628645,1.41421356,156.0,0.006410325456130295,1.41421356,163.0,0.006135039241058848,1.41421356,198.0,0.005050598078099711,1.41421356,134.0,0.007462744775921237,1.41421356,112.0,0.00892862607965128,1.41421356,160.0,0.0062500695716209975,1.41421356,128.0,0.007812550429235898,1.41421356,247.0,0.004048708636275933,1.41421356,195.0,0.005128318705772017,1.41421356,71.0,0.014084593405257806,1.41421356,224.0,0.004464401209105517,1.41421356,228.0,0.004386078016040074,1.41421356,44.0,0.022727485030941352,1.41421356,249.0,0.004016190208602666,1.41421356,148.0,0.006756818406472576,1.41421356,168.0,0.005952466012729474,1.41421356,126.0,0.007936563001536001,1.41421356,210.0,0.0047620069742606574,1.41421356,205.0,0.004878145294327396,1.41421356,159.0,0.006289377844751698,1.41421356,37.0,0.027027580376440596,1.41421356,212.0,0.0047170834995711175,1.41421356,176.0,0.005681901317274196,1.41421356,211.0,0.004739447875778069,1.41421356,113.0,0.008849598112902868,1.41421356,128.0,0.00781256446461498,1.41421356,176.0,0.00568190428182902,1.41421356,324.0,0.0030866030759852947,1.41421356,59.0,0.016949200390065755,1.41421356,92.0,0.010869609067952979,1.41421356,91.0,0.01098904644788945,1.41421356,182.0,0.005494591095640544,1.41421356,180.0,0.00555564968809108,1.41421356,173.0,0.005780425572311287,1.41421356,89.0,0.011235995436138069,1.41421356,73.0,0.013698707088053652,1.41421356,217.0,0.00460840233398585,1.41421356,33.0,0.03030312425995163,1.41421356,201.0,0.004975220362410937,1.41421356,214.0,0.004673003880839133,1.41421356,214.0,0.004673000061814037,1.41421356,225.0,0.004444555543585693,1.41421356,187.0,0.005347679506201075,1.41421356,116.0,0.008620732307818457,1.41421356,63.0,0.015873134546517065,1.41421356,322.0,0.0031057641036795758,1.41421356,58.0,0.017241458271129773,1.41421356,187.0,0.005347680081342787,1.41421356,193.0,0.00518143781690128,1.41421356,167.0,0.005988109777092632,1.41421356,238.0,0.00420180173395579,1.41421356,159.0,0.006289398927606271,1.41421356,154.0,0.006493575772196891,1.41421356,211.0,0.004739444400797765,1.41421356,78.0,0.012820541617443837,1.41421356,125.0,0.008000049317772095,1.41421356,235.0,0.0042554364014790735,1.41421356,63.0,0.015873306728607872,1.41421356,124.0,0.00806457559102114,1.41421356,229.0,0.004366945556967039,1.41421356,152.0,0.006579039229109185,1.41421356,279.0,0.003584369179748137,1.41421356,103.0,0.009708879830526485,1.41421356,153.0,0.00653602397349573,1.41421356,226.0,0.004424891987582669,1.41421356,23.0,0.04347888015918855,1.41421356,170.0,0.00588244270105065,1.41421356,100.0,0.010000034972733829,1.41421356,214.0,0.00467300317333752,1.41421356,114.0,0.008771990218093606,1.41421356,292.0,0.0034248143081185844,1.41421356,73.0,0.01369867792593027,1.41421356,159.0,0.006289376060891527,1.41421356,171.0,0.0058480285104565155,1.41421356,185.0,0.005405490681113179,1.41421356,164.0,0.0060976446719109845,1.41421356,80.0,0.012500046649293495,1.41421356,97.0,0.010309340110083554,1.41421356,22.0,0.04545505395010352,1.41421356,276.0,0.003623333234600068,1.41421356,290.0,0.003448428865738151,1.41421356,144.0,0.006944628183134682,1.41421356,101.0,0.00990103150023458,1.41421356,157.0,0.0063694972018879525,1.41421356,107.0,0.00934583303468628,1.41421356,298.0,0.003355866138520014,1.41421356,212.0,0.004717084947060357,1.41421356,127.0,0.007874072998902193,1.41421356,243.0,0.004115347695261562,1.41421356,76.0,0.013157954700915298,1.41421356,68.0,0.014706058167135438,1.41421356,144.0,0.006944515511548843,1.41421356,194.0,0.005154729026827454,1.41421356,269.0,0.0037176138281438398,1.41421356,229.0,0.004366925735695304,1.41421356,214.0,0.004673005365276595,1.41421356,302.0,0.003311421760315625,1.41421356,148.0,0.006756824179689147,1.41421356,105.0,0.009523853870888388,1.41421356,92.0,0.010869637160197954,1.41421356,227.0,0.0044054059500524545,1.41421356,161.0,0.006211268629414235,1.41421356,113.0,0.008849608812226961,1.41421356,101.0,0.009901031346643663,1.41421356,129.0,0.007751987627784729,1.41421356,162.0,0.006172909355655065,1.41421356,276.0,0.0036233337145290534,1.41421356,165.0,0.00606068820579253,1.41421356,228.0,0.004386100885710675,1.41421356,260.0,0.003846296652284309,1.41421356,25.0,0.04000025808544905,1.41421356,200.0,0.005000097304389328,1.41421356,61.0,0.0163936858417415,1.41421356,45.0,0.022222322139555217,1.41421356,274.0,0.003649778763417544,1.41421356,151.0,0.006622584566031264,1.41421356,140.0,0.007142962850849699,1.41421356,191.0,0.005235694252945677,1.41421356,256.0,0.003906414698064964,1.41421356,123.0,0.008130153487414304,1.41421356,45.0,0.02222333262852061,1.41421356,142.0,0.007042338395962133,1.41421356,294.0,0.003401519391900365,1.41421356,112.0,0.008928623535851443,1.41421356,210.0,0.004762007435942905,1.41421356,87.0,0.011494321697242071,1.41421356,174.0,0.005747203724922656,1.41421356,260.0,0.0038462870626858603,1.41421356,249.0,0.004016193023375081,1.41421356,95.0,0.010526701426940122,1.41421356,148.0,0.006756820749330927,1.41421356,29.0,0.034483106515303064,1.41421356,191.0,0.005235703059099706,1.41421356,205.0,0.004878150930437641,1.41421356,125.0,0.008000064336457058,1.41421356,128.0,0.007812548448114853,1.41421356,236.0,0.004237416196247068,1.41421356,182.0,0.00549459013222986,1.41421356,48.0,0.020833573343509215,1.41421356,124.0,0.008064567269300937,1.41421356,211.0,0.004739437634498245,1.41421356,73.0,0.013698722921546391,1.41421356,236.0,0.004237412824721787,1.41421356,274.0,0.0036497896798550755,1.41421356,218.0,0.004587260262553627,1.41421356,117.0,0.008547078867550795,1.41421356,97.0,0.01030949178453966,1.41421356,113.0,0.00884960233521781,1.41421356,114.0,0.008771974755788392,1.41421356,250.0,0.004000129778233941,1.41421356,170.0,0.005882444887816973,1.41421356,313.0,0.003195061760095541,1.41421356,229.0,0.004366930776654954,1.41421356,169.0,0.005917243511845527,1.41421356,59.0,0.016949309781757904,1.41421356,81.0,0.012345739884139562,1.41421356,154.0,0.006493573775230743,1.41421356,54.0,0.018518581637110287,1.41421356,192.0,0.005208425824122287,1.41421356,209.0,0.004784789013456248,1.41421356,123.0,0.008130154708339887,1.41421356,80.0,0.0125001282875985,1.41421356,74.0,0.013513566772871854,1.41421356,278.0,0.003597269937586134,1.41421356,260.0,0.003846299664076014,1.41421356,142.0,0.00704231723562998,1.41421356,106.0,0.00943401183447179,1.41421356,124.0,0.008064576954339486,1.41421356,190.0,0.00526324911996312,1.41421356,142.0,0.007042359454629832,1.41421356,119.0,0.0084034113597653,1.41421356,84.0,0.011904984731827994,1.41421356,65.0,0.015384668244735167,1.41421356,37.0,0.027030984442887984,1.41421356,182.0,0.005494597934529111,1.41421356,155.0,0.006451682857544938,1.41421356,140.0,0.007142920502957395,1.41421356,190.0,0.005263247682051997,1.41421356,97.0,0.010309323060042175,1.41421356,177.0,0.0056498035827985404,1.41421356,115.0,0.0086957029500212,1.41421356,27.0,0.03703764519010022,1.41421356,242.0,0.0041323531314674256,1.41421356,216.0,0.004629734592242585,1.41421356,170.0,0.005882447496333043,1.41421356,51.0,0.019608150408899405,1.41421356,102.0,0.009803957945635489,1.41421356,64.0,0.015625066106366603,1.41421356,200.0,0.005000111666305429,1.41421356,95.0,0.01052636480123681,1.41421356,218.0,0.0045872649313878355,1.41421356,218.0,0.004587260757858758,1.41421356,45.0,0.02222269781842101,1.41421356,124.0,0.008064589905202979,1.41421356,254.0,0.0039371398312937345,1.41421356,84.0,0.011904866063545683,1.41421356,185.0,0.005405494615359885,1.41421356,35.0,0.02857153017636449,1.41421356,101.0,0.00990104613912024,1.41421356,132.0,0.007575823154269301,1.41421356,131.0,0.0076336388813444955,1.41421356,113.0,0.008849621318518075,1.41421356,65.0,0.015384658736749657,1.41421356,191.0,0.005235691566241485,1.41421356,159.0,0.0062893761036093565,1.41421356,196.0,0.005102135356366944,1.41421356,133.0,0.0075189025179440705,1.41421356,163.0,0.006135089217167433,1.41421356,214.0,0.004673001441148017,1.41421356,178.0,0.005618091309088413,1.41421356,39.0,0.025641227469748173,1.41421356,135.0,0.007407518071488539,1.41421356,68.0,0.014706055319607003,1.41421356,113.0,0.00884963330776145,1.41421356,170.0,0.005882428737123746,1.41421356,146.0,0.006849382599710907,1.41421356,210.0,0.0047620066294769,1.41421356,187.0,0.005347681944130045,1.41421356,263.0,0.0038024166177592633,1.41421356,67.0,0.01492540148659316,1.41421356,166.0,0.006024182255430333,1.41421356,235.0,0.004255435289394427,1.41421356,218.0,0.004587260112145941,1.41421356,305.0,0.003278851228003532,1.41421356,22.0,0.045456072238977185,1.41421356,21.0,0.04764962173221576,1.41421356,94.0,0.010638369669422332,1.41421356,154.0,0.006493576669583945,1.41421356,100.0,0.010000284735468767,1.41421356,125.0,0.008000070080612431,1.41421356,115.0,0.008695727554027144,1.41421356,127.0,0.007874067312641841,1.41421356,127.0,0.007874079726221339,1.41421356,167.0,0.0059880984865685605,1.41421356,151.0,0.006622581611026135,1.41421356,140.0,0.0071429213327576235,1.41421356,235.0,0.00425543643152082,1.41421356,289.0,0.0034603807933422104,1.41421356,101.0,0.009901123703727421,1.41421356,75.0,0.013333358848555577,1.41421356,83.0,0.012048323188736276,1.41421356,137.0,0.007299323922154599,1.41421356,243.0,0.004115349195075169,1.41421356,224.0,0.00446440588515884,1.41421356,190.0,0.005263244175296222,1.41421356,75.0,0.013333368415715086,1.41421356,230.0,0.0043479404561139745,1.41421356,97.0,0.010309428781852148,1.41421356,118.0,0.008474626756964199,1.41421356,38.0,0.026315943387700713,1.41421356,97.0,0.010309335862942248,1.41421356,126.0,0.00793656616602334,1.41421356,159.0,0.006289381066409305,1.41421356,72.0,0.013888921875548021,1.41421356,56.0,0.01785737116040309,1.41421356,170.0,0.005882442131678545,1.41421356,169.0,0.005917267219416544,1.41421356,181.0,0.005524947371014832,1.41421356,111.0,0.00900905835923993,1.41421356,128.0,0.00781259898772646,1.41421356,64.0,0.01562504214376048,1.41421356,127.0,0.007874076939216934,1.41421356,80.0,0.012500055531731391,1.41421356,101.0,0.009901118271571363,1.41421356,213.0,0.004694939953594712,1.41421356,106.0,0.009434023521009749,1.41421356,88.0,0.011363707411049973,1.41421356,37.0,0.027027225902429564,1.41421356,216.0,0.004629743198648839,1.41421356,106.0,0.00943400509214598,1.41421356,260.0,0.0038462873638422934,1.41421356,107.0,0.009345847744967273,1.41421356,145.0,0.0068966217267814045,1.41421356,170.0,0.00588242807961592,1.41421356,61.0,0.01639372990789667,1.41421356,119.0,0.008403407680546593,1.41421356,247.0,0.004048711831700302,1.41421356,230.0,0.004347946548165282,1.41421356,115.0,0.008695695330061426,1.41421356,117.0,0.008547058932151685,1.41421356,89.0,0.011235993262559418,1.41421356,196.0,0.0051021316623405255,1.41421356,161.0,0.006211262643631699,1.41421356,113.0,0.008849608597785164,1.41421356,250.0,0.0040001274718974855,1.41421356,93.0,0.010752789809046703,1.41421356,301.0,0.0033224225167600707,1.41421356,359.0,0.0027857160812914117,1.41421356,63.0,0.015873059214897012,1.41421356,271.0,0.0036901787507304107,1.41421356,58.0,0.017241960880070906,1.41421356,79.0,0.012658257549219343,1.41421356,72.0,0.013888939217778784,1.41421356,177.0,0.005649798108521509,1.41421356,307.0,0.0032574973696455345,1.41421356,64.0,0.015625079226651906,1.41421356,147.0,0.006802785784287835,1.41421356,253.0,0.003952707975855674,1.41421356,235.0,0.004255436053028916,1.41421356,300.0,0.003333502021177992,1.41421356,162.0,0.00617294570474769,1.41421356,156.0,0.006410329107751522,1.41421356,160.0,0.006250081193741153,1.41421356,144.0,0.00694459347295151,1.41421356,79.0,0.012658337462951863,1.41421356,283.0,0.003533714384104769,1.41421356,162.0,0.006172916875215151,1.41421356,53.0,0.018868494543490044,1.41421356,106.0,0.009434055273956687,1.41421356,75.0,0.01333348216046204,1.41421356,67.0,0.014925479818018061,1.41421356,93.0,0.010752801760375519,1.41421356,110.0,0.009090956260806138,1.41421356,305.0,0.003278852071730398,1.41421356,89.0,0.011236016760918233,1.41421356,99.0,0.010101088689083326,1.41421356,147.0,0.006802786634750646,1.41421356,159.0,0.006289387548065406,1.41421356,144.0,0.0069445100223219924,1.41421356,99.0,0.010101077772660005,1.41421356,167.0,0.005988103181266524,1.41421356,14.0,0.07143062335818762,1.41421356,142.0,0.007042319126441043,1.41421356,181.0,0.005524952292859098,1.41421356,193.0,0.005181439566484869,1.41421356,96.0,0.010416715416084799,1.41421356,191.0,0.005235697146332541,1.41421356,51.0,0.01960872579405759,1.41421356,74.0,0.013513719306104122,1.41421356,218.0,0.004587269631230129,1.41421356,238.0,0.004201803678142824,1.41421356,135.0,0.007407477638224691,1.41421356,171.0,0.005848040572288937,1.41421356,333.0,0.0030031901317784104,1.41421356,147.0,0.006802803156773507,1.41421356,239.0,0.0041842213122720295,1.41421356,115.0,0.008695697925205081,1.41421356,206.0,0.004854473071446819,1.41421356,63.0,0.015873168606724164,1.41421356,156.0,0.006410390477782357,1.41421356,170.0,0.0058824292091230745,1.41421356,115.0,0.008695696613159498,1.41421356,127.0,0.007874065892281124,1.41421356,131.0,0.007633647331687143,1.41421356,127.0,0.00787407934448936,1.41421356,230.0,0.0043479448273160415,1.41421356,111.0,0.00900915925718948,1.41421356,186.0,0.005376432374134765,1.41421356,240.0,0.004166793490924192,1.41421356,170.0,0.005882438918291655,1.41421356,210.0,0.004762008822410735,1.41421356,68.0,0.014705986424218054,1.41421356,267.0,0.0037454597386386013,1.41421356,217.0,0.004608411246010746,1.41421356,148.0,0.006756828879332488,1.41421356,249.0,0.004016189808197623,1.41421356,129.0,0.007752019323504555,1.41421356,148.0,0.006756821434635185,1.41421356,85.0,0.011764762296081699,1.41421356,242.0,0.004132362874969431,1.41421356,154.0,0.006493576705764781,1.41421356,121.0,0.008264667120187141,1.41421356,84.0,0.011904832461908654,1.41421356,137.0,0.007299334064356344,1.41421356,139.0,0.007194334144571712,1.41421356,50.0,0.020000148114142746,1.41421356,253.0,0.0039526985677582616,1.41421356,159.0,0.006289409299597537,1.41421356,129.0,0.007751992965296495,1.41421356,170.0,0.0058824352010447,1.41421356,154.0,0.006493584149382059,1.41421356,158.0,0.006329188685384679,1.41421356,102.0,0.009803970801343098,1.41421356,262.0,0.0038169279763451414,1.41421356,233.0,0.004291968563620685,1.41421356,218.0,0.004587260036458929,1.41421356,98.0,0.010204154206718385,1.41421356,115.0,0.008695696171614031,1.41421356,181.0,0.00552494328519515,1.41421356,221.0,0.004524995401681053,1.41421356,211.0,0.004739464176736874,1.41421356,85.0,0.011764758508419959,1.41421356,168.0,0.0059524598501923265,1.41421356,174.0,0.005747251098966899,1.41421356,145.0,0.006896630170075468,1.41421356,243.0,0.004115351382267818,1.41421356,110.0,0.00909098569907485,1.41421356,114.0,0.008771972701083541,1.41421356,49.0,0.020408313623036634,1.41421356,148.0,0.006756818442340773,1.41421356,243.0,0.004115347647996259,1.41421356,44.0,0.02272762484340518,1.41421356,87.0,0.01149442620258867,1.41421356,159.0,0.006289376842516958,1.41421356,64.0,0.01562511238119413,1.41421356,120.0,0.008333388471385206,1.41421356,128.0,0.00781255271456871,1.41421356,170.0,0.005882428524955685,1.41421356,244.0,0.004098484271708003,1.41421356,250.0,0.0040001330053200945,1.41421356,119.0,0.008403448055332774,1.41421356,148.0,0.006756820969712862,1.41421356,145.0,0.0068966309823110805,1.41421356,77.0,0.012987042640702384,1.41421356,152.0,0.006579025445660136,1.41421356,253.0,0.003952702210824555,1.41421356,170.0,0.005882429799584088,1.41421356,148.0,0.006756820550634757,1.41421356,198.0,0.005050600630141844,1.41421356,150.0,0.006666736762952041,1.41421356,93.0,0.01075275184473412,1.41421356,38.0,0.026316152847478236,1.41421356,105.0,0.009523913387795346,1.41421356,106.0,0.009434086957824661,1.41421356,220.0,0.004545573420443816,1.41421356,50.0,0.020000350648906817,1.41421356,106.0,0.009434008214952883,1.41421356,122.0,0.00819677308145117,1.41421356,127.0,0.007874102502171354,1.41421356,54.0,0.01851889892826364,1.41421356,225.0,0.00444455507067687,1.41421356,253.0,0.00395270405229553,1.41421356,102.0,0.009804007337876897,1.41421356,106.0,0.009434001982953077,1.41421356,160.0,0.006250070375330097,1.41421356,163.0,0.006135049227395939,1.41421356,49.0,0.020408380114481872,1.41421356,116.0,0.00862074375282873,1.41421356,106.0,0.009434014010494707,1.41421356,107.0,0.00934588088136934,1.41421356,158.0,0.006329202728437622,1.41421356,162.0,0.006172909165826468,1.41421356,110.0,0.009091021400848831,1.41421356,162.0,0.006172913315339201,1.41421356,111.0,0.009009049161136318,1.41421356,243.0,0.00411534696067406,1.41421356,99.0,0.01010105161256547,1.41421356,243.0,0.004115350260235573,1.41421356,175.0,0.005714375778580916,1.41421356,257.0,0.00389118283459311,1.41421356,117.0,0.00854706618849832,1.41421356,276.0,0.0036233339440059353,1.41421356,87.0,0.011494319779629336,1.41421356,127.0,0.007874081281244116,1.41421356,196.0,0.0051021346349955365,1.41421356,179.0,0.005586673313473511,1.41421356,50.0,0.020000082109881134,1.41421356,64.0,0.015625060710100058,1.41421356,148.0,0.0067568185056643415,1.41421356,80.0,0.01250017492920108,1.41421356,193.0,0.005181461020953293,1.41421356,42.0,0.02381030627125824,1.41421356,315.0,0.0031747764536476097,1.41421356,116.0,0.008620740301125807,1.41421356,220.0,0.004545567282804086,1.41421356,164.0,0.006097633726710683,1.41421356,136.0,0.00735299633493014,1.41421356,95.0,0.010526365967493234,1.41421356,49.0,0.020408408654390087,1.41421356,148.0,0.006756822782534755,1.41421356,61.0,0.016393493011307214,1.41421356,61.0,0.016393490144132272,1.41421356,196.0,0.005102135093267179,1.41421356,73.0,0.013698661717825189,1.41421356,228.0,0.004386081046533263,1.41421356,47.0,0.021276653166900417,1.41421356,277.0,0.0036102525111232353,1.41421356,152.0,0.006579021717158184,1.41421356,167.0,0.005988110807635394,1.41421356,120.0,0.008333378833640381,1.41421356,291.0,0.0034365825860618315,1.41421356,256.0,0.003906382028674216,1.41421356,113.0,0.008849611575655558,1.41421356,155.0,0.006451697661219669,1.41421356,112.0,0.008928617031514818,1.41421356,91.0,0.010989098779646156,1.41421356,117.0,0.00854706366244784,1.41421356,207.0,0.004831024773864101,1.41421356,19.0,0.05263254112612259,1.41421356,235.0,0.004255435088879267,1.41421356,48.0,0.020833603019625002,1.41421356,139.0,0.007194325046924632,1.41421356,60.0,0.016666702409537493,1.41421356,41.0,0.024392272975028106,1.41421356,175.0,0.005714365676055877,1.41421356,172.0,0.00581403366976474,1.41421356,174.0,0.005747210107301726,1.41421356,76.0,0.013157965270963246,1.41421356,186.0,0.005376430318506209,1.41421356,100.0,0.010000040732506932,1.41421356,113.0,0.008849748985184647,1.41421356,223.0,0.004484414998927377,1.41421356,20.0,0.050001623444313026,1.41421356,189.0,0.005291140710056652,1.41421356,109.0,0.009174376113293192,1.41421356,242.0,0.004132356110517321,1.41421356,78.0,0.012820559141857757,1.41421356,155.0,0.006451701616754235,1.41421356,111.0,0.009009068256645492,1.41421356,163.0,0.006135037842426527,1.41421356,187.0,0.005347693817071786,1.41421356,64.0,0.015625308771319624,1.41421356,138.0,0.0072464408335974895,1.41421356,54.0,0.018518561791815102,1.41421356,191.0,0.005235698070066519,1.41421356,207.0,0.0048310212228841465,1.41421356,95.0,0.010526349927474143,1.41421356,240.0,0.0041667946666166245,1.41421356,103.0,0.009708783166075818,1.41421356,200.0,0.005000099065256336,1.41421356,113.0,0.008849641998807556,1.41421356,235.0,0.004255436097565735,1.41421356,168.0,0.005952492389923236,1.41421356,292.0,0.0034248119197854976,1.41421356,154.0,0.006493574288896298,1.41421356,214.0,0.004673003571753043,1.41421356,219.0,0.004566320379097988,1.41421356,238.0,0.004201807553130266,1.41421356,136.0,0.007352997903694813,1.41421356,39.0,0.02564206703652161,1.41421356,195.0,0.005128296394047993,1.41421356,183.0,0.005464572411312929,1.41421356,191.0,0.0052356879382671195,1.41421356,149.0,0.006711510171783175,1.41421356,196.0,0.005102131834860302,1.41421356,133.0,0.007518850111722486,1.41421356,195.0,0.005128302882894786,1.41421356,244.0,0.004098483644668249,1.41421356,94.0,0.01063832842623924,1.41421356,40.0,0.025000082518573663,1.41421356,188.0,0.005319238079181332,1.41421356,56.0,0.017857191292442565,1.41421356,133.0,0.007518854694183119,1.41421356,145.0,0.006896611573552036,1.41421356,231.0,0.004329123309418037,1.41421356,177.0,0.005649804317584994,1.41421356,133.0,0.007518863990185309,1.41421356,136.0,0.007352998511294118,1.41421356,163.0,0.006135040726945817,1.41421356,139.0,0.007194304715909539,1.41421356,99.0,0.01010109088532829,1.41421356,229.0,0.0043669294220478605,1.41421356,177.0,0.005649805323116652,1.41421356,176.0,0.005681897571378158,1.41421356,134.0,0.007462759245640882,1.41421356,255.0,0.003921699771694875,1.41421356,174.0,0.005747205538028766,1.41421356,74.0,0.013513651942318461,1.41421356,21.0,0.04762374013303372,1.41421356,101.0,0.009901029861822508,1.41421356,283.0,0.0035337218823769945,1.41421356,133.0,0.007518875181972362,1.41421356,124.0,0.00806456375235598,1.41421356,45.0,0.022222310457017613,1.41421356,154.0,0.006493614941490478,1.41421356,89.0,0.0112359997957725,1.41421356,143.0,0.006993069764263282,1.41421356,191.0,0.005235733217119787,1.41421356,26.0,0.03846185733905827,1.41421356,206.0,0.004854470611320494,1.41421356,82.0,0.012195197873950292,1.41421356,353.0,0.002833061779597301,1.41421356,156.0,0.006410325011501072,1.41421356,93.0,0.01075274698898454,1.41421356,332.0,0.003012226989028477,1.41421356,195.0,0.005128300678279629,1.41421356,159.0,0.006289382571480928,1.41421356,221.0,0.004524993807422106,1.41421356,233.0,0.004291966107871303,1.41421356,134.0,0.007462748151908727,1.41421356,261.0,0.0038315559972943447,1.41421356,161.0,0.006211291254771822,1.41421356,166.0,0.006024170070105583,1.41421356,136.0,0.0073530144874212056,1.41421356,232.0,0.004310460795977633,1.41421356,89.0,0.011236029731165331,1.41421356,89.0,0.01123600462989316,1.41421356]
WARNING: Not solved to optimality, status: UserLimit
