WARNING: Method definition require(Symbol) in module Base at loading.jl:345 overwritten in module ConicBenchmarkUtilities at /home/ubuntu/.julia/v0.5/Requires/src/require.jl:12.
#SOLVERNAME# PAJ_SCIP_MOSEK
#SOLVER# Pajarito.PajaritoSolver(2,3600.0,1.0e-5,false,SCIP.SCIPSolver(("display/verblevel",0,"limits/gap",0.0,"limits/time",3600.0)),MathProgBase.DefaultMIPSolver(),0,false,true,Mosek.MosekMathProgSolverInterface.MosekSolver(Any[(:LOG,0),(:NUM_THREADS,1),(:OPTIMIZER_MAX_TIME,120.0)]),true,false,false,true,false,true,false,true,true,true,true,false,false,true,false,false,false,true,1.0e-10,0.0001,1.0e-6,0.01,1.0e-6)
#INSTANCE# ck_n50_m10_o3_5.cbf.gz
#TIMELIMIT# 3600.0

Transforming original data......Done     0.00s

Creating conic model data......Done     0.00s

Creating MIP model......Done     0.00s

Cone types summary:
Cone       | Count    | Min dim  | Max dim 
       SOC |       10 |       52 |       52

Solving conic relaxation......Done     0.01s
 - Relaxation status    =        Optimal
 - Relaxation objective =  -20493.490800

Creating conic subproblem model......Done     0.00s

Starting iterative outer approximation algorithm

Iter | Best obj       | OA obj         | Rel gap     | Time (s)   
   1 |           +Inf |  -1.860300e+04 |         Inf |   1.763e+00
   2 |  -1.859600e+04 |  -1.859600e+04 |   0.000e+00 |   3.290e+00

Pajarito MICP solve summary:
 - Total time (s)       =       3.31e+00
 - Status               =        Optimal
 - Best feasible obj.   =  -1.859600e+04
 - Final OA obj. bound  =  -1.859600e+04
 - Relative opt. gap    =      0.000e+00
 - MIP solve count      =              2
 - Conic solve count    =              2
 - Feas. solution count =              1
 - Integer repeat count =              0

Timers (s):
 - Setup                =       2.03e-02
 -- Transform data      =       4.78e-04
 -- Create conic data   =       2.60e-04
 -- Create MIP data     =       4.80e-03
 -- Load/solve relax    =       1.08e-02
 - Iterative algorithm  =       3.29e+00
 -- Solve MIPs          =       3.27e+00
 -- Solve conic model   =       8.48e-03
 -- Process conic data  =       4.03e-03
 -- Add conic solution  =       0.00e+00
 -- Add dual cuts       =       7.72e-04
 -- Use outer inf/cuts  =       1.25e-02

#STATUS# Optimal
#OBJVAL# 18596.0
#OBJBOUND# 18596.0
#TIMESOLVER# 3.31026291847229
#TIMEALL# 3.3105452060699463
#SOLUTION# [1.0,0.0,1.0,1.0,1.0,0.0,1.0,0.0,1.0,1.0,0.0,1.0,1.0,0.0,1.0,0.0,0.0,1.0,0.0,0.0,1.0,0.0,1.0,0.0,0.0,1.0,1.0,0.0,1.0,1.0,0.0,1.0,1.0,1.0,1.0,0.0,1.0,1.0,0.0,1.0,1.0,1.0,0.0,1.0,0.0,1.0,1.0,0.9999999999999989,0.0,1.0,0.0,0.0,0.0,0.0,40.0,0.0,0.0,82.0,0.0,0.0,0.0,0.0,0.0,0.0,0.0,0.0,0.0,0.0,0.0,0.0,0.0,0.0,0.0,0.0,0.0,0.0,0.0,0.0,0.0,0.0,0.0,0.0,0.0,0.0,0.0,1.0,0.0,0.0,0.0,0.0,128.0,0.0,155.0,0.0,0.0,0.0,0.0,0.0,0.0,0.0,0.0,242.73605788590686,118.0,0.0,0.0,0.0,3.0,0.0,0.0,0.0,0.0,3.0,0.0,0.0,0.0,0.0,0.0,0.0,0.0,0.0,0.0,0.0,0.0,0.0,0.0,0.0,0.0,0.0,60.0,0.0,93.0,62.0,0.0,0.0,0.0,40.0,0.0,0.0,0.0,0.0,0.0,0.0,0.0,0.0,0.0,0.0,0.0,0.0,0.0,0.0,0.0,0.0,183.45683831060774,0.0,0.0,0.0,0.0,86.0,0.0,0.0,0.0,0.0,0.0,0.0,0.0,0.0,0.0,0.0,0.0,0.0,0.0,0.0,0.0,0.0,0.0,0.0,0.0,0.0,0.0,0.0,0.0,0.0,0.0,0.0,0.0,0.0,0.0,0.0,0.0,0.0,0.0,0.0,0.0,0.0,0.0,0.0,0.0,0.0,26.0,0.0,0.0,0.0,0.0,147.87121448380373,68.0,0.0,0.0,0.0,0.0,0.0,0.0,0.0,0.0,0.0,0.0,0.0,0.0,0.0,54.0,0.0,0.0,0.0,0.0,0.0,0.0,0.0,0.0,0.0,0.0,0.0,0.0,0.0,0.0,16.0,0.0,0.0,0.0,0.0,0.0,0.0,0.0,0.0,0.0,0.0,0.0,0.0,0.0,0.0,0.0,0.0,0.0,0.0,0.0,38.0,124.091898158879,0.0,0.0,0.0,0.0,0.0,0.0,0.0,0.0,0.0,0.0,0.0,0.0,0.0,0.0,30.0,0.0,0.0,0.0,0.0,0.0,0.0,0.0,0.0,0.0,0.0,0.0,0.0,0.0,0.0,0.0,0.0,0.0,0.0,0.0,3.0,0.0,0.0,0.0,0.0,0.0,0.0,0.0,0.0,0.0,0.0,0.0,0.0,0.0,0.0,0.0,78.68023885448268,0.0,0.0,0.0,0.0,0.0,0.0,0.0,0.0,0.0,0.0,0.0,0.0,0.0,0.0,0.0,0.0,0.0,0.0,0.0,0.0,8.0,0.0,0.0,0.0,0.0,0.0,27.0,0.0,0.0,0.0,0.0,74.0,0.0,0.0,0.0,0.0,0.0,0.0,0.0,0.0,0.0,0.0,0.0,0.0,0.0,0.0,0.0,8.99999999999999,0.0,0.0,203.17852002196838,0.0,0.0,26.0,0.0,0.0,0.0,0.0,0.0,5.0,0.0,0.0,0.0,243.0,0.0,0.0,0.0,0.0,0.0,0.0,0.0,0.0,0.0,0.0,0.0,0.0,0.0,0.0,0.0,0.0,0.0,0.0,0.0,0.0,0.0,27.0,0.0,0.0,0.0,0.0,0.0,119.0,0.0,0.0,0.0,0.0,0.0,0.0,0.0,0.0,0.0,276.794668774052,0.0,0.0,0.0,0.0,0.0,0.0,0.0,0.0,32.0,0.0,0.0,0.0,0.0,0.0,0.0,0.0,0.0,0.0,0.0,0.0,0.0,0.0,0.0,0.0,0.0,0.0,0.0,0.0,0.0,0.0,0.0,0.0,0.0,0.0,0.0,0.0,0.0,0.0,0.0,80.0,0.0,0.0,0.0,0.0,0.0,0.0,0.0,0.0,0.0,0.0,118.18435752236063,0.0,0.0,28.0,0.0,0.0,0.0,51.0,0.0,0.0,0.0,0.0,0.0,0.0,0.0,0.0,0.0,0.0,0.0,0.0,0.0,0.0,0.0,50.0,0.0,0.0,0.0,0.0,0.0,0.0,0.0,0.0,0.0,8.0,0.0,61.0,0.0,2.0,0.0,0.0,0.0,0.0,0.0,0.0,0.0,0.0,0.0,80.0,0.0,0.0,87.0,168.28380127001938,0.0,0.0,0.0,95.0,0.0,0.0,0.0,0.0,0.0,0.0,0.0,0.0,0.0,0.0,0.0,0.0,0.0,0.0,0.0,0.0,0.0,0.0,26.0,0.0,0.0,96.0,100.0,0.0,0.0,0.0,0.0,0.0,0.0,0.0,0.0,0.0,0.0,0.0,0.0,0.0,0.0,0.0,0.0,0.0,0.0,0.0,0.0,0.0,0.0,0.0,172.43576112886225,343.2806251392301,171.64031256961508,-0.0,-0.0,-0.0,56.5685424949238,-0.0,-0.0,115.96551211459378,-0.0,-0.0,-0.0,-0.0,-0.0,-0.0,-0.0,-0.0,-0.0,-0.0,-0.0,-0.0,-0.0,-0.0,-0.0,-0.0,-0.0,-0.0,-0.0,-0.0,-0.0,-0.0,-0.0,-0.0,-0.0,-0.0,-0.0,1.414213562373095,-0.0,-0.0,-0.0,-0.0,181.01933598375615,-0.0,219.2031021678297,-0.0,-0.0,-0.0,-0.0,-0.0,-0.0,-0.0,-0.0,259.44714884894944,129.72357442447475,166.8772003600252,-0.0,-0.0,-0.0,4.242640687119285,-0.0,-0.0,-0.0,-0.0,4.242640687119285,-0.0,-0.0,-0.0,-0.0,-0.0,-0.0,-0.0,-0.0,-0.0,-0.0,-0.0,-0.0,-0.0,-0.0,-0.0,-0.0,84.85281374238569,-0.0,131.52186130069782,87.68124086713189,-0.0,-0.0,-0.0,56.5685424949238,-0.0,-0.0,-0.0,-0.0,-0.0,-0.0,-0.0,-0.0,-0.0,-0.0,-0.0,-0.0,-0.0,-0.0,-0.0,-0.0,209.12147700757606,104.56073850378804,-0.0,-0.0,-0.0,-0.0,121.62236636408616,-0.0,-0.0,-0.0,-0.0,-0.0,-0.0,-0.0,-0.0,-0.0,-0.0,-0.0,-0.0,-0.0,-0.0,-0.0,-0.0,-0.0,-0.0,-0.0,-0.0,-0.0,-0.0,-0.0,-0.0,-0.0,-0.0,-0.0,-0.0,-0.0,-0.0,-0.0,-0.0,-0.0,-0.0,-0.0,-0.0,-0.0,-0.0,-0.0,-0.0,36.76955262170047,-0.0,-0.0,-0.0,-0.0,175.49244535690758,87.7462226784538,96.16652224137046,-0.0,-0.0,-0.0,-0.0,-0.0,-0.0,-0.0,-0.0,-0.0,-0.0,-0.0,-0.0,-0.0,76.36753236814712,-0.0,-0.0,-0.0,-0.0,-0.0,-0.0,-0.0,-0.0,-0.0,-0.0,-0.0,-0.0,-0.0,-0.0,22.62741699796952,-0.0,-0.0,-0.0,-0.0,-0.0,-0.0,-0.0,-0.0,-0.0,-0.0,-0.0,-0.0,-0.0,-0.0,-0.0,-0.0,-0.0,-0.0,-0.0,53.740115370177605,111.27066087876395,55.63533043938198,-0.0,-0.0,-0.0,-0.0,-0.0,-0.0,-0.0,-0.0,-0.0,-0.0,-0.0,-0.0,-0.0,-0.0,42.426406871192846,-0.0,-0.0,-0.0,-0.0,-0.0,-0.0,-0.0,-0.0,-0.0,-0.0,-0.0,-0.0,-0.0,-0.0,-0.0,-0.0,-0.0,-0.0,-0.0,4.242640687119285,-0.0,-0.0,-0.0,-0.0,-0.0,-0.0,-0.0,-0.0,-0.0,-0.0,-0.0,-0.0,-0.0,-0.0,-0.0,287.3378185979611,143.66890929898057,-0.0,-0.0,-0.0,-0.0,-0.0,-0.0,-0.0,-0.0,-0.0,-0.0,-0.0,-0.0,-0.0,-0.0,-0.0,-0.0,-0.0,-0.0,-0.0,-0.0,11.31370849898476,-0.0,-0.0,-0.0,-0.0,-0.0,38.18376618407356,-0.0,-0.0,-0.0,-0.0,104.65180361560903,-0.0,-0.0,-0.0,-0.0,-0.0,-0.0,-0.0,-0.0,-0.0,-0.0,-0.0,-0.0,-0.0,-0.0,-0.0,12.72792206135784,-0.0,-0.0,391.44677457283296,195.7233872864165,-0.0,-0.0,36.76955262170047,-0.0,-0.0,-0.0,-0.0,-0.0,7.071067811865475,-0.0,-0.0,-0.0,343.6538956566621,-0.0,-0.0,-0.0,-0.0,-0.0,-0.0,-0.0,-0.0,-0.0,-0.0,-0.0,-0.0,-0.0,-0.0,-0.0,-0.0,-0.0,-0.0,-0.0,-0.0,-0.0,38.18376618407356,-0.0,-0.0,-0.0,-0.0,-0.0,168.2914139223983,-0.0,-0.0,-0.0,-0.0,-0.0,-0.0,-0.0,-0.0,-0.0,167.1379212684731,83.56896063423656,-0.0,-0.0,-0.0,-0.0,-0.0,-0.0,-0.0,-0.0,45.25483399593904,-0.0,-0.0,-0.0,-0.0,-0.0,-0.0,-0.0,-0.0,-0.0,-0.0,-0.0,-0.0,-0.0,-0.0,-0.0,-0.0,-0.0,-0.0,-0.0,-0.0,-0.0,-0.0,-0.0,-0.0,-0.0,-0.0,-0.0,-0.0,-0.0,-0.0,113.1370849898476,-0.0,-0.0,-0.0,-0.0,-0.0,-0.0,-0.0,-0.0,-0.0,-0.0,237.98923408376007,118.99461704188005,-0.0,-0.0,39.597979746446654,-0.0,-0.0,-0.0,72.12489168102785,-0.0,-0.0,-0.0,-0.0,-0.0,-0.0,-0.0,-0.0,-0.0,-0.0,-0.0,-0.0,-0.0,-0.0,-0.0,70.71067811865474,-0.0,-0.0,-0.0,-0.0,-0.0,-0.0,-0.0,-0.0,-0.0,11.31370849898476,-0.0,86.26702730475878,-0.0,2.82842712474619,-0.0,-0.0,-0.0,-0.0,-0.0,-0.0,-0.0,-0.0,-0.0,113.1370849898476,-0.0,-0.0,123.03657992645925,243.86099202656433,121.93049601328218,-0.0,-0.0,-0.0,134.350288425444,-0.0,-0.0,-0.0,-0.0,-0.0,-0.0,-0.0,-0.0,-0.0,-0.0,-0.0,-0.0,-0.0,-0.0,-0.0,-0.0,-0.0,-0.0,36.76955262170047,-0.0,-0.0,135.7645019878171,141.42135623730948,-0.0,-0.0,-0.0,-0.0,-0.0,-0.0,-0.0,-0.0,-0.0,-0.0,-0.0,-0.0,-0.0,-0.0,-0.0,-0.0,-0.0,-0.0,-0.0,-0.0,-0.0,-0.0,-0.0]
