WARNING: Method definition require(Symbol) in module Base at loading.jl:345 overwritten in module ConicBenchmarkUtilities at /home/ubuntu/.julia/v0.5/Requires/src/require.jl:12.
#SOLVERNAME# PAJ_SCIP_MOSEK
#SOLVER# Pajarito.PajaritoSolver(2,3600.0,1.0e-5,false,SCIP.SCIPSolver(("display/verblevel",0,"limits/gap",0.0,"limits/time",3600.0)),MathProgBase.DefaultMIPSolver(),0,false,true,Mosek.MosekMathProgSolverInterface.MosekSolver(Any[(:LOG,0),(:NUM_THREADS,1),(:OPTIMIZER_MAX_TIME,120.0)]),true,false,false,true,false,true,false,true,true,true,true,false,false,true,false,false,false,true,1.0e-10,0.0001,1.0e-6,0.01,1.0e-6)
#INSTANCE# ck_n75_m10_o5_5.cbf.gz
#TIMELIMIT# 3600.0

Transforming original data......Done     0.00s

Creating conic model data......Done     0.00s

Creating MIP model......Done     0.01s

Cone types summary:
Cone       | Count    | Min dim  | Max dim 
       SOC |       10 |       77 |       77

Solving conic relaxation......Done     0.01s
 - Relaxation status    =        Optimal
 - Relaxation objective =  -31692.246118

Creating conic subproblem model......Done     0.00s

Starting iterative outer approximation algorithm

Iter | Best obj       | OA obj         | Rel gap     | Time (s)   
   1 |           +Inf |  -2.955500e+04 |         Inf |   6.293e+00
   2 |           +Inf |  -2.918300e+04 |         Inf |   2.422e+01
   3 |  -2.907000e+04 |  -2.907000e+04 |   0.000e+00 |   4.536e+01

Pajarito MICP solve summary:
 - Total time (s)       =       4.54e+01
 - Status               =        Optimal
 - Best feasible obj.   =  -2.907000e+04
 - Final OA obj. bound  =  -2.907000e+04
 - Relative opt. gap    =      0.000e+00
 - MIP solve count      =              3
 - Conic solve count    =              3
 - Feas. solution count =              1
 - Integer repeat count =              0

Timers (s):
 - Setup                =       2.71e-02
 -- Transform data      =       6.83e-04
 -- Create conic data   =       3.24e-04
 -- Create MIP data     =       6.45e-03
 -- Load/solve relax    =       1.36e-02
 - Iterative algorithm  =       4.54e+01
 -- Solve MIPs          =       4.53e+01
 -- Solve conic model   =       9.70e-03
 -- Process conic data  =       6.38e-03
 -- Add conic solution  =       0.00e+00
 -- Add dual cuts       =       1.19e-03
 -- Use outer inf/cuts  =       3.00e-02

#STATUS# Optimal
#OBJVAL# 29070.0
#OBJBOUND# 29070.0
#TIMESOLVER# 45.3875470161438
#TIMEALL# 45.387885093688965
#SOLUTION# [0.0,1.0,1.0,1.0,1.0,1.0,1.0,0.0,0.0,4.5102810375396984e-17,1.0,0.0,1.0,0.0,-4.007211229506424e-15,1.0,1.0,1.0,0.0,0.0,1.0,1.0,1.0,1.0,1.0,0.0,0.0,0.0,1.0,1.0,1.0,1.0,1.0,0.0,1.0,1.0,0.0,0.0,0.0,0.0,0.0,1.0,0.0,0.0,1.0,1.0,1.0,1.0,1.0,1.0,0.0,1.0,1.0,0.0,0.0,1.0,1.0,0.0,1.0,0.0,0.0,1.0,1.0,1.0,1.0,1.0,1.0,1.0,1.0,0.0,0.0,1.0,0.9999999999999999,1.0,1.0,0.0,0.0,41.0,12.0,0.0,0.0,0.0,136.0,0.0,0.0,0.0,0.0,0.0,0.0,0.0,0.0,0.0,0.0,0.0,0.0,0.0,0.0,0.0,0.0,0.0,175.0,0.0,0.0,0.0,0.0,0.0,0.0,0.0,2.0,0.0,0.0,0.0,0.0,0.0,0.0,0.0,0.0,0.0,0.0,0.0,0.0,0.0,0.0,0.0,196.0,0.0,0.0,0.0,4.0,0.0,0.0,0.0,0.0,0.0,0.0,0.0,0.0,7.0,0.0,0.0,0.0,0.0,0.0,313.0,0.0,0.0,0.0,0.0,0.0,0.0,100.0,449.12625815842995,0.0,154.0,103.0,0.0,0.0,0.0,66.0,0.0,0.0,0.0,0.0,0.0,0.0,0.0,0.0,0.0,0.0,0.0,0.0,0.0,0.0,0.0,0.0,0.0,0.0,0.0,0.0,0.0,0.0,0.0,0.0,0.0,0.0,0.0,0.0,0.0,0.0,0.0,0.0,0.0,0.0,0.0,0.0,0.0,63.0,0.0,0.0,160.0,0.0,0.0,0.0,0.0,0.0,0.0,0.0,0.0,0.0,0.0,0.0,0.0,0.0,0.0,0.0,0.0,0.0,0.0,0.0,0.0,43.0,0.0,0.0,0.0,0.0,113.0,0.0,289.9350024507908,0.0,0.0,0.0,0.0,0.0,0.0,0.0,0.0,0.0,0.0,0.0,0.0,90.0,0.0,0.0,0.0,0.0,0.0,0.0,0.0,0.0,107.0,0.0,0.0,0.0,0.0,0.0,0.0,0.0,0.0,0.0,0.0,0.0,0.0,0.0,0.0,0.0,0.0,0.0,0.0,0.0,0.0,0.0,0.0,0.0,0.0,0.0,63.0,0.0,0.0,0.0,0.0,0.0,0.0,0.0,0.0,0.0,0.0,0.0,0.0,0.0,0.0,49.0,166.0,0.0,0.0,0.0,0.0,0.0,0.0,0.0,0.0,0.0,0.0,0.0,238.4054093482484,0.0,0.0,0.0,0.0,0.0,0.0,0.0,0.0,0.0,0.0,0.0,0.0,0.0,0.0,0.0,0.0,0.0,0.0,0.0,0.0,0.0,0.0,0.0,0.0,0.0,0.0,0.0,0.0,0.0,0.0,0.0,0.0,0.0,0.0,0.0,0.0,0.0,0.0,0.0,0.0,0.0,0.0,0.0,0.0,0.0,0.0,0.0,0.0,0.0,44.0,0.0,0.0,0.0,0.0,0.0,155.0,0.0,0.0,0.0,0.0,0.0,0.0,0.0,76.0,0.0,0.0,0.0,2.0,0.0,0.0,0.0,0.0,329.99999999999994,43.0,0.0,386.40709519860724,0.0,0.0,0.0,0.0,7.0,0.0,0.0,0.0,0.0,0.0,0.0,0.0,0.0,0.0,0.0,0.0,0.0,0.0,0.0,0.0,77.0,0.0,0.0,0.0,0.0,0.0,0.0,0.0,0.0,0.0,44.0,11.0,0.0,0.0,0.0,0.0,0.0,0.0,0.0,0.0,0.0,0.0,0.0,0.0,0.0,0.0,0.0,28.0,0.0,221.0,0.0,0.0,53.0,0.0,0.0,0.0,0.0,0.0,281.0,0.0,0.0,0.0,0.0,0.0,134.0,0.0,0.0,0.0,0.0,0.0,0.0,0.0,0.0,0.0,0.0,410.9972022043848,0.0,0.0,0.0,0.0,133.0,0.0,0.0,0.0,0.0,0.0,0.0,0.0,0.0,0.0,0.0,47.0,0.0,0.0,0.0,0.0,0.0,0.0,0.0,0.0,0.0,0.0,0.0,0.0,0.0,0.0,0.0,0.0,259.0,0.0,88.0,83.0,0.0,0.0,0.0,0.0,0.0,0.0,0.0,0.0,0.0,12.0,0.0,101.0,0.0,3.0,0.0,74.0,0.0,0.0,0.0,0.0,0.0,0.0,0.0,0.0,0.0,0.0,0.0,0.0,158.0,0.0,0.0,0.0,147.0,0.0,0.0,0.0,0.0,0.0,0.0,406.7575315319217,0.0,0.0,0.0,0.0,0.0,0.0,0.0,0.0,0.0,2.39044894989604e-15,5.0,0.0,166.0,0.0,0.0,0.0,60.0,0.0,0.0,0.0,0.0,0.0,0.0,0.0,0.0,0.0,0.0,0.0,0.0,0.0,0.0,0.0,0.0,0.0,0.0,0.0,0.0,0.0,0.0,0.0,0.0,0.0,0.0,0.0,0.0,0.0,0.0,0.0,60.0,0.0,0.0,0.0,0.0,0.0,0.0,0.0,0.0,0.0,0.0,0.0,0.0,0.0,0.0,0.0,0.0,0.0,0.0,0.0,24.0,0.0,0.0,0.0,0.0,0.0,0.0,231.25534164993942,0.0,0.0,0.0,0.0,2.0,0.0,0.0,0.0,0.0,0.0,0.0,0.0,0.0,0.0,0.0,75.0,0.0,0.0,0.0,0.0,0.0,0.0,0.0,0.0,0.0,0.0,0.0,0.0,0.0,0.0,0.0,0.0,0.0,0.0,0.0,0.0,0.0,0.0,0.0,0.0,0.0,0.0,0.0,0.0,0.0,0.0,0.0,0.0,85.0,0.0,0.0,57.0,0.0,0.0,0.0,0.0,0.0,0.0,87.0,0.0,0.0,0.0,0.0,0.0,0.0,0.0,0.0,0.0,0.0,0.0,0.0,0.0,0.0,0.0,0.0,156.1810759535412,0.0,0.0,0.0,0.0,0.0,0.0,0.0,0.0,0.0,0.0,0.0,0.0,0.0,0.0,0.0,0.0,0.0,1.0,0.0,0.0,0.0,2.0,0.0,0.0,0.0,0.0,0.0,0.0,0.0,0.0,0.0,0.0,0.0,0.0,0.0,0.0,0.0,0.0,0.0,0.0,0.0,0.0,0.0,0.0,0.0,246.0,0.0,17.0,0.0,161.0,0.0,42.0,0.0,0.0,0.0,0.0,6.0,0.0,0.0,0.0,0.0,0.0,0.0,0.0,0.0,0.0,0.0,0.0,0.0,0.0,0.0,0.0,0.0,8.0,0.0,298.34438682151006,0.0,0.0,0.0,0.0,0.0,0.0,0.0,0.0,0.0,6.765421556309548e-16,0.0,0.0,0.0,0.0,0.0,0.0,0.0,0.0,0.0,0.0,0.0,0.0,0.0,0.0,0.0,0.0,0.0,0.0,0.0,0.0,0.0,0.0,0.0,0.0,0.0,0.0,0.0,0.0,0.0,0.0,0.0,0.0,0.0,0.0,0.0,0.0,0.0,0.0,0.0,0.0,0.0,0.0,8.0,0.0,0.0,0.0,0.0,0.0,0.0,0.0,0.0,0.0,0.0,0.0,0.0,0.0,0.0,0.0,0.0,0.0,0.0,0.0,0.0,128.0,0.0,129.65839167300675,635.1604455055315,317.5802227527658,0.0,57.98275605729689,16.97056274847714,0.0,0.0,0.0,192.33304448274092,0.0,0.0,0.0,0.0,0.0,0.0,0.0,0.0,0.0,0.0,0.0,0.0,0.0,0.0,0.0,0.0,0.0,247.48737341529161,0.0,0.0,0.0,0.0,0.0,0.0,0.0,2.82842712474619,0.0,0.0,0.0,0.0,0.0,0.0,0.0,0.0,0.0,0.0,0.0,0.0,0.0,0.0,0.0,277.1858582251266,0.0,0.0,0.0,5.65685424949238,0.0,0.0,0.0,0.0,0.0,0.0,0.0,0.0,9.899494936611664,0.0,0.0,0.0,0.0,0.0,442.6488450227787,0.0,0.0,0.0,0.0,0.0,0.0,141.42135623730948,410.03001267258486,205.0150063362925,0.0,217.7888886054566,145.66399692442877,0.0,0.0,0.0,93.33809511662426,0.0,0.0,0.0,0.0,0.0,0.0,0.0,0.0,0.0,0.0,0.0,0.0,0.0,0.0,0.0,0.0,0.0,0.0,0.0,0.0,0.0,0.0,0.0,0.0,0.0,0.0,0.0,0.0,0.0,0.0,0.0,0.0,0.0,0.0,0.0,0.0,0.0,89.09545442950498,0.0,0.0,226.2741699796952,0.0,0.0,0.0,0.0,0.0,0.0,0.0,0.0,0.0,0.0,0.0,0.0,0.0,0.0,0.0,0.0,0.0,0.0,0.0,0.0,60.81118318204308,0.0,0.0,0.0,0.0,159.80613254815972,0.0,337.1561632434023,168.5780816217012,0.0,0.0,0.0,0.0,0.0,0.0,0.0,0.0,0.0,0.0,0.0,0.0,127.27922061357854,0.0,0.0,0.0,0.0,0.0,0.0,0.0,0.0,151.32085117392117,0.0,0.0,0.0,0.0,0.0,0.0,0.0,0.0,0.0,0.0,0.0,0.0,0.0,0.0,0.0,0.0,0.0,0.0,0.0,0.0,0.0,0.0,0.0,0.0,0.0,89.09545442950498,0.0,0.0,0.0,0.0,0.0,0.0,0.0,0.0,0.0,0.0,0.0,0.0,0.0,0.0,69.29646455628165,234.75945135393377,0.0,0.0,0.0,0.0,0.0,0.0,0.0,0.0,0.0,0.0,0.0,546.462154627062,273.23107731353105,0.0,0.0,0.0,0.0,0.0,0.0,0.0,0.0,0.0,0.0,0.0,0.0,0.0,0.0,0.0,0.0,0.0,0.0,0.0,0.0,0.0,0.0,0.0,0.0,0.0,0.0,0.0,0.0,0.0,0.0,0.0,0.0,0.0,0.0,0.0,0.0,0.0,0.0,0.0,0.0,0.0,0.0,0.0,0.0,0.0,0.0,0.0,0.0,0.0,62.22539674441617,0.0,0.0,0.0,0.0,0.0,219.2031021678297,0.0,0.0,0.0,0.0,0.0,0.0,0.0,107.48023074035521,0.0,0.0,0.0,2.82842712474619,0.0,0.0,0.0,0.0,466.69047558312127,60.81118318204308,0.0,581.2378174548383,290.6189087274192,0.0,0.0,0.0,0.0,9.899494936611664,0.0,0.0,0.0,0.0,0.0,0.0,0.0,0.0,0.0,0.0,0.0,0.0,0.0,0.0,0.0,108.8944443027283,0.0,0.0,0.0,0.0,0.0,0.0,0.0,0.0,0.0,62.22539674441617,15.556349186104043,0.0,0.0,0.0,0.0,0.0,0.0,0.0,0.0,0.0,0.0,0.0,0.0,0.0,0.0,0.0,39.597979746446654,0.0,312.541197284454,0.0,0.0,74.95331880577403,0.0,0.0,0.0,0.0,0.0,397.3940110268397,0.0,0.0,0.0,0.0,0.0,189.50461735799473,0.0,0.0,0.0,0.0,0.0,0.0,0.0,0.0,0.0,0.0,575.2420176898455,287.6210088449228,0.0,0.0,0.0,0.0,188.09040379562163,0.0,0.0,0.0,0.0,0.0,0.0,0.0,0.0,0.0,0.0,66.46803743153546,0.0,0.0,0.0,0.0,0.0,0.0,0.0,0.0,0.0,0.0,0.0,0.0,0.0,0.0,0.0,0.0,366.28131265463156,0.0,124.45079348883235,117.37972567696688,0.0,0.0,0.0,0.0,0.0,0.0,0.0,0.0,0.0,16.97056274847714,0.0,142.8355697996826,0.0,4.242640687119285,0.0,104.65180361560903,0.0,0.0,0.0,0.0,0.0,0.0,0.0,0.0,0.0,0.0,0.0,0.0,223.445742854949,0.0,0.0,0.0,207.88939366884495,0.0,0.0,0.0,0.0,0.0,0.0,327.044440532568,163.52222026628402,0.0,0.0,0.0,0.0,0.0,0.0,0.0,0.0,0.0,3.380605325103503e-15,7.071067811865475,0.0,234.75945135393377,0.0,0.0,0.0,84.85281374238569,0.0,0.0,0.0,0.0,0.0,0.0,0.0,0.0,0.0,0.0,0.0,0.0,0.0,0.0,0.0,0.0,0.0,0.0,0.0,0.0,0.0,0.0,0.0,0.0,0.0,0.0,0.0,0.0,0.0,0.0,0.0,84.85281374238569,0.0,0.0,0.0,0.0,0.0,0.0,0.0,0.0,0.0,0.0,0.0,0.0,0.0,0.0,0.0,0.0,0.0,0.0,0.0,33.94112549695428,0.0,0.0,0.0,0.0,0.0,0.0,220.87339579952044,110.43669789976025,0.0,0.0,0.0,0.0,2.82842712474619,0.0,0.0,0.0,0.0,0.0,0.0,0.0,0.0,0.0,0.0,106.06601717798212,0.0,0.0,0.0,0.0,0.0,0.0,0.0,0.0,0.0,0.0,0.0,0.0,0.0,0.0,0.0,0.0,0.0,0.0,0.0,0.0,0.0,0.0,0.0,0.0,0.0,0.0,0.0,0.0,0.0,0.0,0.0,0.0,120.20815280171307,0.0,0.0,80.61017305526642,0.0,0.0,0.0,0.0,0.0,0.0,123.03657992645925,0.0,0.0,0.0,0.0,0.0,0.0,0.0,0.0,0.0,0.0,0.0,0.0,0.0,0.0,0.0,0.0,421.92267810086435,210.96133905043223,0.0,0.0,0.0,0.0,0.0,0.0,0.0,0.0,0.0,0.0,0.0,0.0,0.0,0.0,0.0,0.0,0.0,1.414213562373095,0.0,0.0,0.0,2.82842712474619,0.0,0.0,0.0,0.0,0.0,0.0,0.0,0.0,0.0,0.0,0.0,0.0,0.0,0.0,0.0,0.0,0.0,0.0,0.0,0.0,0.0,0.0,0.0,347.89653634378135,0.0,24.041630560342615,0.0,227.6883835420683,0.0,59.39696961966999,0.0,0.0,0.0,0.0,8.48528137423857,0.0,0.0,0.0,0.0,0.0,0.0,0.0,0.0,0.0,0.0,0.0,0.0,0.0,0.0,0.0,0.0,11.31370849898476,0.0,183.36465597944888,91.68232798972446,0.0,0.0,0.0,0.0,0.0,0.0,0.0,0.0,0.0,9.567750920104253e-16,0.0,0.0,0.0,0.0,0.0,0.0,0.0,0.0,0.0,0.0,0.0,0.0,0.0,0.0,0.0,0.0,0.0,0.0,0.0,0.0,0.0,0.0,0.0,0.0,0.0,0.0,0.0,0.0,0.0,0.0,0.0,0.0,0.0,0.0,0.0,0.0,0.0,0.0,0.0,0.0,0.0,0.0,11.31370849898476,0.0,0.0,0.0,0.0,0.0,0.0,0.0,0.0,0.0,0.0,0.0,0.0,0.0,0.0,0.0,0.0,0.0,0.0,0.0,0.0,181.01933598375615,0.0]
