WARNING: Method definition require(Symbol) in module Base at loading.jl:345 overwritten in module ConicBenchmarkUtilities at /home/ubuntu/.julia/v0.5/Requires/src/require.jl:12.

******************************************************************************
This program contains Ipopt, a library for large-scale nonlinear optimization.
 Ipopt is released as open source code under the Eclipse Public License (EPL).
         For more information visit http://projects.coin-or.org/Ipopt
******************************************************************************

#SOLVERNAME# SCIP_MISOCP
#SOLVER# ConicNonlinearBridge.ConicNLPWrapper(SCIP.SCIPSolver(("display/verblevel",1,"limits/gap",1.0e-5,"limits/time",3600.0)),false,false,true)
#INSTANCE# shortfall_50_0.cbf.gz
#TIMELIMIT# 3600.0
#STATUS# Optimal
#OBJVAL# -1.0954237728975744
#OBJBOUND# -1.0954237728975744
#TIMESOLVER# 286.66
#TIMEALL# 307.50332617759705
#SOLUTION# [0.0,0.03893593362460801,0.0,0.0,0.0,0.0,0.0,0.0,0.0,0.0,0.0,0.0,0.0,0.1335591709737829,0.0,0.24703426759317307,0.0,0.0,0.0,0.0,0.0,0.0,0.08983018882726541,0.0,0.0,0.0,0.046492399312134454,0.0,0.04397555642170554,0.0,0.0,0.0,0.0,0.0,0.0,0.0,0.12411735894769563,0.1199020522950701,0.0,0.0,0.0,0.0,0.0,0.0,0.0,0.0,0.0,0.09056020553999904,0.06559286646456577,0.0,0.0,0.0,0.0,1.0,0.0,0.0,0.0,0.0,0.0,0.0,0.0,0.0,0.0,0.0,0.0,1.0,0.0,1.0,0.0,0.0,0.0,0.0,0.0,0.0,1.0,0.0,0.0,0.0,1.0,0.0,1.0,0.0,0.0,0.0,0.0,0.0,0.0,0.0,1.0,1.0,0.0,0.0,0.0,0.0,0.0,0.0,0.0,0.0,0.0,1.0,1.0,0.0,0.0,0.004997403580490461,0.042214506188925006,0.009613054298803887,0.010628919266361558,0.006852510863889524,0.010859419063234378,0.017898352855641276,0.014390945745732407,0.01123718186842255,0.0114498566611185,0.006034320582338815,0.005452198168438399,0.00821896669245976,0.04132778989713458,0.011320488944445012,0.0287042699775607,0.002041454493222829,0.017931742013732876,0.003313704585348421,0.00617451930646979,0.005232622019322054,0.011902455700375519,0.07570247581487823,0.00477523365565855,0.01349481771479572,0.012172826231862065,0.03808331231144175,0.01781792373867213,0.04210872693870145,0.009032096178482135,0.015357089199982106,0.014011966021279935,0.0116045784791605,0.00839928603951249,0.014579939587032804,0.011230642701657505,0.04385483092642507,0.06965925777264514,0.013581677567897287,0.00760462120506124,-0.002055820590938684,0.00996585404766181,0.01657671574151969,0.009983771127434657,0.008432892352821039,0.008928194220958276,0.003980376608249348,0.053415615448326376,0.053550417457043774,0.030722953270661005,0.19542377289757437,0.011167813873644614,0.0943377376456487,0.021482515757861736,0.023752692799942198,0.015313465214977732,0.024267796050645808,0.03999786491468431,0.03215978076725283,0.025111991367029185,0.025587260666814455,0.013485036385804321,0.012184153904450162,0.018367115798573707,0.09235617214949698,0.025298159625083874,0.06414609893419503,0.004562085780070317,0.04007248044191944,0.007405212615984447,0.013798341731510151,0.01169346198315005,0.02659869425395668,0.16917408131197398,0.010671325581498135,0.030157182638991475,0.02720289756151981,0.08510566271782237,0.0398181280985826,0.09410135029786613,0.020184235150415005,0.03431884398848692,0.031312865973119795,0.02593302110786242,0.018770079632346014,0.03258212969483346,0.025097378139151038,0.09800340944214915,0.15566916156585126,0.03035129037051777,0.01699422366631432,-0.004594190032367962,0.02227092555235888,0.03704437175342919,0.02231096526675051,0.01884518044138903,0.019952043032239103,0.008895040072704105,0.11936911671531243,0.11967036189571459,0.0686572973843648,0.39542377289757435]
