WARNING: Method definition require(Symbol) in module Base at loading.jl:345 overwritten in module ConicBenchmarkUtilities at /home/ubuntu/.julia/v0.5/Requires/src/require.jl:12.

******************************************************************************
This program contains Ipopt, a library for large-scale nonlinear optimization.
 Ipopt is released as open source code under the Eclipse Public License (EPL).
         For more information visit http://projects.coin-or.org/Ipopt
******************************************************************************

#SOLVERNAME# SCIP_MISOCPDIS
#SOLVER# ConicNonlinearBridge.ConicNLPWrapper(SCIP.SCIPSolver(("display/verblevel",1,"limits/gap",1.0e-5,"limits/time",3600.0)),false,true,true)
#INSTANCE# uflquad-nopsc-30-100.cbf.gz
#TIMELIMIT# 3600.0
#STATUS# UserLimit
#OBJVAL# 359.89093011501797
#OBJBOUND# 237.89628724719304
#TIMESOLVER# 3600.0
#TIMEALL# 3651.128343105316
#SOLUTION# [0.0,0.0,0.0,0.0,0.0,0.0,0.0,0.0,0.0,0.0,0.0,0.0,0.0,0.0,0.0,0.0,0.0,0.0,0.0,0.0,0.0,0.0,0.0,0.0,0.0,0.0,0.0,0.0,0.0,0.0,0.0,0.0,0.0,0.0,0.0,0.0,0.0,0.0,0.0,0.0,0.0,0.0,0.0,0.0,0.0,0.0,0.0,0.0,0.0,0.0,0.0,0.0,0.0,0.0,0.0,0.0,0.0,0.0,0.0,0.0,0.0,0.0,0.0,0.0,0.0,0.0,0.0,0.0,0.0,0.0,0.0,0.0,0.0,0.0,0.0,0.0,0.0,0.0,0.0,0.0,0.0,0.0,0.0,0.0,0.0,0.0,0.0,0.0,0.0,0.0,0.0,0.0,0.0,0.0,0.0,0.0,0.0,0.0,0.0,0.0,0.0,0.0,0.0,0.0,0.0,0.0,0.0,0.0,0.0,0.0,0.0,0.0,0.0,0.0,0.0,0.0,0.0,0.0,0.0,0.0,0.0,0.0,0.0,0.0,0.0,0.0,0.0,0.0,0.0,0.0,0.0,0.0,0.0,0.0,0.0,0.0,0.0,0.0,0.0,0.0,0.0,0.0,0.0,0.0,0.0,0.0,0.0,0.0,0.0,0.0,0.0,0.0,0.0,0.0,0.0,0.0,0.0,0.0,0.0,0.0,0.0,0.0,0.0,0.0,0.0,0.0,0.0,0.0,0.0,0.0,0.0,0.0,0.0,0.0,0.0,0.0,0.0,0.0,0.0,0.0,0.0,0.0,0.0,0.0,0.0,0.0,0.0,0.0,0.0,0.0,0.0,0.0,0.0,0.0,0.0,0.0,0.0,0.0,0.0,0.0,0.0,0.0,0.0,0.0,0.0,0.0,0.0,0.0,0.0,0.0,0.0,0.0,0.0,0.0,0.0,0.0,0.0,0.0,0.0,0.0,0.0,0.0,0.0,0.0,0.0,0.0,0.0,0.0,0.0,0.0,0.0,0.0,0.0,0.0,0.0,0.0,0.0,0.0,0.0,0.0,0.0,0.0,0.0,0.0,0.0,0.0,0.0,0.0,0.0,0.0,0.0,0.0,0.0,0.0,0.0,0.0,0.0,0.0,0.0,0.0,0.0,0.0,0.0,0.0,0.0,0.0,0.0,0.0,0.0,0.0,0.0,0.0,0.0,0.0,0.0,0.0,0.0,0.0,0.0,0.0,0.0,0.0,0.0,0.0,0.0,0.0,0.0,0.0,0.0,0.0,0.0,0.0,0.0,0.0,0.0,0.0,0.0,0.0,0.0,0.0,0.0,0.0,0.0,0.0,0.0,0.0,0.0,0.0,0.0,0.0,0.0,0.0,0.0,0.0,0.0,0.0,0.0,0.0,0.0,0.0,0.0,0.0,0.0,0.0,0.0,0.0,0.0,0.0,0.0,0.0,0.0,0.0,0.0,0.0,0.0,0.0,0.0,0.0,0.0,0.0,0.0,0.0,0.0,0.0,0.0,0.0,0.0,0.0,0.0,0.0,0.0,0.0,0.0,0.0,0.0,0.0,0.0,0.0,0.0,0.0,0.0,0.0,0.0,0.0,0.0,0.0,0.0,0.0,0.0,0.0,0.0,0.0,0.0,0.0,0.0,0.0,0.0,0.0,0.0,0.0,0.0,0.0,0.0,0.0,0.0,0.0,0.0,0.0,0.0,0.0,0.0,0.0,0.0,0.0,0.0,0.0,0.0,0.0,0.0,0.0,0.0,0.0,0.0,0.0,0.0,0.0,0.0,0.0,0.0,0.0,0.0,0.0,0.0,0.0,0.0,0.0,0.0,0.0,0.0,0.0,0.0,0.0,0.0,0.0,0.0,0.0,0.0,0.0,0.0,0.0,0.0,0.0,0.0,0.0,0.0,0.0,0.0,0.0,0.0,0.0,0.0,0.0,0.0,0.0,0.0,0.0,0.0,0.0,0.0,0.0,0.0,0.0,0.0,0.0,0.0,0.0,0.0,0.0,0.0,0.0,0.0,0.0,0.0,0.0,0.0,0.0,0.0,0.0,0.0,0.0,0.0,0.0,0.0,0.0,0.0,0.0,0.0,0.0,0.0,0.0,0.0,0.0,0.0,0.0,0.0,0.0,0.0,0.0,0.0,0.0,0.0,0.0,0.0,0.0,0.0,0.0,0.0,0.0,0.0,0.0,0.0,0.0,0.0,0.0,0.0,0.0,0.0,0.0,0.0,0.0,0.0,0.0,0.0,0.0,0.0,0.0,0.0,0.0,0.0,0.0,0.0,0.0,0.0,0.0,0.0,0.0,0.0,0.0,0.0,0.0,0.0,0.0,0.0,0.0,0.0,0.0,0.0,0.0,0.0,0.0,0.0,0.0,0.0,0.0,0.0,0.0,0.0,0.0,0.0,0.0,0.0,0.0,0.0,0.0,0.0,0.0,0.0,0.0,0.0,0.0,0.0,0.0,0.0,0.0,0.0,0.0,0.0,0.0,0.0,0.0,0.0,0.0,0.0,0.0,0.0,0.0,0.0,0.0,0.0,0.0,0.0,0.0,0.0,0.0,0.0,0.0,0.0,0.0,0.0,0.0,0.0,0.0,0.0,0.0,0.0,0.0,0.0,0.0,0.0,0.0,0.5593688035041056,0.037304834959376254,0.035347054760927685,0.03221792089387138,0.10032535920501783,0.12516675774909594,0.044351438918792195,0.0703366202558721,0.03263305076118982,0.10442826942863284,0.41677907561455635,0.03417347426150416,0.07896122062041132,0.04243018562795971,0.16040962039897214,0.05494033162844848,0.031044826799514934,0.13608498541001085,0.03026285921130204,0.0694918727748132,0.07683816295267129,0.042392844769507505,0.12076579737819906,0.04317620298725129,0.05337017341518524,0.16397104162484474,0.04591880102989846,0.5139620303096922,0.05646569557933369,0.026744891649100492,0.03769480508376112,0.10234336087813761,0.04121800122357922,0.17550297548541569,0.06212659782019943,0.25507515515859774,0.056511028574077214,0.26463081110646974,0.13778243662223275,0.18073309543511723,0.03862647146508198,0.04552691897008008,0.04004338442893455,0.041565011743101454,0.0498709242079164,0.0467026496638596,0.031048278823397942,0.12076579737823065,0.027917392049976477,0.2970709731606682,0.09044110185507456,0.04709461672164103,0.8469509181086099,0.04944703268610119,0.10143621557026147,0.06626239463472888,0.11956208577729498,0.11421900911727335,0.04160959022291383,0.2913063772145231,0.10705305140521502,0.15275330354891065,0.05847518110861019,0.025963306692814776,0.38624042594484015,0.04395966680581627,0.04278451079884452,0.10134525474132249,0.12277491669765958,0.07584671660015438,0.033391191994313146,0.12237075630269528,0.06870391896388409,0.07546618695283991,0.3587862534879858,0.06397967594416978,0.08726979589730711,0.11795620290228387,0.055725611785521316,0.02400961727974313,0.07580182438191531,0.07146250961303979,0.20254174410592823,0.11095080995699323,0.03026285921123667,0.025181131820863165,0.07467725241921827,0.05690378881452682,0.045474460288068265,0.11388027633715775,0.44306782695045727,0.09063680068308426,0.044459127032033044,0.05147570182340578,0.026744891649100492,0.05454774217761347,0.10242919536515875,0.1941349175138757,0.5794106035314797,0.1482660488637453,0.07189301348357378,0.057835010011227345,0.06688388025039042,0.05266903213833052,0.17406136507466394,0.12875726745293864,0.06720666665172276,0.09404248325887793,0.06542868137224046,0.17424130681562486,0.0954536269304012,0.06654042992856322,0.0948177344997782,0.09639784160595272,0.14656889630261447,0.2678012944491463,0.0503889356084732,0.12876081097418815,0.06355149617029632,0.09206394718128337,0.21503165674382566,0.06758334674517075,0.11845637663147965,0.09640528198447423,0.10561029100660294,0.13449856272582783,0.0995426300139246,0.07894882389917142,0.15912975598957346,0.04882132576183027,0.09856159074088446,0.11352290229575357,0.17582719914033354,0.1271474103704152,0.08771230008254756,0.12144471878091388,0.35751604289468053,0.11929776296489407,0.12664657320265693,0.12781693127503455,0.058264391116072796,0.11282990765256072,0.06070688621902599,0.10618695860708052,0.06942485830182903,0.11095546994046418,0.04856165245444625,0.12781656462497581,0.04618730704437274,0.11538589661061088,0.13818699168149412,0.07517100645122633,0.02486753853175215,0.10221736735790908,0.15242052469919465,0.3156605083749729,0.18420727059601757,0.1834349888913461,0.06206577767239339,0.11959247151260469,0.20081896361567259,0.14276995629347017,0.2097754719152073,0.06401424838962046,0.09985097555722033,0.11617121102930042,0.06138958370313695,0.1809322946938313,0.15964153007317075,0.12871377125492128,0.06438311060483223,0.11476273526900604,0.187260647046298,0.14594957124098765,0.10467990279732402,0.34752913306453614,0.11830929452252475,0.1626720198439186,0.2412340422443187,0.7242932796162104,0.24404073509692956,0.09177399457551327,0.12492227472518014,0.12473956607301241,0.04960227938387803,0.043774455628727664,0.11618874078663673,0.22977775226951272,0.1826261413151246,0.11239068794165738,0.0918702607812386,0.12360052505305233,0.1654165595856156,0.1571611784242027,0.05118276998039835,0.14103126810000954,0.17653670654342565,0.14244203703644745,0.06876401088616159,0.14640385036572734,0.0,0.0,0.0,0.0,0.0,0.0,0.0,0.0,0.0,0.0,0.0,0.0,0.0,0.0,0.0,0.0,0.0,0.0,0.0,0.0,0.0,0.0,0.0,0.0,0.0,0.0,0.0,0.0,0.0,0.0,0.0,0.0,0.0,0.0,0.0,0.0,0.0,0.0,0.0,0.0,0.0,0.0,0.0,0.0,0.0,0.0,0.0,0.0,0.0,0.0,0.0,0.0,0.0,0.0,0.0,0.0,0.0,0.0,0.0,0.0,0.0,0.0,0.0,0.0,0.0,0.0,0.0,0.0,0.0,0.0,0.0,0.0,0.0,0.0,0.0,0.0,0.0,0.0,0.0,0.0,0.0,0.0,0.0,0.0,0.0,0.0,0.0,0.0,0.0,0.0,0.0,0.0,0.0,0.0,0.0,0.0,0.0,0.0,0.0,0.0,0.036432023388666954,0.23002011203604458,0.3216405169791591,0.3080698779840166,0.09872230459049565,0.10759781598320797,0.1240654366243417,0.028098237477190036,0.2795069313674453,0.05341480062580746,0.0446387444036692,0.31913291874246696,0.02963878880878045,0.06147659973378522,0.08447338071231675,0.08027975583367354,0.3210265368076006,0.04551841630461232,0.13673395119806225,0.13220861668787776,0.044621611700548444,0.13346443601214197,0.11345082967504182,0.0610767245200414,0.0700191033565745,0.09156717569911366,0.06484459172684201,0.040621119191424464,0.04790606666220205,0.2489481304149687,0.05690473294987631,0.12063600905097563,0.045358055272103105,0.09243407490091199,0.13245277262655192,0.07354112534885097,0.06715752701207822,0.050567053565253546,0.10416243088886248,0.09049218490356456,0.17527209507559524,0.13087842587929008,0.20703289127231028,0.06614850372170512,0.12922133507556638,0.04501949992235927,0.1959887904719906,0.10950970411726009,0.3668441896569947,0.052943553770821564,0.039291079358639805,0.1387181038027593,0.013087666730175892,0.19975535377526077,0.1078347187201693,0.0464432835701815,0.06505756251083313,0.08343155330689388,0.20160271152193757,0.05758246560315402,0.06299999334032749,0.052372654985427716,0.04892971940726532,0.030995479781721753,0.051111534299602225,0.07348346046038798,0.13988745428715343,0.09467758335532447,0.05454499406003058,0.1322995872015585,0.3391230708064858,0.1142674219468612,0.11580540626741115,0.12857357627665364,0.047083137003751815,0.045005125899373256,0.12532728083667746,0.05540498239192854,0.08761601736521041,0.022328026398501143,0.04654152353640378,0.1327947302128869,0.08575854341777807,0.11414707707472113,0.32498942863956304,0.2787337005750808,0.13337820779807452,0.0938641868313755,0.061937016152092045,0.1179728713239088,0.044331644906651556,0.12255650216554594,0.06253914303171378,0.10897423079521525,0.2258606358324505,0.14904515036206833,0.053606122063505894,0.07182959670124231,0.03477364875623862,0.05400696291235638,0.0,0.0,0.0,0.0,0.0,0.0,0.0,0.0,0.0,0.0,0.0,0.0,0.0,0.0,0.0,0.0,0.0,0.0,0.0,0.0,0.0,0.0,0.0,0.0,0.0,0.0,0.0,0.0,0.0,0.0,0.0,0.0,0.0,0.0,0.0,0.0,0.0,0.0,0.0,0.0,0.0,0.0,0.0,0.0,0.0,0.0,0.0,0.0,0.0,0.0,0.0,0.0,0.0,0.0,0.0,0.0,0.0,0.0,0.0,0.0,0.0,0.0,0.0,0.0,0.0,0.0,0.0,0.0,0.0,0.0,0.0,0.0,0.0,0.0,0.0,0.0,0.0,0.0,0.0,0.0,0.0,0.0,0.0,0.0,0.0,0.0,0.0,0.0,0.0,0.0,0.0,0.0,0.0,0.0,0.0,0.0,0.0,0.0,0.0,0.0,0.0,0.0,0.0,0.0,0.0,0.0,0.0,0.0,0.0,0.0,0.0,0.0,0.0,0.0,0.0,0.0,0.0,0.0,0.0,0.0,0.0,0.0,0.0,0.0,0.0,0.0,0.0,0.0,0.0,0.0,0.0,0.0,0.0,0.0,0.0,0.0,0.0,0.0,0.0,0.0,0.0,0.0,0.0,0.0,0.0,0.0,0.0,0.0,0.0,0.0,0.0,0.0,0.0,0.0,0.0,0.0,0.0,0.0,0.0,0.0,0.0,0.0,0.0,0.0,0.0,0.0,0.0,0.0,0.0,0.0,0.0,0.0,0.0,0.0,0.0,0.0,0.0,0.0,0.0,0.0,0.0,0.0,0.0,0.0,0.0,0.0,0.0,0.0,0.0,0.0,0.0,0.0,0.0,0.0,0.0,0.0,0.0,0.0,0.0,0.0,0.0,0.0,0.0,0.0,0.0,0.0,0.0,0.0,0.0,0.0,0.0,0.0,0.0,0.0,0.0,0.0,0.0,0.0,0.0,0.0,0.0,0.0,0.0,0.0,0.0,0.0,0.0,0.0,0.0,0.0,0.0,0.0,0.0,0.0,0.0,0.0,0.0,0.0,0.0,0.0,0.0,0.0,0.0,0.0,0.0,0.0,0.0,0.0,0.0,0.0,0.0,0.0,0.0,0.0,0.0,0.0,0.0,0.0,0.0,0.0,0.0,0.0,0.0,0.0,0.0,0.0,0.0,0.0,0.0,0.0,0.0,0.0,0.0,0.0,0.0,0.0,0.0,0.0,0.0,0.0,0.0,0.0,0.0,0.0,0.0,0.0,0.0,0.0,0.0,0.0,0.0,0.0,0.0,0.0,0.0,0.0,0.0,0.0,0.0,0.0,0.04930959069035182,0.051591399036987104,0.05656830808098781,0.046710585095404086,0.08941038775216677,0.08490747505582566,0.05081896287508821,0.04656293848614565,0.06016561881905843,0.11419449743343085,0.0627858048708625,0.058553021271226906,0.04558697491299226,0.35271500793444777,0.08432916881626647,0.1257943225448361,0.045416921120646596,0.06445425353746226,0.06767486289801836,0.06866840440300793,0.07189146279105095,0.05095209783041394,0.08432034720323373,0.3508654006206154,0.2838704720677906,0.08491779164961821,0.3269511481789822,0.055512866628646615,0.17997469505265248,0.04922320103919867,0.3672660221843289,0.08111299956807243,0.18132354951573157,0.08511842667526771,0.06452499249479317,0.07851111719335213,0.09772806474400429,0.07575588407363118,0.0853434806202677,0.08464722062006994,0.04960181036056039,0.12384808394851046,0.05327300421615408,0.3194315943561635,0.05496638387499228,0.2516810617925002,0.04654152353647019,0.08428591506728982,0.042305647200470815,0.08020068750948386,0.07048534259506575,0.055589831769208335,0.017152362144374333,0.07688606794393914,0.0870248066731304,0.09782350239197665,0.08065238800350849,0.08736751105273766,0.055170404847464334,0.07104534359811171,0.08111522454987219,0.09253868826159858,0.1551996826127471,0.5308671141352305,0.07248572051376978,0.2755982259900674,0.05053940516063601,0.0895942879543195,0.10882844550724084,0.08154906059415706,0.055792612856074016,0.08523212344081968,0.09828283508228342,0.0868603523783975,0.0647845340076222,0.08444652580260995,0.07928035779850875,0.11394793833441892,0.1277380613803402,0.04582725983920185,0.09346100470315337,0.06955112505690178,0.08377462025133872,0.08317173555845521,0.044876308272715465,0.04309537114741641,0.07738786554340762,0.12343165734435924,0.2019046445256143,0.08381942149945076,0.05787715848062387,0.0810230615981618,0.21824011329397727,0.14528715850806953,0.05107635487072863,0.10102475856679624,0.11629483102392005,0.08037591797097172,0.04716936166986329,0.09770802319369026,0.0,0.0,0.0,0.0,0.0,0.0,0.0,0.0,0.0,0.0,0.0,0.0,0.0,0.0,0.0,0.0,0.0,0.0,0.0,0.0,0.0,0.0,0.0,0.0,0.0,0.0,0.0,0.0,0.0,0.0,0.0,0.0,0.0,0.0,0.0,0.0,0.0,0.0,0.0,0.0,0.0,0.0,0.0,0.0,0.0,0.0,0.0,0.0,0.0,0.0,0.0,0.0,0.0,0.0,0.0,0.0,0.0,0.0,0.0,0.0,0.0,0.0,0.0,0.0,0.0,0.0,0.0,0.0,0.0,0.0,0.0,0.0,0.0,0.0,0.0,0.0,0.0,0.0,0.0,0.0,0.0,0.0,0.0,0.0,0.0,0.0,0.0,0.0,0.0,0.0,0.0,0.0,0.0,0.0,0.0,0.0,0.0,0.0,0.0,0.0,0.0,0.0,0.0,0.0,0.0,0.0,0.0,0.0,0.0,0.0,0.0,0.0,0.0,0.0,0.0,0.0,0.0,0.0,0.0,0.0,0.0,0.0,0.0,0.0,0.0,0.0,0.0,0.0,0.0,0.0,0.0,0.0,0.0,0.0,0.0,0.0,0.0,0.0,0.0,0.0,0.0,0.0,0.0,0.0,0.0,0.0,0.0,0.0,0.0,0.0,0.0,0.0,0.0,0.0,0.0,0.0,0.0,0.0,0.0,0.0,0.0,0.0,0.0,0.0,0.0,0.0,0.0,0.0,0.0,0.0,0.0,0.0,0.0,0.0,0.0,0.0,0.0,0.0,0.0,0.0,0.0,0.0,0.0,0.0,0.0,0.0,0.0,0.0,0.0,0.0,0.0,0.0,0.0,0.0,0.0,0.0,0.0,0.0,0.0,0.0,0.0,0.0,0.0,0.0,0.0,0.0,0.0,0.0,0.0,0.0,0.0,0.0,0.0,0.0,0.0,0.0,0.0,0.0,0.0,0.0,0.0,0.0,0.0,0.0,0.0,0.0,0.0,0.0,0.0,0.0,0.0,0.0,0.0,0.0,0.0,0.0,0.0,0.0,0.0,0.0,0.0,0.0,0.0,0.0,0.0,0.0,0.0,0.0,0.0,0.0,0.0,0.0,0.0,0.0,0.0,0.0,0.0,0.0,0.0,0.0,0.0,0.0,0.0,0.0,0.0,0.0,0.0,0.0,0.0,0.0,0.0,0.0,0.0,0.0,0.0,0.0,0.0,0.0,0.0,0.0,0.0,0.0,0.0,0.0,0.0,0.0,0.0,0.0,0.0,0.0,0.0,0.0,0.0,0.0,0.0,0.0,0.0,0.0,0.0,0.0,0.03622668148858754,0.11178323399212584,0.14470517641766387,0.1112418330484522,0.08895363686808602,0.0917915263378611,0.08107862724381833,0.029104336246863316,0.23565084831005795,0.0578930673506142,0.044891164132080726,0.17677910744732206,0.030462998130056488,0.08356329599200923,0.07778624489415605,0.09115342365129642,0.11345648523586495,0.04562594725140666,0.4308291822526983,0.09633817168159592,0.04634100402856125,0.084195636739332,0.09508622296881293,0.08293709340097558,0.09169014158000827,0.0825100638177698,0.08765091102490354,0.040842744649567254,0.05574475308315871,0.2968035825741182,0.0775854781503751,0.09781296962786416,0.05447645896650698,0.08323569306691936,0.09370893564752082,0.06924167030710546,0.07171935928429342,0.05155912735011976,0.09033667263477296,0.08188530792938783,0.09554378354913985,0.22144688381794642,0.10979115222117346,0.09253325162066074,0.08626155498420643,0.05457984198100637,0.11353769572060904,0.09288509277388514,0.11258081140066051,0.054512904367703945,0.041585416413722424,0.08978980368207036,0.012949697226413877,0.1452172657231515,0.09337322888769109,0.05038654692939116,0.06340013511468585,0.07835237014213657,0.1123075781141488,0.05581591852464616,0.06228980483673826,0.05511355426450241,0.055983938590635,0.039450600838954575,0.05194268468965965,0.10429013087377402,0.08685825613475379,0.0864771447836239,0.05850253476705137,0.1047154647676047,0.15893664017317635,0.09662324037641006,0.10908610351222088,0.10715687830173484,0.0472214514570246,0.048086044435757994,0.09879554031300174,0.060002781820070135,0.10014312456539969,0.024795787336259582,0.05002383982581751,0.09724556605290098,0.0786621458898728,0.09483341272343886,0.11420490674890327,0.1664734227226708,0.10232298708588139,0.10563163649632068,0.07759822355993498,0.09812735691056429,0.04366897353496849,0.09842794908791573,0.07946654846303329,0.14531024002390971,0.35568958706280096,0.1519288702809947,0.05826645599729148,0.06815059445462665,0.03456943914769231,0.057010955062926916,0.05587259550683606,0.05129455810895143,0.05660073947040959,0.046126783545611366,0.09976237676681561,0.09132023021160464,0.05239135167935428,0.05690249224451478,0.05870510649803241,0.14523323730857973,0.0714324152787284,0.05778589857745091,0.054830930975322476,0.1957997742821098,0.09405128282961707,0.14612240537390417,0.044864917014942905,0.07623209049910415,0.06340969105830518,0.07162511180428972,0.08903589692873126,0.05280299057078834,0.08944982888817227,0.19666167062745013,0.196617495073573,0.0929849114602298,0.19582986480476586,0.062486676191506156,0.3064101328733956,0.04718234072125198,0.20817681994171,0.08574805759409163,0.3444952559413147,0.09238860720973256,0.06733238916002765,0.08686913368452694,0.11749902898253761,0.0879999824319007,0.09205096702014308,0.09221115142537195,0.04991676055928553,0.1160455911414126,0.05329426247377674,0.20084896247610232,0.05627581250936461,0.33310191366772024,0.04513354561960574,0.09099429678097133,0.04166986657290789,0.09186241196688467,0.08748225981130772,0.05769213226161836,0.0190923894109317,0.07884270261095863,0.09552386645964246,0.13283793522161758,0.09443776026199696,0.0994618079722927,0.054906787918391535,0.08058952671540384,0.0955010843272626,0.11100515167551926,0.25857458920852316,0.21322629625947642,0.08125533386132164,0.19859690831464588,0.05126440713654731,0.10060446326083329,0.13393408098748755,0.08721926221046833,0.05546931654684584,0.0899444441459447,0.10798787719064706,0.09375240691123021,0.0746051821907321,0.11064163515275856,0.08452805642736609,0.14125197255580754,0.1447852557345308,0.061882475002754476,0.12356774733624937,0.07218956690366012,0.09146892988397898,0.08947783507179581,0.04435211945911523,0.04147570330690608,0.0819187771381313,0.1381511111331636,0.24579573955803907,0.08821192760865447,0.06564235557890427,0.08666342601126713,0.24817462080570296,0.14569552883221465,0.04887528193623077,0.10465441737399851,0.14906822484494003,0.09073500130034133,0.05312145467223779,0.11756382526470699,0.0,0.0,0.0,0.0,0.0,0.0,0.0,0.0,0.0,0.0,0.0,0.0,0.0,0.0,0.0,0.0,0.0,0.0,0.0,0.0,0.0,0.0,0.0,0.0,0.0,0.0,0.0,0.0,0.0,0.0,0.0,0.0,0.0,0.0,0.0,0.0,0.0,0.0,0.0,0.0,0.0,0.0,0.0,0.0,0.0,0.0,0.0,0.0,0.0,0.0,0.0,0.0,0.0,0.0,0.0,0.0,0.0,0.0,0.0,0.0,0.0,0.0,0.0,0.0,0.0,0.0,0.0,0.0,0.0,0.0,0.0,0.0,0.0,0.0,0.0,0.0,0.0,0.0,0.0,0.0,0.0,0.0,0.0,0.0,0.0,0.0,0.0,0.0,0.0,0.0,0.0,0.0,0.0,0.0,0.0,0.0,0.0,0.0,0.0,0.0,0.0,0.0,0.0,0.0,0.0,0.0,0.0,0.0,0.0,0.0,0.0,0.0,0.0,0.0,0.0,0.0,0.0,0.0,0.0,0.0,0.0,0.0,0.0,0.0,0.0,0.0,0.0,0.0,0.0,0.0,0.0,0.0,0.0,0.0,0.0,0.0,0.0,0.0,0.0,0.0,0.0,0.0,0.0,0.0,0.0,0.0,0.0,0.0,0.0,0.0,0.0,0.0,0.0,0.0,0.0,0.0,0.0,0.0,0.0,0.0,0.0,0.0,0.0,0.0,0.0,0.0,0.0,0.0,0.0,0.0,0.0,0.0,0.0,0.0,0.0,0.0,0.0,0.0,0.0,0.0,0.0,0.0,0.0,0.0,0.0,0.0,0.0,0.0,0.0,0.0,0.0,0.0,0.0,0.0,0.0,0.0,0.0,0.0,0.0,0.0,0.03850135718117709,0.22443666046961244,0.15233389655500448,0.19674951286620646,0.11845205857837814,0.14918422612097584,0.4394222669217115,0.028387067136745225,0.10123069586112259,0.05186999987174817,0.04717432307403396,0.12141744233456886,0.030750273820931113,0.048124954048874256,0.10166668738369318,0.06967071189677088,0.16316574265762082,0.048212252804185195,0.06862131081026693,0.28587778074035713,0.04534189213515598,0.42800472030089837,0.16240434763489553,0.048059406009996836,0.056335249856316126,0.11530407044468638,0.05125040346490594,0.04305245593627722,0.04261134406496344,0.07833282020855838,0.04421055802271613,0.19001604607305567,0.0390274661781817,0.1160151795386473,0.31882907456957504,0.0862431673582442,0.06285253355857506,0.052368565663033974,0.1407950116262655,0.11316498970098972,0.3511522801671732,0.08373917824764641,0.2476730401805122,0.05060998014438541,0.3950472297387916,0.038826758538380975,0.11809523763040641,0.15432882714229365,0.13397726349119082,0.05493589403771809,0.03942276607697692,0.38499442740299117,0.014372876543631294,0.1689158094087396,0.14077797913961188,0.04432719936674836,0.0706491808588058,0.09575215342285029,0.23179033003183894,0.06357899915697146,0.06778737964430451,0.052643710597219714,0.04420627037176363,0.025588022302615577,0.05389844462293712,0.05567666428368686,0.40508537694466684,0.11128821751467902,0.05329426247375088,0.19261467273477026,0.12930170410243846,0.16020357120333742,0.11706333854949466,0.16200861349014628,0.05047050678753626,0.043447741809058235,0.2051539276404866,0.05383927827122075,0.07480564688913659,0.020850669800098295,0.04524848694508382,0.2778148940897329,0.10462211660497787,0.16770840601979783,0.1538961221111555,0.08284875848928036,0.22148166127806995,0.08043898171973318,0.051091903854527075,0.17126715094258746,0.04813872622163959,0.19217682806068567,0.05091323052885647,0.08128123197223054,0.07620615977069439,0.11719265622620718,0.05185976122603854,0.08287717688358376,0.03699070891911353,0.05360593429023358,0.0,0.0,0.0,0.0,0.0,0.0,0.0,0.0,0.0,0.0,0.0,0.0,0.0,0.0,0.0,0.0,0.0,0.0,0.0,0.0,0.0,0.0,0.0,0.0,0.0,0.0,0.0,0.0,0.0,0.0,0.0,0.0,0.0,0.0,0.0,0.0,0.0,0.0,0.0,0.0,0.0,0.0,0.0,0.0,0.0,0.0,0.0,0.0,0.0,0.0,0.0,0.0,0.0,0.0,0.0,0.0,0.0,0.0,0.0,0.0,0.0,0.0,0.0,0.0,0.0,0.0,0.0,0.0,0.0,0.0,0.0,0.0,0.0,0.0,0.0,0.0,0.0,0.0,0.0,0.0,0.0,0.0,0.0,0.0,0.0,0.0,0.0,0.0,0.0,0.0,0.0,0.0,0.0,0.0,0.0,0.0,0.0,0.0,0.0,0.0,0.1215792492814557,0.047459653617936574,0.049594712115925116,0.041912434244291065,0.1570266632310789,0.13561099347916275,0.056441885764090954,0.6234571664835308,0.046605873527851734,0.2538325503221471,0.1790305445827581,0.048293734548615595,0.6105282494087004,0.06585340095218753,0.18348209970511825,0.1050251792619017,0.040206662555215864,0.41775704162965677,0.04404533495860632,0.08282950969262895,0.3751501351868396,0.05531052399578527,0.12298331537486724,0.0668716872038391,0.07916761968025081,0.1599177165065564,0.07014281304431741,0.1297910727779465,0.1116287331232096,0.036370350907910014,0.061568788371561274,0.11183272271286274,0.0815151628342273,0.15166995417571658,0.07701665099292808,0.16778771301552284,0.1190025601842592,0.25534984760268414,0.13827730493761728,0.15432345163063477,0.048313571490856445,0.07073299745185403,0.05002183059371311,0.06687168720385965,0.06071241386596555,0.08045889333376444,0.03935395282287423,0.132639140062436,0.03637035090793832,0.20778049226286183,0.4605369185577623,0.061568788371561274,0.0402066625552074,0.07228941839118387,0.14150763127858162,0.20870423369608385,0.27110802260506445,0.1940007905067984,0.05173067087167824,0.21302005949434788,0.27304941487713963,0.29645966307172517,0.128683437624346,0.043192081011910285,0.1591643774178853,0.0710549588265491,0.05258531521950123,0.16429624997787848,0.2622769109659527,0.10602708778020954,0.04703274650632112,0.11974076101045349,0.11648281369990587,0.1124986550015727,0.2128692335758359,0.22106329618162923,0.10843035810750082,0.24804486073597853,0.10363017490346793,0.05857224539881403,0.2832829043324814,0.08363554198276531,0.15655118705745896,0.12522180144293604,0.03935395282287423,0.03381400946685162,0.09926066073277547,0.1042553474621519,0.08433592913481897,0.11484356215358534,0.16791552830946127,0.11377569876740667,0.08088943522797216,0.08562937516962851,0.03722267219915356,0.086923386201969,0.24689006498534774,0.21101646347736827,0.1156452667105222,0.27980845279526045,0.0,0.0,0.0,0.0,0.0,0.0,0.0,0.0,0.0,0.0,0.0,0.0,0.0,0.0,0.0,0.0,0.0,0.0,0.0,0.0,0.0,0.0,0.0,0.0,0.0,0.0,0.0,0.0,0.0,0.0,0.0,0.0,0.0,0.0,0.0,0.0,0.0,0.0,0.0,0.0,0.0,0.0,0.0,0.0,0.0,0.0,0.0,0.0,0.0,0.0,0.0,0.0,0.0,0.0,0.0,0.0,0.0,0.0,0.0,0.0,0.0,0.0,0.0,0.0,0.0,0.0,0.0,0.0,0.0,0.0,0.0,0.0,0.0,0.0,0.0,0.0,0.0,0.0,0.0,0.0,0.0,0.0,0.0,0.0,0.0,0.0,0.0,0.0,0.0,0.0,0.0,0.0,0.0,0.0,0.0,0.0,0.0,0.0,0.0,0.0,0.0,0.0,0.0,0.0,0.0,0.0,0.0,0.0,0.0,0.0,0.0,0.0,0.0,0.0,0.0,0.0,0.0,0.0,0.0,0.0,0.0,0.0,0.0,0.0,0.0,0.0,0.0,0.0,0.0,0.0,0.0,0.0,0.0,0.0,0.0,0.0,0.0,0.0,0.0,0.0,0.0,0.0,0.0,0.0,0.0,0.0,0.0,0.0,0.0,0.0,0.0,0.0,0.0,0.0,0.0,0.0,0.0,0.0,0.0,0.0,0.0,0.0,0.0,0.0,0.0,0.0,0.0,0.0,0.0,0.0,0.0,0.0,0.0,0.0,0.0,0.0,0.0,0.0,0.0,0.0,0.0,0.0,0.0,0.0,0.0,0.0,0.0,0.0,0.0,0.0,0.0,0.0,0.0,0.0,0.0,0.0,0.0,0.0,0.0,0.0,0.030816685475245572,0.18827453776773842,0.11632571536953198,0.16430202018381643,0.07328584793329711,0.08566370760932762,0.08422336332108003,0.023108658410260233,0.12007319348300127,0.04489227084341479,0.037814301112909544,0.11732397288828142,0.024422828823027248,0.05363893982267385,0.06723261895724558,0.05921257536002235,0.1904289722001201,0.03735420158937373,0.09487131144244436,0.10089658503414596,0.03574817753261557,0.08529340303596182,0.0930829342452978,0.053946532645356086,0.06331945396369859,0.07432866607135316,0.05786883671146004,0.034782210415768115,0.040128823571510944,0.16757335672306334,0.04803120455478676,0.0969749321991866,0.036758850928021856,0.07648767857697356,0.0962962866058563,0.061286199152885946,0.05001385476549446,0.04247096524201286,0.08460512244718137,0.07472566707982947,0.13330883621623443,0.09495201289069913,0.17816354839439966,0.05580405012694136,0.09821948744136769,0.038673911159944646,0.3617393229201997,0.0867746620526575,0.19214717167548767,0.04530718631324687,0.0325681236499563,0.08938128953692387,0.011319888748903384,0.10642898210275621,0.08010102857171718,0.037554395814299146,0.050925594271792725,0.06397981558767102,0.18881614879923322,0.04746883818023712,0.04938508340346779,0.0443433173016264,0.04017170916090239,0.02670285058765566,0.04405050309276365,0.061168773415772024,0.10960569061475986,0.07078450371818762,0.04620232446765586,0.0910143768561559,0.11656960640951301,0.09685494630447213,0.079327059687855,0.08773375944643733,0.03949979869218741,0.03580082171010688,0.09290538845662674,0.04687996314437311,0.06432206513207439,0.017440639328417152,0.03803193384196616,0.10353207151259891,0.07169843806348608,0.0897493560788494,0.19846202335055854,0.2846034468422031,0.09338384721780472,0.06754553792885638,0.049235941611780805,0.09948674528243368,0.03748752523605502,0.09113920857288058,0.049901222031095316,0.07918535445112336,0.12714164669844233,0.09365175071034303,0.045048637950371846,0.05843829466154275,0.029555505706690948,0.045625947251352675,0.0,0.0,0.0,0.0,0.0,0.0,0.0,0.0,0.0,0.0,0.0,0.0,0.0,0.0,0.0,0.0,0.0,0.0,0.0,0.0,0.0,0.0,0.0,0.0,0.0,0.0,0.0,0.0,0.0,0.0,0.0,0.0,0.0,0.0,0.0,0.0,0.0,0.0,0.0,0.0,0.0,0.0,0.0,0.0,0.0,0.0,0.0,0.0,0.0,0.0,0.0,0.0,0.0,0.0,0.0,0.0,0.0,0.0,0.0,0.0,0.0,0.0,0.0,0.0,0.0,0.0,0.0,0.0,0.0,0.0,0.0,0.0,0.0,0.0,0.0,0.0,0.0,0.0,0.0,0.0,0.0,0.0,0.0,0.0,0.0,0.0,0.0,0.0,0.0,0.0,0.0,0.0,0.0,0.0,0.0,0.0,0.0,0.0,0.0,0.0,0.0,0.0,0.0,0.0,0.0,0.0,0.0,0.0,0.0,0.0,0.0,0.0,0.0,0.0,0.0,0.0,0.0,0.0,0.0,0.0,0.0,0.0,0.0,0.0,0.0,0.0,0.0,0.0,0.0,0.0,0.0,0.0,0.0,0.0,0.0,0.0,0.0,0.0,0.0,0.0,0.0,0.0,0.0,0.0,0.0,0.0,0.0,0.0,0.0,0.0,0.0,0.0,0.0,0.0,0.0,0.0,0.0,0.0,0.0,0.0,0.0,0.0,0.0,0.0,0.0,0.0,0.0,0.0,0.0,0.0,0.0,0.0,0.0,0.0,0.0,0.0,0.0,0.0,0.0,0.0,0.0,0.0,0.0,0.0,0.0,0.0,0.0,0.0,0.0,0.0,0.0,0.0,0.0,0.0,0.0,0.0,0.0,0.0,0.0,0.0,0.0,0.0,0.0,0.0,0.0,0.0,0.0,0.0,0.0,0.0,0.0,0.0,0.0,0.0,0.0,0.0,0.0,0.0,0.0,0.0,0.0,0.0,0.0,0.0,0.0,0.0,0.0,0.0,0.0,0.0,0.0,0.0,0.0,0.0,0.0,0.0,0.0,0.0,0.0,0.0,0.0,0.0,0.0,0.0,0.0,0.0,0.0,0.0,0.0,0.0,0.0,0.0,0.0,0.0,0.0,0.0,0.0,0.0,0.0,0.0,0.0,0.0,0.0,0.0,0.0,0.0,0.0,0.0,0.0,0.0,0.0,0.0,0.0,0.0,0.0,0.0,0.0,0.0,0.0,0.0,0.0,0.0,0.0,0.0,0.0,0.0,0.0,0.0,0.0,0.0,0.0,0.0,0.0,0.0,0.0,0.0,0.0,0.0,0.0,0.0,0.0,0.0,0.0,0.0,0.0,0.0,1.0,1.0,0.0,1.0,0.0,0.0,0.0,1.0,0.0,0.0,0.0,1.0,1.0,0.0,0.0,1.0,0.0,1.0,0.0,0.0,1.0,0.0,0.0,0.0,0.0,0.0,0.0,0.0,0.0,0.0,0.0,0.0,0.0,0.0,0.0,0.0,0.0,0.0,0.0,0.0,0.0,0.0,0.0,0.0,0.0,0.0,0.0,0.0,0.0,0.0,0.0,0.0,0.0,0.0,0.0,0.0,0.0,0.0,0.0,0.0,0.0,0.0,0.0,0.0,0.0,0.0,0.0,0.0,0.0,0.0,0.0,0.0,0.0,0.0,0.0,0.0,0.0,0.0,0.0,0.0,0.0,0.0,0.0,0.0,0.0,0.0,0.0,0.0,0.0,0.0,0.0,0.0,0.0,0.0,0.0,0.0,0.0,0.0,0.0,0.0,0.0,0.0,0.0,0.0,0.0,0.0,0.0,0.0,0.0,0.0,0.0,0.0,0.0,0.0,0.0,0.0,0.0,0.0,0.0,0.0,0.0,0.0,0.0,0.0,0.0,0.0,0.0,0.0,0.0,0.0,0.0,0.0,0.0,0.0,0.0,0.0,0.0,0.0,0.0,0.0,0.0,0.0,0.0,0.0,0.0,0.0,0.0,0.0,0.0,0.0,0.0,0.0,0.0,0.0,0.0,0.0,0.0,0.0,0.0,0.0,0.0,0.0,0.0,0.0,0.0,0.0,0.0,0.0,0.0,0.0,0.0,0.0,0.0,0.0,0.0,0.0,0.0,0.0,0.0,0.0,0.0,0.0,0.0,0.0,0.0,0.0,0.0,0.0,0.0,0.0,0.0,0.0,0.0,0.0,0.0,0.0,0.0,0.0,0.0,0.0,0.0,0.0,0.0,0.0,0.0,0.0,0.0,0.0,0.0,0.0,0.0,0.0,0.0,0.0,0.0,0.0,0.0,0.0,0.0,0.0,0.0,0.0,0.0,0.0,0.0,0.0,0.0,0.0,0.0,0.0,0.0,0.0,0.0,0.0,0.0,0.0,0.0,0.0,0.0,0.0,0.0,0.0,0.0,0.0,0.0,0.0,0.0,0.0,0.0,0.0,0.0,0.0,0.0,0.0,0.0,0.0,0.0,0.0,0.0,0.0,0.0,0.0,0.0,0.0,0.0,0.0,0.0,0.0,0.0,0.0,0.0,0.0,0.0,0.0,0.0,0.0,0.0,0.0,0.0,0.0,0.0,0.0,0.0,0.0,0.0,0.0,0.0,0.0,0.0,0.0,0.0,0.0,0.0,0.0,0.0,0.0,0.0,0.0,0.0,0.0,0.0,0.0,0.0,0.0,0.0,0.0,0.0,0.0,0.0,0.0,0.0,0.0,0.0,0.0,0.0,0.0,0.0,0.0,0.0,0.0,0.0,0.0,0.0,0.0,0.0,0.0,0.0,0.0,0.0,0.0,0.0,0.0,0.0,0.0,0.0,0.0,0.0,0.0,0.0,0.0,0.0,0.0,0.0,0.0,0.0,0.0,0.0,0.0,0.0,0.0,0.0,0.0,0.0,0.0,0.0,0.0,0.0,0.0,0.0,0.0,0.0,0.0,0.0,0.0,0.0,0.0,0.0,0.0,0.0,0.0,0.0,0.0,0.0,0.0,0.0,0.0,0.0,0.0,0.0,0.0,0.0,0.0,0.0,0.0,0.0,0.0,0.0,0.0,0.0,0.0,0.0,0.0,0.0,0.0,0.0,0.0,0.0,0.0,0.0,0.0,0.0,0.0,0.0,0.0,0.0,0.0,0.0,0.0,0.0,0.0,0.0,0.0,0.0,0.0,0.0,0.0,0.0,0.0,0.0,0.0,0.0,0.0,0.0,0.0,0.0,0.0,0.0,0.0,0.0,0.0,0.0,0.0,0.0,0.0,0.0,0.0,0.0,0.0,0.0,0.0,0.0,0.0,0.0,0.0,0.0,0.0,0.0,0.0,0.0,0.0,0.0,0.0,0.0,0.0,0.0,0.0,0.0,0.0,0.0,0.0,0.0,0.0,0.0,0.0,0.0,0.0,0.0,0.0,0.0,0.0,0.0,0.0,0.0,0.0,0.0,0.0,0.0,0.0,0.0,0.0,0.0,0.0,0.0,0.0,0.0,0.0,0.0,0.0,0.0,0.0,0.0,0.0,0.0,0.0,0.0,0.0,0.0,0.0,0.0,0.0,0.0,0.0,0.0,0.0,0.0,0.0,0.0,0.0,0.0,0.0,0.0,0.0,0.0,0.0,0.0,0.0,0.0,0.0,0.0,0.0,0.0,0.0,0.0,0.0,0.0,0.0,0.0,0.0,0.0,0.0,0.0,0.0,0.0,0.0,0.0,0.0,0.0,0.0,0.0,0.0,0.0,0.0,0.0,0.0,0.0,0.0,0.0,0.0,0.0,0.0,0.0,0.0,0.0,0.0,0.0,0.0,0.0,0.0,0.0,0.0,0.0,0.0,0.0,0.0,0.0,0.0,0.0,0.0,0.0,0.0,0.0,0.0,0.0,0.0,0.0,0.0,0.0,0.0,0.0,0.0,0.0,0.0,0.0,0.0,0.0,0.0,0.0,0.0,0.0,0.0,0.0,0.0,0.0,0.0,0.0,0.0,0.0,0.0,0.0,0.0,0.0,0.0,0.0,0.0,0.0,0.0,0.0,0.0,0.0,0.0,0.0,0.0,0.0,0.0,0.0,0.0,0.0,0.0,0.0,0.0,0.0,0.0,0.0,0.0,0.3128934561900408,0.0013916129625661873,0.0012493760159241285,0.0010379561946477773,0.010065155412163561,0.015666696019113975,0.0019670117601753557,0.004947220428428666,0.0010648865963693423,0.010905222245158126,0.17370479787011062,0.0011677880912093072,0.006234835332572674,0.0018002662854036907,0.025731224983375153,0.0030184015045318572,0.000963743050260854,0.018519082307606207,0.0009158024342069045,0.004829081568916644,0.005904081360644485,0.0017971149396314575,0.014584337489035858,0.0018641461461303137,0.0028483369015069194,0.026886498421100073,0.002108497892395941,0.26415687587839254,0.0031883519646495316,0.0007152510464787979,0.0014208600397689062,0.010474099594344635,0.0016988852918591159,0.03080125498336423,0.0038596889573790575,0.0650633109809321,0.003193457788762273,0.07002944617463018,0.018983963208113287,0.032664389248441485,0.0014919534530838123,0.0020726619607612327,0.001603434318100312,0.0017276265190696888,0.002487082061599012,0.00218109907889345,0.0009639587349781179,0.0145843374890435,0.0007793425862533623,0.0882511409393533,0.008179553575026699,0.0022178645118026913,0.7173258547425437,0.0024449705943563127,0.010289276095482344,0.004390675832791369,0.014295068636744195,0.013045951703337534,0.0017313196605543701,0.08485933495495847,0.011460335031219288,0.023333530034763888,0.0034193082093234494,0.0006740551178644906,0.14918163551647035,0.0019324139369760287,0.0018304760111771902,0.010270836869565082,0.015073639766032371,0.005752701170309185,0.0011149334589765929,0.014974578536761483,0.004720189684903864,0.00569507962274304,0.12872749989562846,0.004093360234133459,0.007615978033410038,0.013913625580825666,0.0031053052606425167,0.0005764235602465166,0.0057458776256922705,0.005106851424636247,0.0410231131255757,0.012310046479716518,0.0009158024342029673,0.0006340514841483904,0.0055766605251546175,0.003238002612882791,0.002067905953313509,0.012968687152822215,0.19630908795237592,0.008214958137330218,0.0019765946342927406,0.0026497055241612873,0.0007152510464787979,0.00297541764834885,0.010491669786312269,0.037688322168205564,0.33571663591270673,0.021982779750359897,0.005168570400927334,0.0033448639635452566,0.004473421246192879,0.0027740233184489734,0.030297334335836517,0.016578402892782312,0.0045167005740320895,0.00884397033922734,0.0042808834360051114,0.03035998722851645,0.009111365820493494,0.004427579367866506,0.008990366675464878,0.00929247343324662,0.02148238537082878,0.07171749738545541,0.002539011030134351,0.016579323719643133,0.004038761340237863,0.008475728407853626,0.046238582932385926,0.004567473281735107,0.014031882682740299,0.009293975463878106,0.011153501137188219,0.01808982193275647,0.009908708234182668,0.006232848840894133,0.02532227907803414,0.002383491232350537,0.009714361324908372,0.01288740533013202,0.030915177287379497,0.016166438193286548,0.007693435720755164,0.014748796178625373,0.12781766604912667,0.014231932754530167,0.016039335524692215,0.016337145749252463,0.003394697099175211,0.012730549137618683,0.003685299663289688,0.011275636003175231,0.004819779975867801,0.01231105430304867,0.0023582056762130486,0.01633703045375448,0.0021332454331488113,0.013313868359016606,0.019095599200593928,0.005650641715938126,0.0006183699714468574,0.01044835720282781,0.023231988358799287,0.09964152076883026,0.033932259323796336,0.03364837494930525,0.0038521321759442295,0.014302327221896153,0.04032823180186768,0.02038323532010675,0.044005746002707014,0.004097789985250126,0.009970159470338712,0.01349569366203832,0.003768652414580081,0.032736448817777486,0.025485352489978776,0.01656720886172238,0.004145150913124936,0.01317046541692499,0.03506652610178465,0.02130124135579292,0.010957858290417101,0.12077646579262669,0.013997047875069717,0.026462135094557734,0.05819381128945726,0.5246006288889801,0.05955586645345239,0.00842243808585829,0.015605550602807826,0.015559935414440966,0.0024603528908750455,0.0019161692477058022,0.013499786742882774,0.052797752337990105,0.033352235373243284,0.012631605699759229,0.008440121848359627,0.01527704855823062,0.02736259737929213,0.02469957020261463,0.002619657577712183,0.0198897824058985,0.031165137607374247,0.020289670564006247,0.004728449427133211,0.021434065787417765,0.0,0.0,0.0,0.0,0.0,0.0,0.0,0.0,0.0,0.0,0.0,0.0,0.0,0.0,0.0,0.0,0.0,0.0,0.0,0.0,0.0,0.0,0.0,0.0,0.0,0.0,0.0,0.0,0.0,0.0,0.0,0.0,0.0,0.0,0.0,0.0,0.0,0.0,0.0,0.0,0.0,0.0,0.0,0.0,0.0,0.0,0.0,0.0,0.0,0.0,0.0,0.0,0.0,0.0,0.0,0.0,0.0,0.0,0.0,0.0,0.0,0.0,0.0,0.0,0.0,0.0,0.0,0.0,0.0,0.0,0.0,0.0,0.0,0.0,0.0,0.0,0.0,0.0,0.0,0.0,0.0,0.0,0.0,0.0,0.0,0.0,0.0,0.0,0.0,0.0,0.0,0.0,0.0,0.0,0.0,0.0,0.0,0.0,0.0,0.0,0.0013272323312707966,0.05290919315888285,0.10345261881979514,0.0949070076972112,0.00974605493239892,0.011577266260059725,0.015392172306079954,0.0007894550794433482,0.07812405769748282,0.0028531074384351585,0.0019925841289913735,0.10184579850852875,0.0008784032099509053,0.003779314042873032,0.007135720355450306,0.006444804867631384,0.10305803638481982,0.0020719038269639643,0.018696170932606348,0.017479098867822323,0.0019910642647396623,0.017812685549614547,0.012871054869532368,0.003730342848446657,0.0049026526345420495,0.008384524702881861,0.004204816772595945,0.001650041996948705,0.0022949709457878898,0.06197513291257693,0.003238126132016525,0.014552976431802768,0.002057304861702958,0.00854404629378375,0.017543717414112543,0.005408251022993259,0.004510097620511254,0.00255700702066983,0.010849779385028579,0.008188806937623035,0.030720305488093735,0.017129137448733348,0.04286256070538751,0.004375589811199489,0.016698122996347823,0.0020267291953439508,0.03841158551947097,0.011992352006147367,0.13457465948509426,0.002802993149911322,0.0015437595297522631,0.01924265780078622,0.0001712488459592959,0.03990216133301623,0.011628303875822886,0.0021569088686352786,0.004232430655075089,0.006960775558209726,0.04064360293496057,0.003315688492437157,0.003968981093751379,0.0027428413704777203,0.0023940485399172296,0.0009606958843232511,0.002612356720788689,0.005399796785179241,0.01956847055188498,0.008963842305042118,0.002975128672359042,0.017503162377820125,0.11500437633985336,0.013057011236580896,0.013410855390784264,0.016531157356807435,0.0022167846400249196,0.0020254387301459156,0.015706908574780683,0.003069689588828978,0.007676532377664296,0.0004985197482535421,0.002166078274421686,0.017634404649014068,0.007354476764750442,0.013029503539673252,0.10561810868261376,0.07769244145901427,0.017789712230445422,0.008810483842494941,0.0038361585970428493,0.013917571144551059,0.0019652670275837206,0.01502006406208521,0.003911110424689231,0.011875354605571674,0.05101300256023843,0.022214400635778404,0.002873582591219161,0.005159446382762858,0.001209179399850205,0.0029167189052451536,0.0,0.0,0.0,0.0,0.0,0.0,0.0,0.0,0.0,0.0,0.0,0.0,0.0,0.0,0.0,0.0,0.0,0.0,0.0,0.0,0.0,0.0,0.0,0.0,0.0,0.0,0.0,0.0,0.0,0.0,0.0,0.0,0.0,0.0,0.0,0.0,0.0,0.0,0.0,0.0,0.0,0.0,0.0,0.0,0.0,0.0,0.0,0.0,0.0,0.0,0.0,0.0,0.0,0.0,0.0,0.0,0.0,0.0,0.0,0.0,0.0,0.0,0.0,0.0,0.0,0.0,0.0,0.0,0.0,0.0,0.0,0.0,0.0,0.0,0.0,0.0,0.0,0.0,0.0,0.0,0.0,0.0,0.0,0.0,0.0,0.0,0.0,0.0,0.0,0.0,0.0,0.0,0.0,0.0,0.0,0.0,0.0,0.0,0.0,0.0,0.0,0.0,0.0,0.0,0.0,0.0,0.0,0.0,0.0,0.0,0.0,0.0,0.0,0.0,0.0,0.0,0.0,0.0,0.0,0.0,0.0,0.0,0.0,0.0,0.0,0.0,0.0,0.0,0.0,0.0,0.0,0.0,0.0,0.0,0.0,0.0,0.0,0.0,0.0,0.0,0.0,0.0,0.0,0.0,0.0,0.0,0.0,0.0,0.0,0.0,0.0,0.0,0.0,0.0,0.0,0.0,0.0,0.0,0.0,0.0,0.0,0.0,0.0,0.0,0.0,0.0,0.0,0.0,0.0,0.0,0.0,0.0,0.0,0.0,0.0,0.0,0.0,0.0,0.0,0.0,0.0,0.0,0.0,0.0,0.0,0.0,0.0,0.0,0.0,0.0,0.0,0.0,0.0,0.0,0.0,0.0,0.0,0.0,0.0,0.0,0.0,0.0,0.0,0.0,0.0,0.0,0.0,0.0,0.0,0.0,0.0,0.0,0.0,0.0,0.0,0.0,0.0,0.0,0.0,0.0,0.0,0.0,0.0,0.0,0.0,0.0,0.0,0.0,0.0,0.0,0.0,0.0,0.0,0.0,0.0,0.0,0.0,0.0,0.0,0.0,0.0,0.0,0.0,0.0,0.0,0.0,0.0,0.0,0.0,0.0,0.0,0.0,0.0,0.0,0.0,0.0,0.0,0.0,0.0,0.0,0.0,0.0,0.0,0.0,0.0,0.0,0.0,0.0,0.0,0.0,0.0,0.0,0.0,0.0,0.0,0.0,0.0,0.0,0.0,0.0,0.0,0.0,0.0,0.0,0.0,0.0,0.0,0.0,0.0,0.0,0.0,0.0,0.0,0.0,0.0,0.0,0.0,0.0,0.0,0.0,0.0024314051779093437,0.002661646112697921,0.0031999489870212267,0.0021818390210537175,0.007994191120428065,0.007209256463771104,0.0025825335815932884,0.0021680828486847757,0.0036198787302463057,0.013040334249240677,0.003942037917525217,0.0034284209844359283,0.002078145436028424,0.12440786541172706,0.007111386330924067,0.01582417450842383,0.002062661599882598,0.004154298352117953,0.004579847663859442,0.00471529289896967,0.005168370417694315,0.0025960916972601862,0.007109852116498121,0.12310647525044598,0.08058240565392784,0.00721101311668863,0.10689701372958689,0.0030816503421076417,0.03239086263727989,0.0024229003649133326,0.13488431282315538,0.006579293270492263,0.03287819004077065,0.007245085169417925,0.004163444071446658,0.0061639838068758826,0.009550754706545522,0.005738926553707443,0.007283447300452901,0.007165117894464829,0.0024602687714118574,0.015338347500613886,0.002837973975663211,0.10203651025419876,0.0030212653277912147,0.06334331774873785,0.0021660782744278607,0.00710408654613144,0.0017897340841503053,0.006432121279032833,0.004968116954258519,0.0030901979956203954,0.00029414827580560827,0.005911467358517142,0.007573294087089812,0.009569417066004272,0.006504785062361872,0.0076330570619819035,0.003043750284077314,0.005047385576015837,0.006579650714903279,0.008563372785515553,0.024086903755288307,0.2818198516332391,0.005254177862844852,0.0759543550540247,0.0025542133802818646,0.008027113149182523,0.011843571490551829,0.00665021351477216,0.003112797248098366,0.0072644829652117856,0.009659491228029629,0.007544659047550043,0.00419700551980267,0.007131148582148944,0.0062853394151431985,0.012984060325259299,0.016316981805894873,0.002100068784190913,0.008734891562511862,0.004837334253143343,0.007018166975321416,0.006917479083759675,0.0020138493131769066,0.0018571783396017678,0.0059888564942209765,0.015235313677605838,0.04076541414146831,0.007025659598453344,0.0033497330144796112,0.006564703079521702,0.04762868763197493,0.021108320478053107,0.002608737197133772,0.010205979499149281,0.013524463397498358,0.006460268033398846,0.002224907453624034,0.009546830326522303,0.0,0.0,0.0,0.0,0.0,0.0,0.0,0.0,0.0,0.0,0.0,0.0,0.0,0.0,0.0,0.0,0.0,0.0,0.0,0.0,0.0,0.0,0.0,0.0,0.0,0.0,0.0,0.0,0.0,0.0,0.0,0.0,0.0,0.0,0.0,0.0,0.0,0.0,0.0,0.0,0.0,0.0,0.0,0.0,0.0,0.0,0.0,0.0,0.0,0.0,0.0,0.0,0.0,0.0,0.0,0.0,0.0,0.0,0.0,0.0,0.0,0.0,0.0,0.0,0.0,0.0,0.0,0.0,0.0,0.0,0.0,0.0,0.0,0.0,0.0,0.0,0.0,0.0,0.0,0.0,0.0,0.0,0.0,0.0,0.0,0.0,0.0,0.0,0.0,0.0,0.0,0.0,0.0,0.0,0.0,0.0,0.0,0.0,0.0,0.0,0.0,0.0,0.0,0.0,0.0,0.0,0.0,0.0,0.0,0.0,0.0,0.0,0.0,0.0,0.0,0.0,0.0,0.0,0.0,0.0,0.0,0.0,0.0,0.0,0.0,0.0,0.0,0.0,0.0,0.0,0.0,0.0,0.0,0.0,0.0,0.0,0.0,0.0,0.0,0.0,0.0,0.0,0.0,0.0,0.0,0.0,0.0,0.0,0.0,0.0,0.0,0.0,0.0,0.0,0.0,0.0,0.0,0.0,0.0,0.0,0.0,0.0,0.0,0.0,0.0,0.0,0.0,0.0,0.0,0.0,0.0,0.0,0.0,0.0,0.0,0.0,0.0,0.0,0.0,0.0,0.0,0.0,0.0,0.0,0.0,0.0,0.0,0.0,0.0,0.0,0.0,0.0,0.0,0.0,0.0,0.0,0.0,0.0,0.0,0.0,0.0,0.0,0.0,0.0,0.0,0.0,0.0,0.0,0.0,0.0,0.0,0.0,0.0,0.0,0.0,0.0,0.0,0.0,0.0,0.0,0.0,0.0,0.0,0.0,0.0,0.0,0.0,0.0,0.0,0.0,0.0,0.0,0.0,0.0,0.0,0.0,0.0,0.0,0.0,0.0,0.0,0.0,0.0,0.0,0.0,0.0,0.0,0.0,0.0,0.0,0.0,0.0,0.0,0.0,0.0,0.0,0.0,0.0,0.0,0.0,0.0,0.0,0.0,0.0,0.0,0.0,0.0,0.0,0.0,0.0,0.0,0.0,0.0,0.0,0.0,0.0,0.0,0.0,0.0,0.0,0.0,0.0,0.0,0.0,0.0,0.0,0.0,0.0,0.0,0.0,0.0,0.0,0.0,0.0,0.0,0.0,0.0,0.0,0.0,0.0,0.0013123098135450265,0.012495427915174774,0.020939544005976633,0.012374721097623336,0.007912707585838428,0.008425659303969163,0.006573710317861226,0.0008470346667009392,0.05553129302184239,0.003351587825766658,0.002015178648358111,0.031250815055506295,0.0009279327644820305,0.006982768625778308,0.006050659436142053,0.008308894861893146,0.012872340385965585,0.002081702679199115,0.18561374607070105,0.009281007181507907,0.002147450843528773,0.007088881626088274,0.00904135929823752,0.006878536357409101,0.008407043830672218,0.006807877441074897,0.007682656616016301,0.0016681009419469406,0.0031074505508081876,0.08809236383356571,0.006019455033262849,0.009567349311617856,0.002967649258510354,0.00692816241973906,0.008781332136389878,0.0047943868312604965,0.00514362112310984,0.0026583017877153093,0.00816068120097954,0.006705180843514272,0.009128589688933651,0.04903869328713507,0.012054073036923461,0.008562368038733791,0.007441005300369519,0.002978910893171341,0.012890742478526378,0.00862761357406522,0.012674381429842573,0.0029716232393558906,0.001729309274194541,0.00806217102552783,0.00016762478336158337,0.021088025822383356,0.00871853484063357,0.002538778675811871,0.004019533984763839,0.006139031457640559,0.012612957851759574,0.0031153475214053144,0.003879999810922765,0.0030374808790359135,0.0031341728793829134,0.0015562962596922623,0.002697989058959105,0.010876400818346657,0.007544306099992507,0.007478247183240271,0.0034225150500730613,0.010965261743914084,0.02526083075256143,0.009336028001710926,0.011899714681354536,0.011482573286520185,0.0022298462152428927,0.0023122123087720475,0.009760528067932537,0.003600263760128717,0.010028609150090457,0.000614812680325509,0.002502323421220711,0.009456651917086624,0.006187731351149885,0.008993350174461994,0.013042739582138507,0.02771340045075998,0.0104699346548431,0.011158013211861927,0.006021463707722953,0.009628977815713678,0.0019069589132378055,0.009688032897696916,0.006314913688439776,0.021114997410234003,0.1265150078598616,0.023082347690815325,0.003394909753768193,0.004644481964064163,0.001195013938079195,0.003250229009720756,0.003121676225959489,0.0026311039415127975,0.003203594789832285,0.0021276552355829256,0.0099524955813513,0.00833935389982759,0.002744828009947528,0.0032378726918970333,0.003446267010249081,0.021092662743812024,0.005102531317790525,0.0033391805685122878,0.0030063988368707094,0.038337479815761605,0.008845595057616827,0.021351722516715757,0.0020128276087224375,0.005811313521293885,0.004020725429887402,0.005130118805749773,0.007927356526662028,0.0027881082042913578,0.008001237711475182,0.038675783594000604,0.038658433029714105,0.00864614267002874,0.03834930820917194,0.0039045591572238287,0.09388712732323705,0.0022261518836335734,0.043337567542193534,0.007352680895815988,0.11867695734662331,0.00853562424034628,0.004533629769358191,0.007546192374267206,0.013805979609174932,0.0077439600358775425,0.008473338711856652,0.008502878314964286,0.0024916478004874125,0.013466521598521084,0.002840243179544235,0.0403402834944121,0.003166933187445667,0.11095688287930394,0.0020370098577748236,0.008279928571028638,0.0017363427016510611,0.008438648239098852,0.007653124160350078,0.003328363707910724,0.0003644886227318995,0.0062161494559146305,0.009124751508850401,0.01764589557409227,0.008918454473296892,0.009892632851267178,0.003014726230402205,0.006494650970807112,0.009120410608743964,0.0123220754414559,0.06686075105996571,0.045465450204836624,0.00660240746814598,0.03944072793432604,0.0026280208154073567,0.010121237284915626,0.017938313494233336,0.007607142868176964,0.003076809431972295,0.008090002838969,0.011661354427800502,0.00878949345904503,0.005565894701936966,0.012241537564372445,0.007144971616985395,0.019952089312968838,0.02096274941146084,0.003829384782995173,0.015268963482044004,0.005211308536877564,0.008366545171330416,0.008006254398674967,0.001967067722053557,0.0017202111135140757,0.006710655394283684,0.01908570522747697,0.06041546722987782,0.007781323469483358,0.004308882648598608,0.007510519769220914,0.061590639827618816,0.021227153395656565,0.0023887639983712025,0.010952526544562776,0.022221300895725323,0.008232840376281497,0.0028218709072990226,0.013821199637380136,0.0,0.0,0.0,0.0,0.0,0.0,0.0,0.0,0.0,0.0,0.0,0.0,0.0,0.0,0.0,0.0,0.0,0.0,0.0,0.0,0.0,0.0,0.0,0.0,0.0,0.0,0.0,0.0,0.0,0.0,0.0,0.0,0.0,0.0,0.0,0.0,0.0,0.0,0.0,0.0,0.0,0.0,0.0,0.0,0.0,0.0,0.0,0.0,0.0,0.0,0.0,0.0,0.0,0.0,0.0,0.0,0.0,0.0,0.0,0.0,0.0,0.0,0.0,0.0,0.0,0.0,0.0,0.0,0.0,0.0,0.0,0.0,0.0,0.0,0.0,0.0,0.0,0.0,0.0,0.0,0.0,0.0,0.0,0.0,0.0,0.0,0.0,0.0,0.0,0.0,0.0,0.0,0.0,0.0,0.0,0.0,0.0,0.0,0.0,0.0,0.0,0.0,0.0,0.0,0.0,0.0,0.0,0.0,0.0,0.0,0.0,0.0,0.0,0.0,0.0,0.0,0.0,0.0,0.0,0.0,0.0,0.0,0.0,0.0,0.0,0.0,0.0,0.0,0.0,0.0,0.0,0.0,0.0,0.0,0.0,0.0,0.0,0.0,0.0,0.0,0.0,0.0,0.0,0.0,0.0,0.0,0.0,0.0,0.0,0.0,0.0,0.0,0.0,0.0,0.0,0.0,0.0,0.0,0.0,0.0,0.0,0.0,0.0,0.0,0.0,0.0,0.0,0.0,0.0,0.0,0.0,0.0,0.0,0.0,0.0,0.0,0.0,0.0,0.0,0.0,0.0,0.0,0.0,0.0,0.0,0.0,0.0,0.0,0.0,0.0,0.0,0.0,0.0,0.0,0.0,0.0,0.0,0.0,0.0,0.0,0.0014823090783310845,0.05037177528224963,0.023205577910299334,0.0387103448903223,0.014030868583644957,0.022255899716387625,0.1930919276412245,0.0008057550454340348,0.010247611160773601,0.0026904336456942397,0.0022253975055856355,0.014742142405718759,0.0009455257494620753,0.0023159867960560894,0.01033607903222606,0.004853967085745536,0.02662302331945045,0.0023243921174694706,0.004708861665531937,0.08172606974177146,0.002055865809949996,0.18318800858156503,0.02637515254688486,0.002309650628126594,0.0031736419707131328,0.013295002754122114,0.0026265794189744562,0.0018534919657144232,0.0018156871725556786,0.006135986372700064,0.0019545284608002075,0.036106065084904534,0.0015231118038247457,0.013459496624162405,0.10165189695926362,0.007437865904538221,0.003950378606940019,0.002742448783197591,0.019823207501085793,0.01280628364083864,0.12330786889137772,0.007012229930275784,0.06134192888589813,0.002561336681022211,0.15606228049230184,0.001507447134652265,0.013946456532838497,0.023817358512157456,0.017949856098545682,0.0030179520828556537,0.0015541194320825655,0.1482206774188462,0.00020655348578518416,0.028532519572128483,0.019818403924986183,0.00196486769738749,0.004991270355741004,0.00916847450847633,0.05372674836881882,0.004042267540940033,0.004595125567904856,0.0027713526379599027,0.0019541671931939332,0.0006547138945533421,0.0029050149541912716,0.003099870913476494,0.16409415543806308,0.012385040088277535,0.0028402431795414695,0.03710035624405502,0.01671889166276794,0.02566516471142557,0.013703794344125424,0.026246764367397025,0.00254724947364262,0.0018876593087436902,0.042088133996111436,0.0028986398859255596,0.005595852144791394,0.00043472914623396376,0.002047402544118665,0.07718111308371821,0.010945761447424261,0.028126108503948723,0.02368398033203338,0.006863849531714176,0.049054095338953524,0.006470359022094278,0.0026103547498899328,0.029332402210268445,0.002317318250384767,0.03693191144341622,0.002592101614077413,0.00660661586862082,0.005807344544279166,0.013734073647142972,0.0026894037084628122,0.0068685935517448825,0.0013682903965824527,0.002873573723635531,0.0,0.0,0.0,0.0,0.0,0.0,0.0,0.0,0.0,0.0,0.0,0.0,0.0,0.0,0.0,0.0,0.0,0.0,0.0,0.0,0.0,0.0,0.0,0.0,0.0,0.0,0.0,0.0,0.0,0.0,0.0,0.0,0.0,0.0,0.0,0.0,0.0,0.0,0.0,0.0,0.0,0.0,0.0,0.0,0.0,0.0,0.0,0.0,0.0,0.0,0.0,0.0,0.0,0.0,0.0,0.0,0.0,0.0,0.0,0.0,0.0,0.0,0.0,0.0,0.0,0.0,0.0,0.0,0.0,0.0,0.0,0.0,0.0,0.0,0.0,0.0,0.0,0.0,0.0,0.0,0.0,0.0,0.0,0.0,0.0,0.0,0.0,0.0,0.0,0.0,0.0,0.0,0.0,0.0,0.0,0.0,0.0,0.0,0.0,0.0,0.014781493967648223,0.002252373155454383,0.0024595898661747364,0.0017566066681128061,0.024657335559640208,0.018390329455275543,0.0031856643483331834,0.3886987215891405,0.0021720618957850176,0.06443091553013866,0.032051869715634486,0.0023322419957207724,0.3727447077294666,0.004336624471923704,0.03366567457246575,0.011030264078265377,0.001616530263047574,0.17452094510284544,0.0019399460222069905,0.006860701998889838,0.14073754654585555,0.0030592283513540225,0.015124847928911608,0.004471796691547225,0.00626746570831842,0.02557364431663936,0.0049199681703775465,0.01684570233263768,0.01246092662147712,0.0013227570276042684,0.003790669855915261,0.012506557616599603,0.0066447163765582466,0.02300373242123166,0.005931518294071606,0.028152694849940246,0.014161583160130916,0.065203471394495,0.01912058175818364,0.02381567816052671,0.0023341556092815762,0.005003131016084717,0.002502137924535672,0.004471796691549943,0.003685951370862528,0.006473587181268896,0.0015486881642969045,0.017593093084385756,0.0013227570276063186,0.04317267967158709,0.21209417689881802,0.003790669855915261,0.001616530263046888,0.005225713904154957,0.020024336861613885,0.04355740379373834,0.07349954891223752,0.03763625450472901,0.0026760166658525227,0.045377539942762994,0.07455594035262093,0.08788826939947356,0.016559378919802387,0.001865510366227317,0.025333273672390137,0.005048781256718335,0.002765169717561284,0.02699322893445449,0.06878917773556392,0.011241716786536803,0.002212033685166893,0.014337824662324647,0.013568205799738891,0.01265588113939174,0.045313256888880354,0.04886895929668384,0.011757093167431681,0.06152625072662124,0.010739211007444554,0.0034306621509310386,0.08024916660366149,0.006994877765509763,0.02450822447529128,0.015680477682553588,0.0015486881642969045,0.0011433418711523492,0.0098526431035817,0.010869137624098676,0.007112502490830715,0.01318901700881742,0.028195586766630934,0.012944903711904527,0.006543054383563701,0.007332343399454331,0.001385481916724516,0.007555628535396766,0.06095467403746243,0.0445278942988198,0.013373802257204817,0.07829274978200185,0.0,0.0,0.0,0.0,0.0,0.0,0.0,0.0,0.0,0.0,0.0,0.0,0.0,0.0,0.0,0.0,0.0,0.0,0.0,0.0,0.0,0.0,0.0,0.0,0.0,0.0,0.0,0.0,0.0,0.0,0.0,0.0,0.0,0.0,0.0,0.0,0.0,0.0,0.0,0.0,0.0,0.0,0.0,0.0,0.0,0.0,0.0,0.0,0.0,0.0,0.0,0.0,0.0,0.0,0.0,0.0,0.0,0.0,0.0,0.0,0.0,0.0,0.0,0.0,0.0,0.0,0.0,0.0,0.0,0.0,0.0,0.0,0.0,0.0,0.0,0.0,0.0,0.0,0.0,0.0,0.0,0.0,0.0,0.0,0.0,0.0,0.0,0.0,0.0,0.0,0.0,0.0,0.0,0.0,0.0,0.0,0.0,0.0,0.0,0.0,0.0,0.0,0.0,0.0,0.0,0.0,0.0,0.0,0.0,0.0,0.0,0.0,0.0,0.0,0.0,0.0,0.0,0.0,0.0,0.0,0.0,0.0,0.0,0.0,0.0,0.0,0.0,0.0,0.0,0.0,0.0,0.0,0.0,0.0,0.0,0.0,0.0,0.0,0.0,0.0,0.0,0.0,0.0,0.0,0.0,0.0,0.0,0.0,0.0,0.0,0.0,0.0,0.0,0.0,0.0,0.0,0.0,0.0,0.0,0.0,0.0,0.0,0.0,0.0,0.0,0.0,0.0,0.0,0.0,0.0,0.0,0.0,0.0,0.0,0.0,0.0,0.0,0.0,0.0,0.0,0.0,0.0,0.0,0.0,0.0,0.0,0.0,0.0,0.0,0.0,0.0,0.0,0.0,0.0,0.0,0.0,0.0,0.0,0.0,0.0,0.0009496467188585834,0.035447249195028646,0.013531644932912203,0.02699508065858527,0.005370757410088728,0.007338252591357983,0.0070935435437352295,0.0005339878345995075,0.0144175529843542,0.0020152933251782815,0.0014298939974061527,0.013764845065636855,0.0005964461528116273,0.0028771123328046296,0.004520196789501747,0.0035060773898562807,0.036263147478415234,0.0013952995445565396,0.009000545140728075,0.01018008335929858,0.0012778883444875733,0.007274933072620978,0.008664409659793393,0.0029102037439958537,0.004009315353479167,0.0055247167557106736,0.003348741081104033,0.0012097768552970603,0.0016103010962365376,0.028080806605448316,0.002306967372154393,0.009404117012110389,0.0013511839604599429,0.00585033328275435,0.00927295284373547,0.0037559787000453586,0.0025013609397545543,0.0018037526934485096,0.00715800389233698,0.005583879909189838,0.017771191897512452,0.009015862619428452,0.03174220841371592,0.0031140586948496815,0.009647048463898935,0.001495636359503991,0.13085532653415544,0.007529813457457677,0.03692051037843546,0.0020527197920608945,0.001060661288475317,0.007988970950471247,0.00012811826150989009,0.011327076984271829,0.006416139129354443,0.0014103313486216696,0.0025933502100762176,0.004093390546847654,0.03565151007700446,0.00225326307765719,0.0024388205614517626,0.001966263744828088,0.0016137311554977648,0.0007130072938994525,0.0019404237893086403,0.003741596473213915,0.012013374631775781,0.0050104191335993385,0.0021346263986064106,0.008283582790634824,0.013588449554556788,0.009380855199272436,0.006292715384808928,0.007697175202621016,0.001560204508733759,0.0012816725031249989,0.008631376578122806,0.0021976774223982196,0.004137295241690799,0.0003041536616982931,0.0014463930851249503,0.010718825188392133,0.005140646022152504,0.008054923983702642,0.039387103651961665,0.08099907070276421,0.008720542912360137,0.004562378755411249,0.0024241495260453718,0.009897583202039355,0.0014052455678023662,0.008306313720940041,0.002490107015395675,0.00627028989371949,0.01616496698569323,0.008770624884925377,0.002029344651487602,0.0034150099047151883,0.000873499327761841,0.0020817026791941865,0.0,0.0,0.0,0.0,0.0,0.0,0.0,0.0,0.0,0.0,0.0,0.0,0.0,0.0,0.0,0.0,0.0,0.0,0.0,0.0,0.0,0.0,0.0,0.0,0.0,0.0,0.0,0.0,0.0,0.0,0.0,0.0,0.0,0.0,0.0,0.0,0.0,0.0,0.0,0.0,0.0,0.0,0.0,0.0,0.0,0.0,0.0,0.0,0.0,0.0,0.0,0.0,0.0,0.0,0.0,0.0,0.0,0.0,0.0,0.0,0.0,0.0,0.0,0.0,0.0,0.0,0.0,0.0,0.0,0.0,0.0,0.0,0.0,0.0,0.0,0.0,0.0,0.0,0.0,0.0,0.0,0.0,0.0,0.0,0.0,0.0,0.0,0.0,0.0,0.0,0.0,0.0,0.0,0.0,0.0,0.0,0.0,0.0,0.0,0.0,0.0,0.0,0.0,0.0,0.0,0.0,0.0,0.0,0.0,0.0,0.0,0.0,0.0,0.0,0.0,0.0,0.0,0.0,0.0,0.0,0.0,0.0,0.0,0.0,0.0,0.0,0.0,0.0,0.0,0.0,0.0,0.0,0.0,0.0,0.0,0.0,0.0,0.0,0.0,0.0,0.0,0.0,0.0,0.0,0.0,0.0,0.0,0.0,0.0,0.0,0.0,0.0,0.0,0.0,0.0,0.0,0.0,0.0,0.0,0.0,0.0,0.0,0.0,0.0,0.0,0.0,0.0,0.0,0.0,0.0,0.0,0.0,0.0,0.0,0.0,0.0,0.0,0.0,0.0,0.0,0.0,0.0,0.0,0.0,0.0,0.0,0.0,0.0,0.0,0.0,0.0,0.0,0.0,0.0,0.0,0.0,0.0,0.0,0.0,0.0,0.0,0.0,0.0,0.0,0.0,0.0,0.0,0.0,0.0,0.0,0.0,0.0,0.0,0.0,0.0,0.0,0.0,0.0,0.0,0.0,0.0,0.0,0.0,0.0,0.0,0.0,0.0,0.0,0.0,0.0,0.0,0.0,0.0,0.0,0.0,0.0,0.0,0.0,0.0,0.0,0.0,0.0,0.0,0.0,0.0,0.0,0.0,0.0,0.0,0.0,0.0,0.0,0.0,0.0,0.0,0.0,0.0,0.0,0.0,0.0,0.0,0.0,0.0,0.0,0.0,0.0,0.0,0.0,0.0,0.0,0.0,0.0,0.0,0.0,0.0,0.0,0.0,0.0,0.0,0.0,0.0,0.0,0.0,0.0,0.0,0.0,0.0,0.0,0.0,0.0,0.0,0.0,0.0,0.0,0.0,0.0,0.0,0.0,0.0,0.0,0.5,0.5,0.5,0.5,0.5,0.5,0.5,0.5,0.5,0.5,0.5,0.5,0.5,0.5,0.5,0.5,0.5,0.5,0.5,0.5,0.5,0.5,0.5,0.5,0.5,0.5,0.5,0.5,0.5,0.5,0.5,0.5,0.5,0.5,0.5,0.5,0.5,0.5,0.5,0.5,0.5,0.5,0.5,0.5,0.5,0.5,0.5,0.5,0.5,0.5,0.5,0.5,0.5,0.5,0.5,0.5,0.5,0.5,0.5,0.5,0.5,0.5,0.5,0.5,0.5,0.5,0.5,0.5,0.5,0.5,0.5,0.5,0.5,0.5,0.5,0.5,0.5,0.5,0.5,0.5,0.5,0.5,0.5,0.5,0.5,0.5,0.5,0.5,0.5,0.5,0.5,0.5,0.5,0.5,0.5,0.5,0.5,0.5,0.5,0.5,0.5,0.5,0.5,0.5,0.5,0.5,0.5,0.5,0.5,0.5,0.5,0.5,0.5,0.5,0.5,0.5,0.5,0.5,0.5,0.5,0.5,0.5,0.5,0.5,0.5,0.5,0.5,0.5,0.5,0.5,0.5,0.5,0.5,0.5,0.5,0.5,0.5,0.5,0.5,0.5,0.5,0.5,0.5,0.5,0.5,0.5,0.5,0.5,0.5,0.5,0.5,0.5,0.5,0.5,0.5,0.5,0.5,0.5,0.5,0.5,0.5,0.5,0.5,0.5,0.5,0.5,0.5,0.5,0.5,0.5,0.5,0.5,0.5,0.5,0.5,0.5,0.5,0.5,0.5,0.5,0.5,0.5,0.5,0.5,0.5,0.5,0.5,0.5,0.5,0.5,0.5,0.5,0.5,0.5,0.5,0.5,0.5,0.5,0.5,0.5,0.5,0.5,0.5,0.5,0.5,0.5,0.5,0.5,0.5,0.5,0.5,0.5,0.5,0.5,0.5,0.5,0.5,0.5,0.5,0.5,0.5,0.5,0.5,0.5,0.5,0.5,0.5,0.5,0.5,0.5,0.5,0.5,0.5,0.5,0.5,0.5,0.5,0.5,0.5,0.5,0.5,0.5,0.5,0.5,0.5,0.5,0.5,0.5,0.5,0.5,0.5,0.5,0.5,0.5,0.5,0.5,0.5,0.5,0.5,0.5,0.5,0.5,0.5,0.5,0.5,0.5,0.5,0.5,0.5,0.5,0.5,0.5,0.5,0.5,0.5,0.5,0.5,0.5,0.5,0.5,0.5,0.5,0.5,0.5,0.5,0.5,0.5,0.5,0.5,0.5,0.5,0.5,0.5,0.5,0.5,0.5,0.5,0.5,0.5,0.5,0.5,0.5,0.5,0.5,0.5,0.5,0.5,0.5,0.5,0.5,0.5,0.5,0.5,0.5,0.5,0.5,0.5,0.5,0.5,0.5,0.5,0.5,0.5,0.5,0.5,0.5,0.5,0.5,0.5,0.5,0.5,0.5,0.5,0.5,0.5,0.5,0.5,0.5,0.5,0.5,0.5,0.5,0.5,0.5,0.5,0.5,0.5,0.5,0.5,0.5,0.5,0.5,0.5,0.5,0.5,0.5,0.5,0.5,0.5,0.5,0.5,0.5,0.5,0.5,0.5,0.5,0.5,0.5,0.5,0.5,0.5,0.5,0.5,0.5,0.5,0.5,0.5,0.5,0.5,0.5,0.5,0.5,0.5,0.5,0.5,0.5,0.5,0.5,0.5,0.5,0.5,0.5,0.5,0.5,0.5,0.5,0.5,0.5,0.5,0.5,0.5,0.5,0.5,0.5,0.5,0.5,0.5,0.5,0.5,0.5,0.5,0.5,0.5,0.5,0.5,0.5,0.5,0.5,0.5,0.5,0.5,0.5,0.5,0.5,0.5,0.5,0.5,0.5,0.5,0.5,0.5,0.5,0.5,0.5,0.5,0.5,0.5,0.5,0.5,0.5,0.5,0.5,0.5,0.5,0.5,0.5,0.5,0.5,0.5,0.5,0.5,0.5,0.5,0.5,0.5,0.5,0.5,0.5,0.5,0.5,0.5,0.5,0.5,0.5,0.5,0.5,0.5,0.5,0.5,0.5,0.5,0.5,0.5,0.5,0.5,0.5,0.5,0.5,0.5,0.5,0.5,0.5,0.5,0.5,0.5,0.5,0.5,0.5,0.5,0.5,0.5,0.5,0.5,0.5,0.5,0.5,0.5,0.5,0.5,0.5,0.5,0.5,0.5,0.5,0.5,0.5,0.5,0.5,0.5,0.5,0.5,0.5,0.5,0.5,0.5,0.5,0.5,0.5,0.5,0.5,0.5,0.5,0.5,0.5,0.5,0.5,0.5,0.5,0.5,0.5,0.5,0.5,0.5,0.5,0.5,0.5,0.5,0.5,0.5,0.5,0.5,0.5,0.5,0.5,0.5,0.5,0.5,0.5,0.5,0.5,0.5,0.5,0.5,0.5,0.5,0.5,0.5,0.5,0.5,0.5,0.5,0.5,0.5,0.5,0.5,0.5,0.5,0.5,0.5,0.5,0.5,0.5,0.5,0.5,0.5,0.5,0.5,0.5,0.5,0.5,0.5,0.5,0.5,0.5,0.5,0.5,0.5,0.5,0.5,0.5,0.5,0.5,0.5,0.5,0.5,0.5,0.5,0.5,0.5,0.5,0.5,0.5,0.5,0.5,0.5,0.5,0.5,0.5,0.5,0.5,0.5,0.5,0.5,0.5,0.5,0.5,0.5,0.5,0.5,0.5,0.5,0.5,0.5,0.5,0.5,0.5,0.5,0.5,0.5,0.5,0.5,0.5,0.5,0.5,0.5,0.5,0.5,0.5,0.5,0.5,0.5,0.5,0.5,0.5,0.5,0.5,0.5,0.5,0.5,0.5,0.5,0.5,0.5,0.5,0.5,0.5,0.5,0.5,0.5,0.5,0.5,0.5,0.5,0.5,0.5,0.5,0.5,0.5,0.5,0.5,0.5,0.5,0.5,0.5,0.5,0.5,0.5,0.5,0.5,0.5,0.5,0.5,0.5,0.5,0.5,0.5,0.5,0.5,0.5,0.5,0.5,0.5,0.5,0.5,0.5,0.5,0.5,0.5,0.5,0.5,0.5,0.5,0.5,0.5,0.5,0.5,0.5,0.5,0.5,0.5,0.5,0.5,0.5,0.5,0.5,0.5,0.5,0.5,0.5,0.5,0.5,0.5,0.5,0.5,0.5,0.5,0.5,0.5,0.5,0.5,0.5,0.5,0.5,0.5,0.5,0.5,0.5,0.5,0.5,0.5,0.5,0.5,0.5,0.5,0.5,0.5,0.5,0.5,0.5,0.5,0.5,0.5,0.5,0.5,0.5,0.5,0.5,0.5,0.5,0.5,0.5,0.5,0.5,0.5,0.5,0.5,0.5,0.5,0.5,0.5,0.5,0.5,0.5,0.5,0.5,0.5,0.5,0.5,0.5,0.5,0.5,0.5,0.5,0.5,0.5,0.5,0.5,0.5,0.5,0.5,0.5,0.5,0.5,0.5,0.5,0.5,0.5,0.5,0.5,0.5,0.5,0.5,0.5,0.5,0.5,0.5,0.5,0.5,0.5,0.5,0.5,0.5,0.5,0.5,0.5,0.5,0.5,0.5,0.5,0.5,0.5,0.5,0.5,0.5,0.5,0.5,0.5,0.5,0.5,0.5,0.5,0.5,0.5,0.5,0.5,0.5,0.5,0.5,0.5,0.5,0.5,0.5,0.5,0.5,0.5,0.5,0.5,0.5,0.5,0.5,0.5,0.5,0.5,0.5,0.5,0.5,0.5,0.5,0.5,0.5,0.5,0.5,0.5,0.5,0.5,0.5,0.5,0.5,0.5,0.5,0.5,0.5,0.5,0.5,0.5,0.5,0.5,0.5,0.5,0.5,0.5,0.5,0.5,0.5,0.5,0.5,0.5,0.5,0.5,0.5,0.5,0.5,0.5,0.5,0.5,0.5,0.5,0.5,0.5,0.5,0.5,0.5,0.5,0.5,0.5,0.5,0.5,0.5,0.5,0.5,0.5,0.5,0.5,0.5,0.5,0.5,0.5,0.5,0.5,0.5,0.5,0.5,0.5,0.5,0.5,0.5,0.5,0.5,0.5,0.5,0.5,0.5,0.5,0.5,0.5,0.5,0.5,0.5,0.5,0.5,0.5,0.5,0.5,0.5,0.5,0.5,0.5,0.5,0.5,0.5,0.5,0.5,0.5,0.5,0.5,0.5,0.5,0.5,0.5,0.5,0.5,0.5,0.5,0.5,0.5,0.5,0.5,0.5,0.5,0.5,0.5,0.5,0.5,0.5,0.5,0.5,0.5,0.5,0.5,0.5,0.5,0.5,0.5,0.5,0.5,0.5,0.5,0.5,0.5,0.5,0.5,0.5,0.5,0.5,0.5,0.5,0.5,0.5,0.5,0.5,0.5,0.5,0.5,0.5,0.5,0.5,0.5,0.5,0.5,0.5,0.5,0.5,0.5,0.5,0.5,0.5,0.5,0.5,0.5,0.5,0.5,0.5,0.5,0.5,0.5,0.5,0.5,0.5,0.5,0.5,0.5,0.5,0.5,0.5,0.5,0.5,0.5,0.5,0.5,0.5,0.5,0.5,0.5,0.5,0.5,0.5,0.5,0.5,0.5,0.5,0.5,0.5,0.5,0.5,0.5,0.5,0.5,0.5,0.5,0.5,0.5,0.5,0.5,0.5,0.5,0.5,0.5,0.5,0.5,0.5,0.5,0.5,0.5,0.5,0.5,0.5,0.5,0.5,0.5,0.5,0.5,0.5,0.5,0.5,0.5,0.5,0.5,0.5,0.5,0.5,0.5,0.5,0.5,0.5,0.5,0.5,0.5,0.5,0.5,0.5,0.5,0.5,0.5,0.5,0.5,0.5,0.5,0.5,0.5,0.5,0.5,0.5,0.5,0.5,0.5,0.5,0.5,0.5,0.5,0.5,0.5,0.5,0.5,0.5,0.5,0.5,0.5,0.5,0.5,0.5,0.5,0.5,0.5,0.5,0.5,0.5,0.5,0.5,0.5,0.5,0.5,0.5,0.5,0.5,0.5,0.5,0.5,0.5,0.5,0.5,0.5,0.5,0.5,0.5,0.5,0.5,0.5,0.5,0.5,0.5,0.5,0.5,0.5,0.5,0.5,0.5,0.5,0.5,0.5,0.5,0.5,0.5,0.5,0.5,0.5,0.5,0.5,0.5,0.5,0.5,0.5,0.5,0.5,0.5,0.5,0.5,0.5,0.5,0.5,0.5,0.5,0.5,0.5,0.5,0.5,0.5,0.5,0.5,0.5,0.5,0.5,0.5,0.5,0.5,0.5,0.5,0.5,0.5,0.5,0.5,0.5,0.5,0.5,0.5,0.5,0.5,0.5,0.5,0.5,0.5,0.5,0.5,0.5,0.5,0.5,0.5,0.5,0.5,0.5,0.5,0.5,0.5,0.5,0.5,0.5,0.5,0.5,0.5,0.5,0.5,0.5,0.5,0.5,0.5,0.5,0.5,0.5,0.5,0.5,0.5,0.5,0.5,0.5,0.5,0.5,0.5,0.5,0.5,0.5,0.5,0.5,0.5,0.5,0.5,0.5,0.5,0.5,0.5,0.5,0.5,0.5,0.5,0.5,0.5,0.5,0.5,0.5,0.5,0.5,0.5,0.5,0.5,0.5,0.5,0.5,0.5,0.5,0.5,0.5,0.5,0.5,0.5,0.5,0.5,0.5,0.5,0.5,0.5,0.5,0.5,0.5,0.5,0.5,0.5,0.5,0.5,0.5,0.5,0.5,0.5,0.5,0.5,0.5,0.5,0.5,0.5,0.5,0.5,0.5,0.5,0.5,0.5,0.5,0.5,0.5,0.5,0.5,0.5,0.5,0.5,0.5,0.5,0.5,0.5,0.5,0.5,0.5,0.5,0.5,0.5,0.5,0.5,0.5,0.5,0.5,0.5,0.5,0.5,0.5,0.5,0.5,0.5,0.5,0.5,0.5,0.5,0.5,0.5,0.5,0.5,0.5,0.5,0.5,0.5,0.5,0.5,0.5,0.5,0.5,0.5,0.5,0.5,0.5,0.5,0.5,0.5,0.5,0.5,0.5,0.5,0.5,0.5,0.5,0.5,0.5,0.5,0.5,0.5,0.5,0.5,0.5,0.5,0.5,0.5,0.5,0.5,0.5,0.5,0.5,0.5,0.5,0.5,0.5,0.5,0.5,0.5,0.5,0.5,0.5,0.5,0.5,0.5,0.5,0.5,0.5,0.5,0.5,0.5,0.5,0.5,0.5,0.5,0.5,0.5,0.5,0.5,0.5,0.5,0.5,0.5,0.5,0.5,0.5,0.5,0.5,0.5,0.5,0.5,0.5,0.5,0.5,0.5,0.5,0.5,0.5,0.5,0.5,0.5,0.5,0.5,0.5,0.5,0.5,0.5,0.5,0.5,0.5,0.5,0.5,0.5,0.5,0.5,0.5,0.5,0.5,0.5,0.5,0.5,0.5,0.5,0.5,0.5,0.5,0.5,0.5,0.5,0.5,0.5,0.5,0.5,0.5,0.5,0.5,0.5,0.5,0.5,0.5,0.5,0.5,0.5,0.5,0.5,0.5,0.5,0.5,0.5,0.5,0.5,0.5,0.5,0.5,0.5,0.5,0.5,0.5,0.5,0.5,0.5,0.5,0.5,0.5,0.5,0.5,0.5,0.5,0.5,0.5,0.5,0.5,0.5,0.5,0.5,0.5,0.5,0.5,0.5,0.5,0.5,0.5,0.5,0.5,0.5,0.5,0.5,0.5,0.5,0.5,0.5,0.5,0.5,0.5,0.5,0.5,0.5,0.5,0.5,0.5,0.5,0.5,0.5,0.5,0.5,0.5,0.5,0.5,0.5,0.5,0.5,0.5,0.5,0.5,0.5,0.5,0.5,0.5,0.5,0.5,0.5,0.5,0.5,0.5,0.5,0.5,0.5,0.5,0.5,0.5,0.5,0.5,0.5,0.5,0.5,0.5,0.5,0.5,0.5,0.5,0.5,0.5,0.5,0.5,0.5,0.5,0.5,0.5,0.5,0.5,0.5,0.5,0.5,0.5,0.5,0.5,0.5,0.5,0.5,0.5,0.5,0.5,0.5,0.5,0.5,0.5,0.5,0.5,0.5,0.5,0.5,0.5,0.5,0.5,0.5,0.5,0.5,0.5,0.5,0.5,0.5,0.5,0.5,0.5,0.5,0.5,0.5,0.5,0.5,0.5,0.5,0.5,0.5,0.5,0.5,0.5,0.5,0.5,0.5,0.5,0.5,0.5,0.5,0.5,0.5,0.5,0.5,0.5,0.5,0.5,0.5,0.5,0.5,0.5,0.5,0.5,0.5,0.5,0.5,0.5,0.5,0.5,0.5,0.5,0.5,0.5,0.5,0.5,0.5,0.5,0.5,0.5,0.5,0.5,0.5,0.5,0.5,0.5,0.5,0.5,0.5,0.5,0.5,0.5,0.5,0.5,0.5,0.5,0.5,0.5,0.5,0.5,0.5,0.5,0.5,0.5,0.5,0.5,0.5,0.5,0.5,0.5,0.5,0.5,0.5,0.5,0.5,0.5,0.5,0.5,0.5,0.5,0.5,0.5,0.5,0.5,0.5,0.5,0.5,0.5,0.5,0.5,0.5,0.5,0.5,0.5,0.5,0.5,0.5,0.5,0.5,0.5,0.5,0.5,0.5,0.5,0.5,0.5,0.5,0.5,0.5,0.5,0.5,0.5,0.5,0.5,0.5,0.5,0.5,0.5,0.5,0.5,0.5,0.5,0.5,0.5,0.5,0.5,0.5,0.5,0.5,0.5,0.5,0.5,0.5,0.5,0.5,0.5,0.5,0.5,0.5,0.5,0.5,0.5,0.5,0.5,0.5,0.5,0.5,0.5,0.5,0.5,0.5,0.5,0.5,0.5,0.5,0.5,0.5,0.5,0.5,0.5,0.5,0.5,0.5,0.5,0.5,0.5,0.5,0.5,0.5,0.5,0.5,0.5,0.5,0.5,0.5,0.5,0.5,0.5,0.5,0.5,0.5,0.5,0.5,0.5,0.5,0.5,0.5,0.5,0.5,0.5,0.5,0.5,0.5,0.5,0.5,0.5,0.5,0.5,0.5,0.5,0.5,0.5,0.5,0.5,0.5,0.5,0.5,0.5,0.5,0.5,0.5,0.5,0.5,0.5,0.5,0.5,0.5,0.5,0.5,0.5,0.5,0.5,0.5,0.5,0.5,0.5,0.5,0.5,0.5,0.5,0.5,0.5,0.5,0.5,0.5,0.5,0.5,0.5,0.5,0.5,0.5,0.5,0.5,0.5,0.5,0.5,0.5,0.5,0.5,0.5,0.5,0.5,0.5,0.5,0.5,0.5,0.5,0.5,0.5,0.5,0.5,0.5,0.5,0.5,0.5,0.5,0.5,0.5,0.5,0.5,0.5,0.5,0.5,0.5,0.5,0.5,0.5,0.5,0.5,0.5,0.5,0.5,0.5,0.5,0.5,0.5,0.5,0.5,0.5,0.5,0.5,0.5,0.5,0.5,0.5,0.5,0.5,0.5,0.5,0.5,0.5,0.5,0.5,0.5,0.5,0.5,0.5,0.5,0.5,0.5,0.5,0.5,0.5,0.5,0.5,0.5,0.5,0.5,0.5,0.5,0.5,0.5,0.5,0.5,0.5,0.5,0.5,0.5,0.5,0.5,0.5,0.5,0.5,0.5,0.5,0.5,0.5,0.5,0.5,0.5,0.5,0.5,0.5,0.5,0.5,0.5,0.5,0.5,0.5,0.5,0.5,0.5,0.5,0.5,0.5,0.5,0.5,0.5,0.5,0.5,0.5,0.5,0.5,0.5,0.5,0.5,0.5,0.5,0.5,0.5,0.5,0.5,0.5,0.5,0.5,0.5,0.5,0.5,0.5,0.5,0.5,0.5,0.5,0.5,0.5,0.5,0.5,0.5,0.5,0.5,0.5,0.5,0.5,0.5,0.5,0.5,0.5,0.5,0.5,0.5,0.5,0.5,0.5,0.5,0.5,0.5,0.5,0.5,0.5,0.5,0.5,0.5,0.5,0.5,0.5,0.5,0.5,0.5,0.5,0.5,0.5,0.5,0.5,0.5,0.5,0.5,0.5,0.5,0.5,0.5,0.5,0.5,0.5,0.5,0.5,0.5,0.5,0.5,0.5,0.5,0.5,0.5,0.5,0.5,0.5,0.5,0.5,0.5,0.5,0.5,0.5,0.5,0.5,0.5,0.5,0.5,0.5,0.5,0.5,0.5,0.5,0.5,0.5,0.5,0.5,0.5,0.5,0.5,0.5,0.5,0.5,0.5,0.5,0.5,0.5,0.5,0.5,0.5,0.5,0.5,0.5,0.5,0.5,0.5,0.5,0.5,0.5,0.5,0.5,0.5,0.5,0.5,0.5,0.5,0.5,0.5,0.5,0.5,0.5,0.5,0.5,0.5,0.5,0.5,0.5,0.5,0.5,0.5,0.5,0.5,0.5,0.5,0.5,0.5,0.5,0.5,0.5,0.5,0.5,0.5,0.5,0.5,0.5,0.5,0.5,0.5,0.5,0.5,0.5,0.5,0.5,0.5,0.5,0.5,0.5,0.5,0.5,0.5,0.5,0.5,0.5,0.5,0.5,0.5,0.5,0.5,0.5,0.5,0.5,0.5,0.5,0.5,0.5,0.5,0.5,0.5,0.5,0.5,0.5,0.5,0.5,0.5,0.5,0.5,0.5,0.5,0.5,0.5,0.5,0.5,0.5,0.5,0.5,0.5,0.5,0.5,0.5,0.5,0.5,0.5,0.5,0.5,0.5,0.5,0.5,0.5,0.5,0.5,0.5,0.5,0.5,0.5,0.5,0.5,0.5,0.5,0.5,0.5,0.5,0.5,0.5,0.5,0.5,0.5,0.5,0.5,0.5,0.5,0.5,0.5,0.5,0.5,0.5,0.5,0.5,0.5,0.5,0.5,0.5,0.5,0.5,0.5,0.5,0.5,0.5,0.5,0.5,0.5,0.5,0.5,0.5,0.5,0.5,0.5,0.5,0.5,0.5,0.5,0.5,0.5,0.5,0.5,0.5,0.5,0.5,0.5,0.5,0.5,0.5,0.5,0.5,0.5,0.5,0.5,0.5,0.5,0.5,0.5,0.5,0.5,0.5,0.5,0.5,0.5,0.5,0.5,0.5,0.5,0.5,0.5,0.5,0.5,0.5,0.5,0.5,0.5,0.5,0.5,0.5,0.5,0.5,0.5,0.5,0.5,0.5,0.5,0.5,0.5,0.5,0.5,0.5,0.5,0.5,0.5,0.5,0.5,0.5,0.5,0.5,0.5,0.5,0.5,0.5,0.5,0.5,0.5,0.5,0.5,0.5,0.5,0.5,0.5,0.5,0.5,0.5,0.5,0.5,0.5,0.5,0.5,0.5,0.5,0.5,0.5,0.5,0.5,0.5,0.5,0.5,0.5,0.5,0.5,0.5,0.5,0.5,0.5,0.5,0.5,0.5,0.5,0.5,0.5,0.5,0.5,0.5,0.5,0.5,0.5,0.5,0.5,0.5,0.5,0.5,0.5,0.5,0.5,0.5,0.5,0.5,0.5,0.5,0.5,0.5,0.5,0.5,0.5,0.5,0.5,0.5,0.5,0.5,0.5,0.5,0.5,0.5,0.5,0.5,0.5,0.5,0.5,0.5,0.5,0.5,0.5,0.5,0.5,0.5,0.5,0.5,0.5,0.5,0.5,0.5,0.5,0.5,0.5,0.5,0.5,0.5,0.5,0.5,0.5,0.5,0.5,0.5,0.5,0.5,0.5,0.5,0.5,0.5,0.5,0.5,0.5,0.5,0.5,0.5,0.5,0.5,0.5,0.5,0.5,0.5,0.5,0.5,0.5,0.5,0.5,0.5,0.5,0.5,0.5,0.5,0.5,0.5,0.5,0.5,0.5,0.5,0.5,0.5,0.5,0.5,0.5,0.5,0.5,0.5,0.5,0.5,0.5,0.5,0.5,0.5,0.5,0.5,0.5,0.5,0.5,0.5,0.5,0.5,0.5,0.5,0.5,0.5,0.5,0.5,0.5,0.5,0.5,0.5,0.5,0.5,0.5,0.5,0.5,0.5,0.5,0.5,0.5,0.5,0.5,0.5,0.5,0.5,0.5,0.5,0.5,0.5,0.5,0.5,0.5,0.5,0.5,0.5,0.5,0.5,0.5,0.5,0.5,0.5,0.5,0.5,0.5,0.5,0.5,0.5,0.5,0.5,0.5,0.5,0.5,0.5,0.5,0.5,0.5,0.5,0.5,0.5,0.5,0.5,0.5,0.5,0.5,0.5,0.5,0.5,0.5,0.5,0.5,0.5,0.5,0.5,0.5,0.5,0.5,0.5,0.5,0.5,0.5,0.5,0.5,0.5,0.5,0.5,0.5,0.5,0.5,0.5,0.5,0.5,0.5,0.5,0.5,0.5,0.5,0.5,0.5,0.5,0.5,0.5,0.5,0.5,0.5,0.5,0.5,0.5,0.5,0.5,0.5,0.5,0.5,0.5,0.5,0.5,0.5,0.5,0.5,0.5,0.5,0.5,0.5,0.5,0.5,0.5,0.5,0.5,0.5,0.5,0.5,0.5,0.5,0.5,0.5,0.5,0.5,0.5,0.5,0.5,0.5,0.5,0.5,0.5,0.5,0.5,0.5,0.5,0.5,0.5,0.5,0.5,0.5,0.5,0.5,0.5,0.5,0.5,0.5,0.5,0.5,0.5,0.5,0.5,0.5,0.5,0.5,0.5,0.5,0.5,0.5,0.5,0.5,0.5,0.5,0.5,0.5,0.5,0.5,0.5,0.5,0.5,0.5,0.5,0.5,0.5,0.5,0.5,0.5,0.5,0.5,0.5,0.5,0.5,0.5,0.5,0.5,0.5,0.5,0.5,0.5,0.5,0.5,0.5,0.5,0.5,0.5,0.5,0.5,0.5,0.5,0.5,0.5,0.5,0.5,0.5,0.5,0.5,0.5,0.5,0.5,0.5,0.5,0.5,0.5,0.5,0.5,0.5,0.5,0.5,0.5,0.5,0.5,0.5,0.5,0.5,0.5,0.5,0.5,0.5,0.5,0.5,0.5,0.5,0.5,0.5,0.5,0.5,0.5,0.5,0.5,0.5,0.5,0.5,0.5,0.5,0.5,0.5,0.5,0.5,0.5,0.5,0.5,0.5,0.5,0.5,0.5,0.5,0.5,0.5,0.5,0.5,0.5,0.5,0.5,0.5,0.5,0.5,0.5,0.5,0.5,0.5,0.5,0.5,0.5,0.5,0.5,0.5,0.5,0.5,0.5,0.5,0.5,0.5,0.5,0.5,0.5,0.5,0.5,0.5,0.5,0.5,0.5,0.5,0.5,0.5,0.5,0.5,0.5,0.5,0.5,0.5,0.5,0.5,0.5,0.5,0.5,0.5,0.5,0.5,0.5,0.5,0.5,0.5,0.5,0.5,0.5,0.5,0.5,0.5,0.5,0.5,0.5,0.5,0.5,0.5,0.5,0.5,0.5,0.5,0.5,0.5,0.5,0.5,0.5,0.5,0.5,0.5,0.5,0.5,0.5,0.5,0.5,0.5,0.5,0.5,0.5,0.5,0.5,0.5,0.5,0.5,0.5,0.5,0.5,0.5,0.5,0.5,0.5,0.5,0.5,0.5,0.5,0.5,0.5,0.5,0.5,0.5,0.5,0.5,0.5,0.5,0.5,0.5,0.5,0.5,0.5,0.5,0.5,0.5,0.5,0.5,0.5,0.5,0.5,0.5,0.5,0.5,0.5,0.5,0.5,0.5,0.5,0.5,0.5,0.5,0.5,0.5,0.5,0.5,0.5,0.5,0.5,0.5,0.5,0.5,0.5,0.5,0.5,0.5,0.5,0.5,0.5,0.5,0.5,0.5,0.5,0.5,0.5,0.5,0.5,0.5,0.5,0.5,0.5,0.5,0.5,0.5,0.5,0.5,0.5,0.5,0.5,0.5,0.5,0.5,0.5,0.5,0.5,0.5,0.5,0.5,0.5,0.5,0.5,0.5,0.5,0.5,0.5,0.5,0.5,0.5,0.5,0.5,0.5,0.5,0.5,0.5,0.5,0.5,0.5,0.5,0.5,0.5,0.5,0.5,0.5,0.5,0.5,0.5,0.5,0.5,0.5,0.5,0.5,0.5,0.5,0.5,0.5,0.5,0.5,0.5,0.5,0.5,0.5,0.5,0.5,0.5,0.5,0.5,0.5,0.5,0.0]
