WARNING: Method definition require(Symbol) in module Base at loading.jl:345 overwritten in module ConicBenchmarkUtilities at /home/ubuntu/.julia/v0.5/Requires/src/require.jl:12.

******************************************************************************
This program contains Ipopt, a library for large-scale nonlinear optimization.
 Ipopt is released as open source code under the Eclipse Public License (EPL).
         For more information visit http://projects.coin-or.org/Ipopt
******************************************************************************

#SOLVERNAME# SCIP_MISOCP
#SOLVER# ConicNonlinearBridge.ConicNLPWrapper(SCIP.SCIPSolver(("display/verblevel",1,"limits/gap",1.0e-5,"limits/time",3600.0)),false,false,true)
#INSTANCE# classical_50_2.cbf.gz
#TIMELIMIT# 3600.0
#STATUS# Optimal
#OBJVAL# -0.09052879508894328
#OBJBOUND# -0.09052879508894328
#TIMESOLVER# 58.33
#TIMEALL# 69.10874199867249
#SOLUTION# [0.0,0.0,0.0,0.0,0.0,0.0,0.0,0.0,0.0,0.0,0.18212074748240042,0.08293076866272348,0.0,0.0,0.0,0.0,0.0,0.0,0.0,0.0,0.0,0.0,0.0,0.0,0.0,0.09121494303752954,0.0,0.07039732042168735,0.0,0.0,0.0,0.0,0.0,0.0,0.04278427507615179,0.09478008345556618,0.0,0.0,0.0,0.0,0.0,0.0,0.0,0.12298968909350895,0.09270887489332003,0.14308894687208776,0.0,0.0,0.07698435100502468,0.0,0.0,0.0,0.0,0.0,0.0,0.0,0.0,0.0,0.0,0.0,0.0,1.0,1.0,0.0,0.0,0.0,0.0,0.0,0.0,0.0,0.0,0.0,0.0,0.0,0.0,0.0,1.0,0.0,1.0,0.0,0.0,0.0,0.0,0.0,0.0,1.0,1.0,0.0,0.0,0.0,0.0,0.0,0.0,0.0,1.0,1.0,1.0,0.0,0.0,1.0,0.0,0.011053537819479257,0.011263248991186131,0.02030659277733725,0.01325515682541802,0.011137558149555797,0.015209142733627327,0.020260511125537756,0.0048389419309404404,0.01120654374835569,0.019570231262197115,0.05750512348441256,0.05529427382649042,0.01739477463967345,0.019331785085538258,0.013412461191572493,0.008481683578379315,0.01584887367941836,0.01772847335858206,0.020362242536973333,0.02391474675260768,0.010570124729415896,0.006326507469196697,0.015879772014919784,0.014509598922185112,0.009397702306904378,0.03469397208558367,0.03551881843985601,0.07758658591457536,0.021643786302074294,0.01803025607391998,0.010977605816408938,0.017211620409500656,0.013033092643193753,0.021065887789924923,0.040750410998788074,0.04261232170708995,0.009597726237887122,0.019662996130943158,0.02581873267630189,0.01160514145466419,0.0157602885208198,0.009671520437231202,0.027440721024302808,0.03003442334739784,0.06806276856131818,0.048348641588344586,0.019061908164905314,0.018000818602145943,0.056446971321068955,0.020315842268406544,0.2]
