WARNING: Method definition require(Symbol) in module Base at loading.jl:345 overwritten in module ConicBenchmarkUtilities at /home/ubuntu/.julia/v0.5/Requires/src/require.jl:12.

******************************************************************************
This program contains Ipopt, a library for large-scale nonlinear optimization.
 Ipopt is released as open source code under the Eclipse Public License (EPL).
         For more information visit http://projects.coin-or.org/Ipopt
******************************************************************************

#SOLVERNAME# SCIP_MISOCP
#SOLVER# ConicNonlinearBridge.ConicNLPWrapper(SCIP.SCIPSolver(("display/verblevel",1,"limits/gap",1.0e-5,"limits/time",3600.0)),false,false,true)
#INSTANCE# robust_50_1.cbf.gz
#TIMELIMIT# 3600.0
#STATUS# Optimal
#OBJVAL# -0.08569584315530976
#OBJBOUND# -0.08569584315530976
#TIMESOLVER# 3.5
#TIMEALL# 10.06571102142334
#SOLUTION# [0.08569584315530976,0.0,0.0,0.0,0.062065956002396436,1.0,0.10548303561773484,1.0,0.08022345125564492,1.0,0.0,0.0,0.0,0.0,0.0,0.0,0.0,0.0,0.0,0.0,0.0,0.0,0.0,0.0,0.0,0.0,0.0,0.0,0.0,0.0,0.0,0.0,0.12394126518787507,1.0,0.0,0.0,0.007752876347547034,1.0,0.0,0.0,0.0,0.0,0.0,0.0,0.0,0.0,0.0,0.0,0.0,0.0,0.0,0.0,0.0,0.0,0.0,0.0,0.0,0.0,0.1657057914298606,1.0,0.0,0.0,0.0,0.0,0.0,0.0,0.0,0.0,0.13823512692225629,1.0,0.09524979955380346,1.0,0.0,0.0,0.0,0.0,0.0,0.0,0.0,0.0,0.0,0.0,0.014608073949248873,1.0,0.0,0.0,0.0,0.0,0.20673462373363227,1.0,0.0,0.0,0.0,0.0,0.0,0.0,0.0,0.0,0.0,0.0,0.0,0.0,1.0,0.015329206125857548,0.04866224370730441,0.05877169077487964,0.08930250832919616,0.03236551661992853,0.028433466052483054,0.010958204013027375,0.011107979919123453,0.008448774748823626,0.0009793858120053839,0.012804117890086755,-0.0010289847584250707,0.008396818087132845,0.010498265047289379,0.02592992101701606,0.05298192889645053,0.00990138029901755,0.03481039050927912,0.01020936598504338,0.015386133740322043,0.012676058711494983,0.02645624012488149,0.014267058895727875,0.017083158867321004,0.03477868026577575,0.010935873230749566,0.009773444252498419,0.010362859315698646,0.0532566334723663,0.013292514090777315,0.017143518527873044,0.011600319060632809,0.02411220344961673,0.04817687205158039,0.0632838813992547,0.026214718771677914,0.013577532138580903,0.013087809618492551,0.005392046035450596,0.015064599767860322,0.028320879446427832,0.020021801157610198,0.009623543468750493,0.04017717907550668,0.021541353154330173,0.00956312799647664,0.011990090031886884,0.003709318211169716,0.006575855774884837,0.010935823544437307,0.0,0.2,0.003982644577446774,0.012642821776695847,0.01526933317032785,0.023201472250343323,0.008408807879838982,0.007387231175736436,0.002847024916533463,0.0028859378384020013,0.0021950560690015314,0.000254451897992944,0.0033266074097572486,-0.0002673380822706685,0.002181557332322187,0.0027275292679851326,0.006736791095660798,0.013765108909768765,0.0025724540614492615,0.009044004749011679,0.0026524710898821924,0.003997434805543223,0.003293336659206027,0.0068735328110290945,0.003706690632300435,0.004438334866799724,0.009035766186077489,0.002841223209119474,0.0025392153015403674,0.0026923498269729143,0.013836479252146767,0.003453496464824489,0.004454016766618655,0.003013851299551058,0.0062645342185755435,0.012516718521444889,0.016441634682546957,0.006810783722802521,0.003527546325814553,0.0034003126828519407,0.0014008946535200332,0.003913897829039537,0.007357980317440905,0.005201816529603864,0.002500269935506511,0.010438337319534013,0.005596607719063501,0.0024845735353780664,0.003115116768374505,0.000963709140479751,0.0017084574457984843,0.0028412103002379476,0.0,0.051961352064672874]
