WARNING: Method definition require(Symbol) in module Base at loading.jl:345 overwritten in module ConicBenchmarkUtilities at /home/ubuntu/.julia/v0.5/Requires/src/require.jl:12.

******************************************************************************
This program contains Ipopt, a library for large-scale nonlinear optimization.
 Ipopt is released as open source code under the Eclipse Public License (EPL).
         For more information visit http://projects.coin-or.org/Ipopt
******************************************************************************

#SOLVERNAME# SCIP_MISOCPDIS
#SOLVER# ConicNonlinearBridge.ConicNLPWrapper(SCIP.SCIPSolver(("display/verblevel",1,"limits/gap",1.0e-5,"limits/time",3600.0)),false,true,true)
#INSTANCE# 75_0_5_w.cbf.gz
#TIMELIMIT# 3600.0
#STATUS# UserLimit
#OBJVAL# 1.2348540038549032e7
#OBJBOUND# 1.2244870558486588e7
#TIMESOLVER# 3600.0
#TIMEALL# 3629.738797903061
#SOLUTION# [1.0,1.0,1.0,1.0,1.0,1.0,1.0,1.0,1.0,1.0,1.0,1.0,1.0,1.0,1.0,1.0,1.0,1.0,1.0,1.0,1.0,1.0,1.0,1.0,-0.0,-0.0,-0.0,-0.0,-0.0,-0.0,-0.0,-0.0,-0.0,-0.0,1.0,1.0,1.0,1.0,1.0,1.0,1.0,1.0,1.0,1.0,1.0,1.0,1.0,1.0,1.0,1.0,1.0,1.0,1.0,1.0,1.0,1.0,1.0,1.0,1.0,1.0,1.0,1.0,1.0,1.0,1.0,1.0,1.0,1.0,1.0,1.0,1.0,1.0,1.0,1.0,1.0,1.0,1.0,1.0,1.0,1.0,1.0,1.0,1.0,1.0,1.0,1.0,1.0,1.0,1.0,1.0,1.0,1.0,1.0,1.0,1.0,1.0,1.0,1.0,1.0,1.0,1.0,1.0,1.0,1.0,1.0,1.0,1.0,1.0,1.0,1.0,0.0,0.0,0.0,0.0,0.0,0.0,0.0,0.0,0.0,0.0,-0.0,-0.0,-0.0,-0.0,0.0,0.0,1.0,1.0,1.0,1.0,1.0,1.0,1.0,1.0,1.0,1.0,1.0,1.0,1.0,1.0,1.0,1.0,1.0,1.0,-0.0,-0.0,-0.0,-0.0,-0.0,-0.0,-0.0,1.0,1.0,1.0,1.0,1.0,1.0,1.0,1.0,1.0,1.0,1.0,1.0,1.0,1.0,1.0,1.0,1.0,0.0,0.0,0.0,0.0,0.0,1.0,1.0,1.0,1.0,1.0,1.0,1.0,1.0,1.0,1.0,1.0,1.0,1.0,1.0,1.0,1.0,1.0,1.0,1.0,-0.0,0.0,0.0,0.0,0.0,0.0,0.0,0.0,0.0,0.0,0.0,0.0,0.0,0.0,0.0,0.0,0.0,0.0,0.0,0.0,0.0,0.0,0.0,0.0,1.0,1.0,1.0,1.0,1.0,1.0,1.0,1.0,1.0,1.0,1.0,1.0,1.0,1.0,1.0,1.0,1.0,1.0,1.0,1.0,1.0,1.0,1.0,1.0,1.0,1.0,1.0,1.0,1.0,1.0,1.0,1.0,1.0,1.0,0.0,0.0,0.0,0.0,0.0,0.0,0.0,0.0,0.0,0.0,0.0,0.0,0.0,0.0,1.0,1.0,1.0,1.0,1.0,1.0,1.0,1.0,1.0,1.0,1.0,1.0,1.0,1.0,1.0,1.0,1.0,1.0,1.0,1.0,1.0,1.0,1.0,1.0,1.0,1.0,1.0,1.0,1.0,0.0,0.0,0.0,0.0,0.0,0.0,0.0,0.0,0.0,0.0,0.0,0.0,0.0,0.0,0.0,0.0,0.0,0.0,0.0,1.0,1.0,1.0,1.0,0.0,0.0,0.0,0.0,0.0,0.0,0.0,0.0,0.0,0.0,0.0,0.0,0.0,0.0,0.0,0.0,0.0,0.0,0.0,0.0,1.0,1.0,1.0,0.0,0.0,0.0,0.0,0.0,0.0,0.0,0.0,0.0,0.0,0.0,0.0,0.0,0.0,0.0,0.0,0.0,0.0,0.0,0.0,0.0,1.0,1.0,1.0,1.0,0.0,0.0,0.0,0.0,0.0,0.0,0.0,0.0,0.0,0.0,0.0,0.0,0.0,0.0,0.0,0.0,0.0,0.0,0.0,0.0,-0.0,-0.0,-0.0,-0.0,-0.0,0.0,1.0,1.0,1.0,1.0,1.0,1.0,1.0,1.0,1.0,1.0,1.0,1.0,1.0,1.0,1.0,1.0,1.0,1.0,1.0,1.0,1.0,1.0,1.0,1.0,1.0,1.0,1.0,1.0,1.0,1.0,1.0,1.0,1.0,1.0,1.0,1.0,1.0,1.0,1.0,1.0,1.0,1.0,1.0,1.0,1.0,0.0,0.0,0.0,0.0,0.0,0.0,0.0,0.0,0.0,0.0,0.0,0.0,0.0,0.0,0.0,0.0,0.0,0.0,0.0,0.0,0.0,1.0,1.0,1.0,1.0,0.0,0.0,0.0,0.0,0.0,0.0,0.0,0.0,0.0,0.0,0.0,0.0,0.0,0.0,0.0,0.0,0.0,0.0,0.0,0.0,-0.0,0.0,0.0,0.0,0.0,0.0,0.0,0.0,0.0,0.0,0.0,0.0,0.0,0.0,0.0,0.0,0.0,0.0,0.0,0.0,0.0,0.0,0.0,0.0,1.0,1.0,1.0,0.0,0.0,0.0,0.0,0.0,0.0,0.0,0.0,0.0,0.0,0.0,0.0,0.0,0.0,0.0,0.0,0.0,0.0,0.0,0.0,0.0,1.0,1.0,1.0,1.0,1.0,1.0,1.0,1.0,1.0,1.0,1.0,1.0,1.0,1.0,0.0,0.0,0.0,0.0,0.0,0.0,0.0,0.0,0.0,0.0,-0.0,0.0,0.0,0.0,0.0,0.0,1.0,1.0,1.0,1.0,1.0,1.0,1.0,1.0,1.0,1.0,1.0,1.0,1.0,1.0,1.0,1.0,1.0,1.0,1.0,1.0,1.0,1.0,1.0,1.0,1.0,1.0,1.0,1.0,1.0,1.0,1.0,0.0,0.0,0.0,0.0,0.0,0.0,0.0,1.0,1.0,1.0,1.0,1.0,1.0,1.0,0.0,0.0,0.0,0.0,0.0,0.0,0.0,0.0,0.0,0.0,0.0,0.0,0.0,0.0,0.0,0.0,0.0,0.0,0.0,0.0,0.0,1.0,1.0,1.0,1.0,1.0,1.0,1.0,0.0,0.0,0.0,0.0,0.0,0.0,0.0,0.0,0.0,0.0,0.0,0.0,0.0,0.0,0.0,0.0,0.0,-0.0,-0.0,-0.0,-0.0,0.0,0.0,0.0,0.0,1.0,1.0,1.0,1.0,1.0,1.0,1.0,1.0,1.0,0.0,0.0,0.0,0.0,0.0,0.0,0.0,-0.0,-0.0,-0.0,-0.0,-0.0,-0.0,-0.0,1.0,1.0,1.0,1.0,1.0,1.0,1.0,1.0,1.0,1.0,1.0,1.0,1.0,1.0,1.0,0.0,0.0,1.0,1.0,1.0,1.0,0.0,0.0,0.0,0.0,0.0,0.0,0.0,0.0,0.0,0.0,0.0,0.0,0.0,0.0,0.0,0.0,0.0,0.0,0.0,0.0,-0.0,-0.0,-0.0,-0.0,-0.0,-0.0,-0.0,1.0,1.0,1.0,1.0,1.0,1.0,1.0,1.0,1.0,1.0,1.0,1.0,1.0,1.0,1.0,1.0,1.0,-0.0,-0.0,-0.0,-0.0,0.0,0.0,0.0,0.0,0.0,0.0,0.0,0.0,0.0,0.0,0.0,0.0,0.0,0.0,0.0,0.0,0.0,0.0,0.0,0.0,-0.0,-0.0,-0.0,-0.0,0.0,0.0,0.0,1.0,1.0,1.0,1.0,1.0,1.0,1.0,1.0,1.0,1.0,1.0,1.0,1.0,1.0,1.0,1.0,1.0,-0.0,-0.0,-0.0,-0.0,-0.0,-0.0,1.0,1.0,1.0,1.0,1.0,1.0,1.0,1.0,1.0,1.0,1.0,1.0,1.0,1.0,1.0,1.0,0.0,0.0,-0.0,-0.0,-0.0,-0.0,-0.0,-0.0,1.0,1.0,1.0,1.0,1.0,1.0,1.0,1.0,1.0,1.0,1.0,1.0,0.0,0.0,0.0,0.0,0.0,0.0,1.0,1.0,1.0,1.0,1.0,1.0,1.0,1.0,1.0,1.0,1.0,1.0,1.0,1.0,1.0,1.0,1.0,1.0,1.0,1.0,1.0,1.0,1.0,1.0,1.0,1.0,0.0,0.0,0.0,0.0,0.0,0.0,0.0,0.0,0.0,1.0,1.0,1.0,1.0,1.0,1.0,1.0,1.0,1.0,1.0,1.0,1.0,1.0,1.0,0.0,0.0,0.0,0.0,1.0,1.0,1.0,1.0,1.0,1.0,1.0,1.0,1.0,1.0,1.0,1.0,1.0,1.0,1.0,1.0,1.0,1.0,1.0,1.0,0.0,0.0,0.0,0.0,0.0,1.0,1.0,1.0,1.0,1.0,1.0,1.0,1.0,1.0,1.0,1.0,1.0,1.0,1.0,1.0,1.0,1.0,1.0,1.0,0.0,0.0,0.0,0.0,1.0,1.0,1.0,1.0,1.0,1.0,1.0,1.0,1.0,0.0,0.0,0.0,0.0,0.0,0.0,1.0,0.0,0.0,0.0,1.0,0.0,0.0,0.0,0.0,1.0,1.0,1.0,1.0000000000000002,1.0000000000000002,1.0,1.0,1.0,1.0,1.0,1.0,1.0,1.0,1.0,1.0,1.0,1.0,1.0,1.0,1.0,0.0,0.0,0.0,0.0,1.0,1.0,1.0,1.0,1.0,1.0,1.0,1.0,1.0,1.0,1.0,1.0,1.0,1.0,1.0,1.0,1.0,1.0,1.0,1.0,1.0,1.0,1.0,1.0,1.0,1.0,1.0,1.0,1.0,1.0,1.0,1.0,1.0,1.0,1.0,1.0,1.0,1.0,1.0,1.0,1.0,1.0,1.0,1.0,1.0,1.0,1.0,1.0,1.0,1.0,1.0,1.0,1.0,1.0,1.0,1.0,1.0,1.0,1.0,1.0,1.0,1.0,1.0,1.0,1.0,1.0,1.0,1.0,1.0,0.0,0.0,0.0,0.0,1.0,1.0,1.0,1.0,1.0,1.0,1.0,1.0,1.0,1.0,1.0,1.0,1.0,1.0,1.0,1.0,1.0,1.0,1.0,1.0,1.0,1.0,1.0,1.0,1.0,1.0,1.0,1.0,1.0,1.0,1.0,1.0,1.0,1.0,1.0,1.0,1.0,1.0,1.0,1.0,1.0,1.0,1.0,1.0,1.0,1.0,1.0,1.0,1.0,1.0,1.0,1.0,1.0,1.0,1.0,1.0,1.0,1.0,1.0,1.0,1.0,1.0,1.0,1.0,1.0,1.0,1.0,1.0,1.0,1.0,1.0,1.0,1.0,1.0,1.0,1.0,1.0,1.0,1.0,1.0,1.0,1.0,1.0,1.0,1.0,1.0,1.0,1.0,1.0,1.0,1.0,0.0,0.0,0.0,0.0,1.0,1.0,1.0,1.0,1.0,1.0,1.0,1.0,0.0,0.0,1.0,1.0,1.0,1.0,1.0,1.0,1.0,1.0,1.0,1.0,0.0,0.0,0.0,0.0,0.0,0.0,1.0,1.0,1.0,1.0,1.0,1.0,1.0,1.0,1.0,1.0,1.0,1.0,1.0,1.0,1.0,1.0,1.0,1.0,0.0,0.0,0.0,0.0,1.0,1.0,1.0,1.0,1.0,1.0,1.0,1.0,1.0,1.0,1.0,1.0,1.0,1.0,1.0,1.0,1.0,1.0,1.0,1.0,1.0,1.0,1.0,0.0,1.0,1.0,1.0,1.0,1.0,1.0,1.0,1.0,1.0,1.0,1.0,1.0,1.0,1.0,1.0,1.0,1.0,1.0,1.0,1.0,1.0,1.0,1.0,1.0,1.0,1.0,1.0,1.0,1.0,1.0,1.0,1.0,1.0,1.0,1.0,1.0,1.0,1.0,1.0,1.0,1.0,1.0,1.0,1.0,0.0,0.0,0.0,0.0,1.0,1.0,1.0,1.0,1.0,1.0,1.0,1.0,1.0,1.0,1.0,1.0,1.0,1.0,1.0,1.0,1.0,1.0,0.0,1.0,1.0,1.0,0.0,0.0,0.0,0.0,1.0,1.0,1.0,1.0,1.0,1.0,1.0,1.0,1.0,1.0,1.0,1.0,1.0,1.0,1.0,1.0,1.0,1.0,0.0,0.0,0.0,0.0,1.0,1.0,1.0,1.0,1.0,1.0,1.0,1.0,1.0,1.0,1.0,1.0,1.0,1.0,1.0,1.0,1.0,1.0,1.0,1.0,1.0,1.0,1.0,1.0,1.0,1.0,1.0,1.0,1.0,1.0,1.0,1.0,1.0,1.0,1.0,1.0,1.0,1.0,1.0,1.0,1.0,1.0,1.0,1.0,1.0,1.0,1.0,1.0,1.0,1.0,1.0,1.0,1.0,1.0,1.0,1.0,1.0,1.0,1.0,1.0,1.0,1.0,1.0,1.0,1.0,1.0,1.0,1.0,1.0,1.0,1.0,1.0,1.0,1.0,1.0,1.0,1.0,1.0,1.0,1.0,1.0,1.0,1.0,1.0,1.0,1.0,1.0,1.0,1.0,1.0,1.0,1.0,1.0,1.0,1.0,1.0,1.0,1.0,1.0,1.0,1.0,1.0,1.0,1.0,1.0,1.0,1.0,1.0,1.0,1.0,1.0,1.0,1.0,1.0,1.0,1.0,1.0,1.0,0.0,0.0,1.0,1.0,1.0,1.0,1.0,1.0,1.0,1.0,1.0,1.0,1.0,1.0,1.0,1.0,1.0,1.0,1.0,1.0,1.0,1.0,1.0,1.0,1.0,1.0,1.0,1.0,1.0,1.0,1.0,1.0,1.0,1.0,1.0,1.0,1.0,1.0,1.0,1.0,1.0,1.0,1.0,1.0,1.0,1.0,1.0,1.0,0.0,0.0,1.0,1.0,1.0,1.0,1.0,1.0,1.0,1.0,1.0,1.0,1.0,1.0,1.0,1.0,1.0,1.0,1.0,1.0,1.0,1.0,1.0,1.0,1.0,1.0,1.0,1.0,1.0,1.0,1.0,1.0,1.0,1.0,1.0,1.0,1.0,1.0,1.0,1.0,1.0,1.0,1.0,1.0,1.0,1.0,1.0,1.0,1.0,1.0,1.0,1.0,1.0,1.0,1.0,1.0,1.0,1.0,1.0,1.0,1.0,1.0,1.0,1.0,1.0,1.0,1.0,1.0,1.0,1.0,0.0,0.0,0.0,0.0,0.0,0.0,1.0,1.0,1.0,1.0,1.0,1.0,1.0,1.0,1.0,1.0,1.0,1.0,1.0,1.0,1.0,1.0,1.0,1.0,0.0,0.0,0.0,0.0,1.0,1.0,1.0,1.0,1.0,1.0,1.0,1.0,1.0,1.0,1.0,1.0,1.0,1.0,1.0,1.0,1.0,1.0,1.0,1.0,1.0,1.0,1.0,0.0,0.0,1.0,1.0,1.0,1.0,1.0,1.0,1.0,1.0,1.0,1.0,1.0,1.0,1.0,1.0,1.0,1.0,1.0,1.0,1.0,1.0,1.0,1.0,1.0,1.0,1.0,1.0,1.0,1.0,1.0,1.0,1.0,1.0,1.0,1.0,1.0,1.0,1.0,1.0,1.0,1.0,1.0,1.0,1.0,1.0,1.0,1.0,1.0,1.0,1.0,1.0,1.0,1.0,1.0,1.0,1.0,1.0,1.0,1.0,1.0,1.0,1.0,1.0,1.0,1.0,1.0,1.0,1.0,1.0,1.0,1.0,1.0,1.0,1.0,1.0,1.0,1.0,1.0,1.0,1.0,1.0,1.0,1.0,1.0,1.0,1.0,1.0,1.0,1.0,1.0,1.0,1.0,1.0,1.0,1.0,0.0,1.0,1.0,1.0,1.0,1.0,1.0,1.0,1.0,1.0,1.0,1.0,1.0,1.0,1.0,1.0,1.0,1.0,1.0,1.0,1.0,0.0,0.0,0.0,0.0,1.0,1.0,1.0,1.0,1.0,1.0,1.0,1.0,1.0,1.0,1.0,1.0,1.0,1.0,1.0,1.0,1.0,1.0,0.0,1.0,1.0,1.0,1.0,1.0,1.0,1.0,1.0,1.0,1.0,1.0,1.0,1.0,1.0,1.0,1.0,1.0,1.0,1.0,1.0,1.0,1.0,1.0,1.0,1.0,1.0,1.0,0.0,0.0,1.0,1.0,1.0,1.0,1.0,1.0,1.0,1.0,1.0,1.0,1.0,1.0,1.0,1.0,1.0,1.0,1.0,0.0,0.0,1.0,0.0,0.0,0.0,0.0,0.0,0.0,0.0,0.0,0.0,0.0,0.0,0.0,0.0,0.0,0.0,0.0,0.0,0.0,0.0,0.0,0.0,0.0,0.0,0.0,0.0,0.0,0.0,0.0,0.0,0.0,0.0,0.0,0.0,1.0,0.0,0.0,0.0,0.0,0.0,0.0,0.0,0.0,0.0,0.0,0.0,0.0,0.0,0.0,0.0,0.0,0.0,0.0,0.0,0.0,0.0,0.0,0.0,0.0,0.0,0.0,0.0,0.0,0.0,0.0,0.0,0.0,0.0,0.0,0.0,0.0,0.0,1.0,0.0,0.0,0.0,0.0,0.0,0.0,0.0,0.0,0.0,0.0,0.0,0.0,0.0,0.0,0.0,0.0,0.0,0.0,0.0,0.0,0.0,0.0,0.0,0.0,0.0,0.0,0.0,0.0,0.0,0.0,0.0,0.0,0.0,0.0,0.0,0.0,0.0,0.0,0.0,0.0,0.0,0.0,0.0,0.0,0.0,0.0,0.0,0.0,0.0,0.0,0.0,0.0,0.0,1.0,0.0,0.0,0.0,0.0,0.0,0.0,0.0,0.0,0.0,0.0,0.0,0.0,0.0,0.0,0.0,0.0,0.0,0.0,0.0,0.0,0.0,0.0,0.0,0.0,1.0,0.0,0.0,0.0,0.0,0.0,0.0,0.0,0.0,0.0,0.0,0.0,0.0,0.0,0.0,0.0,0.0,0.0,0.0,0.0,0.0,0.0,1.0,0.0,0.0,0.0,0.0,0.0,0.0,0.0,0.0,0.0,0.0,0.0,0.0,0.0,0.0,0.0,0.0,0.0,0.0,0.0,0.0,0.0,0.0,0.0,0.0,0.0,0.0,0.0,0.0,0.0,0.0,0.0,0.0,0.0,0.0,0.0,0.0,0.0,0.0,0.0,0.0,0.0,0.0,0.0,0.0,0.0,0.0,0.0,0.0,0.0,0.0,0.0,0.0,0.0,0.0,0.0,0.0,0.0,0.0,0.0,0.0,0.0,0.0,0.0,0.0,0.0,0.0,0.0,0.0,0.0,0.0,0.0,0.0,0.0,0.0,0.0,0.0,0.0,0.0,0.0,0.0,0.0,0.0,0.0,0.0,0.0,0.0,0.0,0.0,0.0,0.0,0.0,0.0,0.0,0.0,0.0,0.0,0.0,0.0,0.0,0.0,0.0,0.0,0.0,0.0,0.0,0.0,0.0,0.0,0.0,0.0,0.0,0.0,0.0,0.0,0.0,0.0,0.0,0.0,0.0,0.0,0.0,0.0,0.0,0.0,0.0,0.0,0.0,0.0,0.0,0.0,0.0,0.0,0.0,0.0,0.0,0.0,0.0,0.0,0.0,0.0,0.0,0.0,0.0,0.0,0.0,0.0,0.0,0.0,0.0,0.0,0.0,0.0,0.0,0.0,0.0,0.0,0.0,0.0,0.0,0.0,0.0,0.0,0.0,0.0,0.0,0.0,0.0,0.0,0.0,0.0,0.0,0.0,0.0,0.0,0.0,0.0,0.0,0.0,0.0,0.0,0.0,0.0,0.0,0.0,0.0,0.0,0.0,0.0,0.0,0.0,0.0,0.0,0.0,0.0,0.0,0.0,0.0,0.0,0.0,0.0,0.0,0.0,0.0,0.0,0.0,0.0,0.0,0.0,0.0,0.0,0.0,0.0,0.0,0.0,0.0,0.0,1.0,0.0,0.0,0.0,0.0,0.0,0.0,0.0,0.0,0.0,0.0,0.0,0.0,0.0,0.0,0.0,0.0,0.0,0.0,0.0,0.0,0.0,0.0,0.0,0.0,0.0,0.0,0.0,0.0,0.0,0.0,0.0,0.0,0.0,0.0,0.0,0.0,0.0,0.0,0.0,0.0,0.0,0.0,0.0,0.0,0.0,0.0,0.0,0.0,0.0,0.0,0.0,0.0,0.0,0.0,0.0,0.0,0.0,0.0,0.0,0.0,0.0,0.0,0.0,0.0,0.0,0.0,0.0,0.0,0.0,0.0,0.0,0.0,0.0,0.0,0.0,0.0,0.0,0.0,0.0,0.0,0.0,0.0,0.0,0.0,0.0,0.0,0.0,0.0,0.0,0.0,0.0,0.0,0.0,0.0,0.0,0.0,0.0,0.0,0.0,0.0,0.0,0.0,0.0,0.0,0.0,0.0,0.0,0.0,0.0,0.0,0.0,0.0,0.0,0.0,0.0,0.0,0.0,0.0,0.0,0.0,0.0,0.0,0.0,0.0,0.0,0.0,0.0,0.0,0.0,0.0,0.0,0.0,0.0,0.0,0.0,0.0,0.0,0.0,0.0,0.0,0.0,0.0,0.0,0.0,0.0,0.0,0.0,0.0,0.0,0.0,0.0,0.0,0.0,0.0,0.0,0.0,0.0,0.0,0.0,0.0,0.0,0.0,0.0,0.0,0.0,0.0,0.0,1.0,0.0,0.0,0.0,0.0,0.0,0.0,0.0,0.0,0.0,0.0,0.0,0.0,0.0,0.0,0.0,0.0,0.0,0.0,0.0,0.0,0.0,0.0,0.0,0.0,0.0,0.0,0.0,0.0,0.0,0.0,0.0,0.0,0.0,0.0,0.0,0.0,0.0,1.0,0.0,0.0,0.0,0.0,0.0,0.0,0.0,0.0,0.0,0.0,0.0,0.0,0.0,0.0,0.0,0.0,0.0,0.0,0.0,0.0,0.0,0.0,0.0,0.0,0.0,0.0,0.0,1.0,0.0,0.0,0.0,0.0,0.0,0.0,0.0,0.0,0.0,0.0,0.0,0.0,0.0,0.0,0.0,0.0,0.0,0.0,0.0,0.0,0.0,0.0,0.0,0.0,0.0,0.0,0.0,0.0,0.0,0.0,0.0,1.0,0.0,0.0,0.0,0.0,0.0,0.0,0.0,0.0,0.0,0.0,0.0,0.0,0.0,0.0,0.0,0.0,0.0,0.0,0.0,0.0,0.0,0.0,1.0,0.0,0.0,0.0,0.0,0.0,0.0,0.0,0.0,0.0,0.0,0.0,0.0,0.0,0.0,0.0,0.0,0.0,0.0,0.0,0.0,0.0,0.0,0.0,0.0,0.0,0.0,0.0,0.0,0.0,0.0,0.0,0.0,0.0,0.0,0.0,0.0,0.0,0.0,0.0,0.0,0.0,0.0,0.0,0.0,0.0,0.0,0.0,1.0,0.0,0.0,0.0,0.0,0.0,0.0,0.0,0.0,0.0,0.0,0.0,0.0,0.0,0.0,0.0,0.0,0.0,0.0,0.0,0.0,0.0,0.0,0.0,0.0,0.0,0.0,0.0,0.0,0.0,0.0,0.0,0.0,0.0,0.0,0.0,0.0,0.0,0.0,0.0,0.0,0.0,0.0,0.0,0.0,0.0,0.0,0.0,1.0,0.0,0.0,0.0,0.0,0.0,0.0,0.0,0.0,0.0,0.0,0.0,0.0,0.0,0.0,0.0,0.0,0.0,0.0,0.0,0.0,0.0,0.0,1.0,0.0,0.0,0.0,0.0,0.0,0.0,0.0,0.0,0.0,0.0,0.0,0.0,0.0,0.0,0.0,0.0,0.0,0.0,0.0,0.0,0.0,0.0,0.0,1.0,0.0,0.0,0.0,0.0,0.0,0.0,0.0,0.0,0.0,0.0,0.0,0.0,0.0,0.0,0.0,0.0,0.0,0.0,0.0,0.0,0.0,0.0,0.0,0.0,0.0,0.0,0.0,0.0,0.0,0.0,0.0,0.0,0.0,0.0,0.0,0.0,0.0,0.0,0.0,0.0,0.0,0.0,0.0,0.0,0.0,0.0,0.0,0.0,0.0,0.0,0.0,0.0,1.0,0.0,0.0,0.0,0.0,0.0,0.0,0.0,0.0,0.0,0.0,0.0,0.0,1.0,0.0,0.0,0.0,0.0,1.0,0.0,0.0,0.0,0.0,0.0,0.0,0.0,0.0,0.0,0.0,0.0,0.0,0.0,0.0,0.0,0.0,0.0,0.0,1.0,0.0,0.0,0.0,0.0,0.0,1.0,0.0,0.0,0.0,0.0,0.0,0.0,0.0,0.0,0.0,0.0,0.0,0.0,0.0,0.0,0.0,0.0,0.0,1.0,0.0,0.0,0.0,0.0,1.0,0.0,0.0,0.0,0.0,0.0,0.0,0.0,0.0,0.0,0.0,0.0,0.0,0.0,0.0,1.0,0.0,0.0,0.0,1.0,0.0,0.0,0.0,0.0,1.0,0.0,0.0,0.0,0.0,0.0,0.0,0.0,0.0,0.0,0.0,0.0,0.0,0.0,0.0,0.0,0.0,0.0,0.0,1.0,0.0,0.0,0.0,0.0,1.0000000000000124,0.0,0.0,0.0,0.0,0.0,0.0,0.0,0.0,0.0,0.0,0.0,0.0,0.0,0.0,0.0,0.0,0.0,0.0,0.0,0.0,0.0,0.0,0.0,0.0,0.0,0.0,0.0,0.0,0.0,0.0,0.0,0.0,0.0,0.0,0.0,0.0,0.0,0.0,0.0,0.0,0.0,0.0,0.0,0.0,0.0,0.0,0.0,0.0,0.0,0.0,0.0,0.0,0.0,0.0,0.0,0.0,0.0,0.0,0.0,0.0,0.0,0.0,0.0,0.0,0.0,0.0,0.0,0.0,0.0,0.0,0.0,0.0,1.0,0.0,0.0,0.0,0.0,0.0,0.0,0.0,0.0,0.0,0.0,0.0,0.0,0.0,0.0,0.0,0.0,0.0,1.0,0.0,0.0,0.0,0.0,0.0,0.0,0.0,0.0,0.0,0.0,0.0,0.0,0.0,0.0,0.0,0.0,0.0,0.0,0.0,0.0,0.0,0.0,0.0,0.0,0.0,0.0,0.0,0.0,0.0,0.0,0.0,0.0,0.0,0.0,0.0,0.0,0.0,0.0,0.0,0.0,0.0,0.0,0.0,0.0,0.0,0.0,0.0,1.0,0.0,0.0,0.0,0.0,0.0,0.0,0.0,0.0,0.0,0.0,0.0,0.0,0.0,0.0,0.0,0.0,0.0,0.0,0.0,0.0,0.0,0.0,0.0,1.0,0.0,0.0,0.0,0.0,1.0,0.0,0.0,0.0,0.0,0.0,0.0,0.0,0.0,0.0,1.0,0.0,0.0,0.0,0.0,0.0,0.0,0.0,0.0,1.0,0.0,0.0,0.0,0.0,0.0,0.0,1.0,0.0,0.0,0.0,0.0,0.0,0.0,0.0,0.0,0.0,0.0,0.0,0.0,0.0,0.0,0.0,0.0,1.0,0.0,0.0,0.0,0.0,1.0000000000000002,0.0,0.0,0.0,0.0,0.0,0.0,0.0,0.0,0.0,0.0,0.0,0.0,0.0,0.0,0.0,0.0,0.0,0.0,0.0,0.0,0.0,0.0,0.0,1.0,0.0,0.0,0.0,0.0,0.0,0.0,0.0,0.0,0.0,0.0,0.0,0.0,0.0,0.0,0.0,0.0,0.0,0.0,1.0,0.0,0.0,0.0,0.0,0.0,0.0,0.0,0.0,0.0,0.0,0.0,0.0,0.0,0.0,0.0,0.0,0.0,0.0,0.0,0.0,0.0,0.0,0.0,1.0,0.0,0.0,0.0,0.0,0.9999999999999998,0.0,0.0,0.0,0.0,0.0,0.0,0.0,0.0,0.0,0.0,0.0,0.0,0.0,0.0,0.0,0.0,0.0,0.0,0.0,0.0,0.0,0.0,0.0,0.0,0.0,1.0,0.0,0.0,0.0,0.0,0.0,0.0,0.0,0.0,0.0,0.0,0.0,0.0,0.0,0.0,0.0,0.0,1.0,0.0,0.0,0.0,0.0,1.0,0.0,0.0,0.0,0.0,0.0,0.0,0.0,0.0,0.0,0.0,0.0,0.0,0.0,0.0,0.0,0.0,0.0,0.0,0.0,0.0,0.0,0.0,0.0,0.0,0.0,0.0,0.0,0.0,0.0,0.0,0.0,0.0,0.0,0.0,0.0,0.0,0.0,0.0,0.0,0.0,0.0,0.0,0.0,0.0,0.0,0.0,0.0,0.0,0.0,0.0,0.0,0.0,0.0,0.0,0.0,0.0,0.0,0.0,0.0,0.0,0.0,0.0,0.0,0.0,0.0,0.0,1.0,0.0,0.0,0.0,0.0,0.0,0.0,0.0,0.0,0.0,0.0,0.0,0.0,0.0,0.0,0.0,0.0,0.0,0.0,0.0,0.0,0.0,0.0,0.0,1.0,0.0,0.0,0.0,0.0,0.0,0.0,0.0,0.0,0.0,0.0,0.0,0.0,0.0,0.0,0.0,0.0,0.0,0.0,0.0,0.0,0.0,0.0,0.0,0.0,0.0,0.0,0.0,0.0,1.0,0.0,0.0,0.0,0.0,0.0,0.0,0.0,0.0,0.0,0.0,0.0,0.0,0.0,0.0,0.0,0.0,0.0,0.0,1.0,0.0,0.0,0.0,0.0,0.0,0.0,0.0,0.0,0.0,0.0,0.0,0.0,0.0,0.0,0.0,0.0,0.0,0.0,0.0,0.0,0.0,0.0,0.0,0.0,0.0,0.0,0.0,0.0,1.0,0.0,0.0,0.0,0.0,0.0,0.0,0.0,0.0,0.0,0.0,0.0,0.0,0.0,0.0,0.0,0.0,0.0,0.0,1.0,0.0,0.0,0.0,0.0,0.0,0.0,0.0,0.0,0.0,0.0,0.0,0.0,0.0,0.0,0.0,0.0,0.0,0.0,0.0,0.0,0.0,0.0,0.0,0.0,0.0,0.0,0.0,0.0,0.0,0.0,0.0,0.0,0.0,0.0,0.0,0.0,0.0,0.0,0.0,0.0,0.0,0.0,0.0,0.0,0.0,0.0,0.0,1.0,0.0,0.0,0.0,0.0,0.0,0.0,1.0,0.0,0.0,0.0,0.0,0.0,0.0,0.0,0.0,0.0,0.0,0.0,0.0,0.0,0.0,0.0,0.0,1.0,0.0,0.0,0.0,0.0,1.0000000000000044,0.0,0.0,0.0,0.0,0.0,0.0,0.0,0.0,0.0,0.0,0.0,0.0,0.0,0.0,0.0,0.0,0.0,0.0,0.0,0.0,0.0,0.0,0.0,0.0,1.0,0.0,0.0,0.0,0.0,0.0,0.0,0.0,0.0,0.0,0.0,0.0,0.0,0.0,0.0,0.0,0.0,0.0,1.0,0.0,0.0,0.0,0.0,0.0,0.0,0.0,0.0,0.0,0.0,0.0,0.0,0.0,0.0,0.0,0.0,0.0,0.0,0.0,0.0,0.0,0.0,0.0,1.0,0.0,0.0,0.0,0.0,0.0,0.0,0.0,0.0,0.0,0.0,0.0,0.0,0.0,0.0,0.0,0.0,0.0,0.0,0.0,0.0,0.0,0.0,0.0,1.0,0.0,0.0,0.0,0.0,0.0,0.0,0.0,0.0,0.0,0.0,0.0,0.0,0.0,0.0,0.0,0.0,0.0,0.0,0.0,0.0,0.0,0.0,0.0,0.0,0.0,0.0,0.0,0.0,1.0,0.0,0.0,0.0,0.0,0.0,0.0,0.0,0.0,0.0,0.0,0.0,0.0,0.0,0.0,0.0,0.0,0.0,0.0,1.0,0.0,0.0,0.0,0.0,1.0,0.0,0.0,0.0,0.0,0.0,0.0,0.0,0.0,0.0,0.0,0.0,0.0,0.0,0.0,0.0,0.0,0.0,0.0,0.0,0.0,0.0,0.0,0.0,0.0,0.0,0.0,0.0,0.0,0.0,0.0,0.0,0.0,0.0,0.0,0.0,0.0,0.0,0.0,0.0,0.0,0.0,0.0,0.0,0.0,0.0,0.0,0.0,1.0,0.0,0.0,0.0,0.0,0.0,0.0,0.0,0.0,0.0,0.0,0.0,0.0,0.0,0.0,0.0,0.0,0.0,0.0,0.0,0.3496318416289594,0.0,0.3496318416289594,0.6992636832579188,0.5805902456287874,0.8908925177870585,1.0,1.0,1.0,1.0,1.0,1.0,0.6503681583710406,1.0,1.0,1.0,1.0,0.7867114586952701,0.9982218264808108,1.0,0.8249817943363219,0.4098716857390368,0.0,0.0,0.0,0.0,0.0,0.0,0.0,0.0,0.0,0.0,0.0,0.0,0.4450994803921569,0.8901989607843138,1.0,1.0,1.0,1.0,1.0,1.0,1.0,1.0,1.0,0.9918342999681521,0.5936913636936423,0.8841120704845816,1.0,1.0,1.0,1.0,1.0,1.0,1.0,1.0,1.0,1.0,1.0,1.0,1.0,1.0,1.0,1.0,1.0,1.0,1.0,1.0,1.0,1.0,1.0,0.0,0.34731284146341473,0.0004924512195123252,0.34780529268292704,0.6951181341463418,0.5506843387453059,0.6272971785353927,0.8848470831792947,1.0,1.0,1.0,1.0,1.0,0.6531796097560976,1.0,1.0,1.0,0.9683192731154381,0.6214988828715357,0.6539417727775892,1.0,0.6936407804878049,0.34682039024390243,0.0,0.6358014937238493,0.3630627196652719,0.0,0.32767471662198794,0.7952379341952097,0.4321752145299378,0.3791359444772231,0.7867038753661366,1.0,1.0,1.0,0.7261254393305441,0.36306271966527187,0.0,0.0,0.0,0.0,0.0,0.0,0.0,0.0,0.0,0.0,0.0,0.0,0.0,0.0,0.0,0.0,0.0,0.0,0.4074336652542371,0.8148673305084747,1.0,1.0,1.0,1.0,1.0,1.0,1.0,1.0,1.0,1.0,1.0,1.0,1.0,1.0,1.0,0.0,0.0,0.0,0.0,0.0,0.0,0.0,0.0,0.4857103084577114,0.9714206169154228,1.0,1.0,1.0,1.0,1.0,1.0,1.0,1.0,1.0,1.0,1.0,1.0,1.0,1.0,0.0,0.0,0.0,0.0,0.0,0.0,0.45662531578947374,0.9132506315789475,1.0,1.0,1.0,1.0000000000000002,1.0,1.0,1.0,1.0,1.0,1.0,1.0,1.0,1.0,1.0,0.8754773162289605,0.4908411478079079,0.0,0.0,0.0,0.0,0.0,0.0,0.0,0.0,0.0,0.0,0.0,0.0,0.0,0.0,0.0,0.0,0.0,0.0,0.0,0.0,0.0,0.0,0.0,0.0,0.9146420829493087,1.0,1.0,1.0,1.0,1.0,1.0,1.0,1.0,1.0,1.0,1.0,1.0,1.0,1.0,1.0,1.0,1.0,1.0,1.0,1.0,1.0,1.0,1.0,0.7587861373390558,1.0,0.662540321888412,0.8930281554012323,1.0,1.0,1.0,0.674919356223176,0.33745967811158795,0.0,0.0,0.0,0.0,0.0,0.0,0.0,0.0,0.0,0.0,0.0,0.0,0.0,0.0,0.0,0.7371494545454544,0.9107751346685851,0.5035071119413123,0.7212471762654771,1.0,0.9011727220087635,0.9531252795723588,1.0,1.0,1.0,1.0,1.0,1.0,0.8770503004266686,1.0,1.0,0.9999999999999999,1.0,0.9358145066364729,0.9712522569912178,1.0,1.0,0.6640450300031157,0.2567770072758429,0.9783350869565217,0.5292660782608696,0.08019706956521738,0.0,0.0,0.0,0.0,0.0,0.0,0.0,0.0,0.0,0.0,0.0,0.0,0.0,0.0,0.0,0.0,0.0,0.0,0.0,0.0,0.0,0.97549778048781,0.5471909349593547,0.11888408943089934,0.0,0.0,0.0,0.0,0.0,0.0,0.0,0.0,0.0,0.0,0.0,0.0,0.0,0.0,0.0,0.0,0.0,0.0,0.0,0.0,0.0,0.8875488266666668,0.48319406,0.0,0.0,0.0,0.0,0.0,0.0,0.0,0.0,0.0,0.0,0.0,0.0,0.0,0.0,0.0,0.0,0.0,0.0,0.0,0.0,0.0,0.0,1.0,0.641310476635514,0.28262095327102804,0.0,0.0,0.0,0.0,0.0,0.0,0.0,0.0,0.0,0.0,0.0,0.0,0.0,0.0,0.0,0.0,0.0,0.0,0.0,0.0,0.0,0.0,0.0,0.0,0.0,0.0,0.0,0.0,0.4972310955882353,0.9944621911764706,1.0,1.0,1.0,1.0,1.0,1.0,1.0,1.0,1.0,1.0,1.0,1.0,1.0,1.0,1.0,0.7373727328767122,1.0,0.6194288630136987,1.0,1.0,1.0,1.0,1.0,1.0,1.0,1.0,1.0,1.0,1.0,1.0,1.0,1.0,1.0,1.0,1.0,1.0,1.0,1.0,1.0,0.6559914601769912,0.4353259380530973,0.0,0.0,0.0,0.0,0.0,0.0,0.0,0.0,0.0,0.0,0.0,0.0,0.0,0.0,0.0,0.0,0.0,0.0,0.0,0.0,0.0,0.0,1.0,0.6454464594594594,0.2908929189189189,0.0,0.0,0.0,0.0,0.0,0.0,0.0,0.0,0.0,0.0,0.0,0.0,0.0,0.0,0.0,0.0,0.0,0.0,0.0,0.0,0.0,0.0,0.0,0.0,0.0,0.0,0.0,0.0,0.0,0.0,0.0,0.0,0.0,0.0,0.0,0.0,0.0,0.0,0.0,0.0,0.0,0.0,0.0,0.0,0.0,0.6030997194244605,0.4584772302158272,0.0,0.0,0.0,0.0,0.0,0.0,0.0,0.0,0.0,0.0,0.0,0.0,0.0,0.0,0.0,0.0,0.0,0.0,0.0,0.0,0.0,0.0,0.8497957265625,1.0,0.8906716201823731,1.0,1.0,1.0,1.0,1.0,1.0,1.0,1.0,0.951685890625,0.4758429453125,0.0,0.0,0.0,0.0,0.0,0.0,0.0,0.0,0.0,0.0,0.0,0.0,0.0,0.0,0.0,0.0,0.0,0.0,0.4118815275590551,0.8237630551181102,1.0,1.0,1.0,1.0,1.0,1.0,1.0,1.0,1.0,1.0,1.0,1.0,1.0,1.0,0.9700533230903268,0.6869995789473684,0.4945527434210526,0.0,0.15824006399569338,0.631927662679904,0.22448762175043724,0.27754695008801133,0.5263124013157894,1.0,0.9896998801866197,0.7541904455411022,0.4945527434210526,0.0,0.0,0.0,0.0,0.0,0.0,0.0,0.0,0.0,0.4211100689103109,0.04103685557010333,0.0,0.8760548968253966,0.4553649285714286,0.0,0.0,0.0,0.0,0.0,0.0,0.0,0.0,0.0,0.0,0.0,0.0,0.0,0.0,0.0,0.0,0.0,0.0,0.0,0.0,0.0,0.0,0.0,0.22853701204307897,0.0,0.0,0.0,0.0,0.0,0.0,0.0,0.0,0.0,0.0,0.0,0.0,0.0,0.0,0.0,0.0,0.0,0.0,0.0,0.0,0.0,0.0,0.0,0.0,0.0,0.0,0.0,0.0,0.0,0.0,0.0,0.44251609016393445,0.6726908537502579,1.0,1.0,0.567238393442623,0.8566434129406637,0.4327616065573771,0.0,0.0,0.0,0.0,0.0,0.0,0.0,0.0,0.0,0.0,0.0,0.0,0.0,0.0,0.0,0.0,0.46954535507246375,0.9390907101449275,1.0,1.0,1.0,0.6062415570410367,1.0,1.0,1.0,0.9427496839069242,0.6675911656956217,0.7045219497045212,0.46178942753623187,0.0,0.0,0.0,0.9351771287878787,0.580175803030303,0.22517447727272727,0.0,0.0,0.0,0.0,0.0,0.0,0.0,0.0,0.0,0.0,0.0,0.0,0.0,0.0,0.0,0.0,0.0,0.0,0.0,0.0,0.0,0.0,0.0,0.0,0.0,0.0,0.0,0.0,0.0,0.46203525185185196,0.9240705037037039,1.0,1.0,1.0,1.0,1.0,1.0,1.0,1.0,1.0,1.0,1.0,1.0,1.0,1.0,0.0,0.0,0.0,0.0,0.0,0.0,0.0,0.0,0.0,0.0,0.0,0.0,0.0,0.0,0.0,0.0,0.0,0.0,0.0,0.0,0.0,0.0,0.0,0.0,0.0,0.0,0.0,0.0,0.0,0.0,0.0,0.0,0.4856261049382715,0.971252209876543,1.0,1.0,1.0,0.8403390498534076,1.0,1.0,1.0,1.0,0.8962061564814323,0.9304056913285106,1.0,1.0,0.6775715463114733,0.2035374969287574,0.0,0.0,0.0,0.0,0.0,0.0,0.0,0.471081609375,0.94216321875,1.0,1.0,1.0,1.0,1.0,1.0,1.0,1.0,1.0,1.0,0.8227755156250001,0.41138775781250003,0.0,0.0,0.0,0.0,0.0,0.0,0.0,0.0,0.0,0.0,0.3946867152777777,0.7893734305555554,1.0,1.0,1.0,1.0,0.6053132847222222,1.0,0.9893027361111111,0.49465136805555554,0.0,0.0,0.0,0.0,0.0,0.0,0.0,0.7945173284671533,1.0,0.557968299270073,1.0,1.0,1.0,1.0,1.0,1.0,1.0,1.0,1.0,1.0,1.0,1.0,1.0,1.0,1.0,1.0,1.0,1.0,1.0,1.0,0.8727607595576347,0.4114347559055118,0.0,0.0,0.0,0.0,0.0,0.0,0.0,0.0,0.0,0.0,0.0,0.16919311811023863,0.0,0.12394074015747614,0.5486740708661375,0.9716289763779465,0.5601942204724347,0.14875946456692335,0.5596287007874005,0.9843620314960618,0.57292727559055,0.1614925196850382,0.0,0.0,0.0,0.0,0.0,0.0,0.0,0.34634501351351304,0.6926900270270265,0.9999999999999998,1.0,1.0,1.0,1.0,1.0,1.0,1.0,1.0,1.0,1.0,1.0,1.0,1.0,0.9804073578590758,0.8792760470487943,0.0,0.0,0.0,0.0,0.0,0.0,0.0,0.46740645054945057,0.9348129010989011,1.0,1.0,1.0,1.0,0.903577075830235,1.0,1.0,1.0,0.9869492444592008,0.9189218172548752,0.9279019166469157,1.0,0.9597151142083215,0.863218502336739,0.7279012253743788,0.0,0.0,0.0,0.0,0.0,0.0,0.3582896483516483,0.6188281538461493,0.9771178021977976,0.570763486673484,0.5346842319131547,0.8023185714285663,0.4583918901098901,0.0,0.0,0.0,0.0,0.0,0.0,0.0,0.0,0.0,0.0,0.0,0.0,0.0,0.0,0.0,0.0,0.0,0.361161704225352,0.7223234084507041,1.0,1.0000000000000002,1.0,1.0,1.0,1.0,1.0,1.0,1.0,1.0,1.0,1.0,1.0,1.0,1.0,1.0,0.0,0.0,0.0,0.0,0.0,0.0,0.336835057142853,0.6736701142857102,1.0,1.0,1.0,1.0,1.0,1.0,1.0,1.0,1.0,1.0,1.0,1.0,1.0,1.0,1.0,1.0,0.5778375138888887,1.0,1.0,1.0,1.0,1.0,1.0,1.0,1.0,1.0,1.0,1.0,1.0,1.0,1.0,1.0,1.0,1.0,1.0,1.0,1.0,1.0,1.0,1.0,1.0,1.0,1.0,1.0,1.0,1.0,1.0,1.0,1.0,1.0,1.0,1.0,1.0,1.0,1.0,1.0,1.0,1.0,1.0,1.0,1.0,1.0,1.0,1.0,0.3538884615384616,0.0,0.0,0.0,0.0,0.0,0.0,0.47533078461538464,0.9506615692307693,1.0,1.0,1.0,1.0,1.0,1.0,1.0,1.0,1.0,1.0,1.0,1.0,1.0,1.0,1.0,0.0,0.4721511315789474,0.9443022631578948,1.0,1.0,1.0,1.0,1.0,1.0,1.0,1.0,1.0,1.0,1.0,1.0,1.0,1.0,1.0,1.0,1.0,1.0,1.0,1.0,1.0,0.5893741935483872,1.0,1.0,1.0,1.0,1.0,1.0,1.0,1.0,1.0,1.0,1.0,1.0,1.0,1.0,1.0,1.0,1.0,1.0,1.0,1.0,1.0,1.0,1.0,0.0,0.45928842253521124,0.9185768450704223,1.0,1.0,1.0,1.0,1.0,1.0,1.0,1.0,1.0,1.0,1.0,1.0,1.0,1.0,1.0,1.0,1.0,1.0,1.0,1.0,1.0,0.0,0.0,0.0,0.0,0.0,0.0,0.44173665277777435,0.5582633472222223,1.0,0.6633047361111111,0.5471089761496711,0.33669526388888865,0.0,0.0,0.0,0.0,0.4417366527777777,0.5063910274259137,0.45784588397556086,0.5582633472222223,1.0,0.6633047361111111,0.4186559049906319,0.3230864238095965,0.0,0.0,0.0,0.0,0.0,0.0,0.0,0.0,0.3656389411764705,0.7312778823529409,1.0,1.0,1.0,0.9826185791267191,1.0,1.0,1.0,1.0,0.9928396514472791,0.9987115950380226,1.0,1.0,0.9556706321437801,0.8652549491811325,0.0,0.0,0.0,0.0,0.0,0.0,0.34466258333333316,0.6893251666666664,1.0,1.0,1.0,1.0,1.0,1.0,1.0,1.0,1.0,1.0,1.0,1.0,1.0,1.0,1.0,1.0,0.9878831710526316,0.8761505000000002,0.43807525,0.0,0.0,0.0,0.42063956578947365,0.8412791315789473,1.0,1.0,1.0,1.0,1.0,1.0,1.0,1.0,1.0,1.0,1.0,1.0,1.0,1.0,1.0,0.9094990085176013,0.0,0.3413048356164383,0.6826096712328764,1.0,1.0,1.0,1.0,1.0,1.0,1.0,1.0,1.0,1.0,1.0,1.0,1.0,1.0,1.0,1.0,1.0,1.0,1.0,1.0,1.0,0.0,0.0,0.0,0.0,0.0,0.0,0.3386111538461538,0.6772223076923075,0.9999999999999999,1.0,1.0,1.0,1.0,1.0,1.0,1.0,1.0,1.0,1.0,1.0,0.937871846153846,0.46893592307692306,0.0,0.0,0.8231501818181818,0.4241663333333333,0.0,0.0,0.0,0.0,0.0,0.0,0.44691672727273773,0.8938334545454545,1.0,1.0,1.0,0.8932674952601642,1.0,1.0,1.0,0.9827046403726942,0.9096406089612625,0.9194193451771363,1.0,0.953634010357063,0.8502883391523666,0.7054641474147292,0.0,0.0,0.0,0.0,0.0,0.0,0.49826152777777777,0.9965230555555555,1.0,1.0,1.0,1.0,1.0,1.0,1.0,1.0,1.0,1.0,1.0,1.0,1.0,1.0,1.0,1.0,1.0,1.0,1.0,1.0,1.0,1.0,1.0,1.0,1.0,1.0,1.0,1.0,1.0,1.0,1.0,1.0,1.0,1.0,1.0,1.0,1.0,1.0,1.0,1.0,1.0,1.0,1.0,1.0,1.0,1.0,1.0,1.0,1.0,1.0,1.0,1.0,1.0,1.0,1.0,1.0,1.0,1.0,1.0,1.0,1.0,1.0,1.0,1.0,0.0,0.4210971857142858,0.8421943714285716,1.0,1.0,1.0,1.0,1.0,1.0,1.0,1.0,1.0,1.0,1.0,1.0,1.0,1.0,1.0,1.0,1.0,1.0,1.0,1.0,1.0,0.0,0.4630909462365591,0.9261818924731184,1.0,1.0,1.0,1.0,1.0,1.0,1.0,1.0,1.0,1.0,1.0,1.0,1.0,1.0,1.0,1.0,1.0,1.0,1.0,1.0,1.0,0.8580718666666667,0.42903593333333345,0.0,0.0,0.0,0.0,0.3584972666666667,0.7169945333333334,1.0,1.0,1.0,1.0,1.0,1.0,1.0,1.0,1.0,1.0,1.0,1.0,1.0,1.0,1.0,1.0,0.0,0.45068644565217403,0.8225765542344344,0.9700038153598742,1.0,0.9979763452613514,1.0,1.0,1.0,1.0,1.0,1.0,1.0,0.994305487179486,1.0,1.0,1.0,1.0,1.0,1.0,1.0,1.0,0.9700038153598742,0.8903343378070068,0.6606580875000001,0.4069631375000001,0.0,0.0,0.0,0.0,0.4320514124999999,0.8641028249999998,1.0,1.0,1.0,1.0,1.0,0.928026500882526,1.0,1.0,1.0,1.0,0.9434914461797279,0.9531252795724752,1.0,0.9855318170402451,0.8864319736769237,0.7481841599583638,0.0,0.3776961954022987,0.7553923908045975,1.0,1.0,1.0,1.0,1.0,1.0,1.0,1.0,1.0,1.0,1.0,1.0,1.0,1.0,1.0,1.0,1.0,1.0,1.0,1.0,1.0,1.0,1.0,1.0,1.0,1.0,1.0,1.0,1.0,1.0,1.0,1.0,1.0,1.0,1.0,1.0,1.0,1.0,1.0,1.0,1.0,1.0,1.0,1.0,1.0,0.0,0.0,0.0,0.0,0.0,0.0,0.0,0.0,0.4686200547945204,0.825984190109893,0.7831430451067899,1.0,1.0,0.6825864673059806,0.8084721185241576,1.0,1.0,0.7419651494592153,0.6935823305701614,0.7000007193336211,1.0,0.7229331151716362,0.6540143193043827,0.557874725913848,0.0,0.0,0.0,0.0,0.0,0.0,0.3729951445783116,0.6294801364504546,0.9999999999999977,0.7510470005581207,0.697383366753633,1.0000000000000142,1.0,0.5717977903226453,0.729328144204527,1.0,1.0,0.6460391450466807,0.585504323847521,0.6270048554216867,1.0,0.6219474955425639,0.5355096426333387,0.41470210962990495,0.9360006883116884,0.7536034285714286,0.3768017142857143,0.0,0.0,0.0,0.0,0.47176907792207806,0.943538155844156,1.0,1.0,1.0,1.0,1.0,1.0,1.0,1.0,1.0,1.0,1.0,1.0,1.0,1.0,1.0,0.0,0.4749341129032258,0.9498682258064515,1.0,1.0,1.0,1.0,1.0,1.0,1.0,1.0,1.0,1.0,1.0,1.0,1.0,1.0,1.0,1.0,1.0,1.0,1.0,1.0,1.0,0.0,0.3769385128205129,0.7538770256410258,1.0,1.0,1.0,1.0,1.0,1.0,1.0,1.0,1.0,1.0,1.0,1.0,1.0,1.0,1.0,1.0,1.0,1.0,1.0,1.0,1.0,0.0,0.49845053030303027,0.9969010606060602,1.0,1.0,1.0,1.0,1.0,1.0,1.0,1.0,1.0,1.0,1.0,1.0,1.0,1.0,1.0,1.0,1.0,1.0,1.0,1.0,1.0,0.9690903571428571,0.6724032499999999,0.33620162499999995,0.0,0.0,0.0,0.3978274107142857,0.7956548214285715,1.0,1.0,1.0,1.0,1.0,1.0,1.0,1.0,1.0,1.0,1.0,1.0,1.0,1.0,1.0,1.0,0.0,0.0,0.0,0.0,0.0,0.0,0.34811389655172414,0.6962277931034484,1.0,1.0,1.0,1.0,1.0,1.0,1.0,1.0,1.0,1.0,1.0,1.0,0.9929842068965518,0.4964921034482759,0.0,0.0,0.4827911518987341,0.8329040506329117,1.0,1.0,1.0,1.0,1.0,1.0,1.0,1.0,1.0,1.0,1.0,1.0,1.0,1.0,1.0,1.0,1.0,1.0,1.0,1.0,1.0,1.0,0.8666162333333333,0.43330811666666663,0.0,0.0,0.0,0.0,0.46619783333333326,0.9323956666666665,0.9999999999999999,1.0,1.0,1.0,1.0,0.9139553090582371,1.0,1.0,1.0,1.0,0.9304056913282818,0.8666162333333335,0.43330811666666663,0.0,0.0,0.0,1.0,1.0,1.0,1.0,1.0,1.0,1.0,1.0,1.0,1.0,1.0,1.0,1.0,1.0,1.0,1.0,1.0,1.0,1.0,1.0,1.0,1.0,1.0,1.0,0.0,0.0,0.0,0.0,0.0,0.0,0.0,0.0,0.0,0.0,1.0,1.0,1.0,1.0,1.0,1.0,1.0,1.0,1.0,1.0,1.0,1.0,1.0,1.0,1.0,1.0,1.0,1.0,1.0,1.0,1.0,1.0,1.0,1.0,1.0,1.0,1.0,1.0,1.0,1.0,1.0,1.0,1.0,1.0,1.0,1.0,1.0,1.0,1.0,1.0,1.0,1.0,1.0,1.0,1.0,1.0,1.0,1.0,1.0,1.0,1.0,1.0,1.0,1.0,1.0,1.0,1.0,1.0,1.0,1.0,1.0,1.0,1.0,1.0,1.0,1.0,1.0,1.0,1.0,1.0,1.0,1.0,1.0,1.0,1.0,1.0,0.0,0.0,0.0,0.0,0.0,0.0,0.0,0.0,0.0,0.0,0.0,0.0,0.0,0.0,0.0,0.0,1.0,1.0,1.0,1.0,1.0,1.0,1.0,1.0,1.0,1.0,1.0,1.0,1.0,1.0,1.0,1.0,1.0,1.0,0.0,0.0,0.0,0.0,0.0,0.0,0.0,1.0,1.0,1.0,1.0,1.0,1.0,1.0,1.0,1.0,1.0,1.0,1.0,1.0,1.0,1.0,1.0,1.0,0.0,0.0,0.0,0.0,0.0,1.0,1.0,1.0,1.0,1.0,1.0,1.0,1.0,1.0,1.0,1.0,1.0,1.0,1.0,1.0,1.0,1.0,1.0,1.0,0.0,0.0,0.0,0.0,0.0,0.0,0.0,0.0,0.0,0.0,0.0,0.0,0.0,0.0,0.0,0.0,0.0,0.0,0.0,0.0,0.0,0.0,0.0,0.0,1.0,1.0,1.0,1.0,1.0,1.0,1.0,1.0,1.0,1.0,1.0,1.0,1.0,1.0,1.0,1.0,1.0,1.0,1.0,1.0,1.0,1.0,1.0,1.0,1.0,1.0,1.0,1.0,1.0,1.0,1.0,1.0,1.0,1.0,0.0,0.0,0.0,0.0,0.0,0.0,0.0,0.0,0.0,0.0,0.0,0.0,0.0,0.0,1.0,1.0,1.0,1.0,1.0,1.0,1.0,1.0,1.0,1.0,1.0,1.0,1.0,1.0,1.0,1.0,1.0,1.0,1.0,1.0,1.0,1.0,1.0,1.0,1.0,1.0,1.0,1.0,1.0,0.0,0.0,0.0,0.0,0.0,0.0,0.0,0.0,0.0,0.0,0.0,0.0,0.0,0.0,0.0,0.0,0.0,0.0,0.0,1.0,1.0,1.0,1.0,0.0,0.0,0.0,0.0,0.0,0.0,0.0,0.0,0.0,0.0,0.0,0.0,0.0,0.0,0.0,0.0,0.0,0.0,0.0,0.0,1.0,1.0,1.0,0.0,0.0,0.0,0.0,0.0,0.0,0.0,0.0,0.0,0.0,0.0,0.0,0.0,0.0,0.0,0.0,0.0,0.0,0.0,0.0,0.0,1.0,1.0,1.0,1.0,0.0,0.0,0.0,0.0,0.0,0.0,0.0,0.0,0.0,0.0,0.0,0.0,0.0,0.0,0.0,0.0,0.0,0.0,0.0,0.0,0.0,0.0,0.0,0.0,0.0,0.0,1.0,1.0,1.0,1.0,1.0,1.0,1.0,1.0,1.0,1.0,1.0,1.0,1.0,1.0,1.0,1.0,1.0,1.0,1.0,1.0,1.0,1.0,1.0,1.0,1.0,1.0,1.0,1.0,1.0,1.0,1.0,1.0,1.0,1.0,1.0,1.0,1.0,1.0,1.0,1.0,1.0,1.0,1.0,1.0,1.0,0.0,0.0,0.0,0.0,0.0,0.0,0.0,0.0,0.0,0.0,0.0,0.0,0.0,0.0,0.0,0.0,0.0,0.0,0.0,0.0,0.0,1.0,1.0,1.0,1.0,0.0,0.0,0.0,0.0,0.0,0.0,0.0,0.0,0.0,0.0,0.0,0.0,0.0,0.0,0.0,0.0,0.0,0.0,0.0,0.0,0.0,0.0,0.0,0.0,0.0,0.0,0.0,0.0,0.0,0.0,0.0,0.0,0.0,0.0,0.0,0.0,0.0,0.0,0.0,0.0,0.0,0.0,0.0,0.0,1.0,1.0,1.0,0.0,0.0,0.0,0.0,0.0,0.0,0.0,0.0,0.0,0.0,0.0,0.0,0.0,0.0,0.0,0.0,0.0,0.0,0.0,0.0,0.0,1.0,1.0,1.0,1.0,1.0,1.0,1.0,1.0,1.0,1.0,1.0,1.0,1.0,1.0,0.0,0.0,0.0,0.0,0.0,0.0,0.0,0.0,0.0,0.0,0.0,0.0,0.0,0.0,0.0,0.0,1.0,1.0,1.0,1.0,1.0,1.0,1.0,1.0,1.0,1.0,1.0,1.0,1.0,1.0,1.0,1.0,1.0,1.0,1.0,1.0,1.0,1.0,1.0,1.0,1.0,1.0,1.0,1.0,1.0,1.0,1.0,0.0,0.0,0.0,0.0,0.0,0.0,0.0,1.0,1.0,1.0,1.0,1.0,1.0,1.0,0.0,0.0,0.0,0.0,0.0,0.0,0.0,0.0,0.0,0.0,0.0,0.0,0.0,0.0,0.0,0.0,0.0,0.0,0.0,0.0,0.0,1.0,1.0,1.0,1.0,1.0,1.0,1.0,0.0,0.0,0.0,0.0,0.0,0.0,0.0,0.0,0.0,0.0,0.0,0.0,0.0,0.0,0.0,0.0,0.0,0.0,0.0,0.0,0.0,0.0,0.0,0.0,0.0,1.0,1.0,1.0,1.0,1.0,1.0,1.0,1.0,1.0,0.0,0.0,0.0,0.0,0.0,0.0,0.0,0.0,0.0,0.0,0.0,0.0,0.0,0.0,1.0,1.0,1.0,1.0,1.0,1.0,1.0,1.0,1.0,1.0,1.0,1.0,1.0,1.0,1.0,0.0,0.0,1.0,1.0,1.0,1.0,0.0,0.0,0.0,0.0,0.0,0.0,0.0,0.0,0.0,0.0,0.0,0.0,0.0,0.0,0.0,0.0,0.0,0.0,0.0,0.0,0.0,0.0,0.0,0.0,0.0,0.0,0.0,1.0,1.0,1.0,1.0,1.0,1.0,1.0,1.0,1.0,1.0,1.0,1.0,1.0,1.0,1.0,1.0,1.0,0.0,0.0,0.0,0.0,0.0,0.0,0.0,0.0,0.0,0.0,0.0,0.0,0.0,0.0,0.0,0.0,0.0,0.0,0.0,0.0,0.0,0.0,0.0,0.0,0.0,0.0,0.0,0.0,0.0,0.0,0.0,1.0,1.0,1.0,1.0,1.0,1.0,1.0,1.0,1.0,1.0,1.0,1.0,1.0,1.0,1.0,1.0,1.0,0.0,0.0,0.0,0.0,0.0,0.0,1.0,1.0,1.0,1.0,1.0,1.0,1.0,1.0,1.0,1.0,1.0,1.0,1.0,1.0,1.0,1.0,0.0,0.0,0.0,0.0,0.0,0.0,0.0,0.0,1.0,1.0,1.0,1.0,1.0,1.0,1.0,1.0,1.0,1.0,1.0,1.0,0.0,0.0,0.0,0.0,0.0,0.0,1.0,1.0,1.0,1.0,1.0,1.0,1.0,1.0,1.0,1.0,1.0,1.0,1.0,1.0,1.0,1.0,1.0,1.0,1.0,1.0,1.0,1.0,1.0,1.0,1.0,1.0,0.0,0.0,0.0,0.0,0.0,0.0,0.0,0.0,0.0,1.0,1.0,1.0,1.0,1.0,1.0,1.0,1.0,1.0,1.0,1.0,1.0,1.0,1.0,0.0,0.0,0.0,0.0,1.0,1.0,1.0,1.0,1.0,1.0,1.0,1.0,1.0,1.0,1.0,1.0,1.0,1.0,1.0,1.0,1.0,1.0,1.0,1.0,0.0,0.0,0.0,0.0,0.0,1.0,1.0,1.0,1.0,1.0,1.0,1.0,1.0,1.0,1.0,1.0,1.0,1.0,1.0,1.0,1.0,1.0,1.0,1.0,0.0,0.0,0.0,0.0,1.0,1.0,1.0,1.0,1.0,1.0,1.0,1.0,1.0,0.0,0.0,0.0,0.0,0.0,0.0,1.0,0.0,0.0,0.0,1.0,0.0,0.0,0.0,0.0,1.0,1.0,1.0,1.0000000000000002,1.0000000000000002,1.0,1.0,1.0,1.0,1.0,1.0,1.0,1.0,1.0,1.0,1.0,1.0,1.0,1.0,1.0,0.0,0.0,0.0,0.0,1.0,1.0,1.0,1.0,1.0,1.0,1.0,1.0,1.0,1.0,1.0,1.0,1.0,1.0,1.0,1.0,1.0,1.0,1.0,1.0,1.0,1.0,1.0,1.0,1.0,1.0,1.0,1.0,1.0,1.0,1.0,1.0,1.0,1.0,1.0,1.0,1.0,1.0,1.0,1.0,1.0,1.0,1.0,1.0,1.0,1.0,1.0,1.0,1.0,1.0,1.0,1.0,1.0,1.0,1.0,1.0,1.0,1.0,1.0,1.0,1.0,1.0,1.0,1.0,1.0,1.0,1.0,1.0,1.0,0.0,0.0,0.0,0.0,1.0,1.0,1.0,1.0,1.0,1.0,1.0,1.0,1.0,1.0,1.0,1.0,1.0,1.0,1.0,1.0,1.0,1.0,1.0,1.0,1.0,1.0,1.0,1.0,1.0,1.0,1.0,1.0,1.0,1.0,1.0,1.0,1.0,1.0,1.0,1.0,1.0,1.0,1.0,1.0,1.0,1.0,1.0,1.0,1.0,1.0,1.0,1.0,1.0,1.0,1.0,1.0,1.0,1.0,1.0,1.0,1.0,1.0,1.0,1.0,1.0,1.0,1.0,1.0,1.0,1.0,1.0,1.0,1.0,1.0,1.0,1.0,1.0,1.0,1.0,1.0,1.0,1.0,1.0,1.0,1.0,1.0,1.0,1.0,1.0,1.0,1.0,1.0,1.0,1.0,1.0,0.0,0.0,0.0,0.0,1.0,1.0,1.0,1.0,1.0,1.0,1.0,1.0,0.0,0.0,1.0,1.0,1.0,1.0,1.0,1.0,1.0,1.0,1.0,1.0,0.0,0.0,0.0,0.0,0.0,0.0,1.0,1.0,1.0,1.0,1.0,1.0,1.0,1.0,1.0,1.0,1.0,1.0,1.0,1.0,1.0,1.0,1.0,1.0,0.0,0.0,0.0,0.0,1.0,1.0,1.0,1.0,1.0,1.0,1.0,1.0,1.0,1.0,1.0,1.0,1.0,1.0,1.0,1.0,1.0,1.0,1.0,1.0,1.0,1.0,1.0,0.0,1.0,1.0,1.0,1.0,1.0,1.0,1.0,1.0,1.0,1.0,1.0,1.0,1.0,1.0,1.0,1.0,1.0,1.0,1.0,1.0,1.0,1.0,1.0,1.0,1.0,1.0,1.0,1.0,1.0,1.0,1.0,1.0,1.0,1.0,1.0,1.0,1.0,1.0,1.0,1.0,1.0,1.0,1.0,1.0,0.0,0.0,0.0,0.0,1.0,1.0,1.0,1.0,1.0,1.0,1.0,1.0,1.0,1.0,1.0,1.0,1.0,1.0,1.0,1.0,1.0,1.0,0.0,1.0,1.0,1.0,0.0,0.0,0.0,0.0,1.0,1.0,1.0,1.0,1.0,1.0,1.0,1.0,1.0,1.0,1.0,1.0,1.0,1.0,1.0,1.0,1.0,1.0,0.0,0.0,0.0,0.0,1.0,1.0,1.0,1.0,1.0,1.0,1.0,1.0,1.0,1.0,1.0,1.0,1.0,1.0,1.0,1.0,1.0,1.0,1.0,1.0,1.0,1.0,1.0,1.0,1.0,1.0,1.0,1.0,1.0,1.0,1.0,1.0,1.0,1.0,1.0,1.0,1.0,1.0,1.0,1.0,1.0,1.0,1.0,1.0,1.0,1.0,1.0,1.0,1.0,1.0,1.0,1.0,1.0,1.0,1.0,1.0,1.0,1.0,1.0,1.0,1.0,1.0,1.0,1.0,1.0,1.0,1.0,1.0,1.0,1.0,1.0,1.0,1.0,1.0,1.0,1.0,1.0,1.0,1.0,1.0,1.0,1.0,1.0,1.0,1.0,1.0,1.0,1.0,1.0,1.0,1.0,1.0,1.0,1.0,1.0,1.0,1.0,1.0,1.0,1.0,1.0,1.0,1.0,1.0,1.0,1.0,1.0,1.0,1.0,1.0,1.0,1.0,1.0,1.0,1.0,1.0,1.0,1.0,0.0,0.0,1.0,1.0,1.0,1.0,1.0,1.0,1.0,1.0,1.0,1.0,1.0,1.0,1.0,1.0,1.0,1.0,1.0,1.0,1.0,1.0,1.0,1.0,1.0,1.0,1.0,1.0,1.0,1.0,1.0,1.0,1.0,1.0,1.0,1.0,1.0,1.0,1.0,1.0,1.0,1.0,1.0,1.0,1.0,1.0,1.0,1.0,0.0,0.0,1.0,1.0,1.0,1.0,1.0,1.0,1.0,1.0,1.0,1.0,1.0,1.0,1.0,1.0,1.0,1.0,1.0,1.0,1.0,1.0,1.0,1.0,1.0,1.0,1.0,1.0,1.0,1.0,1.0,1.0,1.0,1.0,1.0,1.0,1.0,1.0,1.0,1.0,1.0,1.0,1.0,1.0,1.0,1.0,1.0,1.0,1.0,1.0,1.0,1.0,1.0,1.0,1.0,1.0,1.0,1.0,1.0,1.0,1.0,1.0,1.0,1.0,1.0,1.0,1.0,1.0,1.0,1.0,0.0,0.0,0.0,0.0,0.0,0.0,1.0,1.0,1.0,1.0,1.0,1.0,1.0,1.0,1.0,1.0,1.0,1.0,1.0,1.0,1.0,1.0,1.0,1.0,0.0,0.0,0.0,0.0,1.0,1.0,1.0,1.0,1.0,1.0,1.0,1.0,1.0,1.0,1.0,1.0,1.0,1.0,1.0,1.0,1.0,1.0,1.0,1.0,1.0,1.0,1.0,0.0,0.0,1.0,1.0,1.0,1.0,1.0,1.0,1.0,1.0,1.0,1.0,1.0,1.0,1.0,1.0,1.0,1.0,1.0,1.0,1.0,1.0,1.0,1.0,1.0,1.0,1.0,1.0,1.0,1.0,1.0,1.0,1.0,1.0,1.0,1.0,1.0,1.0,1.0,1.0,1.0,1.0,1.0,1.0,1.0,1.0,1.0,1.0,1.0,1.0,1.0,1.0,1.0,1.0,1.0,1.0,1.0,1.0,1.0,1.0,1.0,1.0,1.0,1.0,1.0,1.0,1.0,1.0,1.0,1.0,1.0,1.0,1.0,1.0,1.0,1.0,1.0,1.0,1.0,1.0,1.0,1.0,1.0,1.0,1.0,1.0,1.0,1.0,1.0,1.0,1.0,1.0,1.0,1.0,1.0,1.0,0.0,1.0,1.0,1.0,1.0,1.0,1.0,1.0,1.0,1.0,1.0,1.0,1.0,1.0,1.0,1.0,1.0,1.0,1.0,1.0,1.0,0.0,0.0,0.0,0.0,1.0,1.0,1.0,1.0,1.0,1.0,1.0,1.0,1.0,1.0,1.0,1.0,1.0,1.0,1.0,1.0,1.0,1.0,0.0,1.0,1.0,1.0,1.0,1.0,1.0,1.0,1.0,1.0,1.0,1.0,1.0,1.0,1.0,1.0,1.0,1.0,1.0,1.0,1.0,1.0,1.0,1.0,1.0,1.0,1.0,1.0,0.0,0.0,1.0,1.0,1.0,1.0,1.0,1.0,1.0,1.0,1.0,1.0,1.0,1.0,1.0,1.0,1.0,1.0,1.0,0.0,0.0,492.59447,0.0,0.0,0.0,0.0,0.0,0.0,0.0,0.0,0.0,0.0,0.0,0.0,0.0,0.0,0.0,0.0,0.0,0.0,0.0,0.0,0.0,0.0,0.0,0.0,0.0,0.0,0.0,0.0,0.0,0.0,0.0,0.0,0.0,416.662212,0.0,0.0,0.0,0.0,0.0,0.0,0.0,0.0,0.0,0.0,0.0,0.0,0.0,0.0,0.0,0.0,0.0,0.0,0.0,0.0,0.0,0.0,0.0,0.0,0.0,0.0,0.0,0.0,0.0,0.0,0.0,0.0,0.0,0.0,0.0,0.0,0.0,428.097857,0.0,0.0,0.0,0.0,0.0,0.0,0.0,0.0,0.0,0.0,0.0,0.0,0.0,0.0,0.0,0.0,0.0,0.0,0.0,0.0,0.0,0.0,0.0,0.0,0.0,0.0,0.0,0.0,0.0,0.0,0.0,0.0,0.0,0.0,0.0,0.0,0.0,0.0,0.0,0.0,0.0,0.0,0.0,0.0,0.0,0.0,0.0,0.0,0.0,0.0,0.0,0.0,0.0,487.06376300000557,0.0,0.0,0.0,0.0,0.0,0.0,0.0,0.0,0.0,0.0,0.0,0.0,0.0,0.0,0.0,0.0,0.0,0.0,0.0,0.0,0.0,0.0,0.0,0.0,410.039447,0.0,0.0,0.0,0.0,0.0,0.0,0.0,0.0,0.0,0.0,0.0,0.0,0.0,0.0,0.0,0.0,0.0,0.0,0.0,0.0,0.0,428.69252,0.0,0.0,0.0,0.0,0.0,0.0,0.0,0.0,0.0,0.0,0.0,0.0,0.0,0.0,0.0,0.0,0.0,0.0,0.0,0.0,0.0,0.0,0.0,0.0,0.0,0.0,0.0,0.0,0.0,0.0,0.0,0.0,0.0,0.0,0.0,0.0,0.0,0.0,0.0,0.0,0.0,0.0,0.0,0.0,0.0,0.0,0.0,0.0,0.0,0.0,0.0,0.0,0.0,0.0,0.0,0.0,0.0,0.0,0.0,0.0,0.0,0.0,0.0,0.0,0.0,0.0,0.0,0.0,0.0,0.0,0.0,0.0,0.0,0.0,0.0,0.0,0.0,0.0,0.0,0.0,0.0,0.0,0.0,0.0,0.0,0.0,0.0,0.0,0.0,0.0,0.0,0.0,0.0,0.0,0.0,0.0,0.0,0.0,0.0,0.0,0.0,0.0,0.0,0.0,0.0,0.0,0.0,0.0,0.0,0.0,0.0,0.0,0.0,0.0,0.0,0.0,0.0,0.0,0.0,0.0,0.0,0.0,0.0,0.0,0.0,0.0,0.0,0.0,0.0,0.0,0.0,0.0,0.0,0.0,0.0,0.0,0.0,0.0,0.0,0.0,0.0,0.0,0.0,0.0,0.0,0.0,0.0,0.0,0.0,0.0,0.0,0.0,0.0,0.0,0.0,0.0,0.0,0.0,0.0,0.0,0.0,0.0,0.0,0.0,0.0,0.0,0.0,0.0,0.0,0.0,0.0,0.0,0.0,0.0,0.0,0.0,0.0,0.0,0.0,0.0,0.0,0.0,0.0,0.0,0.0,0.0,0.0,0.0,0.0,0.0,0.0,0.0,0.0,0.0,0.0,0.0,0.0,0.0,0.0,0.0,0.0,0.0,0.0,0.0,0.0,0.0,0.0,0.0,0.0,0.0,0.0,0.0,0.0,0.0,0.0,0.0,262.47508200000084,0.0,0.0,0.0,0.0,0.0,0.0,0.0,0.0,0.0,0.0,0.0,0.0,0.0,0.0,0.0,0.0,0.0,0.0,0.0,0.0,0.0,0.0,0.0,0.0,0.0,0.0,0.0,0.0,0.0,0.0,0.0,0.0,0.0,0.0,0.0,0.0,0.0,0.0,0.0,0.0,0.0,0.0,0.0,0.0,0.0,0.0,0.0,0.0,0.0,0.0,0.0,0.0,0.0,0.0,0.0,0.0,0.0,0.0,0.0,0.0,0.0,0.0,0.0,0.0,0.0,0.0,0.0,0.0,0.0,0.0,0.0,0.0,0.0,0.0,0.0,0.0,0.0,0.0,0.0,0.0,0.0,0.0,0.0,0.0,0.0,0.0,0.0,0.0,0.0,0.0,0.0,0.0,0.0,0.0,0.0,0.0,0.0,0.0,0.0,0.0,0.0,0.0,0.0,0.0,0.0,0.0,0.0,0.0,0.0,0.0,0.0,0.0,0.0,0.0,0.0,0.0,0.0,0.0,0.0,0.0,0.0,0.0,0.0,0.0,0.0,0.0,0.0,0.0,0.0,0.0,0.0,0.0,0.0,0.0,0.0,0.0,0.0,0.0,0.0,0.0,0.0,0.0,0.0,0.0,0.0,0.0,0.0,0.0,0.0,0.0,0.0,0.0,0.0,0.0,0.0,0.0,0.0,0.0,0.0,0.0,0.0,0.0,0.0,0.0,0.0,0.0,0.0,265.074568,0.0,0.0,0.0,0.0,0.0,0.0,0.0,0.0,0.0,0.0,0.0,0.0,0.0,0.0,0.0,0.0,0.0,0.0,0.0,0.0,0.0,0.0,0.0,0.0,0.0,0.0,0.0,0.0,0.0,0.0,0.0,0.0,0.0,0.0,0.0,0.0,0.0,285.59057999999663,0.0,0.0,0.0,0.0,0.0,0.0,0.0,0.0,0.0,0.0,0.0,0.0,0.0,0.0,0.0,0.0,0.0,0.0,0.0,0.0,0.0,0.0,0.0,0.0,0.0,0.0,0.0,255.250755,0.0,0.0,0.0,0.0,0.0,0.0,0.0,0.0,0.0,0.0,0.0,0.0,0.0,0.0,0.0,0.0,0.0,0.0,0.0,0.0,0.0,0.0,0.0,0.0,0.0,0.0,0.0,0.0,0.0,0.0,0.0,262.176014,0.0,0.0,0.0,0.0,0.0,0.0,0.0,0.0,0.0,0.0,0.0,0.0,0.0,0.0,0.0,0.0,0.0,0.0,0.0,0.0,0.0,0.0,288.62489,0.0,0.0,0.0,0.0,0.0,0.0,0.0,0.0,0.0,0.0,0.0,0.0,0.0,0.0,0.0,0.0,0.0,0.0,0.0,0.0,0.0,0.0,0.0,0.0,0.0,0.0,0.0,0.0,0.0,0.0,0.0,0.0,0.0,0.0,0.0,0.0,0.0,0.0,0.0,0.0,0.0,0.0,0.0,0.0,0.0,0.0,0.0,288.054762,0.0,0.0,0.0,0.0,0.0,0.0,0.0,0.0,0.0,0.0,0.0,0.0,0.0,0.0,0.0,0.0,0.0,0.0,0.0,0.0,0.0,0.0,0.0,0.0,0.0,0.0,0.0,0.0,0.0,0.0,0.0,0.0,0.0,0.0,0.0,0.0,0.0,0.0,0.0,0.0,0.0,0.0,0.0,0.0,0.0,0.0,0.0,306.962557,0.0,0.0,0.0,0.0,0.0,0.0,0.0,0.0,0.0,0.0,0.0,0.0,0.0,0.0,0.0,0.0,0.0,0.0,0.0,0.0,0.0,0.0,293.724498,0.0,0.0,0.0,0.0,0.0,0.0,0.0,0.0,0.0,0.0,0.0,0.0,0.0,0.0,0.0,0.0,0.0,0.0,0.0,0.0,0.0,0.0,0.0,292.100178,0.0,0.0,0.0,0.0,0.0,0.0,0.0,0.0,0.0,0.0,0.0,0.0,0.0,0.0,0.0,0.0,0.0,0.0,0.0,0.0,0.0,0.0,0.0,0.0,0.0,0.0,0.0,0.0,0.0,0.0,0.0,0.0,0.0,0.0,0.0,0.0,0.0,0.0,0.0,0.0,0.0,0.0,0.0,0.0,0.0,0.0,0.0,0.0,0.0,0.0,0.0,0.0,268.59391799999867,0.0,0.0,0.0,0.0,0.0,0.0,0.0,0.0,0.0,0.0,0.0,0.0,136.991961,0.0,0.0,0.0,0.0,136.99196099999972,0.0,0.0,0.0,0.0,0.0,0.0,0.0,0.0,0.0,0.0,0.0,0.0,0.0,0.0,0.0,0.0,0.0,0.0,175.299737,0.0,0.0,0.0,0.0,0.0,175.2997370000012,0.0,0.0,0.0,0.0,0.0,0.0,0.0,0.0,0.0,0.0,0.0,0.0,0.0,0.0,0.0,0.0,0.0,179.177294,0.0,0.0,0.0,0.0,179.177294,0.0,0.0,0.0,0.0,0.0,0.0,0.0,0.0,0.0,0.0,0.0,0.0,0.0,0.0,179.17729400000098,0.0,0.0,0.0,145.970087,0.0,0.0,0.0,0.0,145.9700870000015,0.0,0.0,0.0,0.0,0.0,0.0,0.0,0.0,0.0,0.0,0.0,0.0,0.0,0.0,0.0,0.0,0.0,0.0,150.414154,0.0,0.0,0.0,0.0,150.41415400000187,0.0,0.0,0.0,0.0,0.0,0.0,0.0,0.0,0.0,0.0,0.0,0.0,0.0,0.0,0.0,0.0,0.0,0.0,0.0,0.0,0.0,0.0,0.0,0.0,0.0,0.0,0.0,0.0,0.0,0.0,0.0,0.0,0.0,0.0,0.0,0.0,0.0,0.0,0.0,0.0,0.0,0.0,0.0,0.0,0.0,0.0,0.0,0.0,0.0,0.0,0.0,0.0,0.0,0.0,0.0,0.0,0.0,0.0,0.0,0.0,0.0,0.0,0.0,0.0,0.0,0.0,0.0,0.0,0.0,0.0,0.0,0.0,139.86105999999927,0.0,0.0,0.0,0.0,0.0,0.0,0.0,0.0,0.0,0.0,0.0,0.0,0.0,0.0,0.0,0.0,0.0,162.108753,0.0,0.0,0.0,0.0,0.0,0.0,0.0,0.0,0.0,0.0,0.0,0.0,0.0,0.0,0.0,0.0,0.0,0.0,0.0,0.0,0.0,0.0,0.0,0.0,0.0,0.0,0.0,0.0,0.0,0.0,0.0,0.0,0.0,0.0,0.0,0.0,0.0,0.0,0.0,0.0,0.0,0.0,0.0,0.0,0.0,0.0,0.0,170.266602,0.0,0.0,0.0,0.0,0.0,0.0,0.0,0.0,0.0,0.0,0.0,0.0,0.0,0.0,0.0,0.0,0.0,0.0,0.0,0.0,0.0,0.0,0.0,147.849046,0.0,0.0,0.0,0.0,147.84904599999936,0.0,0.0,0.0,0.0,0.0,0.0,0.0,0.0,0.0,147.849046000003,0.0,0.0,0.0,0.0,0.0,0.0,0.0,0.0,173.435143,0.0,0.0,0.0,0.0,0.0,0.0,173.435143,0.0,0.0,0.0,0.0,0.0,0.0,0.0,0.0,0.0,0.0,0.0,0.0,0.0,0.0,0.0,0.0,135.125348,0.0,0.0,0.0,0.0,135.12534799999776,0.0,0.0,0.0,0.0,0.0,0.0,0.0,0.0,0.0,0.0,0.0,0.0,0.0,0.0,0.0,0.0,0.0,0.0,0.0,0.0,0.0,0.0,0.0,165.2753049999992,0.0,0.0,0.0,0.0,0.0,0.0,0.0,0.0,0.0,0.0,0.0,0.0,0.0,0.0,0.0,0.0,0.0,0.0,156.354145,0.0,0.0,0.0,0.0,0.0,0.0,0.0,0.0,0.0,0.0,0.0,0.0,0.0,0.0,0.0,0.0,0.0,0.0,0.0,0.0,0.0,0.0,0.0,167.249795,0.0,0.0,0.0,0.0,167.249795,0.0,0.0,0.0,0.0,0.0,0.0,0.0,0.0,0.0,0.0,0.0,0.0,0.0,0.0,0.0,0.0,0.0,0.0,0.0,0.0,0.0,0.0,0.0,0.0,0.0,148.41101299999718,0.0,0.0,0.0,0.0,0.0,0.0,0.0,0.0,0.0,0.0,0.0,0.0,0.0,0.0,0.0,0.0,162.248984,0.0,0.0,0.0,0.0,162.248984,0.0,0.0,0.0,0.0,0.0,0.0,0.0,0.0,0.0,0.0,0.0,0.0,0.0,0.0,0.0,0.0,0.0,0.0,0.0,0.0,0.0,0.0,0.0,0.0,0.0,0.0,0.0,0.0,0.0,0.0,0.0,0.0,0.0,0.0,0.0,0.0,0.0,0.0,0.0,0.0,0.0,0.0,0.0,0.0,0.0,0.0,0.0,0.0,0.0,0.0,0.0,0.0,0.0,0.0,0.0,0.0,0.0,0.0,0.0,0.0,0.0,0.0,0.0,0.0,0.0,0.0,153.422895,0.0,0.0,0.0,0.0,0.0,0.0,0.0,0.0,0.0,0.0,0.0,0.0,0.0,0.0,0.0,0.0,0.0,0.0,0.0,0.0,0.0,0.0,0.0,183.971089,0.0,0.0,0.0,0.0,0.0,0.0,0.0,0.0,0.0,0.0,0.0,0.0,0.0,0.0,0.0,0.0,0.0,0.0,0.0,0.0,0.0,0.0,0.0,0.0,0.0,0.0,0.0,0.0,167.906841,0.0,0.0,0.0,0.0,0.0,0.0,0.0,0.0,0.0,0.0,0.0,0.0,0.0,0.0,0.0,0.0,0.0,0.0,176.05753,0.0,0.0,0.0,0.0,0.0,0.0,0.0,0.0,0.0,0.0,0.0,0.0,0.0,0.0,0.0,0.0,0.0,0.0,0.0,0.0,0.0,0.0,0.0,0.0,0.0,0.0,0.0,0.0,179.007095,0.0,0.0,0.0,0.0,0.0,0.0,0.0,0.0,0.0,0.0,0.0,0.0,0.0,0.0,0.0,0.0,0.0,0.0,171.351286,0.0,0.0,0.0,0.0,0.0,0.0,0.0,0.0,0.0,0.0,0.0,0.0,0.0,0.0,0.0,0.0,0.0,0.0,0.0,0.0,0.0,0.0,0.0,0.0,0.0,0.0,0.0,0.0,0.0,0.0,0.0,0.0,0.0,0.0,0.0,0.0,0.0,0.0,0.0,0.0,0.0,0.0,0.0,0.0,0.0,0.0,0.0,148.03739,0.0,0.0,0.0,0.0,0.0,0.0,148.03738999999769,0.0,0.0,0.0,0.0,0.0,0.0,0.0,0.0,0.0,0.0,0.0,0.0,0.0,0.0,0.0,0.0,176.770979,0.0,0.0,0.0,0.0,176.7709790000008,0.0,0.0,0.0,0.0,0.0,0.0,0.0,0.0,0.0,0.0,0.0,0.0,0.0,0.0,0.0,0.0,0.0,0.0,0.0,0.0,0.0,0.0,0.0,0.0,181.057455,0.0,0.0,0.0,0.0,0.0,0.0,0.0,0.0,0.0,0.0,0.0,0.0,0.0,0.0,0.0,0.0,0.0,141.234432,0.0,0.0,0.0,0.0,0.0,0.0,0.0,0.0,0.0,0.0,0.0,0.0,0.0,0.0,0.0,0.0,0.0,0.0,0.0,0.0,0.0,0.0,0.0,188.592679,0.0,0.0,0.0,0.0,0.0,0.0,0.0,0.0,0.0,0.0,0.0,0.0,0.0,0.0,0.0,0.0,0.0,0.0,0.0,0.0,0.0,0.0,0.0,149.430764,0.0,0.0,0.0,0.0,0.0,0.0,0.0,0.0,0.0,0.0,0.0,0.0,0.0,0.0,0.0,0.0,0.0,0.0,0.0,0.0,0.0,0.0,0.0,0.0,0.0,0.0,0.0,0.0,157.26210699999865,0.0,0.0,0.0,0.0,0.0,0.0,0.0,0.0,0.0,0.0,0.0,0.0,0.0,0.0,0.0,0.0,0.0,0.0,187.822783,0.0,0.0,0.0,0.0,187.82278299999962,0.0,0.0,0.0,0.0,0.0,0.0,0.0,0.0,0.0,0.0,0.0,0.0,0.0,0.0,0.0,0.0,0.0,0.0,0.0,0.0,0.0,0.0,0.0,0.0,0.0,0.0,0.0,0.0,0.0,0.0,0.0,0.0,0.0,0.0,0.0,0.0,0.0,0.0,0.0,0.0,0.0,0.0,0.0,0.0,0.0,0.0,0.0,147.974311,0.0,0.0,0.0,0.0,0.0,0.0,0.0,0.0,0.0,0.0,0.0,0.0,0.0,0.0,0.0,0.0,0.0,0.0,0.0,0.0611212105353246,0.0,0.0611212105353246,0.24448484936164316,0.16854244065030266,0.3968446457437459,0.4999999999998047,0.4999999999992696,0.49999998290608527,0.4999999999998047,0.49999999999549327,0.4999999994915001,0.2114893706825951,0.49999996198528474,0.49999998290608527,0.4999999999996433,0.49999997361323745,0.30945745018679716,0.498223344318652,0.49999999999977607,0.34029746040688535,0.08399737929399875,0.0,0.0,0.0,0.0,0.0,0.0,0.0,0.0,0.0,0.0,0.0,0.0,0.09905673511607069,0.39622709316722504,0.4999999829060853,0.499999982608751,0.49999998290608527,0.49999999999959277,0.49999998290608527,0.49999998290608527,0.49999998290608527,0.4999999999997522,0.49999998290608527,0.49186753708557096,0.1762347176622069,0.39082707653906834,0.49999998290608527,0.49999998290608527,0.49999998290608527,0.49999998290608527,0.49999998290608527,0.49999998290608527,0.49999998290608527,0.4999999999993101,0.49999998290608527,0.49999998290608527,0.49999999999586686,0.49999999955395524,0.49999998290608527,0.49999998290608527,0.49999998290608527,0.4999999999996584,0.49999998290608527,0.49999998290608527,0.49999998290608527,0.4999999999997833,0.49999998290608527,0.49999998290608527,0.49999998290608527,0.0,0.06031310311380507,1.2125410188489755e-7,0.06048425912235174,0.24159454427013027,0.15162657840718186,0.19675084088580802,0.391477101648449,0.49999999970447784,0.49999998290608527,0.49999998290608527,0.4999999999967889,0.49999999969772513,0.2133218012986946,0.49999998290608527,0.4999999939761538,0.4999999999996979,0.46882103504627004,0.19313035838001624,0.21381990982595434,0.4999999999998028,0.24056873987256921,0.06014218991851694,0.0,0.20212176970975268,0.06590726626946629,0.0,0.05368534197604097,0.3162016680268618,0.09338769005108753,0.0718720105678707,0.30945145008850766,0.49999999999937966,0.49999998290608527,0.49999999999999745,0.2636290767706083,0.06590726920535472,0.0,0.0,0.0,0.0,0.0,0.0,0.0,0.0,0.0,0.0,0.0,0.0,0.0,0.0,0.0,0.0,0.0,0.0,0.08300108302429854,0.3320043831526074,0.49999998290608527,0.49999998290608527,0.4999999999963467,0.499999999630773,0.49999998290608527,0.49999998290608527,0.4999999925375497,0.4999999999996785,0.49999998290608527,0.49999998290608527,0.49999998290608527,0.49999999999979305,0.49999998290608527,0.49999998290608527,0.49999998290608527,0.0,0.0,0.0,0.0,0.0,0.0,0.0,0.0,0.11795725187104122,0.47182899769253206,0.49999998290608527,0.4999999999938145,0.4999999991871591,0.49999998290608527,0.49999998290608527,0.49999998290608527,0.49999999999958233,0.49999998290608527,0.49999998290608527,0.49999998290608527,0.4999999999997472,0.49999998290608527,0.49999998290608527,0.49999998290608527,0.0,0.0,0.0,0.0,0.0,0.0,0.10425328654237016,0.41701335514721344,0.49999999999897315,0.49999998290608527,0.49999998290608527,0.4999999999924811,0.49999998290608527,0.4999999581891834,0.49999998290608544,0.4999999829060853,0.4999999829060853,0.49999998290608544,0.49999998290608544,0.4999999829060853,0.4999999829060853,0.4999999999999788,0.3832302070887987,0.12046245762669376,0.0,0.0,0.0,0.0,0.0,0.0,0.0,0.0,0.0,0.0,0.0,0.0,0.0,0.0,0.0,0.0,0.0,0.0,0.0,0.0,0.0,0.0,0.0,0.0,0.4182850699444168,0.4999999829060852,0.4999999999997192,0.49999998290608527,0.49999998290608527,0.49999998290608527,0.49999998290608527,0.49999998290608527,0.4999999999992404,0.49999998290608527,0.49999998290608527,0.49999999999521505,0.4999999994437634,0.49999998290608527,0.49999998290608527,0.49999998290608527,0.4999999999996326,0.49999998290608527,0.49999998290608527,0.49999998290608527,0.49999999999977107,0.49999998290608527,0.4999999999999921,0.49999998290608527,0.28787820108081946,0.4999999999999739,0.21947983112311584,0.39874963574006866,0.4999999829060852,0.4999999829060852,0.4999999829060853,0.22775806869832665,0.056939516035640264,0.0,0.0,0.0,0.0,0.0,0.0,0.0,0.0,0.0,0.0,0.0,0.0,0.0,0.0,0.0,0.2716946591380951,0.414755672101595,0.12675970501622616,0.26009870483476644,0.4999999829060852,0.40605606764353847,0.45422386693985417,0.49999998290608527,0.4999999999992627,0.49999998290608527,0.49999998290608527,0.49999999999542566,0.49999999948005824,0.3846085729443284,0.4999999829060853,0.4999999829060853,0.49999998290608494,0.4999999999969584,0.4378743376573235,0.4716654340358922,0.4999999829060853,0.4999999829060853,0.22047788192493015,0.03296719670465778,0.4785697711688917,0.14006129079880966,0.003215752151119144,0.0,0.0,0.0,0.0,0.0,0.0,0.0,0.0,0.0,0.0,0.0,0.0,0.0,0.0,0.0,0.0,0.0,0.0,0.0,0.0,0.0,0.4757979526989585,0.14970895373673954,0.007066712757596183,0.0,0.0,0.0,0.0,0.0,0.0,0.0,0.0,0.0,0.0,0.0,0.0,0.0,0.0,0.0,0.0,0.0,0.0,0.0,0.0,0.0,0.39387145983837835,0.11673824980964065,0.0,0.0,0.0,0.0,0.0,0.0,0.0,0.0,0.0,0.0,0.0,0.0,0.0,0.0,0.0,0.0,0.0,0.0,0.0,0.0,0.0,0.0,0.49999995211965087,0.20563953754579078,0.039937301503127465,0.0,0.0,0.0,0.0,0.0,0.0,0.0,0.0,0.0,0.0,0.0,0.0,0.0,0.0,0.0,0.0,0.0,0.0,0.0,0.0,0.0,0.0,0.0,0.0,0.0,0.0,0.0,0.0,0.12361938120993599,0.494477524837025,0.49999998290608527,0.49999998290608527,0.4999999999732415,0.49999999405803663,0.49999998290608527,0.49999998290608527,0.49999998290608527,0.49999999999908495,0.4999999999999887,0.49999998290608527,0.49999998290608527,0.49999999999953304,0.49999998290608527,0.49999998290608527,0.49999998290608527,0.27185927356459416,0.49999998290608527,0.19184605816669376,0.49999998290608527,0.49999998290608527,0.49999998290608527,0.49999998290608527,0.49999998290608527,0.4999999999979693,0.49999998290608527,0.49999998290608527,0.4999999999798723,0.49999999587762967,0.49999998290608527,0.49999998290608527,0.49999998290608527,0.4999999999992196,0.49999998290608527,0.49999998290608527,0.49999998290608527,0.499999999999588,0.49999998290608527,0.49999998290608527,0.4999999999999897,0.21516239791050198,0.09475430687693778,0.0,0.0,0.0,0.0,0.0,0.0,0.0,0.0,0.0,0.0,0.0,0.0,0.0,0.0,0.0,0.0,0.0,0.0,0.0,0.0,0.0,0.0,0.49999999999484773,0.20830056601296526,0.04230934497619776,0.0,0.0,0.0,0.0,0.0,0.0,0.0,0.0,0.0,0.0,0.0,0.0,0.0,0.0,0.0,0.0,0.0,0.0,0.0,0.0,0.0,0.0,0.0,0.0,0.0,0.0,0.0,0.0,0.0,0.0,0.0,0.0,0.0,0.0,0.0,0.0,0.0,0.0,0.0,0.0,0.0,0.0,0.0,0.0,0.0,0.18186463578465462,0.10510062963499811,0.0,0.0,0.0,0.0,0.0,0.0,0.0,0.0,0.0,0.0,0.0,0.0,0.0,0.0,0.0,0.0,0.0,0.0,0.0,0.0,0.0,0.0,0.3610763884006057,0.4999999829060852,0.3966479194664446,0.4999999829060852,0.49999998290608527,0.49999998290608527,0.49999998290608527,0.49999998290608527,0.49999999999701905,0.49999998290608527,0.49999998290608527,0.45285301715452597,0.11321325430183693,0.0,0.0,0.0,0.0,0.0,0.0,0.0,0.0,0.0,0.0,0.0,0.0,0.0,0.0,0.0,0.0,0.0,0.0,0.08482318173214032,0.339292785461767,0.49999998290608527,0.49999998290608527,0.49999999996451405,0.49999999153961583,0.49999998290608527,0.49999998290608527,0.49999998290608527,0.4999999999989251,0.49999998290608527,0.49999998290608527,0.49999998290608527,0.4999999999994693,0.49999998290608527,0.49999998290608527,0.47050164865578115,0.23598421073085418,0.12229120801264282,0.0,0.01251991439632518,0.19966624082108828,0.025197308060106553,0.038516131680497515,0.1385023717817866,0.4999999829060853,0.48975291938689464,0.28440152956780157,0.12229120801264282,0.0,0.0,0.0,0.0,0.0,0.0,0.0,0.0,0.0,0.08866682052729162,0.000842003897822986,0.0,0.3837360910911482,0.10367855789507224,0.0,0.0,0.0,0.0,0.0,0.0,0.0,0.0,0.0,0.0,0.0,0.0,0.0,0.0,0.0,0.0,0.0,0.0,0.0,0.0,0.0,0.0,0.0,0.02611457955832515,0.0,0.0,0.0,0.0,0.0,0.0,0.0,0.0,0.0,0.0,0.0,0.0,0.0,0.0,0.0,0.0,0.0,0.0,0.0,0.0,0.0,0.0,0.0,0.0,0.0,0.0,0.0,0.0,0.0,0.0,0.0,0.09791020911125958,0.22625649166593376,0.4999999999579815,0.49999998290608527,0.16087969749762232,0.36691893339038095,0.09364127684145722,0.0,0.0,0.0,0.0,0.0,0.0,0.0,0.0,0.0,0.0,0.0,0.0,0.0,0.0,0.0,0.0,0.11023634558381493,0.44094567589423544,0.4999999829060853,0.4999999829060853,0.4999999829060853,0.18376439877053619,0.4999999829060853,0.4999999829060853,0.4999999829060853,0.44438842834025316,0.22283890093532036,0.2481755154891805,0.10662467685245747,0.0,0.0,0.0,0.43727813108699043,0.16830198121082096,0.02535177260225807,0.0,0.0,0.0,0.0,0.0,0.0,0.0,0.0,0.0,0.0,0.0,0.0,0.0,0.0,0.0,0.0,0.0,0.0,0.0,0.0,0.0,0.0,0.0,0.0,0.0,0.0,0.0,0.0,0.0,0.10673822573751135,0.4269531442452298,0.49999998290608527,0.4999999999724245,0.49999999382744653,0.49999998290608527,0.49999998290608527,0.49999998290608527,0.4999999999990693,0.49999998290608527,0.49999998290608527,0.49999998290608527,0.4999999999995265,0.49999998290608527,0.49999998290608527,0.49999998290608527,0.0,0.0,0.0,0.0,0.0,0.0,0.0,0.0,0.0,0.0,0.0,0.0,0.0,0.0,0.0,0.0,0.0,0.0,0.0,0.0,0.0,0.0,0.0,0.0,0.0,0.0,0.0,0.0,0.0,0.0,0.0,0.0,0.11791635689875735,0.4716654178362555,0.49999998290608527,0.49999999998654276,0.4999999975820463,0.3530848313561531,0.49999998290608527,0.49999998290608527,0.4999999999993733,0.49999998290608527,0.4015927074160608,0.4328273438328144,0.49999999999965306,0.49999998290608527,0.22955153592772837,0.020713692196636106,0.0,0.0,0.0,0.0,0.0,0.0,0.0,0.11095886364537777,0.44383576537556146,0.49999998290608527,0.49999998290608527,0.4999999999656558,0.49999999187530164,0.49999998290608527,0.49999998290608527,0.49999998290608527,0.4999999999989452,0.49999998290608527,0.49999998290608527,0.33847977422208564,0.08461992921851247,0.0,0.0,0.0,0.0,0.0,0.0,0.0,0.0,0.0,0.0,0.07788879307036364,0.311555206296524,0.4999999829060853,0.4999999829060853,0.4999999829060853,0.4999999829060853,0.18320208633030044,0.4999999829060853,0.489359937920062,0.12233998795961441,0.0,0.0,0.0,0.0,0.0,0.0,0.0,0.3156288924595726,0.49999998290608527,0.15566431149512816,0.49999998290608527,0.49999998290608527,0.49999998290608527,0.49999998290608527,0.49999998290608527,0.49999999999756417,0.49999998290608527,0.49999998290608527,0.49999999997402655,0.4999999942783815,0.49999998290608527,0.49999998290608527,0.49999998290608527,0.4999999999991004,0.49999998290608527,0.49999998290608527,0.49999998290608527,0.49999999999953904,0.49999998290608527,0.49999998290608527,0.3808556229185036,0.0846392647422588,0.0,0.0,0.0,0.0,0.0,0.0,0.0,0.0,0.0,0.0,0.0,0.014313155607825628,0.0,0.007680653535390095,0.15052161802038275,0.47203142403619525,0.15690878232531488,0.011064689149100719,0.15659214137245292,0.48448429188289,0.16412283155772622,0.013039916957054877,0.0,0.0,0.0,0.0,0.0,0.0,0.0,0.05997743259552536,0.23990973676400065,0.49999998290608505,0.49999998290608527,0.49999998290608527,0.49999999958650454,0.49999998290608527,0.49999998290608527,0.49999998290608527,0.49999998290608527,0.4999999999949848,0.49999998290608527,0.49999998290608527,0.49999998290608527,0.49999999999814193,0.49999998290608527,0.4805992095056723,0.38656311896067314,0.0,0.0,0.0,0.0,0.0,0.0,0.0,0.10923432442223513,0.4369375800104234,0.49999998290608527,0.49999998290608527,0.4999999998453607,0.49999998290608527,0.4082257356563934,0.49999998290608527,0.49999998290608527,0.49999999999737665,0.4870343630943311,0.42220862218169397,0.4305009521649493,0.49999999999891065,0.4605265118557842,0.372573062577819,0.26492002596619074,0.0,0.0,0.0,0.0,0.0,0.0,0.06418573605293636,0.19147412265959235,0.4773795996847229,0.16288545622288353,0.14294357179871608,0.3218575450295803,0.10506153794889239,0.0,0.0,0.0,0.0,0.0,0.0,0.0,0.0,0.0,0.0,0.0,0.0,0.0,0.0,0.0,0.0,0.0,0.06521888555542128,0.2608755531787902,0.4999999829060852,0.4999999829060851,0.49999998290608527,0.4999999994938725,0.49999998290608527,0.49999998290608527,0.49999998290608527,0.49999998290608527,0.4999999999942396,0.49999998290608527,0.49999998290608527,0.49999998290608527,0.4999999999979149,0.49999998290608527,0.49999998290608527,0.4999999829060853,0.0,0.0,0.0,0.0,0.0,0.0,0.056728926747403374,0.2269157114370045,0.4999999999746719,0.49999998290608527,0.49999998290608527,0.4999999994573673,0.49999998290608527,0.49999998290608527,0.49999998290608527,0.49999998290608527,0.4999999999939555,0.49999998290608527,0.49999998290608527,0.49999998290608527,0.4999999999978295,0.49999998290608527,0.49999998290608527,0.49999998290608527,0.16694809622854845,0.49999998290608527,0.49999998290608527,0.49999998290608527,0.49999998290608527,0.49999998290608527,0.49999998290608527,0.49999998290608527,0.49999999997738753,0.49999998290608527,0.49999998290608527,0.49999999952737795,0.49999998290608527,0.49999998290608527,0.49999998290608527,0.49999998290608527,0.49999999999450495,0.49999998290608527,0.49999998290608527,0.49999998290608527,0.49999999999799527,0.49999998290608527,0.49999998290608527,0.49999998290608527,0.4999999999696756,0.49999998290608527,0.49999998290608527,0.49999998290608527,0.49999998290608527,0.49999998290608527,0.49999998290608527,0.49999998290608527,0.499999999991096,0.49999998290608527,0.49999998290608527,0.49999999985299415,0.49999998290608527,0.49999998290608527,0.49999998290608527,0.49999998290608527,0.4999999999974599,0.49999998290608527,0.49999998290608527,0.49999998290608527,0.49999999999893896,0.49999998290608527,0.49999998290608527,0.49999998290608527,0.06261851949424635,0.0,0.0,0.0,0.0,0.0,0.0,0.11296967740153796,0.4518787096027198,0.49999998290608527,0.49999998290608527,0.4999999992170354,0.49999998290608527,0.49999998290608527,0.49999998290608527,0.49999998290608527,0.49999999999218225,0.49999998290608527,0.49999998290608527,0.49999998290608527,0.4999999999973076,0.49999998290608527,0.49999998290608527,0.4999999829060853,0.0,0.11146334552563963,0.4458533764737048,0.49999998290608527,0.49999998290608527,0.49999998290608527,0.49999998290608527,0.49999998290608527,0.49999999998174516,0.49999998290608527,0.49999998290608527,0.49999999963669095,0.49999998290608527,0.49999998290608527,0.49999998290608527,0.49999998290608527,0.4999999999954059,0.49999998290608527,0.49999998290608527,0.49999998290608527,0.4999999999982726,0.49999998290608527,0.49999998290608527,0.49999998290608527,0.1736809700102483,0.49999998290608527,0.49999998290608527,0.49999998290608527,0.49999998290608527,0.49999998290608527,0.49999998290608527,0.49999998290608527,0.4999999999914345,0.49999998290608527,0.49999998290608527,0.49999999986015375,0.49999998290608527,0.49999998290608527,0.49999998290608527,0.49999998290608527,0.49999999999753875,0.49999998290608527,0.49999998290608527,0.49999998290608527,0.49999999999896594,0.49999998290608527,0.49999998290608527,0.49999998290608527,0.0,0.10547287063303412,0.42189170689919364,0.49999998290608527,0.49999998290608527,0.49999998290608527,0.49999998290608527,0.49999998290608527,0.4999999999760816,0.49999998290608527,0.49999998290608527,0.4999999994938725,0.49999998290608527,0.49999998290608527,0.49999998290608527,0.49999998290608527,0.4999999999942396,0.49999998290608527,0.49999998290608527,0.49999998290608527,0.4999999999979149,0.49999998290608527,0.49999998290608527,0.49999998290608527,0.0,0.0,0.0,0.0,0.0,0.0,0.09756561454025253,0.15582898242134816,0.4999999829060853,0.21998657010637523,0.14966408389389596,0.05668184925578496,0.0,0.0,0.0,0.0,0.09756560006587235,0.12821589640852926,0.10481139599833203,0.15582898234698772,0.4999999800872521,0.21998658647361538,0.08763635584356931,0.05219235840165814,0.0,0.0,0.0,0.0,0.0,0.0,0.0,0.0,0.06684591443693699,0.26738367058403734,0.49999998290608527,0.4999999997872201,0.49999998290608527,0.4827695698460813,0.49999998290608527,0.49999998290608527,0.4999999999967779,0.49999998290608527,0.4928652196623412,0.4987123574245581,0.4999999999987109,0.49999998290608527,0.4566531461228184,0.37433300043201634,0.0,0.0,0.0,0.0,0.0,0.0,0.05939614667538738,0.23758459269344356,0.49999999999269495,0.49999998290608527,0.49999998290608527,0.49999999952737795,0.49999998290608527,0.49999998290608527,0.49999998290608527,0.49999998290608527,0.49999999999450495,0.49999998290608527,0.49999998290608527,0.49999998290608527,0.49999999999799527,0.49999998290608527,0.49999998290608527,0.49999998290608527,0.48795657974931317,0.3838198493200261,0.09595496078916965,0.0,0.0,0.0,0.0884688201949725,0.353875288606119,0.49999999998174516,0.49999998290608527,0.49999998290608527,0.49999999963669095,0.49999998290608527,0.49999998290608527,0.49999998290608527,0.49999998290608527,0.4999999999954059,0.49999998290608527,0.49999998290608527,0.49999998290608527,0.4999999999982726,0.49999998290608527,0.4999999829060853,0.4135941926890208,0.0,0.058244494086840404,0.2329779816250892,0.49999998290608527,0.49999998290608527,0.49999998290608527,0.49999998290608527,0.49999998290608527,0.499999999978599,0.49999998290608527,0.49999998290608527,0.49999999955817,0.49999998290608527,0.49999998290608527,0.49999998290608527,0.49999998290608527,0.4999999999947531,0.49999998290608527,0.49999998290608527,0.49999998290608527,0.4999999999980713,0.49999998290608527,0.49999998290608527,0.49999998290608527,0.0,0.0,0.0,0.0,0.0,0.0,0.05732875556294924,0.22931502701368878,0.49999998290608494,0.4999999829060853,0.4999999829060853,0.49999999967949293,0.49999998290608527,0.49999998290608527,0.49999998290608527,0.49999998290608527,0.49999999999577704,0.49999998290608527,0.49999998290608527,0.49999998290608527,0.4398017998994439,0.10995037650417283,0.0,0.0,0.3387881105764966,0.0899585179893978,0.0,0.0,0.0,0.0,0.0,0.0,0.09986723995100799,0.39946912035963655,0.49999998290608527,0.4999999992742665,0.49999998290608527,0.3989633791152414,0.4999999829060853,0.49999998290608527,0.49999999999259137,0.48285417813198217,0.4137229890008709,0.4226659351912745,0.4999999999974266,0.4547088804931826,0.361495103086164,0.24883977586339417,0.0,0.0,0.0,0.0,0.0,0.0,0.12413227503172042,0.49652908413122965,0.49999999997738753,0.49999998290608527,0.49999998290608527,0.49999999952737795,0.49999998290608527,0.49999998290608527,0.49999998290608527,0.49999998290608527,0.49999999999450495,0.49999998290608527,0.49999998290608527,0.49999998290608527,0.49999999999799527,0.49999998290608527,0.49999998290608527,0.49999998290608527,0.49999999992297917,0.49999998290608527,0.49999998290608527,0.49999998290608527,0.49999998290608527,0.49999998290608527,0.49999998290608527,0.49999998290608527,0.4999999999797248,0.49999998290608527,0.49999998290608527,0.49999999958650454,0.49999998290608527,0.49999998290608527,0.49999998290608527,0.49999998290608527,0.4999999999949848,0.49999998290608527,0.49999998290608527,0.49999998290608527,0.49999999999814193,0.49999998290608527,0.49999998290608527,0.49999998290608527,0.4999999999129745,0.49999998290608527,0.49999998290608527,0.49999998290608527,0.49999998290608527,0.49999998290608527,0.49999998290608527,0.49999998290608527,0.49999999997738753,0.49999998290608527,0.49999998290608527,0.49999999952737795,0.49999998290608527,0.49999998290608527,0.49999998290608527,0.49999998290608527,0.49999999999450495,0.49999998290608527,0.49999998290608527,0.49999998290608527,0.49999999999799527,0.49999998290608527,0.49999998290608527,0.49999998290608527,0.0,0.08866140057347649,0.35464567908615574,0.49999998290608527,0.49999998290608527,0.49999998290608527,0.49999998290608527,0.49999998290608527,0.4999999999746719,0.49999998290608527,0.49999998290608527,0.4999999994573673,0.49999998290608527,0.49999998290608527,0.49999998290608527,0.49999998290608527,0.4999999999939555,0.49999998290608527,0.49999998290608527,0.49999998290608527,0.4999999999978295,0.49999998290608527,0.49999998290608527,0.49999998290608527,0.0,0.10722654926008068,0.4289064451394978,0.49999998290608527,0.49999998290608527,0.49999998290608527,0.49999998290608527,0.49999998290608527,0.4999999999914345,0.49999998290608527,0.49999998290608527,0.49999999986015375,0.49999998290608527,0.49999998290608527,0.49999998290608527,0.49999998290608527,0.49999999999753875,0.49999998290608527,0.49999998290608527,0.49999998290608527,0.49999999999896594,0.49999998290608527,0.49999998290608527,0.49999998290608527,0.36814366418002875,0.09203591429135327,0.0,0.0,0.0,0.0,0.06426014260938093,0.2570405780812537,0.4999999999807708,0.49999998290608527,0.49999998290608527,0.4999999996126099,0.49999998290608527,0.49999998290608527,0.49999998290608527,0.49999998290608527,0.49999999999520217,0.49999998290608527,0.49999998290608527,0.49999998290608527,0.4999999999982092,0.49999998290608527,0.49999998290608527,0.4999999829060853,0.0,0.10155909108933403,0.3383160150330887,0.4704536678403787,0.49999998290608527,0.497978325309673,0.49999998290608527,0.49999998290608527,0.499999999991096,0.49999998290608527,0.49999998290608527,0.49999999985299415,0.49999998290608527,0.4943216337060321,0.49999998290608527,0.49999998290608527,0.4999999999974599,0.49999998290608527,0.49999998290608527,0.49999998290608527,0.49999999999893896,0.49999998290608527,0.4704536678403787,0.3963475867219963,0.21823455428713512,0.08280948505983521,0.0,0.0,0.0,0.0,0.09333418486006538,0.37333684515178334,0.4999999999850354,0.49999998290608527,0.49999998290608527,0.4999999997161634,0.49999998290608527,0.43061652294819663,0.49999998290608527,0.49999998290608527,0.4999999999961059,0.49999998290608527,0.44508802257213076,0.4542238669399651,0.499999999998493,0.4856364147667549,0.3928807923091324,0.27988973086678204,0.0,0.07132720313675171,0.2853088319905888,0.4999999829060853,0.4999999829060853,0.499999999943899,0.49999998290608527,0.49999998290608527,0.49999999998908506,0.49999998290608527,0.49999998290608527,0.4999999998092778,0.49999998290608527,0.49999998290608527,0.49999998290608527,0.49999998290608527,0.49999999999699896,0.49999998290608527,0.49999998290608527,0.49999998290608527,0.49999999999878353,0.49999998290608527,0.49999998290608527,0.49999998290608527,0.49999999997555933,0.49999998290608527,0.49999998290608527,0.49999998290608527,0.49999998290608527,0.49999998290608527,0.49999998290608527,0.49999998290608527,0.49999999999262246,0.49999998290608527,0.49999998290608527,0.49999999988470933,0.49999998290608527,0.49999998290608527,0.49999998290608527,0.49999998290608527,0.4999999999978204,0.49999998290608527,0.49999998290608527,0.49999998290608527,0.49999999999906297,0.49999998290608527,0.49999998290608527,0.49999998290608527,0.0,0.0,0.0,0.0,0.0,0.0,0.0,0.0,0.10980230501064892,0.3411248512794771,0.3066564884398886,0.49999999955817,0.49999998290608527,0.23296211958249025,0.32681355629401754,0.49999998290608527,0.4999999999947531,0.275256113278482,0.24052814092749997,0.24500048081574333,0.4999999999980713,0.26131607111233923,0.2138673425451617,0.15561203226286052,0.0,0.0,0.0,0.0,0.0,0.0,0.0695626847875466,0.19812258029401034,0.4999999999869871,0.28203575788244595,0.24317175085783105,0.4999999997618396,0.49999998290608527,0.16347633427341246,0.2659596954388239,0.49999998290608527,0.49999999999653166,0.2086832297767196,0.17140758197876074,0.19656754435882406,0.49999999999863054,0.19340931711971499,0.14338520893455212,0.08598885571147658,0.43804864415661315,0.28395905448825454,0.07098976594219863,0.0,0.0,0.0,0.0,0.11128303144172313,0.4451321257356635,0.49999998290608527,0.49999998290608527,0.4999999996589304,0.49999998290608527,0.49999998290608527,0.49999998290608527,0.49999998290608527,0.4999999999955975,0.49999998290608527,0.49999998290608527,0.49999998290608527,0.4999999999983319,0.49999998290608527,0.49999998290608527,0.49999998290608527,0.0,0.11278120498823208,0.45112481687915107,0.49999998290608527,0.49999998290608527,0.49999998290608527,0.49999998290608527,0.49999998290608527,0.49999999999835043,0.49999998290608527,0.49999998290608527,0.49999999900858305,0.49999998290608527,0.49999998290608527,0.49999998290608527,0.49999998290608527,0.49999999999074307,0.49999998290608527,0.49999998290608527,0.49999998290608527,0.4999999999968959,0.49999998290608527,0.49999998290608527,0.49999998290608527,0.0,0.0710413197334635,0.2841652848447983,0.49999998290608527,0.49999998290608527,0.49999998290608527,0.49999998290608527,0.49999998290608527,0.4999999999835021,0.49999998290608527,0.49999998290608527,0.49999999967949293,0.49999998290608527,0.49999998290608527,0.49999998290608527,0.49999998290608527,0.49999999999577704,0.49999998290608527,0.49999998290608527,0.49999998290608527,0.49999999999838907,0.49999998290608527,0.49999998290608527,0.49999998290608527,0.0,0.12422646557968364,0.4969058462068934,0.49999998290608527,0.49999998290608527,0.49999998290608527,0.49999998290608527,0.49999998290608527,0.4999999999985998,0.49999998290608527,0.49999998290608527,0.4999999992742665,0.49999998290608527,0.49999998290608527,0.49999998290608527,0.49999998290608527,0.49999999999259137,0.49999998290608527,0.49999998290608527,0.49999998290608527,0.4999999999974266,0.49999998290608527,0.49999998290608527,0.49999998290608527,0.4695680598307689,0.22606306530524733,0.05651576524042534,0.0,0.0,0.0,0.07913332182858746,0.31653329743116465,0.4999999999978141,0.49999998290608527,0.49999998290608527,0.49999999834311004,0.49999998290608527,0.49999998290608527,0.49999998290608527,0.49999998290608527,0.49999999998650824,0.49999998290608527,0.49999998290608527,0.49999998290608527,0.49999999999572686,0.49999998290608527,0.49999998290608527,0.49999998290608527,0.0,0.0,0.0,0.0,0.0,0.0,0.06059164077995411,0.24236656993658412,0.49999999998908506,0.49999998290608527,0.49999998290608527,0.4999999998092778,0.49999998290608527,0.49999998290608527,0.49999998290608527,0.49999998290608527,0.49999999999699896,0.49999998290608527,0.49999998290608527,0.49999998290608527,0.4930088175722198,0.12325220439324469,0.0,0.0,0.11654364817585228,0.34686457834753603,0.49999998290608527,0.49999998290608527,0.49999998290608527,0.49999998290608527,0.49999998290608527,0.49999998290608527,0.49999999998429434,0.49999998290608527,0.49999998290608527,0.49999999969852593,0.49999998290608527,0.49999998290608527,0.49999998290608527,0.49999998290608527,0.49999999999594635,0.49999998290608527,0.49999998290608527,0.49999998290608527,0.49999999999844247,0.49999998290608527,0.49999998290608527,0.49999998290608527,0.37551184758296297,0.09387793433918046,0.0,0.0,0.0,0.0,0.10867014152524297,0.4346808352306686,0.4999999999981969,0.49999998290608527,0.49999998290608527,0.49999999883104485,0.49999998290608527,0.417657122743727,0.49999998290608527,0.49999998290608527,0.4999999999895687,0.49999998290608527,0.43282734383260146,0.3755118469457532,0.09387793433918062,0.0,0.0,0.0]
