WARNING: Method definition require(Symbol) in module Base at loading.jl:345 overwritten in module ConicBenchmarkUtilities at /home/ubuntu/.julia/v0.5/Requires/src/require.jl:12.

******************************************************************************
This program contains Ipopt, a library for large-scale nonlinear optimization.
 Ipopt is released as open source code under the Eclipse Public License (EPL).
         For more information visit http://projects.coin-or.org/Ipopt
******************************************************************************

#SOLVERNAME# SCIP_MISOCPDIS
#SOLVER# ConicNonlinearBridge.ConicNLPWrapper(SCIP.SCIPSolver(("display/verblevel",1,"limits/gap",1.0e-5,"limits/time",3600.0)),false,true,true)
#INSTANCE# 10_0_5_w.cbf.gz
#TIMELIMIT# 3600.0
#STATUS# Optimal
#OBJVAL# 1.95687126584604e6
#OBJBOUND# 1.95687126584604e6
#TIMESOLVER# 128.75
#TIMEALL# 139.57376289367676
#SOLUTION# [1.0,1.0,1.0,1.0,1.0,1.0,1.0,1.0,1.0,1.0,1.0,1.0,1.0,1.0,1.0,1.0,1.0,1.0,1.0,1.0,1.0,1.0,0.9999999999999997,0.9999999999999832,-0.0,-0.0,-0.0,-0.0,-0.0,0.0,0.0,1.0,1.0,1.0,1.0,1.0,1.0,1.0,1.0,1.0,1.0,1.0,1.0,1.0,1.0,1.0,1.0,1.0,1.0,1.0,1.0,1.0,1.0,1.0,1.0,1.0,1.0,1.0,1.0,1.0,1.0,1.0,1.0,1.0,1.0,1.0,2.411670717796988e-14,7.498805967220633e-15,7.498805967220633e-15,7.498805967220633e-15,1.4158318302204594e-14,1.4158318302204594e-14,1.0,1.0,1.0,1.0,1.0,1.0,1.0,1.0,1.0,1.0,1.0,1.0,1.0,1.0,-5.786726713534509e-17,-4.290512877570979e-15,0.0,-7.512159743474459e-15,0.0,-5.590438920628679e-17,-4.1449771809908356e-15,-3.997614683967501e-15,3.823871677500049e-15,3.823871677500049e-15,1.0,1.0,0.0,0.0,0.0,0.0,0.0,0.0,0.0,0.0,0.0,0.0,0.0,0.0,1.0,1.0,1.0,1.0,1.0,1.0,1.0,1.0,1.0,0.0,1.0,1.0,1.0,1.0,0.9999999999999999,0.9999999999999999,1.0,0.9999999999999994,0.9999999999999993,1.0,1.0,1.0,1.0,1.0,1.0,1.0,1.0,1.0,1.0,0.9999999999999777,1.0,1.0,1.0,1.0,1.0,1.0,1.0,1.0,1.0,1.0,1.0,1.0,1.0,1.0,1.0,1.0,1.0,1.0,1.0,1.0,1.0,0.9999999999999999,0.9999999999999998,0.9999999999999998,1.0,1.0,1.0,1.0,0.0,0.0,0.0,0.0,0.0,1.0,1.0,1.0,1.0,1.0,1.0,1.0,1.0,1.0,1.0,1.0,1.0,1.0,0.9999999999999966,1.0,1.0,1.0,1.0,1.0,1.0,1.0,-2.8487046255744833e-18,-2.8487046255744833e-18,0.0,1.0,1.0,1.0,1.0,1.0,1.0,1.0,1.0,1.0,1.0,1.0,1.0,1.0,1.0,1.0,1.0,1.0,1.0,1.0,1.0,1.0,1.0,1.0,1.0,1.0,1.0,1.0,1.0,1.0,1.0,1.0000000000000353,1.0,1.0,1.0,1.0,1.0,0.9999999999999999,0.9999999999999998,1.0,0.9999999999999999,0.9999999999999999,1.0,1.0,0.0,0.0,0.0,0.0,0.0,0.0,0.0,0.0,0.0,0.0,0.0,0.0,0.0,0.0,0.0,0.0,0.0,0.0,0.0,0.0,0.0,0.0,0.0,0.0,0.0,0.0,0.0,0.0,0.0,0.0,0.0,1.0,0.0,-0.0,0.0,0.0,0.0,0.0,0.0,0.0,0.0,0.0,0.0,0.0,0.0,0.0,0.0,0.0,0.0,0.0,0.0,0.0,0.0,0.0,0.0,0.0,0.0,0.0,0.0,0.0,0.0,0.0,0.0,0.0,0.0,0.0,0.0,0.0,0.0,0.0,0.0,0.0,0.0,0.0,0.0,0.0,0.0,0.0,0.0,0.0,0.0,0.0,0.0,0.0,0.0,0.0,0.0,0.0,0.0,0.0,0.0,0.0,0.0,3.5814714269248466e-15,3.544815008598194e-15,-3.302414758022991e-15,0.0,0.0,0.0,0.0,0.0,0.0,0.0,0.0,0.0,0.0,0.0,0.0,0.0,0.0,1.0,0.0,0.0,0.0,0.0,0.0,0.0,0.0,0.0,0.0,0.0,0.0,0.0,0.0,0.0,0.0,0.0,0.0,5.309762291685532e-16,0.0,0.0,0.0,0.0,0.0,0.0,0.0,0.0,0.0,0.0,0.0,0.0,0.0,0.0,0.0,0.0,0.0,0.0,0.0,0.0,0.0,0.0,0.0,0.0,0.0,0.0,0.0,0.0,0.0,0.0,0.0,0.0,0.0,0.0,4.440892098500626e-16,2.220446049250313e-16,0.0,0.0,0.0,0.0,0.0,0.0,0.0,0.0,1.0,0.0,0.0,0.0,0.0,0.0,0.0,0.0,0.0,0.0,0.0,0.0,0.0,0.0,0.0,0.0,0.0,0.0,0.0,0.0,0.0,0.0,0.0,0.0,1.0,0.0,0.0,0.0,0.0,0.0,0.0,0.0,0.0,0.0,0.0,0.0,0.0,0.0,0.0,0.0,3.0235861096174475e-16,0.0,0.0,0.0,0.0,0.0,0.0,0.0,0.0,0.0,0.0,0.0,0.0,0.0,0.0,0.0,0.0,0.0,0.0,0.0,-8.359326303060002e-16,0.0,-4.179663151530001e-16,0.0,0.0,0.0,0.0,0.6014687261950524,0.697069604858242,0.5504216309910673,0.5374664653600845,0.5693138559543212,0.48309590886813725,0.650058421466762,0.7279351080722369,1.0000000000000249,0.9999999999999832,1.0,0.9999999999999776,0.9999999999999807,0.7612370044114025,0.9104498449100311,1.0,1.0,1.0,1.0,1.0,1.0,0.9999999999999905,0.8168975451523686,0.6183067227746999,0.0,0.0,0.0,0.0,0.0,0.0,0.0,0.0,0.3448557391304348,0.6897114782608698,1.0,1.0,1.0,1.0,1.0,1.0,1.0,1.0,1.0,1.0,1.0,1.0,1.0,1.0,0.7185093648213252,0.8622657993051477,0.641164524866149,0.6217291792074098,0.6695566162695434,0.5397508142798211,0.7912547999326836,0.9092258881246028,1.0,1.0,1.0,1.0,1.0,0.9585196448681597,1.0,0.8853310708661551,0.4426655354330843,3.47923422737885e-14,2.411670717796988e-14,2.0797244219381452e-14,1.7477781260793023e-14,1.4158318302204594e-14,1.4158318302204596e-14,7.890918750127352e-15,0.39814521374045775,0.0,0.0,0.0,0.0,0.0,0.28121909923659905,0.6251321679388888,0.9690452366411789,0.896108206106898,0.4612025877862598,0.6084051297709998,0.41245268702293447,-1.944593210763276e-15,-1.9187150007052597e-15,0.0,-3.440683851973035e-15,0.0,-6.024213761933144e-15,-5.99860869817454e-15,-4.1449771809908356e-15,-3.997614683967501e-15,-7.331227389726674e-15,-7.528704324514312e-15,0.11230585256410253,0.0,0.0,0.0,0.0,0.0,0.0,0.0,0.0,0.0,0.0,0.0,0.0,0.0,0.0,0.0349845705128119,0.3572134871794794,0.47382492307689783,0.5600985384615157,0.6717460384615304,0.9034146089743469,0.4624069743589774,0.0,0.0,0.9200565942028984,1.0,1.0,1.0,0.9999999999999999,0.9999999999999999,1.0,1.0,1.0,1.0,1.0,1.0,1.0,1.0,1.0,1.0,1.0,1.0,1.0,1.0,1.0,1.0,1.0,1.0,1.0,1.0,1.0,1.0,1.0,1.0,1.0,1.0,1.0,1.0,1.0,1.0,1.0,1.0,1.0,1.0,1.0,1.0,0.9999999999999998,0.9999999999999998,1.0,1.0,1.0,1.0,0.0,0.0,0.0,0.0,0.0,0.0,0.456522320754717,0.913044641509434,1.0,1.0,1.0,1.0,1.0,1.0,1.0,1.0,1.0,1.0,0.9999999999999966,1.0,1.0,1.0,1.0,1.0,0.4360700967741936,-2.8487046255744833e-18,5.066601670567276e-16,3.464809826610312e-18,0.0,0.0,0.4582110483870968,0.9164220967741936,1.0,1.0,1.0,1.0,1.0,0.9486121953804806,0.9893956893573111,1.0,1.0,1.0,1.0,0.9999999999999998,1.0,0.9999999999999998,0.9639152078365715,0.9097865177172156,1.0,1.0,1.0,1.0,1.0,1.0,1.0,1.0,1.0,1.0,1.0,1.0000000000000353,1.0,1.0,1.0,1.0,1.0,0.9999999999999999,0.9999999999999998,1.0,0.9999999999999999,0.9999999999999999,1.0,1.0,1.0,1.0,1.0,1.0,1.0,1.0,1.0,1.0,1.0,1.0,1.0,1.0,1.0,1.0,1.0,1.0,1.0,1.0,1.0,1.0,1.0,1.0,0.9999999999999997,0.9999999999999832,0.0,0.0,0.0,0.0,0.0,0.0,0.0,1.0,1.0,1.0,1.0,1.0,1.0,1.0,1.0,1.0,1.0,1.0,1.0,1.0,1.0,1.0,1.0,1.0,1.0,1.0,1.0,1.0,1.0,1.0,1.0,1.0,1.0,1.0,1.0,1.0,1.0,1.0,1.0,1.0,1.0,1.0,2.411670717796988e-14,7.498805967220633e-15,7.498805967220633e-15,7.498805967220633e-15,1.4158318302204594e-14,1.4158318302204594e-14,1.0,1.0,1.0,1.0,1.0,1.0,1.0,1.0,1.0,1.0,1.0,1.0,1.0,1.0,-5.786726713534509e-17,-4.290512877570979e-15,0.0,-7.512159743474459e-15,0.0,-5.590438920628679e-17,-4.1449771809908356e-15,-3.997614683967501e-15,3.823871677500049e-15,3.823871677500049e-15,1.0,1.0,0.0,0.0,0.0,0.0,0.0,0.0,0.0,0.0,0.0,0.0,0.0,0.0,1.0,1.0,1.0,1.0,1.0,1.0,1.0,1.0,1.0,0.0,1.0,1.0,1.0,1.0,0.9999999999999999,0.9999999999999999,1.0,0.9999999999999994,0.9999999999999993,1.0,1.0,1.0,1.0,1.0,1.0,1.0,1.0,1.0,1.0,0.9999999999999777,1.0,1.0,1.0,1.0,1.0,1.0,1.0,1.0,1.0,1.0,1.0,1.0,1.0,1.0,1.0,1.0,1.0,1.0,1.0,1.0,1.0,0.9999999999999999,0.9999999999999998,0.9999999999999998,1.0,1.0,1.0,1.0,0.0,0.0,0.0,0.0,0.0,1.0,1.0,1.0,1.0,1.0,1.0,1.0,1.0,1.0,1.0,1.0,1.0,1.0,0.9999999999999966,1.0,1.0,1.0,1.0,1.0,1.0,1.0,-2.8487046255744833e-18,-2.8487046255744833e-18,0.0,1.0,1.0,1.0,1.0,1.0,1.0,1.0,1.0,1.0,1.0,1.0,1.0,1.0,1.0,1.0,1.0,1.0,1.0,1.0,1.0,1.0,1.0,1.0,1.0,1.0,1.0,1.0,1.0,1.0,1.0,1.0000000000000353,1.0,1.0,1.0,1.0,1.0,0.9999999999999999,0.9999999999999998,1.0,0.9999999999999999,0.9999999999999999,1.0,1.0,0.0,0.0,0.0,0.0,0.0,0.0,0.0,0.0,0.0,0.0,0.0,0.0,0.0,0.0,0.0,0.0,0.0,0.0,0.0,0.0,0.0,0.0,0.0,-6.821210263296962e-12,0.0,0.0,0.0,0.0,0.0,0.0,0.0,433.3993100000007,0.0,0.0,0.0,0.0,0.0,0.0,0.0,0.0,0.0,0.0,0.0,0.0,0.0,0.0,0.0,0.0,0.0,0.0,0.0,0.0,0.0,0.0,0.0,0.0,0.0,0.0,0.0,0.0,0.0,0.0,0.0,0.0,0.0,0.0,0.0,0.0,0.0,0.0,0.0,0.0,0.0,0.0,0.0,0.0,0.0,0.0,0.0,0.0,0.0,0.0,0.0,0.0,0.0,0.0,0.0,0.0,0.0,0.0,2.040570146921247e-12,0.0,0.0,4.0028902801594246e-14,0.0,0.0,0.0,0.0,0.0,0.0,0.0,0.0,0.0,0.0,0.0,0.0,0.0,0.0,0.0,0.0,308.48004200000014,0.0,0.0,0.0,0.0,0.0,0.0,0.0,0.0,0.0,0.0,0.0,0.0,0.0,0.0,0.0,0.0,0.0,-2.842170943040401e-14,1.1368683772161603e-13,0.0,0.0,0.0,0.0,0.0,0.0,0.0,0.0,0.0,0.0,0.0,0.0,0.0,0.0,0.0,0.0,0.0,0.0,0.0,0.0,0.0,0.0,0.0,0.0,0.0,0.0,0.0,0.0,0.0,0.0,0.0,0.0,0.0,0.0,0.0,0.0,0.0,0.0,0.0,0.0,0.0,0.0,0.0,132.77257700000018,0.0,0.0,0.0,0.0,0.0,0.0,0.0,0.0,0.0,0.0,0.0,0.0,-4.547473508864641e-13,0.0,0.0,0.0,0.0,0.0,0.0,0.0,0.0,0.0,4.0552464925037514e-16,142.354053,0.0,0.0,0.0,0.0,0.0,0.0,0.0,0.0,0.0,0.0,0.0,0.0,0.0,0.0,0.0,0.0,0.0,0.0,0.0,0.0,0.0,0.0,0.0,0.0,0.0,0.0,0.0,0.0,0.0,5.6843418860808015e-12,0.0,0.0,0.0,0.0,0.0,0.0,0.0,0.0,0.0,0.0,0.0,0.0,0.18088228395294137,0.24295300946226567,0.15148192050767642,0.14443509319887163,0.1620591203790392,0.11669076587342828,0.21128789932524414,0.2649447366395105,0.4999999829061102,0.4999999999999799,0.4999999999999713,0.49999999999997413,0.4999999829060659,0.2897408874285535,0.41445940734977427,0.4999999829060853,0.4999999829060853,0.4999999829060853,0.4999999829060853,0.4999999829060855,0.4999999516447868,0.4999999829060759,0.3336607948611017,0.19115159768445028,0.0,0.0,0.0,0.0,0.0,0.0,6.653719609061161e-17,0.0,0.059462740397762885,0.23785095658563257,0.4999999829060853,0.4999999829060853,0.4999999829060853,0.4999999829060853,0.4999999829060853,0.4999999829060853,0.4999999829060853,0.4999999432961193,0.4999999829060853,0.4999999829060853,0.4999999829060853,0.49999995895876403,0.4999999829060853,0.499999999999982,0.2581278536679707,0.3717511299640992,0.20554597396518426,0.19327356309196098,0.2241530032127782,0.1456654627527512,0.31304207920465943,0.4133457816839901,0.49999999999085903,0.49999998290608544,0.4999999829060853,0.4999999430878262,0.49999999999999706,0.4593799240898929,0.49999999999977457,0.39190555109343045,0.09797638669167216,2.08555311994513e-14,1.2105449681758928e-14,1.706893071689999e-14,1.0765416908710966e-14,6.028126727221121e-15,1.7763568394002505e-15,8.129181961223662e-16,0.07925979607514867,0.0,0.0,0.0,0.0,0.0,0.0395420900068053,0.19539510520297337,0.4695243351653774,0.40150495847905254,0.10635391345745451,0.18507840096573108,0.0850586093855287,1.809904156987321e-16,-1.5409838156823307e-15,0.0,-5.05878255748484e-16,0.0,-4.6163913093169946e-15,-4.861474020318303e-15,-2.1330264177547592e-15,-1.980321182062314e-15,-8.884085862724819e-15,-8.137152968411942e-16,0.006306302260074595,0.0,1.9907974650302885e-17,1.9907974650302885e-17,5.180416822079254e-19,-3.189643078480961e-20,5.099883142603404e-19,-8.886736838624574e-19,7.24560327369886e-19,6.22124207821957e-19,0.0,-8.104628079763643e-15,0.0,0.0,0.0,0.0006119598583667043,0.0638007377114556,0.11225502884429465,0.1568551863928433,0.22562137009434313,0.4080789778513067,0.1069101049614319,0.0,0.0,0.4232520679302686,0.4999999829060853,0.4999999829060853,0.4999999829060853,0.4999999829060853,0.49999998290608527,0.4999999829060853,0.4999999829060856,0.49999998290608577,0.4999999829060849,0.4999999829060853,0.4999999792694778,0.49999998290608505,0.4999999829060853,0.4999999829060853,0.49999998290608544,0.49999998290608544,0.4999999829060853,0.4999999829060853,0.4999999829060966,0.4999999829060853,0.49999998290608544,0.4999999829060853,0.4999999829060853,0.4999999999919638,0.49999999066070205,0.4999999771579386,0.4999999829060853,0.4999999829060853,0.4999999829060853,0.4999999829060853,0.4999999999989369,0.4999999829060853,0.4999999829060853,0.49999998290608527,0.4999999829060853,0.49999999999985895,0.4999999829060852,0.49999998290608527,0.4999999829060853,0.49999998290608544,0.49999998290608527,0.49999999999948946,0.49999998290608527,0.49999998290608527,0.4999999829060851,0.4999999829060853,0.4999999829060853,0.0,-4.50389691466378e-18,0.0,0.0,-1.7886643433138222e-17,0.0,0.10420631467362258,0.41682525869276105,0.4999999829060853,0.4999999999981993,0.4999999829060849,0.4999999829060853,0.49999999999856526,0.49999998290608544,0.4999999929513082,0.4999999829060853,0.4999999829060853,0.4999999829060853,0.4999999829060836,0.4999999829060853,0.4999999829060853,0.4999999829060853,0.49999998290608544,0.4999999999975406,0.0950785646400485,0.0,4.3139119043002783e-16,4.5634395651704424e-18,-7.202067671416651e-17,0.0,0.10497868243165245,0.419914729633032,0.4999999937829537,0.49999998290608544,0.4999999829060852,0.4999999998406481,0.49999999984713434,0.4499324465758408,0.4894518392270644,0.4999999829060851,0.49999997969178306,0.4999999829060851,0.49999993406095894,0.4999999821785487,0.49999999999973266,0.49999999992502064,0.46456620140578264,0.4138556984494804,0.4999999998858251,0.49999999999963984,0.4999999751637483,0.4999999829060853,0.4999999998593663,0.49999999999999095,0.4999999829060853,0.4999999829060851,0.49999998290608527,0.49999995274163117,0.4999999829060853,0.49999998290610304,0.4999999829060852,0.4999999829060853,0.49999998290608544,0.49999998290608544,0.49999998290608544,0.4999999829060853,0.4999999829060853,0.49999998290608544,0.4999999829060854,0.4999999829060854,0.49999998290608544,0.4999999829060853]
