WARNING: Method definition require(Symbol) in module Base at loading.jl:345 overwritten in module ConicBenchmarkUtilities at /home/ubuntu/.julia/v0.5/Requires/src/require.jl:12.

******************************************************************************
This program contains Ipopt, a library for large-scale nonlinear optimization.
 Ipopt is released as open source code under the Eclipse Public License (EPL).
         For more information visit http://projects.coin-or.org/Ipopt
******************************************************************************

#SOLVERNAME# SCIP_MISOCPDIS
#SOLVER# ConicNonlinearBridge.ConicNLPWrapper(SCIP.SCIPSolver(("display/verblevel",1,"limits/gap",1.0e-5,"limits/time",3600.0)),false,true,true)
#INSTANCE# robust_40_0.cbf.gz
#TIMELIMIT# 3600.0
#STATUS# Optimal
#OBJVAL# -0.07601385095591076
#OBJBOUND# -0.07601385095591076
#TIMESOLVER# 2.03
#TIMEALL# 8.216585159301758
#SOLUTION# [0.07601385095591076,0.0,0.0,0.0,0.0,0.0,0.0879843052418903,1.0,0.0,0.0,0.045086299688380106,1.0,0.0,0.0,0.0,0.0,0.0,0.0,0.08824280191011925,1.0,0.0,0.0,0.07388414571659199,1.0,0.1279769243168554,1.0,0.0,0.0,0.06044051532483298,1.0,0.0,0.0,0.0,0.0,0.0,0.0,0.0,0.0,0.171819405590486,1.0,0.0,0.0,0.0,0.0,0.0,0.0,0.14509723705602132,1.0,0.0,0.0,0.0,0.0,0.18301829147184817,1.0,0.0,0.0,0.0,0.0,0.0,0.0,0.0,0.0,0.0,0.0,0.016450073682974835,1.0,0.0,0.0,0.0,0.0,0.0,0.0,0.0,0.0,0.0,0.0,0.0,0.0,0.0,0.0,0.0,0.0,1.0,0.018278507444732056,0.01174673412780715,0.07965678284659983,0.02209873261534379,0.04127190854127924,0.0181697333430176,0.009305052879233723,0.012035061840358087,0.057272342792337,0.01788368680774152,0.038591433559132665,0.07106359086549864,0.019970344331115993,0.03828868942148421,0.010223718348884445,0.013509810027783134,0.009116937780551825,0.01081954846157385,0.09063420164708584,0.015714676912971782,0.0014953428748254887,0.009826769736011686,0.032350733295759916,0.019080176124622265,0.016564966895346925,0.05931485627945925,0.013437326092910406,0.02206578593603379,0.013202735506566284,0.023358597406385375,0.01065803705273627,0.024962976132716395,0.014814414190590245,0.01795741818486299,0.024545718998622956,0.01701501703873116,0.012691394137587053,0.018295554401695866,0.0075059207009431994,0.008110050461402436,0.0,0.2,0.004748895537120263,0.003051891049858723,0.020695439258661203,0.005741419150903356,0.01072275637782988,0.004720635196510889,0.0024175236530904177,0.0031268007869579713,0.01487979113771891,0.004646318126645563,0.010026348549198382,0.01846286249210159,0.005188447653918257,0.00994769331497253,0.0026561999433794667,0.003509951605313263,0.002368649916807399,0.0028110011475602436,0.023547456323443683,0.004082792825670798,0.0003885014750915305,0.002553069668552641,0.008404967059537033,0.004957175169779589,0.004303704643274161,0.015410451707948695,0.00349111972662093,0.005732859352519514,0.003430171304445725,0.006068741625207723,0.0027690392526495728,0.0064855714455000985,0.0038488977093691264,0.004665474100341862,0.00637716486209166,0.0044206311004095986,0.0032973209197787604,0.004753324466459109,0.0019500954017353316,0.0021070529176653555,0.0,0.051958920329582416]
