WARNING: Method definition require(Symbol) in module Base at loading.jl:345 overwritten in module ConicBenchmarkUtilities at /home/ubuntu/.julia/v0.5/Requires/src/require.jl:12.

******************************************************************************
This program contains Ipopt, a library for large-scale nonlinear optimization.
 Ipopt is released as open source code under the Eclipse Public License (EPL).
         For more information visit http://projects.coin-or.org/Ipopt
******************************************************************************

#SOLVERNAME# SCIP_MISOCPDIS
#SOLVER# ConicNonlinearBridge.ConicNLPWrapper(SCIP.SCIPSolver(("display/verblevel",1,"limits/gap",1.0e-5,"limits/time",3600.0)),false,true,true)
#INSTANCE# robust_50_0.cbf.gz
#TIMELIMIT# 3600.0
#STATUS# Optimal
#OBJVAL# -0.08609481424552369
#OBJBOUND# -0.08609481424552369
#TIMESOLVER# 2.37
#TIMEALL# 8.775654077529907
#SOLUTION# [0.08609481424552369,0.0,0.0,0.0,0.0,0.0,0.0,0.0,0.05312622457124249,1.0,0.0,0.0,0.0,0.0,0.04267216286477803,1.0,0.0,0.0,0.0,0.0,0.0,0.0,0.0,0.0,0.0,0.0,0.04427940872135963,1.0,0.0,0.0,0.0,0.0,0.0,0.0,0.05483054165681579,1.0,0.0,0.0,0.0,0.0,0.0,0.0,0.0,0.0,0.0,0.0,0.0,0.0,0.0,0.0,0.0,0.0,0.0,0.0,0.10121410915743641,1.0,0.4010132509261739,1.0,0.0,1.0,0.0,0.0,0.0,0.0,0.09870338700230438,1.0,0.0,0.0,0.0,0.0,0.0,0.0,0.0,0.0,0.0,0.0,0.0,0.0,0.1459532572828504,1.0,0.05820765781703901,1.0,0.0,0.0,0.0,0.0,0.0,0.0,0.0,0.0,0.0,0.0,0.0,0.0,0.0,0.0,0.0,0.0,0.0,0.0,0.0,0.0,1.0,0.02061049654056658,0.009058665768503466,0.0038077562371538185,0.05560080045455691,0.0145426644709086,0.012535364559296222,0.025700903771112178,0.02402995466497534,0.014359261987318982,0.01530992142693769,0.01651786371036204,0.009915985790351713,0.07016105374422477,0.020378165090762613,0.014651383242147457,0.014922365640889898,0.029615690538953767,0.008035721936350385,0.02113729367271301,0.008535456620521307,0.0025154261806691874,0.018552905346955747,-0.0004721370366905146,0.010545202729640681,0.017817451527464438,0.015490011450990616,0.07372918913311723,0.09441030474564728,0.019090708741743116,0.015532674238535877,-0.000375279579738108,0.03571179534001304,0.003433423389516818,0.01755702671819548,0.015220010274998102,0.012842603040341212,0.013475350565281305,0.012147213671118852,0.05904281123109001,0.04118132961574447,0.013239740883953367,0.007070987548503544,0.013603690261809244,0.014272146319787609,0.01930504440475366,0.02808768558542729,0.004511215855840641,0.007736963013942871,0.023280623408182023,0.02929802658928195,0.0,0.2,0.0053547640766209255,0.002353510403984033,0.000989284089839447,0.014445511699321118,0.0037782950611547532,0.0032567832462112867,0.006677290669794138,0.006243165357488824,0.003730645698182831,0.003977634265708644,0.004291466876816755,0.002576248679403938,0.018228376469611753,0.005294402595329073,0.003806541026475875,0.0038769443188706653,0.0076943821071995475,0.0020877418003886743,0.00549162998634992,0.0022175766798736055,0.0006535268921406738,0.004820186203344659,-0.0001226648003509942,0.0027397240355776674,0.0046291096960430714,0.0040244230264441525,0.019155405236902436,0.024528516686634295,0.004959911623970142,0.004035507143785239,-9.750049487061005e-5,0.00927819659377683,0.0008920295631804622,0.0045614493458616175,0.003954274663206227,0.003336606145104533,0.0035009987743282477,0.0031559386873145964,0.015339772331082859,0.010699223282657702,0.0034397855835091307,0.0018370964540609066,0.0035343424055889563,0.0037080123838291773,0.005015597662709629,0.007297394775145631,0.0011720482599398066,0.002010121955467208,0.006048483386235857,0.0076118505921255394,0.0,0.051955101001969636]
