WARNING: Method definition require(Symbol) in module Base at loading.jl:345 overwritten in module ConicBenchmarkUtilities at /home/ubuntu/.julia/v0.5/Requires/src/require.jl:12.

******************************************************************************
This program contains Ipopt, a library for large-scale nonlinear optimization.
 Ipopt is released as open source code under the Eclipse Public License (EPL).
         For more information visit http://projects.coin-or.org/Ipopt
******************************************************************************

#SOLVERNAME# SCIP_MISOCPDIS
#SOLVER# ConicNonlinearBridge.ConicNLPWrapper(SCIP.SCIPSolver(("display/verblevel",1,"limits/gap",1.0e-5,"limits/time",3600.0)),false,true,true)
#INSTANCE# shortfall_200_1.cbf.gz
#TIMELIMIT# 3600.0
#STATUS# UserLimit
#OBJVAL# -1.135441853653186
#OBJBOUND# -1.1395073099772732
#TIMESOLVER# 3600.0
#TIMEALL# 3648.258626937866
#SOLUTION# [0.0,0.0,0.0,0.0,0.0,0.0,0.0,0.0,0.0,0.0,0.0,0.0,0.0,0.0,0.0,0.0,0.0,0.0,0.0,0.0,0.06985352069484421,0.0,0.0,0.0,0.0,0.0,0.0,0.0,0.0,0.0,0.0,0.0,0.0,0.0,0.0,0.0,0.0,0.0,0.0,0.0,0.0,0.0,0.0,0.0,0.0,0.0,0.0,0.0,0.0,0.0,0.0,0.0,0.0,0.0,0.0,0.0,0.0,0.0,0.0,0.0,0.07969539789879439,0.0,0.0,0.0,0.0,0.0,0.0,0.0,0.08190781083453991,0.0,0.0,0.0,0.0,0.036824963087953744,0.0,0.0,0.0,0.0,0.0,0.0,0.2141637080521832,0.0,0.0,0.0,0.0,0.0,0.18019404797473623,0.0,0.0,0.0,0.0,0.0,0.0,0.0,0.0,0.0,0.0,0.0,0.0,0.0,0.0,0.0,0.0,0.0,0.0,0.0,0.0,0.0,0.0,0.0,0.0,0.0,0.0,0.0,0.0,0.0,0.0,0.0,0.0,0.0,0.0,0.0,0.1091810316527902,0.0,0.0,0.0,0.0,0.0,0.0,0.0,0.0,0.0,0.0,0.0,0.0,0.0,0.0,0.0,0.0,0.0,0.0,0.0,0.0,0.0,0.0,0.0,0.0,0.0,0.0,0.0,0.0,0.0,0.10721761119780227,0.0,0.0,0.0,0.0,0.0,0.0,0.0,0.0,0.0,0.0,0.0,0.0,0.0,0.0,0.0,0.0,0.010260609462504114,0.0,0.0,0.0,0.0,0.0,0.0,0.0,0.0,0.0,0.0,0.0,0.0,0.0,0.0,0.0,0.0,0.0,0.0,0.0,0.0,0.0,0.0,0.0,0.0,0.0,0.0,0.11070129914385174,0.0,0.0,0.0,0.0,0.0,0.0,0.0,0.0,0.0,0.0,0.0,0.0,0.0,0.0,0.0,0.0,0.0,0.0,0.0,0.0,0.0,0.0,0.0,0.0,0.0,1.0,0.0,0.0,0.0,0.0,0.0,0.0,0.0,0.0,0.0,0.0,0.0,0.0,0.0,0.0,0.0,0.0,0.0,0.0,0.0,0.0,0.0,0.0,0.0,0.0,0.0,0.0,0.0,0.0,0.0,0.0,0.0,0.0,0.0,0.0,0.0,0.0,0.0,0.0,0.0,1.0,0.0,0.0,0.0,0.0,0.0,0.0,0.0,1.0,0.0,0.0,0.0,0.0,1.0,0.0,0.0,0.0,0.0,0.0,0.0,1.0,0.0,0.0,0.0,0.0,0.0,1.0,0.0,0.0,0.0,0.0,0.0,0.0,0.0,0.0,0.0,0.0,0.0,0.0,0.0,0.0,0.0,0.0,0.0,0.0,0.0,0.0,0.0,0.0,0.0,0.0,0.0,0.0,0.0,0.0,0.0,0.0,0.0,0.0,0.0,0.0,0.0,1.0,0.0,0.0,0.0,0.0,0.0,0.0,0.0,0.0,0.0,0.0,0.0,0.0,0.0,0.0,0.0,0.0,0.0,0.0,0.0,0.0,0.0,0.0,0.0,0.0,0.0,0.0,0.0,0.0,0.0,1.0,0.0,0.0,0.0,0.0,0.0,0.0,0.0,0.0,0.0,0.0,0.0,0.0,0.0,0.0,0.0,0.0,1.0,0.0,0.0,0.0,0.0,0.0,0.0,0.0,0.0,0.0,0.0,0.0,0.0,0.0,0.0,0.0,0.0,0.0,0.0,0.0,0.0,0.0,0.0,0.0,0.0,0.0,0.0,1.0,0.0,0.0,0.0,0.0,0.011957835828836022,0.004097003482959731,0.0022954226185062875,0.015594283294444539,0.003434254925134797,0.007915544072655068,0.006636023398743912,0.002328794296672052,0.00578128122231862,0.002938443976928752,0.017348337135129645,0.008595184424700647,0.024193329421538397,0.011668303387458551,0.010129674376975126,0.012505449630371583,0.005144515403456732,0.009857630369233665,0.017290089468947563,0.004589783525202649,0.07184558239039612,0.0041500877333714385,0.00749956205820444,0.005660279162090703,0.0009114767438880686,0.009708978686904216,0.004207247409707698,0.005129788836413327,0.006130079696531115,0.002209097048825473,0.005659099443685811,0.002719144365349903,0.004107963173701014,0.005528680810994778,0.004597491611284099,0.004045707724359917,0.009084744795922237,0.011489252081903246,0.009644632039220781,0.0033994274659610354,0.008120089804939123,0.007899658384187056,0.007738005048144186,0.010335032508540702,0.0010468300484371043,0.02676326828483854,0.006761743770723492,0.01031810303227798,0.006876236091153635,0.008433599849766094,0.0012028629286442534,0.007178418703571824,0.009812477771620153,0.00608992476046909,0.006777374966745544,0.002914834907116372,0.0076788866955723924,0.01004609969076595,0.004050142442288086,0.004581201240375536,0.04445205998619647,0.004793689752994389,0.0023794819663693818,0.009800634184682844,0.014672783586470206,0.004408633492707577,0.0005046109118178751,0.004925950168435636,0.05050333444394283,0.012612292985114666,0.004873569715430547,0.014207158399525925,0.008739680970466233,0.03346690513514331,0.004733877107802587,0.021394918833074976,0.007623611853303348,-0.004386022473531791,0.0027991603222071015,0.020289026045697964,0.026287784746372438,0.01021474890143632,0.006264200165844168,-0.002410817349417426,0.00452888914112502,0.016249181326338347,0.06871228880979788,0.0059624955564835215,0.002787882317882388,0.009187640408248708,0.007081731519527796,0.0008564931806964039,0.002264522788637381,0.011218012101117971,0.00693999040566577,0.004658813008617698,0.0015551714723313886,0.015290060101264775,0.009568142572026902,0.00260794174389835,0.002709579889746629,0.003144455305535786,0.022586809937964664,0.010063260709327244,0.00765653840041914,0.008480397204507028,0.0009951656819781577,0.01325905584479593,0.010348200102832987,0.0015505266142603709,0.0071801127530723916,0.009614370255304294,0.00828744373332691,0.015312567411094661,0.004780809625253909,0.007971879020742924,0.004671697381153443,0.014895204290067705,0.005440321334065006,0.00490519176282944,0.005634953371689545,0.004232901576887705,0.03531201147023114,0.0076708513767140985,0.0038902295078282866,0.020415449306590065,0.009075014832539115,0.0182999761831762,0.006322012576200102,0.002072430626018798,0.008998138673225705,0.011108018665256533,0.003744647273180712,0.009666631563222425,0.015869333033727066,0.004929006713919428,0.00425809863570463,0.0050198567228348385,0.00606601127855081,0.0018795887673029388,0.005255054552639835,0.0011597249503660838,0.002596067045684393,0.00604027389661028,0.0015597985840166096,0.010909196050700858,0.006359043499448301,0.007683434491725695,0.007267891364365084,0.005318917824941005,0.003868474435419199,0.0016014731313737476,0.054707760576918986,0.009588568340106435,0.003107826150611882,0.005554324517666361,0.0036057325714895405,0.004751169921164621,0.010202424981602747,0.007400088786146281,0.0033634951921457956,0.005390050649181152,0.004161064570048323,0.005241659085295153,0.010578663622048613,0.005007880369415857,0.01180443656893275,0.006025070203448552,0.0062201253522329225,0.025241782521634747,0.006663379660217118,0.0078508366110891,0.008712787271945108,0.008670374256287538,0.006749688919998638,0.012523817100787659,0.009695029436134697,0.002990508114797,0.006666098592038916,0.007500850722546651,0.009137693894856616,0.001814069558672689,0.007079488005696343,-0.0013225279690418572,0.010730785811566619,0.002918984206566282,0.009763660614568431,0.007505841592450239,0.013568393285336385,0.0029274491266285275,0.004059919906285056,0.010366298340421964,0.011314101273206156,0.007589216968266152,0.0012576684810709864,0.003638106747475301,0.052067866529129724,0.0036055517890352298,0.005203644651294997,0.0051756596333848055,0.23544185365318615,0.026722453513536994,0.009155668858923246,0.005129634249454844,0.03484890714152612,0.00767460926075308,0.017689050221428547,0.014829675647498774,0.005204210713893595,0.012919563449729318,0.006566609016847045,0.03876873200690157,0.019207858304548873,0.05406539528212243,0.026075428640799304,0.02263701864790811,0.0279462187971861,0.011496568081912597,0.022029075584082347,0.03863856459416039,0.010256895866863921,0.16055499197861442,0.009274297466493423,0.016759445550254017,0.012649157334796268,0.002036898253652465,0.021696880216323728,0.009402033523051516,0.011463658280434783,0.013699031502824633,0.004936720493500596,0.01264652099067137,0.0060765350804060855,0.009180160734422169,0.01235507144250307,0.010274121305893048,0.009041037035552684,0.02030189023886355,0.025675298528818547,0.02155308326793894,0.0075967795286772345,0.018146153321069038,0.017653550104376137,0.017292299639028872,0.023095937235095464,0.0023393754276568868,0.05980849736097538,0.015110625883312096,0.023058104541210454,0.015366484531494405,0.018846761501247658,0.0026880657297819717,0.016041779035326848,0.021928172025276787,0.013609296334386437,0.01514555728018353,0.006513849280086172,0.01716018648318611,0.022450252355152352,0.0090509474027276,0.010237716835589786,0.09933805109596697,0.010712569850959405,0.005317483626867527,0.02190170488641522,0.03278961033719136,0.009852075681036373,0.0011276657270171805,0.01100813527382524,0.11286097470099127,0.028184984124058,0.010891079458669198,0.03174906691520815,0.01953076809210223,0.0747892703593732,0.010578905143269979,0.04781172213152832,0.017036662509103753,-0.009801546311218304,0.006255348598007766,0.045340357829103964,0.058745923251831735,0.022827136664047606,0.013998753631287778,-0.005387509535302474,0.010120813772156963,0.03631242298702614,0.1535529480259875,0.013324527331992235,0.006230145379749338,0.020531833454048878,0.015825709939049384,0.0019140252076908734,0.005060581681827451,0.02506915224270983,0.015508957779181022,0.010411157657042888,0.0034753778166730065,0.034169052504461894,0.021382150478710116,0.005828027998952718,0.0060551611245876,0.007026987318637076,0.050475268871884894,0.02248860248199078,0.01711024422884446,0.018951340637014452,0.0022239198677405916,0.029630320111230287,0.02312536316395053,0.003464997844439214,0.016045564767099486,0.021485456556423567,0.018520143032557338,0.034219350112595505,0.010683786330285558,0.01781494323861107,0.010439950663659287,0.03328665905047097,0.012157612466770808,0.01096174598258834,0.012592561202655322,0.009459363486408544,0.07891257234918803,0.017142229769468834,0.008693586253228427,0.04562287882709843,0.020280146463659103,0.0408953818946485,0.014127948367723006,0.004631308863621393,0.020108349524567658,0.024823347356384685,0.008368250251509307,0.021602246115285998,0.035463567183451374,0.011014965807023002,0.009515671939087686,0.011217990432439942,0.01355585632082085,0.004200360682130923,0.01174359248647491,0.0025916642876056923,0.005801491334998467,0.0134983403955054,0.0034857181306462174,0.024379033840882913,0.014210702232153618,0.01717034954889765,0.016241725668898706,0.011886309224663813,0.008644969687534016,0.003578849209746931,0.12225670345139161,0.021427796417138812,0.006945131295214039,0.012412378029518903,0.00805781434057826,0.010617549795011293,0.02279959611410438,0.016537150318369016,0.007516480841656622,0.012045271399446344,0.009298827658412983,0.011713657324415948,0.023640385344130904,0.01119122659723753,0.026379648623885435,0.013464364349207062,0.013900258621429573,0.056408397781026624,0.014890809320513343,0.017544446953878606,0.019470668119262305,0.01937588676789557,0.01508368662835674,0.02798726501001097,0.021665707501580606,0.006682957955218631,0.014896885380617763,0.016762325358395922,0.020420216820287745,0.004053943384559091,0.015820696306572235,-0.0029554839754405383,0.023980336334925537,0.006523121815957288,0.021819079190364986,0.016773478571310004,0.030321603675677992,0.0065420385694649665,0.009072797328657303,0.02316580771592229,0.025283884947777467,0.016959799460499816,0.0028105409709518873,0.00813016166372281,0.116357270896665,0.008057410341827928,0.011628705585660447,0.011566166816029788,0.4354418536531862]
