WARNING: Method definition require(Symbol) in module Base at loading.jl:345 overwritten in module ConicBenchmarkUtilities at /home/ubuntu/.julia/v0.5/Requires/src/require.jl:12.

******************************************************************************
This program contains Ipopt, a library for large-scale nonlinear optimization.
 Ipopt is released as open source code under the Eclipse Public License (EPL).
         For more information visit http://projects.coin-or.org/Ipopt
******************************************************************************

#SOLVERNAME# SCIP_MISOCP
#SOLVER# ConicNonlinearBridge.ConicNLPWrapper(SCIP.SCIPSolver(("display/verblevel",1,"limits/gap",1.0e-5,"limits/time",3600.0)),false,false,true)
#INSTANCE# clay0303h.cbf.gz
#TIMELIMIT# 3600.0
#STATUS# Optimal
#OBJVAL# 26668.981583672703
#OBJBOUND# 26668.981583672703
#TIMESOLVER# 1.33
#TIMEALL# 7.4966959953308105
#SOLUTION# [19.610082336566553,19.610082336566553,0.0,30.81395763319771,26.81395763319771,4.0,26668.981583672703,30.14575538200908,49.755837718575634,49.755837718575634,50.000000088088264,80.81395772128597,76.81395772128597,30.14575538200908,0.0,0.0,0.0,30.14575538200908,0.0,0.0,0.0,49.755837718575634,0.0,0.0,0.0,0.0,0.0,0.0,49.755837718575634,49.755837718575634,0.0,0.0,0.0,0.0,0.0,0.0,49.755837718575634,50.000000088088264,0.0,0.0,0.0,50.000000088088264,0.0,0.0,0.0,80.81395772128597,0.0,0.0,0.0,0.0,0.0,0.0,80.81395772128597,76.81395772128597,0.0,0.0,0.0,0.0,0.0,0.0,76.81395772128597,1.0,1.0,0.0,0.0,0.0,0.0,0.0,0.0,0.0,0.0,0.0,1.0,0.0,0.0,30.14575538200908,0.0,49.755837718575634,0.0,4.4255269696505357e-16,49.755837718575634,0.0,0.0,0.0,50.000000088088264,0.0,80.81395772128597,0.0,0.0,76.81395772128597,0.0,0.0,0.0,3.9847855388395e-17,0.0,1.0,1.0,1.0,0.0,0.0,0.0,0.0,0.0,0.0,-3.9847855388395e-17,-3.9847855388395e-17,0.0,0.0,2475.6424216144055,6530.8956610725145,2475.642396136977,5919.500251118212,908.7665458993196,2501.457562211568,0.0,0.0,0.0,0.0,0.0,0.0,0.0,0.0,-3.9847855388395e-17,-3.9847855388395e-17,0.0,0.0,2475.642436762089,6539.035223137689,2475.6423960740767,5900.383997508828,908.7665457648777,2501.4575634030684,0.0,0.0,0.0,0.0,0.0,0.0,0.0,0.0,0.0,-3.9847855388395e-17,0.0,0.0,2475.6424367701475,6534.313917856713,2496.2236232515597,5900.3839976921745,908.7665459220125,2500.000008368784,0.0,0.0,0.0,0.0,0.0,0.0,0.0,0.0,-3.9847855388395e-17,0.0,0.0,0.0,2475.6433870768165,6542.452544762904,2475.6423961519054,5901.848971119545,908.7665470644224,2500.0000082834326,0.0,0.0,0.0,0.0]
