----------------------------------------------------------------------------
	SCS v1.2.6 - Splitting Conic Solver
	(c) Brendan O'Donoghue, Stanford University, 2012-2016
----------------------------------------------------------------------------
Lin-sys: sparse-direct, nnz in A = 255
eps = 1.00e-04, alpha = 1.80, max_iters = 50000, normalize = 1, scale = 5.00
Variables n = 51, constraints m = 178
Cones:	primal zero / dual free vars: 24
	linear vars: 52
	soc vars: 18, soc blks: 3
	sd vars: 84, sd blks: 3
Setup time: 3.08e-04s
----------------------------------------------------------------------------
 Iter | pri res | dua res | rel gap | pri obj | dua obj | kap/tau | time (s)
----------------------------------------------------------------------------
     0|      inf       inf      -nan      -inf      -inf       inf  4.35e-04 
   100| 4.79e-03  1.63e-02  6.40e-03 -5.60e-02 -4.89e-02  1.15e-17  3.85e-03 
   200| 1.81e-03  1.08e-02  4.12e-03 -5.32e-02 -4.87e-02  2.16e-17  7.34e-03 
   300| 9.85e-04  6.41e-03  5.40e-03 -5.71e-02 -5.11e-02  1.47e-17  1.08e-02 
   400| 6.44e-04  4.77e-03  4.21e-03 -5.73e-02 -5.26e-02  1.66e-17  1.43e-02 
   500| 3.27e-04  4.14e-03  4.63e-03 -5.87e-02 -5.35e-02  1.86e-17  1.78e-02 
   600| 3.03e-04  3.18e-03  4.16e-03 -5.94e-02 -5.48e-02  2.08e-17  2.13e-02 
   700| 2.11e-04  2.69e-03  3.86e-03 -6.00e-02 -5.57e-02  7.72e-18  2.47e-02 
   800| 1.56e-04  2.31e-03  3.77e-03 -6.07e-02 -5.65e-02  4.26e-17  2.82e-02 
   900| 1.74e-04  1.96e-03  3.46e-03 -6.11e-02 -5.72e-02  9.37e-18  3.16e-02 
  1000| 1.45e-04  1.73e-03  3.27e-03 -6.15e-02 -5.79e-02  1.02e-17  3.51e-02 
  1100| 1.37e-04  1.52e-03  3.08e-03 -6.19e-02 -5.85e-02  1.11e-17  3.85e-02 
  1200| 1.33e-04  1.35e-03  2.87e-03 -6.22e-02 -5.90e-02  1.20e-17  4.21e-02 
  1300| 1.21e-04  1.21e-03  2.70e-03 -6.25e-02 -5.95e-02  1.30e-17  4.55e-02 
  1400| 1.15e-04  1.09e-03  2.53e-03 -6.28e-02 -5.99e-02  1.39e-17  4.89e-02 
  1500| 1.08e-04  9.92e-04  2.37e-03 -6.30e-02 -6.03e-02  1.48e-17  5.24e-02 
  1600| 1.01e-04  9.07e-04  2.22e-03 -6.32e-02 -6.07e-02  1.58e-17  5.58e-02 
  1700| 9.57e-05  8.32e-04  2.08e-03 -6.34e-02 -6.10e-02  1.67e-17  5.93e-02 
  1800| 8.99e-05  7.68e-04  1.95e-03 -6.35e-02 -6.13e-02  5.29e-17  6.27e-02 
  1900| 8.44e-05  7.11e-04  1.83e-03 -6.37e-02 -6.16e-02  1.85e-17  6.61e-02 
  2000| 7.94e-05  6.61e-04  1.71e-03 -6.38e-02 -6.19e-02  1.94e-17  7.06e-02 
  2100| 7.45e-05  6.17e-04  1.60e-03 -6.39e-02 -6.21e-02  2.03e-17  7.53e-02 
  2200| 7.00e-05  5.77e-04  1.50e-03 -6.40e-02 -6.23e-02  2.12e-17  7.99e-02 
  2300| 6.57e-05  5.42e-04  1.40e-03 -6.41e-02 -6.25e-02  2.20e-17  8.46e-02 
  2400| 6.16e-05  5.10e-04  1.31e-03 -6.41e-02 -6.27e-02  2.28e-17  8.92e-02 
  2500| 5.78e-05  4.82e-04  1.23e-03 -6.42e-02 -6.28e-02  2.36e-17  9.38e-02 
  2600| 5.42e-05  4.57e-04  1.15e-03 -6.43e-02 -6.30e-02  2.44e-17  9.83e-02 
  2700| 5.08e-05  4.34e-04  1.07e-03 -6.43e-02 -6.31e-02  2.51e-17  1.03e-01 
  2800| 4.76e-05  4.13e-04  1.00e-03 -6.43e-02 -6.32e-02  2.58e-17  1.07e-01 
  2900| 4.46e-05  3.94e-04  9.35e-04 -6.44e-02 -6.33e-02  2.65e-17  1.12e-01 
  3000| 4.18e-05  3.78e-04  8.72e-04 -6.44e-02 -6.34e-02  2.71e-17  1.16e-01 
  3100| 3.91e-05  3.63e-04  8.14e-04 -6.45e-02 -6.35e-02  2.78e-17  1.21e-01 
  3200| 3.66e-05  3.50e-04  7.59e-04 -6.45e-02 -6.36e-02  0.00e+00  1.25e-01 
  3300| 3.43e-05  3.38e-04  7.07e-04 -6.45e-02 -6.37e-02  2.89e-17  1.30e-01 
  3400| 3.21e-05  3.27e-04  6.59e-04 -6.45e-02 -6.38e-02  0.00e+00  1.34e-01 
  3500| 3.00e-05  3.18e-04  6.14e-04 -6.45e-02 -6.39e-02  5.99e-17  1.39e-01 
  3600| 2.81e-05  3.10e-04  5.71e-04 -6.46e-02 -6.39e-02  6.09e-17  1.43e-01 
  3700| 2.64e-05  3.03e-04  5.32e-04 -6.46e-02 -6.40e-02  3.09e-17  1.48e-01 
  3800| 2.47e-05  2.97e-04  4.95e-04 -6.46e-02 -6.40e-02  3.13e-17  1.52e-01 
  3900| 2.32e-05  2.91e-04  4.60e-04 -6.46e-02 -6.41e-02  3.17e-17  1.57e-01 
  4000| 2.18e-05  2.86e-04  4.28e-04 -6.46e-02 -6.41e-02  3.21e-17  1.61e-01 
  4100| 2.05e-05  2.82e-04  3.98e-04 -6.46e-02 -6.42e-02  3.25e-17  1.65e-01 
  4200| 1.92e-05  2.79e-04  3.70e-04 -6.46e-02 -6.42e-02  0.00e+00  1.70e-01 
  4300| 1.81e-05  2.75e-04  3.44e-04 -6.46e-02 -6.43e-02  3.31e-17  1.74e-01 
  4400| 1.71e-05  2.73e-04  3.20e-04 -6.47e-02 -6.43e-02  3.34e-17  1.79e-01 
  4500| 1.62e-05  2.71e-04  2.98e-04 -6.47e-02 -6.43e-02  0.00e+00  1.83e-01 
  4600| 1.53e-05  2.69e-04  2.77e-04 -6.47e-02 -6.44e-02  0.00e+00  1.87e-01 
  4700| 1.45e-05  2.67e-04  2.57e-04 -6.47e-02 -6.44e-02  0.00e+00  1.92e-01 
  4800| 1.38e-05  2.65e-04  2.39e-04 -6.47e-02 -6.44e-02  6.89e-17  1.96e-01 
  4900| 1.32e-05  2.64e-04  2.23e-04 -6.47e-02 -6.44e-02  0.00e+00  2.00e-01 
  5000| 1.26e-05  2.63e-04  2.07e-04 -6.47e-02 -6.45e-02  6.97e-17  2.05e-01 
  5100| 1.21e-05  2.62e-04  1.93e-04 -6.47e-02 -6.45e-02  0.00e+00  2.09e-01 
  5200| 1.16e-05  2.62e-04  1.80e-04 -6.47e-02 -6.45e-02  7.05e-17  2.14e-01 
  5300| 1.12e-05  2.61e-04  1.67e-04 -6.47e-02 -6.45e-02  0.00e+00  2.18e-01 
  5400| 1.08e-05  2.60e-04  1.56e-04 -6.47e-02 -6.45e-02  0.00e+00  2.22e-01 
  5500| 1.05e-05  2.60e-04  1.45e-04 -6.47e-02 -6.45e-02  0.00e+00  2.27e-01 
  5600| 1.02e-05  2.59e-04  1.35e-04 -6.47e-02 -6.46e-02  0.00e+00  2.31e-01 
  5700| 9.90e-06  2.59e-04  1.26e-04 -6.47e-02 -6.46e-02  0.00e+00  2.36e-01 
  5800| 9.66e-06  2.59e-04  1.18e-04 -6.47e-02 -6.46e-02  0.00e+00  2.40e-01 
  5900| 9.45e-06  2.58e-04  1.10e-04 -6.47e-02 -6.46e-02  0.00e+00  2.44e-01 
  6000| 9.27e-06  2.58e-04  1.03e-04 -6.47e-02 -6.46e-02  0.00e+00  2.49e-01 
  6100| 9.11e-06  2.58e-04  9.67e-05 -6.47e-02 -6.46e-02  0.00e+00  2.53e-01 
  6200| 8.96e-06  2.58e-04  9.06e-05 -6.47e-02 -6.46e-02  0.00e+00  2.57e-01 
  6300| 8.84e-06  2.58e-04  8.50e-05 -6.47e-02 -6.46e-02  0.00e+00  2.62e-01 
  6400| 8.72e-06  2.57e-04  7.99e-05 -6.47e-02 -6.46e-02  0.00e+00  2.66e-01 
  6500| 8.63e-06  2.57e-04  7.51e-05 -6.47e-02 -6.46e-02  0.00e+00  2.71e-01 
  6600| 8.54e-06  2.57e-04  7.07e-05 -6.47e-02 -6.46e-02  0.00e+00  2.75e-01 
  6700| 8.46e-06  2.57e-04  6.66e-05 -6.47e-02 -6.47e-02  0.00e+00  2.79e-01 
  6800| 8.40e-06  2.57e-04  6.29e-05 -6.47e-02 -6.47e-02  0.00e+00  2.84e-01 
  6900| 8.34e-06  2.57e-04  5.94e-05 -6.47e-02 -6.47e-02  0.00e+00  2.88e-01 
  7000| 8.28e-06  2.56e-04  5.62e-05 -6.47e-02 -6.47e-02  0.00e+00  2.92e-01 
  7100| 8.24e-06  2.56e-04  5.33e-05 -6.47e-02 -6.47e-02  0.00e+00  2.97e-01 
  7200| 8.19e-06  2.56e-04  5.05e-05 -6.47e-02 -6.47e-02  0.00e+00  3.01e-01 
  7300| 8.16e-06  2.56e-04  4.80e-05 -6.47e-02 -6.47e-02  0.00e+00  3.06e-01 
  7400| 8.12e-06  2.56e-04  4.57e-05 -6.47e-02 -6.47e-02  0.00e+00  3.10e-01 
  7500| 8.09e-06  2.56e-04  4.36e-05 -6.47e-02 -6.47e-02  0.00e+00  3.14e-01 
  7600| 8.07e-06  2.55e-04  4.16e-05 -6.47e-02 -6.47e-02  0.00e+00  3.19e-01 
  7700| 8.04e-06  2.55e-04  3.98e-05 -6.47e-02 -6.47e-02  0.00e+00  3.23e-01 
  7800| 8.02e-06  2.55e-04  3.82e-05 -6.47e-02 -6.47e-02  0.00e+00  3.27e-01 
  7900| 8.00e-06  2.55e-04  3.66e-05 -6.47e-02 -6.47e-02  0.00e+00  3.32e-01 
  8000| 7.98e-06  2.55e-04  3.52e-05 -6.48e-02 -6.47e-02  0.00e+00  3.36e-01 
  8100| 7.96e-06  2.55e-04  3.39e-05 -6.48e-02 -6.47e-02  0.00e+00  3.40e-01 
  8200| 7.95e-06  2.54e-04  3.27e-05 -6.48e-02 -6.47e-02  0.00e+00  3.45e-01 
  8300| 7.93e-06  2.54e-04  3.16e-05 -6.48e-02 -6.47e-02  0.00e+00  3.49e-01 
  8400| 7.92e-06  2.54e-04  3.06e-05 -6.48e-02 -6.47e-02  0.00e+00  3.54e-01 
  8500| 7.90e-06  2.54e-04  2.96e-05 -6.48e-02 -6.47e-02  0.00e+00  3.58e-01 
  8600| 7.89e-06  2.54e-04  2.88e-05 -6.48e-02 -6.47e-02  0.00e+00  3.62e-01 
  8700| 7.88e-06  2.54e-04  2.80e-05 -6.48e-02 -6.47e-02  0.00e+00  3.67e-01 
  8800| 7.87e-06  2.53e-04  2.72e-05 -6.48e-02 -6.47e-02  0.00e+00  3.71e-01 
  8900| 7.86e-06  2.53e-04  2.65e-05 -6.48e-02 -6.47e-02  0.00e+00  3.75e-01 
  9000| 7.85e-06  2.53e-04  2.59e-05 -6.48e-02 -6.47e-02  0.00e+00  3.80e-01 
  9100| 7.84e-06  2.53e-04  2.53e-05 -6.48e-02 -6.47e-02  0.00e+00  3.84e-01 
  9200| 7.83e-06  2.53e-04  2.48e-05 -6.48e-02 -6.47e-02  0.00e+00  3.89e-01 
  9300| 7.82e-06  2.53e-04  2.43e-05 -6.48e-02 -6.47e-02  0.00e+00  3.93e-01 
  9400| 7.81e-06  2.52e-04  2.39e-05 -6.48e-02 -6.47e-02  0.00e+00  3.97e-01 
  9500| 7.81e-06  2.52e-04  2.35e-05 -6.48e-02 -6.47e-02  0.00e+00  4.02e-01 
  9600| 7.80e-06  2.52e-04  2.31e-05 -6.48e-02 -6.47e-02  0.00e+00  4.06e-01 
  9700| 7.79e-06  2.52e-04  2.27e-05 -6.48e-02 -6.47e-02  0.00e+00  4.10e-01 
  9800| 7.78e-06  2.52e-04  2.24e-05 -6.48e-02 -6.47e-02  0.00e+00  4.15e-01 
  9900| 7.77e-06  2.51e-04  2.21e-05 -6.48e-02 -6.48e-02  0.00e+00  4.19e-01 
 10000| 7.77e-06  2.51e-04  2.18e-05 -6.48e-02 -6.48e-02  0.00e+00  4.24e-01 
 10100| 7.76e-06  2.51e-04  2.16e-05 -6.48e-02 -6.48e-02  0.00e+00  4.28e-01 
 10200| 7.75e-06  2.51e-04  2.13e-05 -6.48e-02 -6.48e-02  0.00e+00  4.32e-01 
 10300| 7.75e-06  2.51e-04  2.11e-05 -6.48e-02 -6.48e-02  0.00e+00  4.37e-01 
 10400| 7.74e-06  2.51e-04  2.09e-05 -6.48e-02 -6.48e-02  0.00e+00  4.41e-01 
 10500| 7.73e-06  2.50e-04  2.07e-05 -6.48e-02 -6.48e-02  0.00e+00  4.46e-01 
 10600| 7.73e-06  2.50e-04  2.06e-05 -6.48e-02 -6.48e-02  0.00e+00  4.50e-01 
 10700| 7.72e-06  2.50e-04  2.04e-05 -6.48e-02 -6.48e-02  0.00e+00  4.54e-01 
 10800| 7.71e-06  2.50e-04  2.03e-05 -6.48e-02 -6.48e-02  0.00e+00  4.59e-01 
 10900| 7.71e-06  2.50e-04  2.01e-05 -6.48e-02 -6.48e-02  0.00e+00  4.63e-01 
 11000| 7.70e-06  2.49e-04  2.00e-05 -6.48e-02 -6.48e-02  0.00e+00  4.67e-01 
 11100| 7.69e-06  2.49e-04  1.99e-05 -6.48e-02 -6.48e-02  0.00e+00  4.72e-01 
 11200| 7.69e-06  2.49e-04  1.98e-05 -6.48e-02 -6.48e-02  0.00e+00  4.76e-01 
 11300| 7.68e-06  2.49e-04  1.97e-05 -6.48e-02 -6.48e-02  0.00e+00  4.81e-01 
 11400| 7.68e-06  2.49e-04  1.96e-05 -6.48e-02 -6.48e-02  0.00e+00  4.85e-01 
 11500| 7.67e-06  2.48e-04  1.95e-05 -6.48e-02 -6.48e-02  0.00e+00  4.89e-01 
 11600| 7.66e-06  2.48e-04  1.95e-05 -6.48e-02 -6.48e-02  0.00e+00  4.94e-01 
 11700| 7.66e-06  2.48e-04  1.94e-05 -6.48e-02 -6.48e-02  0.00e+00  4.98e-01 
 11800| 7.65e-06  2.48e-04  1.93e-05 -6.48e-02 -6.48e-02  0.00e+00  5.02e-01 
 11900| 7.65e-06  2.48e-04  1.93e-05 -6.48e-02 -6.48e-02  0.00e+00  5.07e-01 
 12000| 7.64e-06  2.48e-04  1.92e-05 -6.48e-02 -6.48e-02  0.00e+00  5.11e-01 
 12100| 7.63e-06  2.47e-04  1.92e-05 -6.48e-02 -6.48e-02  0.00e+00  5.16e-01 
 12200| 7.63e-06  2.47e-04  1.91e-05 -6.48e-02 -6.48e-02  0.00e+00  5.20e-01 
 12300| 7.62e-06  2.47e-04  1.91e-05 -6.48e-02 -6.48e-02  0.00e+00  5.24e-01 
 12400| 7.62e-06  2.47e-04  1.90e-05 -6.48e-02 -6.48e-02  0.00e+00  5.29e-01 
 12500| 7.61e-06  2.47e-04  1.90e-05 -6.48e-02 -6.48e-02  0.00e+00  5.33e-01 
 12600| 7.60e-06  2.46e-04  1.90e-05 -6.48e-02 -6.48e-02  0.00e+00  5.37e-01 
 12700| 7.60e-06  2.46e-04  1.89e-05 -6.48e-02 -6.48e-02  0.00e+00  5.42e-01 
 12800| 7.59e-06  2.46e-04  1.89e-05 -6.48e-02 -6.48e-02  0.00e+00  5.46e-01 
 12900| 7.59e-06  2.46e-04  1.89e-05 -6.48e-02 -6.48e-02  0.00e+00  5.50e-01 
 13000| 7.58e-06  2.46e-04  1.89e-05 -6.48e-02 -6.48e-02  0.00e+00  5.55e-01 
 13100| 7.58e-06  2.45e-04  1.88e-05 -6.48e-02 -6.48e-02  0.00e+00  5.59e-01 
 13200| 7.57e-06  2.45e-04  1.88e-05 -6.48e-02 -6.48e-02  0.00e+00  5.64e-01 
 13300| 7.56e-06  2.45e-04  1.88e-05 -6.48e-02 -6.48e-02  0.00e+00  5.68e-01 
 13400| 7.56e-06  2.45e-04  1.88e-05 -6.48e-02 -6.48e-02  0.00e+00  5.72e-01 
 13500| 7.55e-06  2.45e-04  1.88e-05 -6.48e-02 -6.48e-02  0.00e+00  5.76e-01 
 13600| 7.55e-06  2.45e-04  1.88e-05 -6.48e-02 -6.48e-02  0.00e+00  5.81e-01 
 13700| 7.54e-06  2.44e-04  1.88e-05 -6.48e-02 -6.48e-02  0.00e+00  5.85e-01 
 13800| 7.54e-06  2.44e-04  1.87e-05 -6.48e-02 -6.48e-02  0.00e+00  5.89e-01 
 13900| 7.53e-06  2.44e-04  1.87e-05 -6.48e-02 -6.48e-02  0.00e+00  5.94e-01 
 14000| 7.53e-06  2.44e-04  1.87e-05 -6.48e-02 -6.48e-02  0.00e+00  5.98e-01 
 14100| 7.52e-06  2.44e-04  1.87e-05 -6.48e-02 -6.48e-02  0.00e+00  6.02e-01 
 14200| 7.51e-06  2.43e-04  1.87e-05 -6.48e-02 -6.48e-02  0.00e+00  6.06e-01 
 14300| 7.51e-06  2.43e-04  1.87e-05 -6.48e-02 -6.48e-02  0.00e+00  6.11e-01 
 14400| 7.50e-06  2.43e-04  1.87e-05 -6.48e-02 -6.48e-02  0.00e+00  6.15e-01 
 14500| 7.50e-06  2.43e-04  1.87e-05 -6.48e-02 -6.48e-02  0.00e+00  6.19e-01 
 14600| 7.49e-06  2.43e-04  1.87e-05 -6.48e-02 -6.48e-02  0.00e+00  6.23e-01 
 14700| 7.49e-06  2.43e-04  1.87e-05 -6.48e-02 -6.48e-02  0.00e+00  6.28e-01 
 14800| 7.48e-06  2.42e-04  1.87e-05 -6.48e-02 -6.48e-02  0.00e+00  6.32e-01 
 14900| 7.48e-06  2.42e-04  1.87e-05 -6.48e-02 -6.48e-02  0.00e+00  6.36e-01 
 15000| 7.47e-06  2.42e-04  1.87e-05 -6.48e-02 -6.48e-02  0.00e+00  6.40e-01 
 15100| 7.46e-06  2.42e-04  1.87e-05 -6.48e-02 -6.48e-02  0.00e+00  6.45e-01 
 15200| 7.46e-06  2.42e-04  1.87e-05 -6.48e-02 -6.48e-02  0.00e+00  6.49e-01 
 15300| 7.45e-06  2.41e-04  1.87e-05 -6.48e-02 -6.48e-02  0.00e+00  6.53e-01 
 15400| 7.45e-06  2.41e-04  1.87e-05 -6.48e-02 -6.48e-02  0.00e+00  6.57e-01 
 15500| 7.44e-06  2.41e-04  1.87e-05 -6.48e-02 -6.48e-02  0.00e+00  6.62e-01 
 15600| 7.44e-06  2.41e-04  1.87e-05 -6.48e-02 -6.48e-02  0.00e+00  6.66e-01 
 15700| 7.43e-06  2.41e-04  1.87e-05 -6.48e-02 -6.48e-02  0.00e+00  6.70e-01 
 15800| 7.43e-06  2.41e-04  1.87e-05 -6.48e-02 -6.48e-02  0.00e+00  6.74e-01 
 15900| 7.42e-06  2.40e-04  1.87e-05 -6.48e-02 -6.48e-02  0.00e+00  6.79e-01 
 16000| 7.42e-06  2.40e-04  1.87e-05 -6.48e-02 -6.48e-02  0.00e+00  6.83e-01 
 16100| 7.41e-06  2.40e-04  1.87e-05 -6.48e-02 -6.48e-02  0.00e+00  6.87e-01 
 16200| 7.40e-06  2.40e-04  1.87e-05 -6.48e-02 -6.48e-02  0.00e+00  6.91e-01 
 16300| 7.40e-06  2.40e-04  1.87e-05 -6.49e-02 -6.48e-02  0.00e+00  6.96e-01 
 16400| 7.39e-06  2.40e-04  1.87e-05 -6.49e-02 -6.48e-02  0.00e+00  7.00e-01 
 16500| 7.39e-06  2.39e-04  1.87e-05 -6.49e-02 -6.48e-02  0.00e+00  7.04e-01 
 16600| 7.38e-06  2.39e-04  1.87e-05 -6.49e-02 -6.48e-02  0.00e+00  7.08e-01 
 16700| 7.38e-06  2.39e-04  1.87e-05 -6.49e-02 -6.48e-02  0.00e+00  7.12e-01 
 16800| 7.37e-06  2.39e-04  1.87e-05 -6.49e-02 -6.48e-02  0.00e+00  7.17e-01 
 16900| 7.37e-06  2.39e-04  1.87e-05 -6.49e-02 -6.48e-02  0.00e+00  7.21e-01 
 17000| 7.36e-06  2.38e-04  1.87e-05 -6.49e-02 -6.48e-02  0.00e+00  7.25e-01 
 17100| 7.36e-06  2.38e-04  1.87e-05 -6.49e-02 -6.48e-02  0.00e+00  7.29e-01 
 17200| 7.35e-06  2.38e-04  1.87e-05 -6.49e-02 -6.48e-02  0.00e+00  7.34e-01 
 17300| 7.35e-06  2.38e-04  1.87e-05 -6.49e-02 -6.48e-02  0.00e+00  7.38e-01 
 17400| 7.34e-06  2.38e-04  1.87e-05 -6.49e-02 -6.48e-02  0.00e+00  7.42e-01 
 17500| 7.34e-06  2.38e-04  1.87e-05 -6.49e-02 -6.48e-02  0.00e+00  7.46e-01 
 17600| 7.33e-06  2.37e-04  1.87e-05 -6.49e-02 -6.48e-02  0.00e+00  7.51e-01 
 17700| 7.32e-06  2.37e-04  1.87e-05 -6.49e-02 -6.48e-02  0.00e+00  7.55e-01 
 17800| 7.32e-06  2.37e-04  1.87e-05 -6.49e-02 -6.48e-02  0.00e+00  7.59e-01 
 17900| 7.31e-06  2.37e-04  1.87e-05 -6.49e-02 -6.48e-02  0.00e+00  7.63e-01 
 18000| 7.31e-06  2.37e-04  1.87e-05 -6.49e-02 -6.48e-02  0.00e+00  7.68e-01 
 18100| 7.30e-06  2.37e-04  1.87e-05 -6.49e-02 -6.48e-02  0.00e+00  7.72e-01 
 18200| 7.30e-06  2.36e-04  1.87e-05 -6.49e-02 -6.49e-02  0.00e+00  7.76e-01 
 18300| 7.29e-06  2.36e-04  1.87e-05 -6.49e-02 -6.49e-02  0.00e+00  7.80e-01 
 18400| 7.29e-06  2.36e-04  1.87e-05 -6.49e-02 -6.49e-02  0.00e+00  7.85e-01 
 18500| 7.28e-06  2.36e-04  1.87e-05 -6.49e-02 -6.49e-02  0.00e+00  7.89e-01 
 18600| 7.28e-06  2.36e-04  1.87e-05 -6.49e-02 -6.49e-02  0.00e+00  7.93e-01 
 18700| 7.27e-06  2.36e-04  1.87e-05 -6.49e-02 -6.49e-02  0.00e+00  7.97e-01 
 18800| 7.27e-06  2.35e-04  1.87e-05 -6.49e-02 -6.49e-02  0.00e+00  8.01e-01 
 18900| 7.26e-06  2.35e-04  1.87e-05 -6.49e-02 -6.49e-02  0.00e+00  8.06e-01 
 19000| 7.26e-06  2.35e-04  1.87e-05 -6.49e-02 -6.49e-02  0.00e+00  8.10e-01 
 19100| 7.25e-06  2.35e-04  1.87e-05 -6.49e-02 -6.49e-02  0.00e+00  8.14e-01 
 19200| 7.25e-06  2.35e-04  1.87e-05 -6.49e-02 -6.49e-02  0.00e+00  8.18e-01 
 19300| 7.24e-06  2.35e-04  1.87e-05 -6.49e-02 -6.49e-02  0.00e+00  8.23e-01 
 19400| 7.24e-06  2.34e-04  1.87e-05 -6.49e-02 -6.49e-02  0.00e+00  8.27e-01 
 19500| 7.23e-06  2.34e-04  1.87e-05 -6.49e-02 -6.49e-02  0.00e+00  8.31e-01 
 19600| 7.23e-06  2.34e-04  1.87e-05 -6.49e-02 -6.49e-02  0.00e+00  8.35e-01 
 19700| 7.22e-06  2.34e-04  1.87e-05 -6.49e-02 -6.49e-02  0.00e+00  8.40e-01 
 19800| 7.22e-06  2.34e-04  1.87e-05 -6.49e-02 -6.49e-02  0.00e+00  8.44e-01 
 19900| 7.21e-06  2.34e-04  1.87e-05 -6.49e-02 -6.49e-02  0.00e+00  8.48e-01 
 20000| 7.21e-06  2.33e-04  1.87e-05 -6.49e-02 -6.49e-02  0.00e+00  8.52e-01 
 20100| 7.20e-06  2.33e-04  1.87e-05 -6.49e-02 -6.49e-02  0.00e+00  8.57e-01 
 20200| 7.20e-06  2.33e-04  1.87e-05 -6.49e-02 -6.49e-02  0.00e+00  8.61e-01 
 20300| 7.19e-06  2.33e-04  1.87e-05 -6.49e-02 -6.49e-02  0.00e+00  8.65e-01 
 20400| 7.19e-06  2.33e-04  1.87e-05 -6.49e-02 -6.49e-02  0.00e+00  8.69e-01 
 20500| 7.18e-06  2.33e-04  1.87e-05 -6.49e-02 -6.49e-02  0.00e+00  8.74e-01 
 20600| 7.18e-06  2.32e-04  1.87e-05 -6.49e-02 -6.49e-02  0.00e+00  8.78e-01 
 20700| 7.17e-06  2.32e-04  1.87e-05 -6.49e-02 -6.49e-02  0.00e+00  8.82e-01 
 20800| 7.17e-06  2.32e-04  1.87e-05 -6.49e-02 -6.49e-02  0.00e+00  8.86e-01 
 20900| 7.16e-06  2.32e-04  1.87e-05 -6.49e-02 -6.49e-02  0.00e+00  8.91e-01 
 21000| 7.16e-06  2.32e-04  1.87e-05 -6.49e-02 -6.49e-02  0.00e+00  8.95e-01 
 21100| 7.15e-06  2.32e-04  1.87e-05 -6.49e-02 -6.49e-02  0.00e+00  8.99e-01 
 21200| 7.15e-06  2.31e-04  1.87e-05 -6.49e-02 -6.49e-02  0.00e+00  9.03e-01 
 21300| 7.14e-06  2.31e-04  1.87e-05 -6.49e-02 -6.49e-02  0.00e+00  9.08e-01 
 21400| 7.14e-06  2.31e-04  1.87e-05 -6.49e-02 -6.49e-02  0.00e+00  9.12e-01 
 21500| 7.13e-06  2.31e-04  1.87e-05 -6.49e-02 -6.49e-02  0.00e+00  9.16e-01 
 21600| 7.12e-06  2.31e-04  1.87e-05 -6.49e-02 -6.49e-02  0.00e+00  9.20e-01 
 21700| 7.12e-06  2.31e-04  1.87e-05 -6.49e-02 -6.49e-02  0.00e+00  9.25e-01 
 21800| 7.12e-06  2.30e-04  1.87e-05 -6.49e-02 -6.49e-02  0.00e+00  9.29e-01 
 21900| 7.11e-06  2.30e-04  1.87e-05 -6.49e-02 -6.49e-02  0.00e+00  9.33e-01 
 22000| 7.11e-06  2.30e-04  1.87e-05 -6.49e-02 -6.49e-02  0.00e+00  9.37e-01 
 22100| 7.10e-06  2.30e-04  1.87e-05 -6.49e-02 -6.49e-02  0.00e+00  9.42e-01 
 22200| 7.10e-06  2.30e-04  1.87e-05 -6.49e-02 -6.49e-02  0.00e+00  9.46e-01 
 22300| 7.09e-06  2.30e-04  1.87e-05 -6.49e-02 -6.49e-02  0.00e+00  9.50e-01 
 22400| 7.09e-06  2.29e-04  1.87e-05 -6.49e-02 -6.49e-02  0.00e+00  9.54e-01 
 22500| 7.08e-06  2.29e-04  1.87e-05 -6.49e-02 -6.49e-02  0.00e+00  9.58e-01 
 22600| 7.08e-06  2.29e-04  1.87e-05 -6.49e-02 -6.49e-02  0.00e+00  9.63e-01 
 22700| 7.07e-06  2.29e-04  1.87e-05 -6.49e-02 -6.49e-02  0.00e+00  9.67e-01 
 22800| 7.07e-06  2.29e-04  1.87e-05 -6.49e-02 -6.49e-02  0.00e+00  9.71e-01 
 22900| 7.06e-06  2.29e-04  1.87e-05 -6.49e-02 -6.49e-02  0.00e+00  9.75e-01 
 23000| 7.06e-06  2.28e-04  1.87e-05 -6.49e-02 -6.49e-02  0.00e+00  9.80e-01 
 23100| 7.05e-06  2.28e-04  1.87e-05 -6.49e-02 -6.49e-02  0.00e+00  9.84e-01 
 23200| 7.05e-06  2.28e-04  1.87e-05 -6.49e-02 -6.49e-02  0.00e+00  9.88e-01 
 23300| 7.04e-06  2.28e-04  1.87e-05 -6.49e-02 -6.49e-02  0.00e+00  9.92e-01 
 23400| 7.04e-06  2.28e-04  1.87e-05 -6.49e-02 -6.49e-02  0.00e+00  9.97e-01 
 23500| 7.03e-06  2.28e-04  1.87e-05 -6.49e-02 -6.49e-02  0.00e+00  1.00e+00 
 23600| 7.03e-06  2.27e-04  1.87e-05 -6.49e-02 -6.49e-02  0.00e+00  1.01e+00 
 23700| 7.02e-06  2.27e-04  1.87e-05 -6.49e-02 -6.49e-02  0.00e+00  1.01e+00 
 23800| 7.02e-06  2.27e-04  1.87e-05 -6.49e-02 -6.49e-02  0.00e+00  1.01e+00 
 23900| 7.01e-06  2.27e-04  1.87e-05 -6.49e-02 -6.49e-02  0.00e+00  1.02e+00 
 24000| 7.01e-06  2.27e-04  1.87e-05 -6.49e-02 -6.49e-02  0.00e+00  1.02e+00 
 24100| 7.00e-06  2.27e-04  1.87e-05 -6.49e-02 -6.49e-02  0.00e+00  1.03e+00 
 24200| 7.00e-06  2.26e-04  1.87e-05 -6.49e-02 -6.49e-02  0.00e+00  1.03e+00 
 24300| 6.99e-06  2.26e-04  1.87e-05 -6.49e-02 -6.49e-02  0.00e+00  1.03e+00 
 24400| 6.99e-06  2.26e-04  1.87e-05 -6.49e-02 -6.49e-02  0.00e+00  1.04e+00 
 24500| 6.98e-06  2.26e-04  1.87e-05 -6.49e-02 -6.49e-02  0.00e+00  1.04e+00 
 24600| 6.98e-06  2.26e-04  1.87e-05 -6.49e-02 -6.49e-02  0.00e+00  1.05e+00 
 24700| 6.97e-06  2.26e-04  1.87e-05 -6.49e-02 -6.49e-02  0.00e+00  1.05e+00 
 24800| 6.97e-06  2.26e-04  1.87e-05 -6.49e-02 -6.49e-02  0.00e+00  1.06e+00 
 24900| 6.96e-06  2.25e-04  1.87e-05 -6.49e-02 -6.49e-02  0.00e+00  1.06e+00 
 25000| 6.96e-06  2.25e-04  1.87e-05 -6.49e-02 -6.49e-02  0.00e+00  1.06e+00 
 25100| 6.95e-06  2.25e-04  1.87e-05 -6.49e-02 -6.49e-02  0.00e+00  1.07e+00 
 25200| 6.95e-06  2.25e-04  1.87e-05 -6.49e-02 -6.49e-02  0.00e+00  1.07e+00 
 25300| 6.94e-06  2.25e-04  1.87e-05 -6.49e-02 -6.49e-02  0.00e+00  1.08e+00 
 25400| 6.94e-06  2.25e-04  1.87e-05 -6.49e-02 -6.49e-02  0.00e+00  1.08e+00 
 25500| 6.93e-06  2.24e-04  1.87e-05 -6.49e-02 -6.49e-02  0.00e+00  1.09e+00 
 25600| 6.93e-06  2.24e-04  1.87e-05 -6.49e-02 -6.49e-02  0.00e+00  1.09e+00 
 25700| 6.93e-06  2.24e-04  1.87e-05 -6.49e-02 -6.49e-02  0.00e+00  1.09e+00 
 25800| 6.92e-06  2.24e-04  1.87e-05 -6.50e-02 -6.49e-02  0.00e+00  1.10e+00 
 25900| 6.92e-06  2.24e-04  1.87e-05 -6.50e-02 -6.49e-02  0.00e+00  1.10e+00 
 26000| 6.91e-06  2.24e-04  1.87e-05 -6.50e-02 -6.49e-02  0.00e+00  1.11e+00 
 26100| 6.91e-06  2.23e-04  1.87e-05 -6.50e-02 -6.49e-02  0.00e+00  1.11e+00 
 26200| 6.90e-06  2.23e-04  1.87e-05 -6.50e-02 -6.49e-02  0.00e+00  1.12e+00 
 26300| 6.90e-06  2.23e-04  1.87e-05 -6.50e-02 -6.49e-02  0.00e+00  1.12e+00 
 26400| 6.89e-06  2.23e-04  1.87e-05 -6.50e-02 -6.49e-02  0.00e+00  1.12e+00 
 26500| 6.89e-06  2.23e-04  1.87e-05 -6.50e-02 -6.49e-02  0.00e+00  1.13e+00 
 26600| 6.88e-06  2.23e-04  1.87e-05 -6.50e-02 -6.49e-02  0.00e+00  1.13e+00 
 26700| 6.88e-06  2.23e-04  1.87e-05 -6.50e-02 -6.49e-02  0.00e+00  1.14e+00 
 26800| 6.87e-06  2.22e-04  1.87e-05 -6.50e-02 -6.49e-02  0.00e+00  1.14e+00 
 26900| 6.87e-06  2.22e-04  1.87e-05 -6.50e-02 -6.49e-02  0.00e+00  1.15e+00 
 27000| 6.86e-06  2.22e-04  1.87e-05 -6.50e-02 -6.49e-02  0.00e+00  1.15e+00 
 27100| 6.86e-06  2.22e-04  1.87e-05 -6.50e-02 -6.49e-02  0.00e+00  1.15e+00 
 27200| 6.85e-06  2.22e-04  1.87e-05 -6.50e-02 -6.49e-02  0.00e+00  1.16e+00 
 27300| 6.85e-06  2.22e-04  1.87e-05 -6.50e-02 -6.49e-02  0.00e+00  1.16e+00 
 27400| 6.85e-06  2.21e-04  1.87e-05 -6.50e-02 -6.49e-02  0.00e+00  1.17e+00 
 27500| 6.84e-06  2.21e-04  1.87e-05 -6.50e-02 -6.49e-02  0.00e+00  1.17e+00 
 27600| 6.84e-06  2.21e-04  1.87e-05 -6.50e-02 -6.49e-02  0.00e+00  1.17e+00 
 27700| 6.83e-06  2.21e-04  1.87e-05 -6.50e-02 -6.49e-02  0.00e+00  1.18e+00 
 27800| 6.83e-06  2.21e-04  1.87e-05 -6.50e-02 -6.49e-02  0.00e+00  1.18e+00 
 27900| 6.82e-06  2.21e-04  1.87e-05 -6.50e-02 -6.49e-02  0.00e+00  1.19e+00 
 28000| 6.82e-06  2.21e-04  1.87e-05 -6.50e-02 -6.50e-02  0.00e+00  1.19e+00 
 28100| 6.81e-06  2.20e-04  1.87e-05 -6.50e-02 -6.50e-02  0.00e+00  1.20e+00 
 28200| 6.81e-06  2.20e-04  1.87e-05 -6.50e-02 -6.50e-02  0.00e+00  1.20e+00 
 28300| 6.80e-06  2.20e-04  1.87e-05 -6.50e-02 -6.50e-02  0.00e+00  1.20e+00 
 28400| 6.80e-06  2.20e-04  1.87e-05 -6.50e-02 -6.50e-02  0.00e+00  1.21e+00 
 28500| 6.79e-06  2.20e-04  1.87e-05 -6.50e-02 -6.50e-02  0.00e+00  1.21e+00 
 28600| 6.79e-06  2.20e-04  1.87e-05 -6.50e-02 -6.50e-02  0.00e+00  1.22e+00 
 28700| 6.78e-06  2.19e-04  1.87e-05 -6.50e-02 -6.50e-02  0.00e+00  1.22e+00 
 28800| 6.78e-06  2.19e-04  1.87e-05 -6.50e-02 -6.50e-02  0.00e+00  1.23e+00 
 28900| 6.78e-06  2.19e-04  1.87e-05 -6.50e-02 -6.50e-02  0.00e+00  1.23e+00 
 29000| 6.77e-06  2.19e-04  1.87e-05 -6.50e-02 -6.50e-02  0.00e+00  1.23e+00 
 29100| 6.77e-06  2.19e-04  1.87e-05 -6.50e-02 -6.50e-02  0.00e+00  1.24e+00 
 29200| 6.76e-06  2.19e-04  1.87e-05 -6.50e-02 -6.50e-02  0.00e+00  1.24e+00 
 29300| 6.76e-06  2.19e-04  1.87e-05 -6.50e-02 -6.50e-02  0.00e+00  1.25e+00 
 29400| 6.75e-06  2.18e-04  1.87e-05 -6.50e-02 -6.50e-02  0.00e+00  1.25e+00 
 29500| 6.75e-06  2.18e-04  1.87e-05 -6.50e-02 -6.50e-02  0.00e+00  1.26e+00 
 29600| 6.74e-06  2.18e-04  1.87e-05 -6.50e-02 -6.50e-02  0.00e+00  1.26e+00 
 29700| 6.74e-06  2.18e-04  1.87e-05 -6.50e-02 -6.50e-02  0.00e+00  1.26e+00 
 29800| 6.73e-06  2.18e-04  1.87e-05 -6.50e-02 -6.50e-02  0.00e+00  1.27e+00 
 29900| 6.73e-06  2.18e-04  1.87e-05 -6.50e-02 -6.50e-02  0.00e+00  1.27e+00 
 30000| 6.73e-06  2.18e-04  1.87e-05 -6.50e-02 -6.50e-02  0.00e+00  1.28e+00 
 30100| 6.72e-06  2.17e-04  1.87e-05 -6.50e-02 -6.50e-02  0.00e+00  1.28e+00 
 30200| 6.72e-06  2.17e-04  1.87e-05 -6.50e-02 -6.50e-02  0.00e+00  1.29e+00 
 30300| 6.71e-06  2.17e-04  1.87e-05 -6.50e-02 -6.50e-02  0.00e+00  1.29e+00 
 30400| 6.71e-06  2.17e-04  1.87e-05 -6.50e-02 -6.50e-02  0.00e+00  1.29e+00 
 30500| 6.70e-06  2.17e-04  1.87e-05 -6.50e-02 -6.50e-02  0.00e+00  1.30e+00 
 30600| 6.70e-06  2.17e-04  1.87e-05 -6.50e-02 -6.50e-02  0.00e+00  1.30e+00 
 30700| 6.69e-06  2.16e-04  1.87e-05 -6.50e-02 -6.50e-02  0.00e+00  1.31e+00 
 30800| 6.69e-06  2.16e-04  1.87e-05 -6.50e-02 -6.50e-02  0.00e+00  1.31e+00 
 30900| 6.68e-06  2.16e-04  1.87e-05 -6.50e-02 -6.50e-02  0.00e+00  1.31e+00 
 31000| 6.68e-06  2.16e-04  1.87e-05 -6.50e-02 -6.50e-02  0.00e+00  1.32e+00 
 31100| 6.68e-06  2.16e-04  1.87e-05 -6.50e-02 -6.50e-02  0.00e+00  1.32e+00 
 31200| 6.67e-06  2.16e-04  1.87e-05 -6.50e-02 -6.50e-02  0.00e+00  1.33e+00 
 31300| 6.67e-06  2.16e-04  1.87e-05 -6.50e-02 -6.50e-02  0.00e+00  1.33e+00 
 31400| 6.66e-06  2.15e-04  1.87e-05 -6.50e-02 -6.50e-02  0.00e+00  1.34e+00 
 31500| 6.66e-06  2.15e-04  1.87e-05 -6.50e-02 -6.50e-02  0.00e+00  1.34e+00 
 31600| 6.65e-06  2.15e-04  1.87e-05 -6.50e-02 -6.50e-02  0.00e+00  1.34e+00 
 31700| 6.65e-06  2.15e-04  1.87e-05 -6.50e-02 -6.50e-02  0.00e+00  1.35e+00 
 31800| 6.64e-06  2.15e-04  1.87e-05 -6.50e-02 -6.50e-02  0.00e+00  1.35e+00 
 31900| 6.64e-06  2.15e-04  1.87e-05 -6.50e-02 -6.50e-02  0.00e+00  1.36e+00 
 32000| 6.64e-06  2.15e-04  1.87e-05 -6.50e-02 -6.50e-02  0.00e+00  1.36e+00 
 32100| 6.63e-06  2.14e-04  1.87e-05 -6.50e-02 -6.50e-02  0.00e+00  1.37e+00 
 32200| 6.63e-06  2.14e-04  1.87e-05 -6.50e-02 -6.50e-02  0.00e+00  1.37e+00 
 32300| 6.62e-06  2.14e-04  1.87e-05 -6.50e-02 -6.50e-02  0.00e+00  1.37e+00 
 32400| 6.62e-06  2.14e-04  1.87e-05 -6.50e-02 -6.50e-02  0.00e+00  1.38e+00 
 32500| 6.61e-06  2.14e-04  1.87e-05 -6.50e-02 -6.50e-02  0.00e+00  1.38e+00 
 32600| 6.61e-06  2.14e-04  1.87e-05 -6.50e-02 -6.50e-02  0.00e+00  1.39e+00 
 32700| 6.60e-06  2.14e-04  1.87e-05 -6.50e-02 -6.50e-02  0.00e+00  1.39e+00 
 32800| 6.60e-06  2.13e-04  1.87e-05 -6.50e-02 -6.50e-02  0.00e+00  1.40e+00 
 32900| 6.60e-06  2.13e-04  1.87e-05 -6.50e-02 -6.50e-02  0.00e+00  1.40e+00 
 33000| 6.59e-06  2.13e-04  1.87e-05 -6.50e-02 -6.50e-02  0.00e+00  1.40e+00 
 33100| 6.59e-06  2.13e-04  1.86e-05 -6.50e-02 -6.50e-02  0.00e+00  1.41e+00 
 33200| 6.58e-06  2.13e-04  1.86e-05 -6.50e-02 -6.50e-02  0.00e+00  1.41e+00 
 33300| 6.58e-06  2.13e-04  1.86e-05 -6.50e-02 -6.50e-02  0.00e+00  1.42e+00 
 33400| 6.57e-06  2.13e-04  1.86e-05 -6.50e-02 -6.50e-02  0.00e+00  1.42e+00 
 33500| 6.57e-06  2.12e-04  1.86e-05 -6.50e-02 -6.50e-02  0.00e+00  1.42e+00 
 33600| 6.57e-06  2.12e-04  1.86e-05 -6.50e-02 -6.50e-02  0.00e+00  1.43e+00 
 33700| 6.56e-06  2.12e-04  1.86e-05 -6.50e-02 -6.50e-02  0.00e+00  1.43e+00 
 33800| 6.56e-06  2.12e-04  1.86e-05 -6.50e-02 -6.50e-02  0.00e+00  1.44e+00 
 33900| 6.55e-06  2.12e-04  1.86e-05 -6.50e-02 -6.50e-02  0.00e+00  1.44e+00 
 34000| 6.55e-06  2.12e-04  1.86e-05 -6.50e-02 -6.50e-02  0.00e+00  1.45e+00 
 34100| 6.54e-06  2.12e-04  1.86e-05 -6.50e-02 -6.50e-02  0.00e+00  1.45e+00 
 34200| 6.54e-06  2.11e-04  1.86e-05 -6.50e-02 -6.50e-02  0.00e+00  1.45e+00 
 34300| 6.53e-06  2.11e-04  1.86e-05 -6.50e-02 -6.50e-02  0.00e+00  1.46e+00 
 34400| 6.53e-06  2.11e-04  1.86e-05 -6.50e-02 -6.50e-02  0.00e+00  1.46e+00 
 34500| 6.53e-06  2.11e-04  1.86e-05 -6.50e-02 -6.50e-02  0.00e+00  1.47e+00 
 34600| 6.52e-06  2.11e-04  1.86e-05 -6.50e-02 -6.50e-02  0.00e+00  1.47e+00 
 34700| 6.52e-06  2.11e-04  1.86e-05 -6.50e-02 -6.50e-02  0.00e+00  1.48e+00 
 34800| 6.51e-06  2.11e-04  1.86e-05 -6.50e-02 -6.50e-02  0.00e+00  1.48e+00 
 34900| 6.51e-06  2.10e-04  1.86e-05 -6.50e-02 -6.50e-02  0.00e+00  1.48e+00 
 35000| 6.50e-06  2.10e-04  1.86e-05 -6.50e-02 -6.50e-02  0.00e+00  1.49e+00 
 35100| 6.50e-06  2.10e-04  1.86e-05 -6.50e-02 -6.50e-02  0.00e+00  1.49e+00 
 35200| 6.50e-06  2.10e-04  1.86e-05 -6.50e-02 -6.50e-02  0.00e+00  1.50e+00 
 35300| 6.49e-06  2.10e-04  1.86e-05 -6.50e-02 -6.50e-02  0.00e+00  1.50e+00 
 35400| 6.49e-06  2.10e-04  1.86e-05 -6.50e-02 -6.50e-02  0.00e+00  1.51e+00 
 35500| 6.48e-06  2.10e-04  1.86e-05 -6.50e-02 -6.50e-02  0.00e+00  1.51e+00 
 35600| 6.48e-06  2.09e-04  1.86e-05 -6.50e-02 -6.50e-02  0.00e+00  1.51e+00 
 35700| 6.47e-06  2.09e-04  1.86e-05 -6.50e-02 -6.50e-02  0.00e+00  1.52e+00 
 35800| 6.47e-06  2.09e-04  1.86e-05 -6.50e-02 -6.50e-02  0.00e+00  1.52e+00 
 35900| 6.47e-06  2.09e-04  1.86e-05 -6.50e-02 -6.50e-02  0.00e+00  1.53e+00 
 36000| 6.46e-06  2.09e-04  1.86e-05 -6.50e-02 -6.50e-02  0.00e+00  1.53e+00 
 36100| 6.46e-06  2.09e-04  1.86e-05 -6.50e-02 -6.50e-02  0.00e+00  1.54e+00 
 36200| 6.45e-06  2.09e-04  1.86e-05 -6.50e-02 -6.50e-02  0.00e+00  1.54e+00 
 36300| 6.45e-06  2.08e-04  1.86e-05 -6.50e-02 -6.50e-02  0.00e+00  1.54e+00 
 36400| 6.44e-06  2.08e-04  1.86e-05 -6.50e-02 -6.50e-02  0.00e+00  1.55e+00 
 36500| 6.44e-06  2.08e-04  1.86e-05 -6.50e-02 -6.50e-02  0.00e+00  1.55e+00 
 36600| 6.44e-06  2.08e-04  1.86e-05 -6.50e-02 -6.50e-02  0.00e+00  1.56e+00 
 36700| 6.43e-06  2.08e-04  1.86e-05 -6.50e-02 -6.50e-02  0.00e+00  1.56e+00 
 36800| 6.43e-06  2.08e-04  1.86e-05 -6.51e-02 -6.50e-02  0.00e+00  1.56e+00 
 36900| 6.42e-06  2.08e-04  1.86e-05 -6.51e-02 -6.50e-02  0.00e+00  1.57e+00 
 37000| 6.42e-06  2.07e-04  1.86e-05 -6.51e-02 -6.50e-02  0.00e+00  1.57e+00 
 37100| 6.41e-06  2.07e-04  1.86e-05 -6.51e-02 -6.50e-02  0.00e+00  1.58e+00 
 37200| 6.41e-06  2.07e-04  1.86e-05 -6.51e-02 -6.50e-02  0.00e+00  1.58e+00 
 37300| 6.41e-06  2.07e-04  1.86e-05 -6.51e-02 -6.50e-02  0.00e+00  1.59e+00 
 37400| 6.40e-06  2.07e-04  1.86e-05 -6.51e-02 -6.50e-02  0.00e+00  1.59e+00 
 37500| 6.40e-06  2.07e-04  1.86e-05 -6.51e-02 -6.50e-02  0.00e+00  1.59e+00 
 37600| 6.39e-06  2.07e-04  1.86e-05 -6.51e-02 -6.50e-02  0.00e+00  1.60e+00 
 37700| 6.39e-06  2.06e-04  1.86e-05 -6.51e-02 -6.50e-02  0.00e+00  1.60e+00 
 37800| 6.39e-06  2.06e-04  1.86e-05 -6.51e-02 -6.50e-02  0.00e+00  1.61e+00 
 37900| 6.38e-06  2.06e-04  1.86e-05 -6.51e-02 -6.50e-02  0.00e+00  1.61e+00 
 38000| 6.38e-06  2.06e-04  1.86e-05 -6.51e-02 -6.50e-02  0.00e+00  1.62e+00 
 38100| 6.37e-06  2.06e-04  1.86e-05 -6.51e-02 -6.50e-02  0.00e+00  1.62e+00 
 38200| 6.37e-06  2.06e-04  1.86e-05 -6.51e-02 -6.50e-02  0.00e+00  1.62e+00 
 38300| 6.36e-06  2.06e-04  1.86e-05 -6.51e-02 -6.50e-02  0.00e+00  1.63e+00 
 38400| 6.36e-06  2.05e-04  1.86e-05 -6.51e-02 -6.50e-02  0.00e+00  1.63e+00 
 38500| 6.36e-06  2.05e-04  1.86e-05 -6.51e-02 -6.50e-02  0.00e+00  1.64e+00 
 38600| 6.35e-06  2.05e-04  1.86e-05 -6.51e-02 -6.50e-02  0.00e+00  1.64e+00 
 38700| 6.35e-06  2.05e-04  1.86e-05 -6.51e-02 -6.50e-02  0.00e+00  1.65e+00 
 38800| 6.34e-06  2.05e-04  1.86e-05 -6.51e-02 -6.50e-02  0.00e+00  1.65e+00 
 38900| 6.34e-06  2.05e-04  1.86e-05 -6.51e-02 -6.50e-02  0.00e+00  1.65e+00 
 39000| 6.34e-06  2.05e-04  1.86e-05 -6.51e-02 -6.50e-02  0.00e+00  1.66e+00 
 39100| 6.33e-06  2.05e-04  1.86e-05 -6.51e-02 -6.50e-02  0.00e+00  1.66e+00 
 39200| 6.33e-06  2.04e-04  1.86e-05 -6.51e-02 -6.50e-02  0.00e+00  1.67e+00 
 39300| 6.32e-06  2.04e-04  1.86e-05 -6.51e-02 -6.51e-02  0.00e+00  1.67e+00 
 39400| 6.32e-06  2.04e-04  1.86e-05 -6.51e-02 -6.51e-02  0.00e+00  1.68e+00 
 39500| 6.31e-06  2.04e-04  1.85e-05 -6.51e-02 -6.51e-02  0.00e+00  1.68e+00 
 39600| 6.31e-06  2.04e-04  1.85e-05 -6.51e-02 -6.51e-02  0.00e+00  1.68e+00 
 39700| 6.31e-06  2.04e-04  1.85e-05 -6.51e-02 -6.51e-02  0.00e+00  1.69e+00 
 39800| 6.30e-06  2.04e-04  1.85e-05 -6.51e-02 -6.51e-02  0.00e+00  1.69e+00 
 39900| 6.30e-06  2.03e-04  1.85e-05 -6.51e-02 -6.51e-02  0.00e+00  1.70e+00 
 40000| 6.29e-06  2.03e-04  1.85e-05 -6.51e-02 -6.51e-02  0.00e+00  1.70e+00 
 40100| 6.29e-06  2.03e-04  1.85e-05 -6.51e-02 -6.51e-02  0.00e+00  1.70e+00 
 40200| 6.29e-06  2.03e-04  1.85e-05 -6.51e-02 -6.51e-02  0.00e+00  1.71e+00 
 40300| 6.28e-06  2.03e-04  1.85e-05 -6.51e-02 -6.51e-02  0.00e+00  1.71e+00 
 40400| 6.28e-06  2.03e-04  1.85e-05 -6.51e-02 -6.51e-02  0.00e+00  1.72e+00 
 40500| 6.27e-06  2.03e-04  1.85e-05 -6.51e-02 -6.51e-02  0.00e+00  1.72e+00 
 40600| 6.27e-06  2.03e-04  1.85e-05 -6.51e-02 -6.51e-02  0.00e+00  1.73e+00 
 40700| 6.27e-06  2.02e-04  1.85e-05 -6.51e-02 -6.51e-02  0.00e+00  1.73e+00 
 40800| 6.26e-06  2.02e-04  1.85e-05 -6.51e-02 -6.51e-02  0.00e+00  1.73e+00 
 40900| 6.26e-06  2.02e-04  1.85e-05 -6.51e-02 -6.51e-02  0.00e+00  1.74e+00 
 41000| 6.25e-06  2.02e-04  1.85e-05 -6.51e-02 -6.51e-02  0.00e+00  1.74e+00 
 41100| 6.25e-06  2.02e-04  1.85e-05 -6.51e-02 -6.51e-02  0.00e+00  1.75e+00 
 41200| 6.24e-06  2.02e-04  1.85e-05 -6.51e-02 -6.51e-02  0.00e+00  1.75e+00 
 41300| 6.24e-06  2.02e-04  1.85e-05 -6.51e-02 -6.51e-02  0.00e+00  1.76e+00 
 41400| 6.24e-06  2.01e-04  1.85e-05 -6.51e-02 -6.51e-02  0.00e+00  1.76e+00 
 41500| 6.23e-06  2.01e-04  1.85e-05 -6.51e-02 -6.51e-02  0.00e+00  1.76e+00 
 41600| 6.23e-06  2.01e-04  1.85e-05 -6.51e-02 -6.51e-02  0.00e+00  1.77e+00 
 41700| 6.22e-06  2.01e-04  1.85e-05 -6.51e-02 -6.51e-02  0.00e+00  1.77e+00 
 41800| 6.22e-06  2.01e-04  1.85e-05 -6.51e-02 -6.51e-02  0.00e+00  1.78e+00 
 41900| 6.22e-06  2.01e-04  1.85e-05 -6.51e-02 -6.51e-02  0.00e+00  1.78e+00 
 42000| 6.21e-06  2.01e-04  1.85e-05 -6.51e-02 -6.51e-02  0.00e+00  1.79e+00 
 42100| 6.21e-06  2.00e-04  1.85e-05 -6.51e-02 -6.51e-02  0.00e+00  1.79e+00 
 42200| 6.20e-06  2.00e-04  1.85e-05 -6.51e-02 -6.51e-02  0.00e+00  1.79e+00 
 42300| 6.20e-06  2.00e-04  1.85e-05 -6.51e-02 -6.51e-02  0.00e+00  1.80e+00 
 42400| 6.20e-06  2.00e-04  1.85e-05 -6.51e-02 -6.51e-02  0.00e+00  1.80e+00 
 42500| 6.19e-06  2.00e-04  1.85e-05 -6.51e-02 -6.51e-02  0.00e+00  1.81e+00 
 42600| 6.19e-06  2.00e-04  1.85e-05 -6.51e-02 -6.51e-02  0.00e+00  1.81e+00 
 42700| 6.18e-06  2.00e-04  1.85e-05 -6.51e-02 -6.51e-02  0.00e+00  1.82e+00 
 42800| 6.18e-06  2.00e-04  1.85e-05 -6.51e-02 -6.51e-02  0.00e+00  1.82e+00 
 42900| 6.18e-06  1.99e-04  1.85e-05 -6.51e-02 -6.51e-02  0.00e+00  1.82e+00 
 43000| 6.17e-06  1.99e-04  1.85e-05 -6.51e-02 -6.51e-02  0.00e+00  1.83e+00 
 43100| 6.17e-06  1.99e-04  1.85e-05 -6.51e-02 -6.51e-02  0.00e+00  1.83e+00 
 43200| 6.16e-06  1.99e-04  1.85e-05 -6.51e-02 -6.51e-02  0.00e+00  1.84e+00 
 43300| 6.16e-06  1.99e-04  1.85e-05 -6.51e-02 -6.51e-02  0.00e+00  1.84e+00 
 43400| 6.16e-06  1.99e-04  1.85e-05 -6.51e-02 -6.51e-02  0.00e+00  1.84e+00 
 43500| 6.15e-06  1.99e-04  1.85e-05 -6.51e-02 -6.51e-02  0.00e+00  1.85e+00 
 43600| 6.15e-06  1.99e-04  1.85e-05 -6.51e-02 -6.51e-02  0.00e+00  1.85e+00 
 43700| 6.14e-06  1.98e-04  1.85e-05 -6.51e-02 -6.51e-02  0.00e+00  1.86e+00 
 43800| 6.14e-06  1.98e-04  1.85e-05 -6.51e-02 -6.51e-02  0.00e+00  1.86e+00 
 43900| 6.14e-06  1.98e-04  1.85e-05 -6.51e-02 -6.51e-02  0.00e+00  1.87e+00 
 44000| 6.13e-06  1.98e-04  1.85e-05 -6.51e-02 -6.51e-02  0.00e+00  1.87e+00 
 44100| 6.13e-06  1.98e-04  1.84e-05 -6.51e-02 -6.51e-02  0.00e+00  1.87e+00 
 44200| 6.12e-06  1.98e-04  1.84e-05 -6.51e-02 -6.51e-02  0.00e+00  1.88e+00 
 44300| 6.12e-06  1.98e-04  1.84e-05 -6.51e-02 -6.51e-02  0.00e+00  1.88e+00 
 44400| 6.12e-06  1.97e-04  1.84e-05 -6.51e-02 -6.51e-02  0.00e+00  1.89e+00 
 44500| 6.11e-06  1.97e-04  1.84e-05 -6.51e-02 -6.51e-02  0.00e+00  1.89e+00 
 44600| 6.11e-06  1.97e-04  1.84e-05 -6.51e-02 -6.51e-02  0.00e+00  1.90e+00 
 44700| 6.10e-06  1.97e-04  1.84e-05 -6.51e-02 -6.51e-02  0.00e+00  1.90e+00 
 44800| 6.10e-06  1.97e-04  1.84e-05 -6.51e-02 -6.51e-02  0.00e+00  1.90e+00 
 44900| 6.10e-06  1.97e-04  1.84e-05 -6.51e-02 -6.51e-02  0.00e+00  1.91e+00 
 45000| 6.09e-06  1.97e-04  1.84e-05 -6.51e-02 -6.51e-02  0.00e+00  1.91e+00 
 45100| 6.09e-06  1.97e-04  1.84e-05 -6.51e-02 -6.51e-02  0.00e+00  1.92e+00 
 45200| 6.08e-06  1.96e-04  1.84e-05 -6.51e-02 -6.51e-02  0.00e+00  1.92e+00 
 45300| 6.08e-06  1.96e-04  1.84e-05 -6.51e-02 -6.51e-02  0.00e+00  1.93e+00 
 45400| 6.08e-06  1.96e-04  1.84e-05 -6.51e-02 -6.51e-02  0.00e+00  1.93e+00 
 45500| 6.07e-06  1.96e-04  1.84e-05 -6.51e-02 -6.51e-02  0.00e+00  1.93e+00 
 45600| 6.07e-06  1.96e-04  1.84e-05 -6.51e-02 -6.51e-02  0.00e+00  1.94e+00 
 45700| 6.06e-06  1.96e-04  1.84e-05 -6.51e-02 -6.51e-02  0.00e+00  1.94e+00 
 45800| 6.06e-06  1.96e-04  1.84e-05 -6.51e-02 -6.51e-02  0.00e+00  1.95e+00 
 45900| 6.06e-06  1.96e-04  1.84e-05 -6.51e-02 -6.51e-02  0.00e+00  1.95e+00 
 46000| 6.05e-06  1.95e-04  1.84e-05 -6.51e-02 -6.51e-02  0.00e+00  1.96e+00 
 46100| 6.05e-06  1.95e-04  1.84e-05 -6.51e-02 -6.51e-02  0.00e+00  1.96e+00 
 46200| 6.04e-06  1.95e-04  1.84e-05 -6.51e-02 -6.51e-02  0.00e+0#SOLVERNAME# SCS
#SOLVER# SCS.SCSSolver(Any[(:verbose, 1), (:eps, 0.0001), (:max_iters, 50000)])
#INSTANCE# multiportfolio_socpsd_9.cbf.gz
#TIMELIMIT# 300.0
#STATUS# UnknownError
#OBJVAL# -0.06515291518257395
#OBJBOUND# NaN
#NODECOUNT# NaN
#TIMESOLVER# 2.6258420944213867
#TIMEALL# 4.517082214355469
#SOLUTION# [0.010540746309657402,-8.10523222564216e-9,-6.621276177998119e-8,-2.684409071162479e-8,0.09388166978393689,0.08306807480428202,-1.4641068092196982e-8,-5.2992292982526736e-8,-3.016605212864985e-8,-5.069069131428802e-8,0.09564490832905423,-2.2251623310949327e-8,-3.1357102143848985e-8,0.06945075195536056,-5.7511788120897057e-8,-8.075789533349343e-8,-1.411177767730352e-8,0.12713652043106843,2.966195818914298e-10,-1.3463238141206183e-7,0.19958213439743916,-5.460655462758061e-8,-1.9288892571059346e-8,0.12498866446345842,3.1292055228113727,6.9186484735033025,4.593201265724255,0.021987957670048398,0.00039434622333555394,4.0777546653981257e-5,0.0009695784971712358,0.04489248145763447,0.049919723557370434,0.0015046110505417618,0.0021965501840639987,-0.00014919399362501687,0.0009047625407078291,0.03988367900693234,0.001887671462281349,0.00541225446035653,0.029568389466509398,0.0014381856715860522,0.006251251171624862,0.0028075045566739875,0.04039398320266959,0.008173302499003552,-0.00034913547334698507,0.04559805980741731,-0.0007492193780511344,0.0022303549890861293,0.0482120789601004]
0  1.96e+00 
 46300| 6.04e-06  1.95e-04  1.84e-05 -6.51e-02 -6.51e-02  0.00e+00  1.97e+00 
 46400| 6.04e-06  1.95e-04  1.84e-05 -6.51e-02 -6.51e-02  0.00e+00  1.97e+00 
 46500| 6.03e-06  1.95e-04  1.84e-05 -6.51e-02 -6.51e-02  0.00e+00  1.98e+00 
 46600| 6.03e-06  1.95e-04  1.84e-05 -6.51e-02 -6.51e-02  0.00e+00  1.98e+00 
 46700| 6.03e-06  1.94e-04  1.84e-05 -6.51e-02 -6.51e-02  0.00e+00  1.98e+00 
 46800| 6.02e-06  1.94e-04  1.84e-05 -6.51e-02 -6.51e-02  0.00e+00  1.99e+00 
 46900| 6.02e-06  1.94e-04  1.84e-05 -6.51e-02 -6.51e-02  0.00e+00  1.99e+00 
 47000| 6.01e-06  1.94e-04  1.84e-05 -6.51e-02 -6.51e-02  0.00e+00  2.00e+00 
 47100| 6.01e-06  1.94e-04  1.84e-05 -6.51e-02 -6.51e-02  0.00e+00  2.00e+00 
 47200| 6.01e-06  1.94e-04  1.84e-05 -6.51e-02 -6.51e-02  0.00e+00  2.01e+00 
 47300| 6.00e-06  1.94e-04  1.84e-05 -6.51e-02 -6.51e-02  0.00e+00  2.01e+00 
 47400| 6.00e-06  1.94e-04  1.84e-05 -6.51e-02 -6.51e-02  0.00e+00  2.01e+00 
 47500| 5.99e-06  1.93e-04  1.84e-05 -6.51e-02 -6.51e-02  0.00e+00  2.02e+00 
 47600| 5.99e-06  1.93e-04  1.84e-05 -6.51e-02 -6.51e-02  0.00e+00  2.02e+00 
 47700| 5.99e-06  1.93e-04  1.84e-05 -6.51e-02 -6.51e-02  0.00e+00  2.03e+00 
 47800| 5.98e-06  1.93e-04  1.84e-05 -6.51e-02 -6.51e-02  0.00e+00  2.03e+00 
 47900| 5.98e-06  1.93e-04  1.84e-05 -6.51e-02 -6.51e-02  0.00e+00  2.04e+00 
 48000| 5.97e-06  1.93e-04  1.83e-05 -6.51e-02 -6.51e-02  0.00e+00  2.04e+00 
 48100| 5.97e-06  1.93e-04  1.83e-05 -6.51e-02 -6.51e-02  0.00e+00  2.04e+00 
 48200| 5.97e-06  1.93e-04  1.83e-05 -6.51e-02 -6.51e-02  0.00e+00  2.05e+00 
 48300| 5.96e-06  1.92e-04  1.83e-05 -6.51e-02 -6.51e-02  0.00e+00  2.05e+00 
 48400| 5.96e-06  1.92e-04  1.83e-05 -6.51e-02 -6.51e-02  0.00e+00  2.06e+00 
 48500| 5.96e-06  1.92e-04  1.83e-05 -6.51e-02 -6.51e-02  0.00e+00  2.06e+00 
 48600| 5.95e-06  1.92e-04  1.83e-05 -6.51e-02 -6.51e-02  0.00e+00  2.07e+00 
 48700| 5.95e-06  1.92e-04  1.83e-05 -6.51e-02 -6.51e-02  0.00e+00  2.07e+00 
 48800| 5.94e-06  1.92e-04  1.83e-05 -6.51e-02 -6.51e-02  0.00e+00  2.07e+00 
 48900| 5.94e-06  1.92e-04  1.83e-05 -6.51e-02 -6.51e-02  0.00e+00  2.08e+00 
 49000| 5.94e-06  1.92e-04  1.83e-05 -6.51e-02 -6.51e-02  0.00e+00  2.08e+00 
 49100| 5.93e-06  1.91e-04  1.83e-05 -6.51e-02 -6.51e-02  0.00e+00  2.09e+00 
 49200| 5.93e-06  1.91e-04  1.83e-05 -6.51e-02 -6.51e-02  0.00e+00  2.09e+00 
 49300| 5.92e-06  1.91e-04  1.83e-05 -6.51e-02 -6.51e-02  0.00e+00  2.09e+00 
 49400| 5.92e-06  1.91e-04  1.83e-05 -6.51e-02 -6.51e-02  0.00e+00  2.10e+00 
 49500| 5.92e-06  1.91e-04  1.83e-05 -6.51e-02 -6.51e-02  0.00e+00  2.10e+00 
 49600| 5.91e-06  1.91e-04  1.83e-05 -6.52e-02 -6.51e-02  0.00e+00  2.11e+00 
 49700| 5.91e-06  1.91e-04  1.83e-05 -6.52e-02 -6.51e-02  0.00e+00  2.11e+00 
 49800| 5.91e-06  1.91e-04  1.83e-05 -6.52e-02 -6.51e-02  0.00e+00  2.12e+00 
 49900| 5.90e-06  1.90e-04  1.83e-05 -6.52e-02 -6.51e-02  0.00e+00  2.12e+00 
 50000| 5.90e-06  1.90e-04  1.83e-05 -6.52e-02 -6.51e-02  0.00e+00  2.12e+00 
----------------------------------------------------------------------------
Status: Solved/Inaccurate
Hit max_iters, solution may be inaccurate
Timing: Solve time: 2.12e+00s
	Lin-sys: nnz in L factor: 562, avg solve time: 2.67e-06s
	Cones: avg projection time: 3.81e-05s
----------------------------------------------------------------------------
Error metrics:
dist(s, K) = 2.3319e-09, dist(y, K*) = 1.7834e-09, s'y/|s||y| = -7.0476e-12
|Ax + s - b|_2 / (1 + |b|_2) = 5.8978e-06
|A'y + c|_2 / (1 + |c|_2) = 1.9030e-04
|c'x + b'y| / (1 + |c'x| + |b'y|) = 1.8291e-05
----------------------------------------------------------------------------
c'x = -0.0652, -b'y = -0.0651
============================================================================
