WARNING: Method definition require(Symbol) in module Base at loading.jl:345 overwritten in module ConicBenchmarkUtilities at /home/ubuntu/.julia/v0.5/Requires/src/require.jl:12.
#SOLVERNAME# PAJ_NEW_MSD_CPLEX_MOSEK_eprhs7
#SOLVER# Pajarito.PajaritoSolver(2,3600.0,1.0e-5,true,CPLEX.CplexSolver(Any[(:CPX_PARAM_THREADS,1),(:CPX_PARAM_TILIM,3600.0),(:CPX_PARAM_EPINT,1.0e-8),(:CPX_PARAM_EPRHS,1.0e-7),(:CPX_PARAM_SCRIND,0),(:CPX_PARAM_EPGAP,1.0e-5)]),CPLEX.CplexSolver(Any[]),0,false,true,Mosek.MosekMathProgSolverInterface.MosekSolver(Any[(:LOG,0),(:NUM_THREADS,1),(:OPTIMIZER_MAX_TIME,120.0)]),true,false,false,true,false,true,false,true,true,true,true,false,true,true,false,true,false,false,true,true,false,true,true,1.0e-10,1.0e-6,0.01,0.0001)
#INSTANCE# 10_0_5_w.cbf.gz
#TIMELIMIT# 3600.0

Transforming original data......Done     0.00s

Creating conic model data......Done     0.00s

Creating MIP model......Done     0.02s

Cone types summary:
Cone       | Count    | Min dim  | Max dim 
       SOC |      240 |        3 |        3

Solving conic relaxation......Done     0.12s
 - Relaxation status    =        Optimal
 - Relaxation objective = 1927024.916186

Creating conic subproblem model......Done

Starting MIP-solver-driven outer approximation algorithm

Pajarito MICP solve summary:
 - Total time (s)       =       2.27e+00
 - Status               =        Optimal
 - Best feasible obj.   =  +1.956871e+06
 - Final OA obj. bound  =  +1.956863e+06
 - Relative opt. gap    =      4.041e-06
 - Conic solve count    =              2
 - Feas. solution count =              2
 - Integer repeat count =             15

Timers (s):
 - Setup                =       1.60e-01
 -- Transform data      =       2.47e-03
 -- Create conic data   =       7.63e-04
 -- Create MIP data     =       2.42e-02
 -- Load/solve relax    =       1.19e-01
 - MIP-driven algorithm =       2.11e+00
 -- Solve conic model   =       3.48e-02

WARNING: For the MIP-solver-driven algorithm, optimality tolerance must be specified as MIP solver option, not Pajarito option
WARNING: For the MIP-solver-driven algorithm, optimality tolerance must be specified as MIP solver option, not Pajarito option
#STATUS# Optimal
#OBJVAL# 1.956871266590794e6
#OBJBOUND# 1.9568633586056945e6
#TIMESOLVER# 2.2712271213531494
#TIMEALL# 2.2722911834716797
#SOLUTION# [1.0,1.0,1.0,1.0,1.0,1.0,1.0,1.0,1.0,1.0,1.0,1.0,1.0,1.0,1.0,1.0,1.0,1.0,1.0,1.0,1.0,1.0,1.0,1.0,0.0,0.0,0.0,0.0,0.0,-0.0,-0.0,1.0,1.0,1.0,1.0,1.0,1.0,1.0,1.0,1.0,1.0,1.0,1.0,1.0,1.0,1.0,1.0,1.0,1.0,1.0,1.0,1.0,1.0,1.0,1.0,1.0,1.0,1.0,1.0,1.0,1.0,1.0,1.0,1.0,1.0,1.0,-0.0,-0.0,-0.0,-0.0,-0.0,-0.0,1.0,1.0,1.0,1.0,1.0,1.0,1.0,1.0,1.0,1.0,1.0,1.0,1.0,1.0,-0.0,-0.0,-0.0,-0.0,-0.0,-0.0,-0.0,-0.0,-0.0,-0.0,1.0,1.0,-0.0,-0.0,-0.0,-0.0,-0.0,-0.0,-0.0,-0.0,-0.0,-0.0,-0.0,-0.0,1.0,1.0,1.0,1.0,1.0,1.0,1.0,1.0,1.0,-0.0,1.0,1.0,1.0,1.0,1.0,1.0,1.0,1.0,1.0,1.0,1.0,1.0,1.0,1.0,1.0,1.0,1.0,1.0,1.0,1.0,1.0,1.0,1.0,1.0,1.0,1.0,1.0,1.0,1.0,1.0,1.0,1.0,1.0,1.0,1.0,1.0,1.0,1.0,1.0,1.0,1.0,1.0,1.0,1.0,1.0,1.0,1.0,1.0,-0.0,-0.0,-0.0,0.0,-0.0,1.0,1.0,1.0,1.0,1.0,1.0,1.0,1.0,1.0,1.0,1.0,1.0,1.0,1.0,1.0,1.0,1.0,1.0,1.0,1.0,1.0,-0.0,-0.0,-0.0,1.0,1.0,1.0,1.0,1.0,1.0,1.0,1.0,1.0,1.0,1.0,1.0,1.0,1.0,1.0,1.0,1.0,1.0,1.0,1.0,1.0,1.0,1.0,1.0,1.0,1.0,1.0,1.0,1.0,1.0,1.0,1.0,1.0,1.0,1.0,1.0,1.0,1.0,1.0,1.0,1.0,1.0,1.0,0.0,0.0,0.0,0.0,0.0,0.0,0.0,0.0,0.0,0.0,0.0,0.0,0.0,0.0,0.0,0.0,0.0,0.0,0.0,0.0,0.0,0.0,0.0,0.0,0.0,0.0,0.0,0.0,0.0,0.0,0.0,1.0,0.0,0.0,0.0,0.0,0.0,0.0,0.0,0.0,0.0,0.0,0.0,0.0,0.0,0.0,0.0,0.0,0.0,0.0,0.0,0.0,0.0,0.0,0.0,0.0,0.0,0.0,0.0,0.0,0.0,0.0,0.0,0.0,0.0,0.0,0.0,0.0,0.0,0.0,0.0,0.0,0.0,0.0,0.0,0.0,0.0,0.0,0.0,0.0,0.0,0.0,0.0,0.0,0.0,0.0,0.0,0.0,0.0,0.0,0.0,0.0,0.0,0.0,0.0,0.0,0.0,0.0,0.0,0.0,0.0,0.0,0.0,0.0,0.0,0.0,0.0,0.0,0.0,0.0,1.0,0.0,0.0,0.0,0.0,0.0,0.0,0.0,0.0,0.0,0.0,0.0,0.0,0.0,0.0,0.0,0.0,0.0,0.0,0.0,0.0,0.0,0.0,0.0,0.0,0.0,0.0,0.0,0.0,0.0,0.0,0.0,0.0,0.0,0.0,0.0,0.0,0.0,0.0,0.0,0.0,0.0,0.0,0.0,0.0,0.0,0.0,0.0,0.0,0.0,0.0,0.0,0.0,0.0,0.0,0.0,0.0,0.0,-0.0,0.0,0.0,0.0,0.0,1.0,0.0,0.0,0.0,0.0,0.0,0.0,0.0,0.0,0.0,0.0,0.0,0.0,0.0,0.0,0.0,0.0,0.0,0.0,0.0,0.0,0.0,0.0,0.0,1.0,0.0,0.0,0.0,0.0,0.0,0.0,0.0,0.0,0.0,0.0,0.0,0.0,0.0,0.0,0.0,0.0,0.0,0.0,0.0,0.0,0.0,0.0,0.0,0.0,0.0,0.0,0.0,0.0,0.0,0.0,0.0,0.0,0.0,0.0,0.0,0.0,0.0,0.0,0.0,0.0,0.0,0.0,0.6013112178544154,0.6966723834970141,0.5499657762078736,0.5369663842328589,0.5688192624851387,0.48251179503328334,0.6496145112982165,0.7274888278612445,1.0000000000000004,1.0000000000000004,1.0000000000000004,1.0000000000000004,1.0000000000000004,0.7603512175758627,0.9104678186794963,1.0,1.0,1.0,1.0,1.0,1.0000000000000004,1.0000000000000004,0.8166871852124342,0.618076867138641,0.0,0.0,0.0,0.0,0.0,0.0,0.0,0.0,0.3448557391304348,0.6897114782608696,1.0000000000000004,1.0000000000000004,1.0000000000000004,1.0000000000000004,1.0000000000000004,1.0000000000000004,1.0000000000000004,1.0000000000000004,1.0,1.0000000000000004,1.0000000000000004,1.0,1.0000000000000004,1.0,0.7187871748079603,0.8629664102099902,0.641968552200286,0.6226112120617289,0.6704289701049517,0.5407810623035003,0.792037759599998,0.9100130280242643,1.0000000000000004,1.0,1.0,1.0,1.0000000000000004,0.9598294077233918,1.0,0.8853310708661417,0.44266553543307086,0.0,0.0,0.0,0.0,0.0,0.0,0.0,0.39814521374045786,0.0,0.0,0.0,0.0,0.0,0.2812190992366392,0.6251321679389292,0.9690452366412192,0.8961082061068685,0.4612025877862575,0.6084051297709905,0.4124526870228991,0.0,0.0,0.0,0.0,0.0,0.0,0.0,0.0,0.0,0.0,0.0,0.11230585256410208,0.0,0.0,0.0,0.0,0.0,0.0,0.0,0.0,0.0,0.0,0.0,0.0,0.0,0.0,0.03498457051282022,0.3572134871794868,0.4738249230769225,0.560098538461538,0.6717460384615379,0.9034146089743575,0.46240697435897293,0.0,0.0,0.9200565942028988,1.0000000000000004,1.0,1.0,1.0,1.0,1.0,1.0,1.0000000000000004,1.0000000000000004,1.0000000000000004,1.0000000000000004,1.0000000000000004,1.0000000000000004,1.0,1.0000000000000004,1.0,1.0,1.0000000000000004,1.0000000000000004,1.0000000000000004,1.0000000000000004,1.0,1.0,1.0000000000000007,1.0000000000000004,1.0000000000000004,1.0,1.0,1.0,1.0,1.0,1.0,1.0,1.0000000000000004,1.0000000000000004,1.0,1.0,1.0,1.0000000000000004,1.0000000000000004,1.0,1.0000000000000004,1.0000000000000004,1.0000000000000004,1.0000000000000004,1.0,1.0,0.0,0.0,0.0,0.0,0.0,0.0,0.456522320754717,0.913044641509434,1.0000000000000004,1.0000000000000004,1.0000000000000004,1.0,1.0000000000000004,1.0,1.0,1.0000000000000004,1.0,1.0000000000000004,1.0000000000000004,1.0000000000000004,1.0000000000000004,1.0000000000000004,1.0000000000000007,1.0,0.4360700967741936,0.0,0.0,0.0,0.0,0.0,0.4582110483870968,0.9164220967741936,1.0000000000000004,1.0000000000000007,1.0000000000000002,1.0000000000000004,1.0000000000000004,0.9491295561634818,0.9893307518676254,1.0000000000000004,1.0,1.0,1.0000000000000007,1.0,1.0,1.0000000000000004,0.9646752179421713,0.9106169638862006,1.0000000000000004,1.0000000000000007,1.0,1.0,1.0,1.0,1.0,1.0,1.0000000000000004,1.0000000000000004,1.0000000000000004,1.0000000000000004,1.0,1.0,1.0,1.0,1.0000000000000004,1.0,1.0000000000000004,1.0000000000000004,1.0,1.0,1.0,1.0,1.0,1.0,1.0,1.0,1.0,1.0,1.0,1.0,1.0,1.0,1.0,1.0,1.0,1.0,1.0,1.0,1.0,1.0,1.0,1.0,1.0,1.0,1.0,1.0,0.0,0.0,0.0,0.0,0.0,-0.0,-0.0,1.0,1.0,1.0,1.0,1.0,1.0,1.0,1.0,1.0,1.0,1.0,1.0,1.0,1.0,1.0,1.0,1.0,1.0,1.0,1.0,1.0,1.0,1.0,1.0,1.0,1.0,1.0,1.0,1.0,1.0,1.0,1.0,1.0,1.0,1.0,-0.0,-0.0,-0.0,-0.0,-0.0,-0.0,1.0,1.0,1.0,1.0,1.0,1.0,1.0,1.0,1.0,1.0,1.0,1.0,1.0,1.0,-0.0,-0.0,-0.0,-0.0,-0.0,-0.0,-0.0,-0.0,-0.0,-0.0,1.0000000000000002,1.0,-0.0,-0.0,-0.0,-0.0,-0.0,-0.0,-0.0,-0.0,-0.0,-0.0,-0.0,-0.0,1.0,1.0,1.0,1.0,1.0,1.0,1.0,1.0,1.0,-0.0,1.0000000000000002,1.0,1.0,1.0,1.0,1.0,1.0,1.0,1.0,1.0,1.0,1.0,1.0,1.0,1.0,1.0,1.0,1.0,1.0,1.0,1.0,1.0,1.0,1.0,1.0000000000000002,1.0000000000000002,1.0,1.0,1.0,1.0,1.0,1.0,1.0,1.0,1.0,1.0,1.0,1.0,1.0,1.0,1.0,1.0,1.0,1.0,1.0,1.0,1.0,1.0,-0.0,-0.0,-0.0,0.0,-0.0,1.0,1.0,1.0,1.0,1.0,1.0,1.0,1.0,1.0,1.0,1.0,1.0,1.0,1.0,1.0,1.0,1.0,1.0,1.0,1.0000000000000002,1.0,-0.0,-0.0,-0.0,1.0,1.0,1.0,1.0,1.0,1.0,1.0,1.0,1.0,1.0,1.0,1.0,1.0,1.0,1.0,1.0,1.0,1.0,1.0,1.0000000000000002,1.0,1.0,1.0,1.0,1.0,1.0,1.0,1.0,1.0,1.0,1.0,1.0,1.0,1.0,1.0,1.0,1.0,1.0,1.0,1.0,1.0,1.0,1.0,0.0,0.0,0.0,0.0,0.0,0.0,0.0,0.0,0.0,0.0,0.0,0.0,0.0,0.0,0.0,0.0,0.0,0.0,0.0,0.0,0.0,0.0,0.0,0.0,0.0,0.0,0.0,0.0,0.0,0.0,0.0,433.39931,0.0,0.0,0.0,0.0,0.0,0.0,0.0,0.0,0.0,0.0,0.0,0.0,0.0,0.0,0.0,0.0,0.0,0.0,0.0,0.0,0.0,0.0,0.0,0.0,0.0,0.0,0.0,0.0,0.0,0.0,0.0,0.0,0.0,0.0,0.0,0.0,0.0,0.0,0.0,0.0,0.0,0.0,0.0,0.0,0.0,0.0,0.0,0.0,0.0,0.0,0.0,0.0,0.0,0.0,0.0,0.0,0.0,0.0,0.0,0.0,0.0,0.0,0.0,0.0,0.0,0.0,0.0,0.0,0.0,0.0,0.0,0.0,0.0,0.0,0.0,0.0,0.0,0.0,308.480042,0.0,0.0,0.0,0.0,0.0,0.0,0.0,0.0,0.0,0.0,0.0,0.0,0.0,0.0,0.0,0.0,0.0,0.0,0.0,0.0,0.0,0.0,0.0,0.0,0.0,0.0,0.0,0.0,0.0,0.0,0.0,0.0,0.0,0.0,0.0,0.0,0.0,0.0,0.0,0.0,0.0,0.0,0.0,0.0,0.0,0.0,0.0,0.0,0.0,0.0,0.0,0.0,0.0,0.0,0.0,0.0,0.0,0.0,0.0,0.0,0.0,0.0,132.772577,0.0,0.0,0.0,0.0,0.0,0.0,0.0,0.0,0.0,0.0,0.0,0.0,0.0,0.0,0.0,0.0,0.0,0.0,0.0,0.0,0.0,0.0,0.0,142.354053,0.0,0.0,0.0,0.0,0.0,0.0,0.0,0.0,0.0,0.0,0.0,0.0,0.0,0.0,0.0,0.0,0.0,0.0,0.0,0.0,0.0,0.0,0.0,0.0,0.0,0.0,0.0,0.0,0.0,0.0,0.0,0.0,0.0,0.0,0.0,0.0,0.0,0.0,0.0,0.0,0.0,0.0,0.1807874313875315,0.24267610122872085,0.15123109848881788,0.14416634211742718,0.16177758716431012,0.11640868873666221,0.21099941774787004,0.26461977813784565,0.4999999999992135,0.49999999999909717,0.49999999999894856,0.4999999999990935,0.499999999999083,0.28906660475132206,0.4144758230835671,0.499999999999449,0.4999999999994921,0.4999999999994884,0.49999999999935296,0.4999999999995569,0.49999999999963074,0.49999999999957323,0.3334889390815585,0.1910094575920207,0.0,0.0,0.0,0.0,0.0,0.0,0.0,0.0,0.059462740395566205,0.2378509616112643,0.49999999999977374,0.49999999999980477,0.4999999999998027,0.49999999999965516,0.49999999999979716,0.4999999999997867,0.49999999999979383,0.49999999999978884,0.4999999999997412,0.49999999999978173,0.49999999999980405,0.49999999999978495,0.4999999999997796,0.4999999999997242,0.25832738749140405,0.3723551857258278,0.20606148198593077,0.1938220043671719,0.22473720289723254,0.14622163589471882,0.3136616131995581,0.41406118624629956,0.49999999999976386,0.49999999999967204,0.4999999999995344,0.4999999999996616,0.4999999999995258,0.46063554117734024,0.49999999999914846,0.3919055524860945,0.09797638812918297,0.0,0.0,0.0,0.0,0.0,0.0,0.0,0.0792598056120093,0.0,0.0,0.0,0.0,0.0,0.03954209087321403,0.19539511363177342,0.4695243353098575,0.401504958404595,0.10635391346382594,0.18507840093539885,0.08505860948034116,0.0,0.0,0.0,0.0,0.0,0.0,0.0,0.0,0.0,0.0,0.0,0.0063063022598091045,0.0,0.0,0.0,0.0,0.0,0.0,0.0,0.0,0.0,0.0,0.0,0.0,0.0,0.0,0.0006115860494596921,0.06380073771109734,0.11225502885870242,0.15685518638052487,0.22562137007902588,0.40807897785259517,0.10691010495296227,0.0,0.0,0.4232520682387213,0.4999999999995024,0.4999999999994069,0.49999999999950917,0.4999999999995077,0.4999999999994529,0.49999999999947053,0.4999999999994842,0.49999999999971856,0.4999999999996535,0.4999999999995821,0.4999999999996412,0.49999999999963174,0.499999999999457,0.4999999999996212,0.49999999999959666,0.49999999999960887,0.4999999999996082,0.49999999999955513,0.49999999999961253,0.49999999999965317,0.49999999999963163,0.4999999999996423,0.4999999999995668,0.49999999999876366,0.4999999999989311,0.4999999999961913,0.49999999999661693,0.49999999999667244,0.49999999999644373,0.4999999999989685,0.4999999999994551,0.4999999999997585,0.49999999999970013,0.49999999999963496,0.49999999999968814,0.4999999999996795,0.4999999999995206,0.4999999999996697,0.49999999999964795,0.49999999999966005,0.4999999999996598,0.4999999999996132,0.4999999999996656,0.4999999999997048,0.4999999999996869,0.4999999999996958,0.49999999999963385,0.0,0.0,0.0,0.0,0.0,0.0,0.10420631466205843,0.4168252586362806,0.4999999999996859,0.49999999999956923,0.49999999999943634,0.4999999999995477,0.4999999999995308,0.4999999999991691,0.49999999999950984,0.4999999999994642,0.49999999999948797,0.49999999999948797,0.4999999999993824,0.49999999999949785,0.499999999999577,0.4999999999995417,0.49999999999956035,0.499999999999434,0.09507856464659081,0.0,0.0,0.0,0.0,0.0,0.10497868240437103,0.41991472971383503,0.49999999999953393,0.4999999999993868,0.49999999999913214,0.49999999999934874,0.499999999999324,0.4504232016953662,0.48938742411802466,0.49999999999919686,0.4999999999992478,0.49999999999925193,0.4999999999988566,0.49999999999926714,0.4999999999994085,0.49999999999934075,0.4652985823155662,0.4146109487827298,0.4999999999970077,0.4999999999971837,0.49999999998755773,0.4999999999745215,0.4999999999750313,0.4999999999739583,0.4999999999938648,0.49999999999862044,0.499999999999709,0.4999999999996424,0.49999999999957057,0.49999999999963174,0.4999999999996212,0.49999999999942835,0.49999999999961353,0.499999999999587,0.4999999999996012,0.4999999999996023,0.49999999999954825,0.49999999999960953,0.4999999999996495,0.4999999999996322,0.4999999999996484,0.49999999999957645]
