WARNING: Method definition require(Symbol) in module Base at loading.jl:345 overwritten in module ConicBenchmarkUtilities at /home/ubuntu/.julia/v0.5/Requires/src/require.jl:12.
#SOLVERNAME# PAJ_NEW_MSD_CPLEX_MOSEK_primmaxviolonly
#SOLVER# Pajarito.PajaritoSolver(2,3600.0,1.0e-5,true,CPLEX.CplexSolver(Any[(:CPX_PARAM_THREADS,1),(:CPX_PARAM_TILIM,3600.0),(:CPX_PARAM_EPINT,1.0e-8),(:CPX_PARAM_EPRHS,1.0e-6),(:CPX_PARAM_SCRIND,0),(:CPX_PARAM_EPGAP,1.0e-5)]),CPLEX.CplexSolver(Any[]),0,false,true,Mosek.MosekMathProgSolverInterface.MosekSolver(Any[(:LOG,0),(:NUM_THREADS,1),(:OPTIMIZER_MAX_TIME,120.0)]),true,false,false,true,false,true,false,true,true,true,true,false,true,true,false,true,false,false,true,true,true,true,true,1.0e-10,1.0e-6,0.01,0.0001)
#INSTANCE# stolpe07-8.2flowc.cbf.gz
#TIMELIMIT# 3600.0

Transforming original data......Done     0.00s

Creating conic model data......Done     0.00s

Creating MIP model......Done     0.01s

Cone types summary:
Cone       | Count    | Min dim  | Max dim 
       SOC |      192 |        3 |        3

Solving conic relaxation......Done     0.02s
 - Relaxation status    =        Optimal
 - Relaxation objective =      15.666664

Creating conic subproblem model......Done

Starting MIP-solver-driven outer approximation algorithm

Pajarito MICP solve summary:
 - Total time (s)       =       4.46e+01
 - Status               =        Optimal
 - Best feasible obj.   =  +1.581918e+01
 - Final OA obj. bound  =  +1.581905e+01
 - Relative opt. gap    =      8.255e-06
 - Conic solve count    =             20
 - Feas. solution count =             14
 - Integer repeat count =           1804

Timers (s):
 - Setup                =       4.70e-02
 -- Transform data      =       8.07e-04
 -- Create conic data   =       3.13e-04
 -- Create MIP data     =       9.87e-03
 -- Load/solve relax    =       1.70e-02
 - MIP-driven algorithm =       4.46e+01
 -- Solve conic model   =       1.95e-01

#STATUS# Optimal
#OBJVAL# 15.819177754351488
#OBJBOUND# 15.819047174235237
#TIMESOLVER# 44.62414288520813
#TIMEALL# 44.625163078308105
#SOLUTION# [15.819177754351488,0.0,0.0,0.0,0.0,0.0,0.0,-0.00045206108829981973,0.0,0.0,0.0,0.0,0.0,0.0,0.0,0.0,0.0,0.0,0.0,0.0,-0.00045206108829981973,0.0,0.0,0.0,0.0,0.0,0.0,0.0,0.0,0.0,0.0,0.0,0.0,0.0,0.0,0.0,0.0,0.0,-0.00045206108829981973,0.0,0.0,0.0,0.0,0.0,0.0,0.0,0.0,0.0,0.0,1.0,0.0,0.0,0.0,0.0,0.0,-0.0,0.0,1.0,-0.0,1.0,0.0,0.0,0.0,0.0,-0.0,0.0,1.0,0.0,0.0,0.0,0.0,0.0,0.0,1.0,0.0,0.0,0.0,0.0,0.0,0.0,0.0,0.0,0.0,0.0,0.0,-0.0,1.0,0.0,0.0,0.0,0.0,0.0,1.0,0.0,0.0,0.0,0.0,0.0,0.0,1.0,-0.0,-0.0,1.0,0.0,0.0,0.0,0.0,0.0,0.0,-0.0,0.0,1.0,1.0,0.0,0.0,0.0,0.0,0.0,0.0,1.0,0.0,0.0,1.0,0.0,0.0,0.0,0.0,1.0,0.0,0.0,-0.0,0.0,-0.0,0.0,0.0,0.0,0.0,0.0,0.0,0.0,0.0,0.0,0.0,1.0,0.0,-0.0,1.0,0.0,0.0,0.0,0.0,0.0,0.0,0.0,0.0,1.0,0.0,0.0,0.0,0.0,0.0,0.0,0.0,0.0,1.0,0.0,0.0,0.0,0.0,-0.0,0.0,0.0,-0.0,0.0,-0.0,-0.0,0.0,1.0,0.0,0.0,0.0,0.0,0.0,0.0,0.0,0.0,-0.0,-0.0,-0.0,-0.0,-0.0,0.0,0.0,-0.0,0.1249999999775997,0.0,0.0,-0.0,-0.0,-0.0,-0.0,-0.0,-0.0,0.0,1.333333332160455,-0.0,0.0,0.6987704476906544,0.0,-0.0,0.0,0.0,0.0,-0.0,0.0,0.0,2.999999993473664,-0.0,-0.0,-0.0,-0.0,-0.0,0.0,-0.0,-0.0,-0.0,0.1249999999776068,0.0,0.0,-0.0,-0.0,0.0,0.0,-0.0,-0.0,-0.0,-0.0,-0.0,-0.0,-0.0,-0.0,-0.0,0.0,0.6987712426202588,0.0,-0.0,-0.0,-0.0,-0.0,-0.0,0.0,0.6987712425899644,0.0,-0.0,0.0,0.0,0.0,-0.0,0.0,0.0,0.46584749519914687,-0.0,-0.0,0.0,1.3333333322029148,-0.0,-0.0,-0.0,-0.0,-0.0,0.0,0.0,0.0,-0.0,0.0,0.0,2.999999992740447,-0.0,0.12499999997748024,0.0,0.0,-0.0,-0.0,-0.0,0.0,-0.0,0.0,0.4999999999106095,0.0,-0.0,0.0,0.6987703915848387,0.0,-0.0,0.0,0.0,0.0,-0.0,0.12499999997759148,0.0,0.0,-0.0,0.0,-0.0,-0.0,-0.0,-0.0,-0.0,-0.0,-0.0,0.0,-0.0,-0.0,-0.0,0.0,0.0,0.0,-0.0,0.0,0.6987712429178904,0.0,-0.0,0.0,0.4999999999080966,0.0,-0.0,0.0,0.0,0.0,-0.0,0.0,0.0,0.0,-0.0,0.0,0.499999999913582,0.0,-0.0,0.0,0.0,0.0,-0.0,0.0,0.0,0.0,-0.0,0.0,0.24999999995631228,0.0,-0.0,0.0,-0.0,-0.0,-0.0,0.0,-0.0,-0.0,-0.0,-0.0,-0.0,-0.0,-0.0,0.0,-0.0,0.9428090415723743,-0.0,0.0,0.0,0.0,-0.0,0.0,0.0,0.0,-0.0,0.0,0.0,-0.0,-0.0,-0.0,-0.0,0.0,-0.0,0.0,0.0,0.0,0.0,-0.0,-0.0,-0.0,-0.0,-0.0,1.0,-0.0,-0.0,-0.0,-0.0,-0.0,-0.0,-0.0,-0.0,-0.0,-0.0,-0.0,-0.0,1.0,-0.0,-0.0,-0.0,-0.0,-0.0,-0.0,-0.0,-0.0,-0.0,-0.0,-0.0,-0.0,-0.0,-0.0,-0.0,-0.0,-0.0,1.0,-0.0,-0.0,-0.0,-0.0,-0.0,-0.0,-0.0,-0.0,-0.0,-0.0,0.0,0.0,-1.1547005383792517,0.0,-0.8359253812205261,0.0,0.0,0.0,0.0,0.0,0.0,-1.7320508075688772,0.0,0.0,0.0,0.0,0.0,0.0,0.0,0.0,0.0,0.0,0.0,0.0,0.0,0.0,0.0,0.0,-0.8359253812205278,0.0,0.0,0.0,0.0,0.0,0.8359253812205278,0.0,0.0,0.0,0.0,0.0,0.0,0.6825302156772687,0.0,0.0,1.154700538379252,0.0,0.0,0.0,0.0,0.0,0.0,0.0,0.0,1.7320508075688772,0.0,-0.707106781186545,0.0,0.0,-0.835925381220528,0.0,0.0,0.0,0.0,0.0,0.0,0.0,0.0,0.0,0.0,0.0,0.0,0.0,0.0,0.0,0.0,0.0,0.835925381220528,0.0,0.0,0.707106781186545,0.0,0.0,-0.707106781186545,0.0,0.0,0.0,0.0,0.0,0.0,0.0,0.0,0.0,0.0,0.0,0.0,0.0,0.0,0.0,0.0,0.0,0.0,0.9709835434146459,0.0,0.0,0.0,0.0,0.0,0.0,0.3535533905932742,0.0,0.0,0.0,0.0,0.0,-0.3535533905932757,0.0,0.0,0.35355339059327506,0.0,0.0,0.0,0.0,0.0,-0.35355339059327506,0.0,0.0,0.0,0.0,0.0,0.0,0.0,0.0,0.0,-0.5,0.0,0.0,0.0,0.0,0.0,0.0,0.0,0.0,0.0,0.0,-0.0,0.0,0.0,1.0,0.06249999998879985,0.3535533905932742,0.0,0.0,0.0,0.0,0.0,0.0,-0.0,0.0,0.0,0.0,-0.0,0.0,0.0,-0.0,0.0,0.0,-0.0,0.0,-0.0,0.0,0.0,0.0,-0.0,0.0,0.0,0.0,0.0,1.0,0.6666666660802275,-1.1547005383792517,-0.0,0.0,0.0,0.0,0.0,0.0,1.0,0.3493852238453272,-0.8359253812205261,0.0,0.0,0.0,-0.0,0.0,0.0,0.0,0.0,0.0,0.0,0.0,0.0,0.0,0.0,0.0,-0.0,0.0,0.0,0.0,0.0,0.0,0.0,0.0,0.0,1.0,1.499999996736832,-1.7320508075688772,-0.0,0.5,-0.00045206108829981973,0.0,-0.0,0.0,0.0,-0.0,0.0,0.0,-0.0,0.0,-0.0,0.0,0.0,0.0,0.0,0.0,0.0,-0.0,0.0,0.0,-0.0,0.0,-0.0,0.0,0.0,1.0,0.0624999999888034,-0.3535533905932757,0.0,0.0,0.0,0.0,0.0,0.0,-0.0,0.0,0.0,0.0,-0.0,0.0,0.0,0.0,0.0,0.0,0.0,0.0,-0.0,0.0,0.0,0.0,-0.0,0.0,0.0,-0.0,0.0,0.0,-0.0,0.0,-0.0,0.0,0.0,0.0,-0.0,0.0,0.0,-0.0,0.0,0.0,-0.0,0.0,-0.0,0.0,0.0,0.0,0.0,0.0,1.0,0.3493856213101294,-0.8359253812205278,0.0,0.0,0.0,-0.0,0.0,0.0,0.0,-0.0,0.0,0.0,-0.0,0.0,0.0,-0.0,0.0,-0.0,0.0,0.0,0.0,0.0,0.0,1.0,0.3493856212949822,0.8359253812205278,0.0,0.0,0.0,-0.0,0.0,0.0,0.0,0.0,0.0,0.0,0.0,0.0,0.0,0.0,0.0,-0.0,0.0,0.0,0.0,0.0,0.0,0.0,0.0,0.0,1.0,0.23292374759957343,0.6825302156772687,-0.0,0.0,0.0,0.0,-0.0,0.0,0.0,0.0,0.0,1.0,0.6666666661014574,1.154700538379252,-0.0,0.0,0.0,0.0,-0.0,0.0,0.0,-0.0,0.0,0.0,-0.0,0.0,-0.0,0.5,-0.00045206108829981973,0.0,0.0,0.0,0.0,0.0,0.0,0.0,0.0,0.0,-0.0,0.0,0.0,0.0,0.0,0.0,0.0,0.0,0.0,1.0,1.4999999963702235,1.7320508075688772,-0.0,0.0,0.0,1.0,0.06249999998874012,0.35355339059327506,0.0,0.0,0.0,0.0,0.0,0.0,-0.0,0.0,0.0,0.0,-0.0,0.0,0.0,-0.0,0.0,0.0,0.0,0.0,-0.0,0.0,0.0,0.0,0.0,0.0,1.0,0.24999999995530475,-0.707106781186545,0.0,0.0,0.0,-0.0,0.0,0.0,0.0,0.0,0.0,1.0,0.34938519579241933,-0.835925381220528,0.0,0.0,0.0,-0.0,0.0,0.0,0.0,0.0,0.0,0.0,0.0,0.0,0.0,0.0,0.0,-0.0,0.0,0.0,1.0,0.06249999998879574,-0.35355339059327506,0.0,0.0,0.0,0.0,0.0,0.0,-0.0,0.0,0.0,0.0,0.0,0.0,0.0,-0.0,0.0,0.0,-0.0,0.0,-0.0,0.0,0.0,0.0,-0.0,0.0,0.0,-0.0,0.0,0.0,-0.0,0.0,-0.0,0.0,0.0,0.0,0.0,0.0,0.0,-0.0,0.0,0.0,-0.0,0.0,-0.0,0.0,0.0,0.0,0.0,0.0,0.0,0.0,0.0,0.0,0.0,0.0,-0.0,0.0,0.0,0.0,0.0,0.0,1.0,0.3493856214589452,0.835925381220528,0.0,0.0,0.0,-0.0,0.0,0.0,0.0,0.0,0.0,1.0,0.2499999999540483,0.707106781186545,0.0,0.0,0.0,-0.0,0.0,0.0,0.0,0.0,0.0,0.0,0.0,0.0,0.0,0.0,0.0,-0.0,0.0,0.0,0.0,0.0,0.0,0.0,0.0,0.0,0.0,0.0,0.0,-0.0,0.0,0.0,0.0,0.0,0.0,1.0,0.249999999956791,-0.707106781186545,0.0,0.0,0.0,-0.0,0.0,0.0,0.0,0.0,0.0,0.0,0.0,0.0,0.0,0.0,0.0,-0.0,0.5,-0.00045206108829981973,0.0,0.0,0.0,0.0,0.0,0.0,0.0,0.0,0.0,-0.0,0.0,0.0,0.0,0.0,0.0,1.0,0.12499999997815614,-0.5,0.0,0.0,0.0,-0.0,0.0,0.0,0.0,0.0,0.0,0.0,-0.0,0.0,0.0,-0.0,0.0,-0.0,0.0,0.0,0.0,0.0,0.0,0.0,-0.0,0.0,0.0,-0.0,0.0,-0.0,0.0,0.0,0.0,-0.0,0.0,0.0,-0.0,0.0,0.0,-0.0,0.0,-0.0,0.0,0.0,0.0,0.0,0.0,0.0,-0.0,0.0,1.0,0.47140452078618716,0.9709835434146459,-0.0,0.0,0.0,0.0,0.0,0.0,0.0,0.0,0.0,0.0,0.0,0.0,-0.0,0.0,0.0,0.0,0.0,0.0,0.0,0.0,0.0,0.0,0.0,0.0,-0.0,0.0,0.0,0.0,0.0,0.0,0.0,0.0,0.0,0.0,-0.0,0.0,-0.0,0.0,0.0,0.0,-0.0,0.0,0.0,-0.0,0.0,0.0,0.0,0.0,-0.0,0.0,0.0,0.0,0.0,0.0,0.0,0.0,0.0,0.0,0.0,0.0]
WARNING: For the MIP-solver-driven algorithm, optimality tolerance must be specified as MIP solver option, not Pajarito option
WARNING: For the MIP-solver-driven algorithm, optimality tolerance must be specified as MIP solver option, not Pajarito option
