WARNING: Method definition require(Symbol) in module Base at loading.jl:345 overwritten in module ConicBenchmarkUtilities at /home/ubuntu/.julia/v0.5/Requires/src/require.jl:12.
#SOLVERNAME# PAJ_NEW_MSD_CPLEX_MOSEK_noprimviolonly
#SOLVER# Pajarito.PajaritoSolver(2,3600.0,1.0e-5,true,CPLEX.CplexSolver(Any[(:CPX_PARAM_THREADS,1),(:CPX_PARAM_TILIM,3600.0),(:CPX_PARAM_EPINT,1.0e-8),(:CPX_PARAM_EPRHS,1.0e-6),(:CPX_PARAM_SCRIND,0),(:CPX_PARAM_EPGAP,1.0e-5)]),CPLEX.CplexSolver(Any[]),0,false,true,Mosek.MosekMathProgSolverInterface.MosekSolver(Any[(:LOG,0),(:NUM_THREADS,1),(:OPTIMIZER_MAX_TIME,120.0)]),true,false,false,true,false,true,false,true,true,true,true,false,true,true,false,true,false,false,true,false,false,true,true,1.0e-10,1.0e-6,0.01,0.0001)
#INSTANCE# b1bigflowc.cbf.gz
#TIMELIMIT# 3600.0

Transforming original data......Done     0.00s

Creating conic model data......Done     0.00s

Creating MIP model......Done     0.03s

Cone types summary:
Cone       | Count    | Min dim  | Max dim 
       SOC |      376 |        3 |        3

Solving conic relaxation......Done     0.05s
 - Relaxation status    =        Optimal
 - Relaxation objective =       5.604877

Creating conic subproblem model......Done

Starting MIP-solver-driven outer approximation algorithm

Pajarito MICP solve summary:
 - Total time (s)       =       3.14e+02
 - Status               =        Optimal
 - Best feasible obj.   =  +5.777366e+00
 - Final OA obj. bound  =  +5.777310e+00
 - Relative opt. gap    =      9.657e-06
 - Conic solve count    =             24
 - Feas. solution count =             14
 - Integer repeat count =             36

Timers (s):
 - Setup                =       1.16e-01
 -- Transform data      =       1.64e-03
 -- Create conic data   =       6.26e-04
 -- Create MIP data     =       3.00e-02
 -- Load/solve relax    =       5.31e-02
 - MIP-driven algorithm =       3.14e+02
 -- Solve conic model   =       4.90e-01

#STATUS# Optimal
#OBJVAL# 5.77736612640704
#OBJBOUND# 5.777310336921466
#TIMESOLVER# 313.7505521774292
#TIMEALL# 313.7523670196533
#SOLUTION# [5.77736612640704,0.0,0.0,1.0,0.0,-0.0,-0.0,1.0000000000000329,0.0,0.0,-0.0,0.0,-0.0,0.0,0.0,0.0,0.0,0.0,0.0,0.0,-0.0,-0.0,0.0,0.0,0.0,0.0,-0.0,0.0,-0.0,1.0,0.0,0.0,0.0,0.0,0.0,0.0,-0.0,0.0,-0.0,-0.0,0.0,0.0,-0.0,0.0,0.0,0.0,-0.0,0.0,0.0,-0.0,-0.0,0.0,0.0,0.0,0.0,0.0,0.0,0.0,0.0,-0.0,-0.0,0.0,0.0,-0.0,-0.0,0.0,-0.0,-0.0,-0.0,-0.0,-0.0,0.0,-0.0,0.0,-0.0,-0.0,0.0,0.0,0.0,0.0,0.0,0.0,0.0,0.0,0.0,0.0,0.0,0.0,0.0,-0.0,1.0,-0.0,0.0,0.0,-0.0,0.0,-0.0,0.0,-0.0,0.0,-0.0,-0.0,-0.0,-0.0,0.0,0.0,-0.0,0.0,0.0,-0.0,0.0,1.0,0.0,0.0,-0.0,0.0,0.0,0.0,1.0,0.0,0.0,0.0,0.0,0.0,0.0,0.0,0.0,-0.0,-0.0,0.0,0.0,0.0,0.0,0.0,0.0,-0.0,1.0,0.0,-0.0,0.0,-0.0,0.0,1.0,0.0,0.0,0.0,1.0,0.0,0.0,-0.0,-0.0,0.0,0.0,-0.0,-0.0,0.0,0.0,0.0,0.0,0.0,-0.0,0.0,0.0,0.0,1.0,0.0,-0.0,0.0,-0.0,0.0,0.0,0.0,0.0,0.0,0.0,0.0,0.0,0.0,0.0,0.0,0.0,0.0,0.0,0.0,0.0,0.0,-0.0,0.0,0.0,1.0,0.0,0.0,-0.0,0.0,0.0,0.0,0.0,-0.0,0.0,0.0,0.0,-0.0,-0.0,0.0,-0.0,0.0,0.0,0.0,0.0,0.0,1.0,0.0,-0.0,0.0,-0.0,0.0,-0.0,0.0,0.0,0.0,-0.0,-0.0,0.0,0.0,0.0,0.0,-0.0,0.0,0.0,0.0,0.0,-0.0,-0.0,0.0,1.0,0.0,-0.0,0.0,0.0,0.0,0.0,0.0,0.0,0.0,-0.0,0.0,-0.0,0.0,0.0,0.0,-0.0,0.0,0.0,0.0,0.0,0.0,0.0,0.0,0.0,0.0,0.0,0.0,0.0,0.0,-0.0,0.0,0.0,0.0,0.0,0.0,-0.0,0.0,1.0,0.0,0.0,0.0,-0.0,0.0,-0.0,0.0,0.0,0.0,0.0,-0.0,1.0,0.0,0.0,0.0,0.0,-0.0,0.0,0.0,-0.0,0.0,0.0,0.0,0.0,0.0,0.0,0.0,0.0,0.0,1.0,-0.0,-0.0,0.0,0.0,-0.0,-0.0,0.0,0.0,0.0,0.0,-0.0,0.0,0.0,0.0,0.0,0.0,-0.0,0.0,0.0,0.0,-0.0,1.0,1.0,-0.0,-0.0,-0.0,-0.0,-0.0,1.0,-0.0,-0.0,0.0,-0.0,-0.0,0.0,0.0,-0.0,-0.0,0.0,-0.0,-0.0,1.0,0.0,0.0,1.0,0.0,-0.0,0.0,0.0,-0.0,0.0,1.0,0.0,-0.0,0.0,0.0,0.0,0.0,0.0,-0.0,0.0,0.0,0.0,-0.0,0.0,-0.0,1.0,0.0,0.0,0.0,0.0,-0.0,0.0,-0.0,1.5022445164383754e-9,1.7959141629326477e-9,0.07032013453736008,1.4399792296588493e-9,1.34866714354364e-9,1.3479613388258005e-9,0.07032013254623282,1.4547481264279857e-9,1.433399389793973e-9,1.5994654315858156e-9,1.3611985029931855e-9,1.3853761474614655e-9,1.4128598457209676e-9,1.5386380820115338e-9,1.3707626245717e-9,1.4139628333422065e-9,1.4333818052626118e-9,1.5988065617363846e-9,1.4199429209732352e-9,1.5593326416210542e-9,1.3498146023116726e-9,1.3513995618783857e-9,1.4508620242020533e-9,1.6493831839784156e-9,1.3874405099433966e-9,1.4634794669251063e-9,1.3858965950690877e-9,1.4589936431158171e-9,0.09944768787891034,1.4617544464769642e-9,1.3643138640651076e-9,1.3947260865960868e-9,1.37043927007417e-9,1.4129656366892147e-9,1.3571582100085762e-9,1.3733801248177046e-9,1.3685674718848326e-9,1.4073402398709063e-9,1.388064400939964e-9,1.4651503239408403e-9,1.350152688852375e-9,1.3524174095954775e-9,1.3567066783111944e-9,1.3720429532293398e-9,1.3548363800467291e-9,1.3664558439585292e-9,1.3991254428036316e-9,1.4981370208599365e-9,1.3511954881562525e-9,1.3555386949197797e-9,1.360586356885954e-9,1.3836323069534858e-9,1.3778944952036096e-9,1.4349088913256615e-9,1.3602151685835044e-9,1.3825371024987314e-9,1.3874405091624022e-9,1.4634794645974645e-9,1.3549703910628646e-9,1.3668508149441638e-9,1.3703959373683479e-9,1.4126645315063768e-9,1.3511308753703781e-9,1.3553486194920089e-9,1.3513694702548723e-9,1.3560618873802833e-9,1.3598418233968784e-9,1.3814301688465975e-9,1.3538630970746124e-9,1.3635261434517998e-9,1.3964915788758895e-9,1.4899715221491971e-9,1.3531754485338936e-9,1.361475324022917e-9,1.3495298269966001e-9,1.3505474168092996e-9,1.3530210152445322e-9,1.3610128717533166e-9,1.3548510044852149e-9,1.3664784035542821e-9,1.381983119810698e-9,1.4472397210431015e-9,1.3858965345555338e-9,1.4589934625877062e-9,1.3549703685598321e-9,1.366850747498275e-9,1.3760422054456216e-9,1.4293098036843117e-9,1.3796927986034001e-9,0.18368132525384295,1.3494769003807707e-9,1.350387975945343e-9,1.353472220474149e-9,1.3623540589390981e-9,1.3661807721978413e-9,1.4002110110930681e-9,1.3672113474859738e-9,1.4032637519832606e-9,1.3489441084968662e-9,1.3487899903234808e-9,1.361270360034429e-9,1.385625147857575e-9,1.3502372003209711e-9,1.3526656908074994e-9,1.3497414966686147e-9,1.3511799030541771e-9,1.349814575886565e-9,1.3513994826420114e-9,1.3548508888843844e-9,1.3664780574980258e-9,0.0281154549862479,1.4033547159648052e-9,1.3620659614190095e-9,1.38792990780967e-9,1.3694656120753373e-9,1.4100457436425485e-9,1.3778158045414683e-9,0.18368132467238407,1.3658243646984216e-9,1.3992066425768972e-9,1.351493023064228e-9,1.3564340194948035e-9,1.3638930272405877e-9,1.3936114982869796e-9,1.4061095798051438e-9,1.5178278857022533e-9,1.3502371347918632e-9,1.3526654944075362e-9,1.4336240793401273e-9,1.597692197395759e-9,1.3641483627743572e-9,1.394229458801676e-9,1.3778945351902513e-9,1.4349090102542866e-9,1.4195702937584183e-9,0.4712195291286685,1.390988855646262e-9,1.4731467777993575e-9,1.3499554920809225e-9,1.351824249816316e-9,1.4450863419426286e-9,0.6815363243342127,1.357252093257949e-9,1.3736295609178285e-9,1.3955752604859136e-9,0.3193748136742798,1.3952801019977446e-9,1.486431162201881e-9,1.3678707070095845e-9,1.4052984767594055e-9,1.4087763078539817e-9,1.5259453137192167e-9,1.3497414776173723e-9,1.351179846000608e-9,1.4336235930425824e-9,1.5976907598288927e-9,1.398418663289348e-9,1.4957705662434512e-9,1.45086166571642e-9,1.6493821202449657e-9,1.381983053518047e-9,1.447239523272441e-9,1.4158937802818554e-9,0.4534080185638536,1.4711456321287836e-9,1.7053803275158895e-9,1.3959459426823271e-9,1.488166977113352e-9,1.3614199286462936e-9,1.386098553509195e-9,1.3510633373779256e-9,1.3551473253695318e-9,1.4613595392754146e-9,1.6783646878027378e-9,1.3538374047220949e-9,1.3634621268184416e-9,1.3641482750105676e-9,1.3942291964903703e-9,1.3984187948014462e-9,1.4957709575003928e-9,1.360215159539822e-9,1.382537075419098e-9,1.4426245822800314e-9,1.620170447174161e-9,1.3869247698458517e-9,1.4612680009580932e-9,1.4841926456465123e-9,1.7431331368115092e-9,0.15209999767087679,1.578040081902331e-9,1.4126694569270442e-9,1.5379274617816833e-9,1.4693761487523918e-9,1.7016335328600612e-9,1.4847073947511628e-9,1.745622591007353e-9,1.3638921876310221e-9,1.3936089757854795e-9,1.461357811639664e-9,1.6783596158002696e-9,1.3707618998515963e-9,1.4139606680480052e-9,1.3991243183728107e-9,1.4981336716726385e-9,1.3881807428372978e-9,1.4655063386341915e-9,1.4126715953846574e-9,1.5379338168020163e-9,1.3775949465250071e-9,0.18368132455088615,1.349097675965498e-9,1.3492510006470668e-9,1.3677758528704844e-9,1.405081259780169e-9,1.3489440957515929e-9,1.348789952082477e-9,1.367870953532051e-9,1.405299215450456e-9,1.3511954937079624e-9,1.3555387115606248e-9,1.3495298127856399e-9,1.3505473741727125e-9,1.406528943523812e-9,1.518433506655829e-9,1.3963462259556172e-9,1.4888622982691335e-9,1.3581255516109824e-9,1.3762820638048375e-9,1.4693783471545602e-9,1.70163999028605e-9,1.3490976801814047e-9,1.3492510132960362e-9,1.3975420268708432e-9,0.3193748133334271,1.350250132611807e-9,1.3527072832072942e-9,1.4061092038595767e-9,1.5178267726817628e-9,1.3538373293418178e-9,1.363461900687087e-9,1.4333815351146207e-9,1.5988057598652466e-9,1.3530209722196338e-9,1.3610127427201039e-9,1.4234928723837695e-9,1.5672351892770846e-9,1.4847090619542232e-9,1.7456274851283592e-9,1.3677758661891932e-9,1.4050812996109522e-9,1.350250190775584e-9,1.352707457662548e-9,1.3569572132646373e-9,1.3727728490448644e-9,1.3612704877834967e-9,1.385625529302206e-9,1.408776509138636e-9,1.5259459100207927e-9,1.4199429748660572e-9,1.5593328015066587e-9,1.3605863735326679e-9,1.3836323567662922e-9,1.4292351506097616e-9,1.5827330955939928e-9,1.4841948344270742e-9,1.7431395449455638e-9,1.3494769552003545e-9,1.3503881403063491e-9,1.3694653669434629e-9,1.410045010023156e-9,1.4450863419423647e-9,0.6815363251282909,1.471146281713169e-9,1.7053822255013952e-9,1.3611982259188958e-9,1.3853753209392097e-9,1.3964916253507433e-9,1.4899716601770796e-9,1.3881809388695085e-9,1.4655069221527352e-9,1.353472342101981e-9,1.3623544230680524e-9,1.3778158045414548e-9,0.18368132463683962,1.3572519343661498e-9,1.3736290854415743e-9,1.395945941623805e-9,1.488166973976971e-9,1.3567066899227104e-9,1.3720429880096746e-9,1.3963464700687133e-9,1.4888630183446478e-9,1.4065287098684884e-9,1.5184328202262664e-9,1.3581255374435308e-9,1.37628202138293e-9,1.3661810932550486e-9,1.4002119677645845e-9,1.3658240370462312e-9,1.399205664631745e-9,1.3955752604859143e-9,0.3193748131666272,1.361419989710834e-9,1.3860987360800843e-9,1.4128595308004124e-9,1.5386371467791207e-9,1.3531754794551264e-9,1.3614754167425443e-9,1.4234932957216192e-9,1.5672364270990671e-9,1.367211539214508e-9,1.403264322906298e-9,1.3514929628535469e-9,1.3564338389210173e-9,1.3952801046258045e-9,1.4864311700060031e-9,1.351063348153323e-9,1.3551473576937235e-9,1.3548363817434796e-9,1.3664558490464324e-9,1.429234982955948e-9,1.582732609136667e-9,1.379692798603428e-9,0.18368132523742453,0.07032013453704433,1.4399792296586872e-9,1.357158252036189e-9,1.373380250499192e-9,1.3511308805688433e-9,1.355348635079492e-9,0.028115454989111832,1.4033547159647498e-9,1.3620659614187403e-9,1.3879299078088722e-9,1.3486671435436295e-9,1.3479613388257687e-9,1.368567613541436e-9,1.4073406621043087e-9,1.351369491627432e-9,1.3560619514386412e-9,1.390989088309353e-9,1.4731474648154093e-9,1.419570293758401e-9,0.4712195286496854,1.3499554737329154e-9,1.3518241947421427e-9,0.07032013254482505,1.4547481264277865e-9,1.3880647793573794e-9,1.4651514542387866e-9,1.3598419623585285e-9,1.3814305868275425e-9,1.415893780281919e-9,0.45340801861299296,1.4333994969487901e-9,1.599465750665962e-9,1.3501526969355777e-9,1.3524174338685892e-9,1.3538630635678586e-9,1.3635260431123703e-9,1.3869249326516448e-9,1.4612684820360686e-9,1.4426245796170684e-9,1.6201704394903743e-9,1.5022445858588451e-9,1.7959143661299688e-9,1.364313966336462e-9,1.3947263920841017e-9,0.099447687866701,1.461754446476734e-9,1.3704393751273993e-9,1.412965950337627e-9,1.370396052795585e-9,1.4126648747458228e-9,1.3760423754674845e-9,1.4293103079787968e-9,0.2651794369296676,1.811805334518787e-10,7.413075631122593e-12,1.2872203385336993e-11,-0.2651794341711529,-1.887747316867967e-10,-1.6803314411820477e-10,-2.8886648897961997e-10,6.685212735394088e-11,1.1530541280358587e-10,-1.4819379678320937e-10,-2.5499595502627133e-10,8.568994400407969e-11,1.4799824588144084e-10,-1.6905356172422083e-10,-2.901897774282114e-10,-1.557812673400305e-10,-2.677526641296726e-10,1.6569482528298297e-11,2.8680932953343983e-11,-1.8432880241352787e-10,-3.155376740207285e-10,-1.1458593802876532e-10,-1.9754163745267007e-10,-1.1213346215557073e-10,-1.9344712788420672e-10,-7.327077055918904e-11,-1.2659729255156865e-10,0.0,-2.2863774486753706e-10,-3.8886077543914045e-10,-0.31535327361375903,-2.1880980788840213e-10,0.0,5.4587320755186663e-11,9.443242900375376e-11,8.325758705440401e-11,1.4373718862515497e-10,1.1247559097318225e-10,1.936978289533465e-10,-1.6794806300997334e-11,-2.9097738411246423e-11,5.116814510563277e-11,8.853883065168921e-11,-4.3939104999949e-11,-7.606982472841638e-11,1.3051416396505934e-10,2.248099476315013e-10,-2.7332223118916908e-11,-4.731333691548267e-11,-6.301610840894457e-11,-1.0897463586275724e-10,-9.984097882729714e-11,-1.720196610589968e-10,-6.164800804173557e-11,-1.0663590035768828e-10,-1.1458593676929602e-10,-1.9754163528029467e-10,-4.478728857395176e-11,-7.75206694948491e-11,-8.739233986608709e-11,-1.506902664130092e-10,0.0,-8.550456094608343e-11,-1.4764135732532811e-10,0.0,2.805712819650955e-11,4.8587566533060255e-11,2.924744745076767e-11,5.063877751637604e-11,5.27975688893021e-11,9.130047204284496e-11,4.161669913714793e-11,7.201796157156777e-11,1.2816043926317258e-10,2.2027894351469306e-10,3.7093888322120215e-11,6.421639927852866e-11,1.2964742522476323e-11,2.245489308556566e-11,-3.585702749035159e-11,-6.207679877475663e-11,4.6109338732223725e-11,7.977988514287242e-11,-1.0528357561534476e-10,-1.8154285714260073e-10,-1.1213336221827075e-10,-1.9344695540337522e-10,-4.4787196022876214e-11,-7.752050928581317e-11,-9.847133856292763e-11,-1.6959243564822466e-10,0.0,0.0,-2.170057467620466e-12,-3.719865250131155e-12,4.437915956774865e-11,7.677960784805692e-11,7.930767409153706e-11,1.369190607424705e-10,8.149316500417766e-11,1.4067083961823351e-10,8.839475943354221e-13,1.5347979885383172e-12,6.677304237750896e-11,1.1539609704134414e-10,-2.0283533143832327e-11,-3.509786365423589e-11,1.7090500127153318e-12,3.0132293918348874e-12,1.6569125554381865e-11,2.868031471146126e-11,4.610883981262422e-11,7.977902243327453e-11,-0.16767663622238568,-1.3507769884939226e-10,0.0,1.0304495804622955e-10,0.42858059287551087,0.0,8.563854846622689e-11,1.474249419416245e-10,-1.0038556262369267e-10,-0.4285805922855533,-7.639906284344595e-11,-1.3197239701206313e-10,-2.8208727791838058e-11,-4.88457872904469e-11,7.022727147395763e-11,1.2154671212691755e-10,-1.393477799130939e-10,-2.391548584016936e-10,-2.02830017838595e-11,-3.50969437481078e-11,-1.6746974186565125e-10,-2.8621418244354405e-10,-7.173777081001205e-11,-1.23952787039841e-10,-9.984105272978104e-11,-1.7201978829694716e-10,-1.6129524877438335e-10,-0.6864543161206778,-1.2212112479201558e-10,-2.0975498728709236e-10,-0.03535533953622054,6.703235940169784e-11,1.1573766930843249e-10,-0.03535533953622054,1.8276942168788787e-10,0.825552133215477,5.103406754743413e-11,8.822151660151204e-11,-1.2449569636110413e-10,-0.565132562561463,-1.2659572668326994e-10,-2.1785187009643e-10,-7.519098606196971e-11,-1.297587699815517e-10,-1.4323495124351872e-10,-2.459744210953872e-10,1.709923708368815e-12,3.014744728633594e-12,-1.6746921309100362e-10,-2.8621327370859337e-10,-1.293117238100986e-10,-2.2252019848325897e-10,-1.8432844678025387e-10,-3.155370610102437e-10,-1.0528346085866938e-10,-1.8154265903186004e-10,-1.5617069689338583e-10,-0.6733557888690881,-0.04472135992686717,-8.173254926969814e-12,-1.4139603963825233e-11,1.2927620085534386e-10,2.0598639443809473e-10,3.500997459396754e-10,1.277261194827392e-10,2.196213598542955e-10,6.552773863008599e-11,1.1326868788372483e-10,-2.607189100273924e-11,-4.5153767030612355e-11,1.968089181234373e-10,3.356766977776806e-10,-3.921551172264955e-11,-6.789486645212467e-11,-7.173754690455834e-11,-1.2395240019658016e-10,-1.293119092482016e-10,-2.2252051806480161e-10,-6.164798101303849e-11,-1.0663585359991584e-10,-1.8359694976871216e-10,-3.115516288988529e-10,-1.1638695224617905e-10,-2.0002683357879082e-10,0.0,0.0,0.38999999663628193,2.7614241672523953e-10,1.4753545563017595e-10,2.5358019243732085e-10,2.0342815073007968e-10,3.466530299721741e-10,2.1563687187159571e-10,3.6681369695307886e-10,7.022515276593295e-11,1.2154303555754388e-10,1.9680731894609641e-10,3.3567396581193435e-10,8.56883966696143e-11,1.479955729048335e-10,1.3051258834385494e-10,2.248072304014853e-10,-0.027639319982254967,2.1627501556163635e-10,3.6687786605719424e-10,-0.04472135999150527,1.4753807902525305e-10,2.535847113124933e-10,-9.965623125362804e-11,-0.4285805921640772,1.652644519893574e-12,2.8623008984372964e-12,7.965498438124166e-11,1.3762692674544229e-10,8.845379578746623e-13,1.5358207983594782e-12,-7.519157653887197e-11,-1.297597934887097e-10,-2.7332260772550574e-11,-4.7313402096296537e-11,1.2964546952781845e-11,2.2454554313856186e-11,-1.4305057068621502e-10,-2.4502277935719084e-10,-1.2936833856273986e-10,-2.220407042095412e-10,0.0,1.153732700011355e-10,1.987225309069662e-10,0.0,2.0343010582891864e-10,3.4665637335894253e-10,1.653029656756067e-12,2.862968051528201e-12,-1.2550756104521185e-10,-0.5651325621991322,-1.9977601310548437e-11,-3.459535354417725e-11,-1.393472850648754e-10,-2.391540086108133e-10,-3.9215163865446066e-11,-6.789426383520668e-11,-1.6905326721039696e-10,-2.901892703627127e-10,-3.585680880966189e-11,-6.207642003573698e-11,-1.6230245105499174e-10,-2.7712894097176546e-10,0.0,5.584123637966352e-11,9.659395589763977e-11,0.0,2.1563826858472263e-10,3.6681608621740846e-10,7.965501475061171e-11,1.3762697924759533e-10,-1.9978138399820935e-11,-3.459628371377074e-11,-5.3004255489949874e-11,-9.166803763941915e-11,6.677341479558708e-11,1.1539673971894206e-10,-1.4323520826607514e-10,-2.459748626167644e-10,-1.557813314423851e-10,-2.677527743569886e-10,-6.301615722735845e-11,-1.089747202698317e-10,-1.701595845333086e-10,-2.8976052517132684e-10,0.0,0.0,-2.171693952977855e-12,-3.722702653563017e-12,8.563806213586619e-11,1.474240990796687e-10,1.827694216876091e-10,0.8255521334599869,2.0598696591305665e-10,3.501007193364346e-10,6.68513949511699e-11,1.153041487297366e-10,1.28160504483953e-10,2.2027905578787239e-10,0.027639319982254967,2.1627682852821813e-10,3.6688096352377717e-10,-0.04472135999150527,4.437976263725678e-11,7.678065076988199e-11,-1.0038556262369507e-10,-0.4285805922785808,5.1033464465162995e-11,8.822047360723821e-11,1.2772611795049924e-10,2.1962135722366934e-10,5.116818717868041e-11,8.853890344676226e-11,-1.2936868720749437e-10,-2.220413006470685e-10,-1.4305026968200936e-10,-2.450222659884263e-10,0.0,1.1537358016968722e-10,1.9872306546291037e-10,0.0,7.930846513882174e-11,1.369204236830824e-10,-7.639827589665083e-11,-1.3197103913944856e-10,-1.2449569636110865e-10,-0.5651325624377778,6.552791134509458e-11,1.1326898631708482e-10,-1.4819340175560522e-10,-2.5499527546942385e-10,3.709404012702552e-11,6.421666215580099e-11,-1.6230293169942917e-10,-2.771297581720729e-10,0.0,5.584119014988745e-11,9.659387592421374e-11,0.0,8.14936176749609e-11,1.4067161908446225e-10,-2.8208347003565456e-11,-4.884512786804965e-11,-1.2659573049606043e-10,-2.1785187665462337e-10,-2.6071968383235795e-11,-4.515390105584837e-11,-4.3939112136027044e-11,-7.60698370858518e-11,-1.7015940204830292e-10,-2.8976021689534186e-10,0.0,0.0,0.2651794369295565,1.8118053345171605e-10,5.458746803876095e-11,9.443268343145411e-11,2.8057165028019263e-11,4.858763029959251e-11,-0.16767663622257686,-1.3507769884928388e-10,0.0,1.0304495804624628e-10,0.42858059287230504,0.0,7.413075630812946e-12,1.2872203384800912e-11,8.325791304771195e-11,1.437377504988253e-10,2.924759424900793e-11,5.063903158368267e-11,-1.2212147955653742e-10,-2.0975559459050256e-10,-1.6129524877436309e-10,-0.6864543159876278,0.03535533953622054,6.703235940090535e-11,1.1573766930706508e-10,-0.03535533953622054,-0.2651794341708951,-1.887747316866189e-10,1.1247619657181538e-10,1.936988764281555e-10,5.279803045894745e-11,9.130127429191648e-11,-1.5617069689343866e-10,-0.6733557888826385,0.04472135992686717,-8.172846647003864e-12,-1.4138895942387431e-11,1.2927620085534386e-10,-1.680332612870718e-10,-2.888666912069122e-10,-1.6794888487562036e-11,-2.9097880879753833e-11,4.1616549174920717e-11,7.201770218500809e-11,-1.1638721068206203e-10,-2.0002727616131866e-10,-1.8359694710303767e-10,-3.115516244123979e-10,0.0,0.0,-7.327102971815144e-11,-1.2659774003101462e-10,0.0,-2.2863780075423581e-10,-3.888608707717677e-10,-0.31535327361183746,-2.1880980788822087e-10,0.0,-8.739258387684943e-11,-1.506906862580789e-10,0.0,-8.550478792351323e-11,-1.4764174918474688e-10,0.0,-9.84716584278385e-11,-1.6959298491683567e-10,0.0,0.0,-0.0,-0.0,-0.0,-0.0,0.0,0.0,0.0,0.0,0.0,0.0,-0.0,0.0,0.0,0.0,-0.0,0.0,-0.0,-0.0,-0.0,-0.0,-0.0,-0.0,0.0,0.0,-0.0,0.0,-0.0,0.0,-0.0,0.0,0.0,-0.0,-0.0,-0.0,-0.0,0.0,-0.0,-0.0,0.0,-0.0,0.0,0.0,0.0,-0.0,-0.0,-0.0,-0.0,-0.0,-0.0,-0.0,-0.0,-0.0,-0.0,-0.0,-0.0,-0.0,-0.0,-0.0,-0.0,0.0,-0.0,0.0,0.0,-0.0,0.0,-0.0,0.0,1.0,-0.0,-0.0,1.0,-0.0,-0.0,-0.0,-0.0,0.0,-0.0,0.0,0.0,0.0,-0.0,1.0,0.0,0.0,-0.0,-0.0,0.0,0.0,0.0,0.0,0.0,0.0,0.0,-0.0,1.0,-0.0,0.0,0.0,-0.0,-0.0,-0.0,-0.0,-0.0,0.0,-0.0,-0.0,0.0,-0.0,-0.0,-0.0,-0.0,0.0,0.0,-0.0,0.0,-0.0,-0.0,-0.0,0.0,-0.0,0.0,0.0,-0.0,0.0,0.0,0.0,0.0,-0.0,0.0,0.0,0.0,0.0,0.0,-0.0,-0.0,1.0,0.0,-0.0,0.0,0.0,-0.0,-0.0,-0.0,0.0,-0.0,0.0,0.0,-0.0,0.0,-0.0,-0.0,-0.0,0.0,-0.0,-0.0,0.0,-0.0,-0.0,-0.0,0.0,0.0,-0.0,-0.0,0.0,0.0,-0.0,-0.0,-0.0,-0.0,-0.0,0.0,1.0,-0.0,-0.0,-0.0,-0.0,1.0,0.0,-0.0,-0.0,-0.0,0.0,-0.0,-0.0,-0.0,-0.0,-0.0,-0.0,-0.0,-0.0,-0.0,-0.0,-0.0,-0.0,-0.0,-0.0,-0.0,-0.0,-0.0,-0.0,-0.0,-0.0,-0.0,-0.0,-0.0,-0.0,-0.0,-0.0,-0.0,-0.0,-0.0,-0.0,-0.0,-0.0,-0.0,-0.0,-0.0,-0.0,-0.0,-0.0,-0.0,-0.0,-0.0,-0.0,-0.0,-0.0,-0.0,-0.0,-0.0,-0.0,-0.0,-0.0,-0.0,-0.0,-0.0,-0.0,-0.0,-0.0,-0.0,-0.0,-0.0,-0.0,-0.0,-0.0,-0.0,-0.0,-0.0,-0.0,-0.0,-0.0,-0.0,-0.0,-0.0,-0.0,-0.0,-0.050000000674428814,-0.0,-0.0,0.0500000004936226,-0.0,-0.0,-0.0,-0.0,-0.0,-0.0,-0.0,-0.0,-0.0,-0.0,-0.05000000034908741,-0.0,-0.0,-0.0,-0.0,-0.0,-0.0,-0.0,-0.0,-0.0,-0.0,-0.0,-0.0,0.0499999999780076,-0.0,-0.0,-0.0,-0.0,-0.0,-0.0,-0.0,-0.0,-0.0,-0.0,-0.0,-0.0,-0.0,-0.0,-0.0,-0.0,-0.0,-0.0,-0.0,-0.0,-0.0,-0.0,-0.0,-0.0,-0.0,-0.0,-0.0,-0.0,-0.0,-0.0,-0.0,-0.0,-0.0,-0.0,-0.0,-0.0,-0.0,-0.0,-0.0,-0.0,0.0500000004936226,-0.0,-0.0,-0.0,-0.0,-0.0,-0.0,-0.0,-0.0,-0.0,-0.0,-0.0,-0.0,-0.0,-0.0,-0.0,-0.0,-0.0,-0.0,-0.0,-0.0,-0.0,-0.0,-0.0,-0.0,-0.0,-0.0,-0.0,-0.0,-0.0,-0.0,-0.0,-0.0,-0.0,-0.0,-0.0,-0.050000000674428814,-0.0,-0.0,-0.0,-0.0,-0.05000000034908741,-0.0,-0.0,-0.0,-0.0,-0.0,-0.0,-0.0,-0.0,-0.0,-0.0,-0.0,0.0,7.511222582191877e-10,-2.2863774486753706e-10,0.0,8.979570814663238e-10,-3.8886077543914045e-10,1.0,0.03516006726868004,0.2651794369296676,0.0,7.199896148294247e-10,1.811805334518787e-10,0.0,6.7433357177182e-10,7.413075631122593e-12,0.0,6.739806694129003e-10,1.2872203385336995e-11,1.0000000000000329,0.03516006627311641,-0.2651794341711529,0.0,7.273740632139928e-10,-1.887747316867967e-10,0.0,7.166996948969865e-10,-1.6803314411820477e-10,0.0,7.997327157929078e-10,-2.8886648897962e-10,0.0,6.805992514965927e-10,6.685212735394088e-11,0.0,6.926880737307327e-10,1.1530541280358587e-10,0.0,7.064299228604838e-10,-1.481937967832094e-10,0.0,7.693190410057669e-10,-2.5499595502627133e-10,0.0,6.8538131228585e-10,8.568994400407969e-11,0.0,7.069814166711032e-10,1.4799824588144084e-10,0.0,7.166909026313059e-10,-1.6905356172422085e-10,0.0,7.994032808681923e-10,-2.901897774282114e-10,0.0,7.099714604866176e-10,-1.557812673400305e-10,0.0,7.796663208105271e-10,-2.677526641296726e-10,0.0,6.749073011558363e-10,1.6569482528298297e-11,0.0,6.756997809391929e-10,2.8680932953343986e-11,0.0,7.254310121010267e-10,-1.8432880241352787e-10,0.0,8.246915919892078e-10,-3.155376740207285e-10,0.0,6.937202549716983e-10,-1.1458593802876532e-10,0.0,7.317397334625532e-10,-1.9754163745267007e-10,0.0,6.929482975345439e-10,-1.1213346215557073e-10,0.0,7.294968215579086e-10,-1.9344712788420672e-10,1.0,0.04972384393945517,-0.31535327361375903,0.0,7.308772232384821e-10,-2.1880980788840213e-10,0.0,6.821569320325538e-10,-7.327077055918904e-11,0.0,6.973630432980434e-10,-1.2659729255156865e-10,0.0,6.85219635037085e-10,-8.550456094608343e-11,0.0,7.064828183446074e-10,-1.4764135732532814e-10,0.0,6.785791050042881e-10,5.4587320755186663e-11,0.0,6.866900624088523e-10,9.443242900375376e-11,0.0,6.842837359424163e-10,8.325758705440401e-11,0.0,7.036701199354532e-10,1.4373718862515497e-10,0.0,6.94032200469982e-10,1.1247559097318225e-10,0.0,7.325751619704201e-10,1.936978289533465e-10,0.0,6.750763444261875e-10,-1.6794806300997334e-11,0.0,6.762087047977387e-10,-2.9097738411246423e-11,0.0,6.783533391555972e-10,5.116814510563277e-11,0.0,6.860214766146699e-10,8.853883065168921e-11,0.0,6.774181900233646e-10,-4.3939104999949005e-11,0.0,6.832279219792646e-10,-7.606982472841638e-11,0.0,6.995627214018158e-10,1.3051416396505937e-10,0.0,7.490685104299682e-10,2.2480994763150132e-10,0.0,6.755977440781262e-10,-2.7332223118916908e-11,0.0,6.777693474598899e-10,-4.731333691548267e-11,0.0,6.80293178442977e-10,-6.301610840894457e-11,0.0,6.918161534767429e-10,-1.0897463586275724e-10,0.0,6.889472476018048e-10,-9.984097882729714e-11,0.0,7.174544456628308e-10,-1.720196610589968e-10,0.0,6.801075842917522e-10,-6.164800804173557e-11,0.0,6.912685512493657e-10,-1.0663590035768828e-10,0.0,6.937202545812011e-10,-1.1458593676929602e-10,0.0,7.317397322987323e-10,-1.9754163528029467e-10,0.0,6.774851955314323e-10,-4.478728857395176e-11,0.0,6.834254074720819e-10,-7.752066949484912e-11,0.0,6.851979686841739e-10,-8.739233986608709e-11,0.0,7.063322657531884e-10,-1.506902664130092e-10,0.0,6.755654376851891e-10,2.805712819650955e-11,0.0,6.776743097460044e-10,4.8587566533060255e-11,0.0,6.756847351274362e-10,2.924744745076767e-11,0.0,6.780309436901417e-10,5.063877751637604e-11,0.0,6.799209116984392e-10,5.279756888930211e-11,0.0,6.907150844232988e-10,9.130047204284496e-11,0.0,6.769315485373062e-10,4.161669913714793e-11,0.0,6.817630717258999e-10,7.201796157156777e-11,0.0,6.982457894379447e-10,1.2816043926317258e-10,0.0,7.449857610745986e-10,2.2027894351469306e-10,0.0,6.765877242669468e-10,3.7093888322120215e-11,0.0,6.807376620114585e-10,6.421639927852866e-11,0.0,6.747649134983001e-10,1.2964742522476323e-11,0.0,6.752737084046498e-10,2.245489308556566e-11,0.0,6.765105076222661e-10,-3.585702749035159e-11,0.0,6.805064358766583e-10,-6.207679877475663e-11,0.0,6.774255022426074e-10,4.6109338732223725e-11,0.0,6.832392017771411e-10,7.977988514287242e-11,0.0,6.90991559905349e-10,-1.0528357561534476e-10,0.0,7.236198605215507e-10,-1.8154285714260073e-10,0.0,6.929482672777669e-10,-1.1213336221827075e-10,0.0,7.294967312938531e-10,-1.9344695540337522e-10,0.0,6.774851842799161e-10,-4.4787196022876214e-11,0.0,6.834253737491375e-10,-7.752050928581317e-11,0.0,6.880211027228108e-10,-9.847133856292763e-11,0.0,7.146549018421559e-10,-1.6959243564822466e-10,0.0,6.898463993017001e-10,1.0304495804622955e-10,1.0,0.09184066262692148,0.42858059287551087,0.0,6.747384501903853e-10,-2.1700574676204664e-12,0.0,6.751939879726715e-10,-3.719865250131156e-12,0.0,6.767361102370745e-10,4.437915956774865e-11,0.0,6.811770294695491e-10,7.677960784805692e-11,0.0,6.830903860989206e-10,7.930767409153706e-11,0.0,7.001055055465341e-10,1.369190607424705e-10,0.0,6.836056737429869e-10,8.149316500417767e-11,0.0,7.016318759916303e-10,1.4067083961823351e-10,0.0,6.744720542484331e-10,8.839475943354222e-13,0.0,6.743949951617404e-10,1.5347979885383172e-12,0.0,6.806351800172145e-10,6.677304237750896e-11,0.0,6.928125739287875e-10,1.1539609704134414e-10,0.0,6.751186001604856e-10,-2.0283533143832327e-11,0.0,6.763328454037497e-10,-3.5097863654235895e-11,0.0,6.748707483343073e-10,1.7090500127153318e-12,0.0,6.755899515270886e-10,3.0132293918348874e-12,0.0,6.749072879432825e-10,1.6569125554381865e-11,0.0,6.756997413210057e-10,2.868031471146126e-11,0.0,6.774254444421922e-10,4.610883981262422e-11,0.0,6.832390287490129e-10,7.977902243327453e-11,1.0,0.01405772749312395,-0.16767663622238568,0.0,7.016773579824026e-10,-1.3507769884939226e-10,0.0,6.810329807095048e-10,6.703235940169784e-11,0.0,6.93964953904835e-10,1.157376693084325e-10,0.0,6.847328060376687e-10,8.563854846622689e-11,0.0,7.050228718212743e-10,1.474249419416245e-10,0.0,6.889079022707341e-10,-1.0038556262369267e-10,1.0,0.09184066233619204,-0.4285805922855533,0.0,6.829121823492108e-10,-7.639906284344595e-11,0.0,6.996033212884486e-10,-1.3197239701206313e-10,0.0,6.75746511532114e-10,-2.8208727791838058e-11,0.0,6.782170097474018e-10,-4.88457872904469e-11,0.0,6.819465136202939e-10,7.022727147395763e-11,0.0,6.968057491434898e-10,1.2154671212691755e-10,0.0,7.030547899025719e-10,-1.393477799130939e-10,0.0,7.589139428511266e-10,-2.391548584016936e-10,0.0,6.751185673959316e-10,-2.02830017838595e-11,0.0,6.763327472037681e-10,-3.509694374810781e-11,0.0,7.168120396700636e-10,-1.6746974186565125e-10,0.0,7.988460986978795e-10,-2.8621418244354405e-10,0.0,6.820741813871786e-10,-7.173777081001205e-11,0.0,6.97114729400838e-10,-1.23952787039841e-10,0.0,6.889472675951256e-10,-9.984105272978105e-11,0.0,7.174545051271433e-10,-1.720197882969472e-10,0.0,7.097851468792092e-10,-1.6129524877438335e-10,1.0,0.23560976456433425,-0.6864543161206778,0.0,6.95494427823131e-10,-1.221211247920156e-10,0.0,7.365733888996787e-10,-2.0975498728709236e-10,0.0,6.749777460404612e-10,-8.173254926969816e-12,0.0,6.75912124908158e-10,-1.4139603963825233e-11,0.0,7.225431709713143e-10,1.827694216878879e-10,1.0,0.34076816216710637,0.825552133215477,0.0,6.786260466289745e-10,5.103406754743414e-11,0.0,6.868147804589142e-10,8.822151660151204e-11,0.0,6.977876302429568e-10,-1.2449569636110413e-10,1.0,0.1596874068371399,-0.565132562561463,0.0,6.976400509988723e-10,-1.2659572668326996e-10,0.0,7.432155811009405e-10,-2.1785187009643e-10,0.0,6.839353535047923e-10,-7.519098606196971e-11,0.0,7.026492383797028e-10,-1.297587699815517e-10,0.0,7.043881539269909e-10,-1.4323495124351872e-10,0.0,7.629726568596084e-10,-2.459744210953872e-10,0.0,6.748707388086862e-10,1.709923708368815e-12,0.0,6.75589923000304e-10,3.014744728633594e-12,0.0,7.168117965212912e-10,-1.6746921309100362e-10,0.0,7.988453799144463e-10,-2.8621327370859337e-10,0.0,6.99209331644674e-10,-1.293117238100986e-10,0.0,7.478852831217256e-10,-2.2252019848325897e-10,0.0,7.2543083285821e-10,-1.8432844678025387e-10,0.0,8.246910601224828e-10,-3.155370610102437e-10,0.0,6.909915267590235e-10,-1.0528346085866939e-10,0.0,7.236197616362205e-10,-1.8154265903186004e-10,0.0,7.079468901409277e-10,-1.5617069689338585e-10,1.0,0.2267040092819268,-0.6733557888690881,0.0,7.355728160643918e-10,2.0598639443809473e-10,0.0,8.526901637579448e-10,3.500997459396754e-10,0.0,6.979729713411636e-10,1.277261194827392e-10,0.0,7.44083488556676e-10,2.196213598542955e-10,0.0,6.807099643231468e-10,6.552773863008599e-11,0.0,6.930492767545975e-10,1.1326868788372483e-10,0.0,6.755316686889628e-10,-2.607189100273924e-11,0.0,6.775736626847659e-10,-4.5153767030612355e-11,0.0,7.306797696377073e-10,1.968089181234373e-10,0.0,8.391823439013689e-10,3.356766977776806e-10,0.0,6.769187023610474e-10,-3.921551172264955e-11,0.0,6.817310634092208e-10,-6.789486645212469e-11,0.0,6.820741375052838e-10,-7.173754690455834e-11,0.0,6.971145982451851e-10,-1.2395240019658018e-10,0.0,6.992093974007231e-10,-1.293119092482016e-10,0.0,7.478854787501964e-10,-2.2252051806480161e-10,0.0,6.80107579769911e-10,-6.164798101303849e-11,0.0,6.91268537709549e-10,-1.0663585359991584e-10,0.0,7.213122911400157e-10,-1.8359694976871216e-10,0.0,8.100852235870805e-10,-3.115516288988529e-10,0.0,6.934623849229259e-10,-1.1638695224617905e-10,0.0,7.306340004790466e-10,-2.0002683357879082e-10,0.0,7.420963228232561e-10,2.1627501556163635e-10,0.0,8.715665684057546e-10,3.6687786605719424e-10,1.0,0.07604999883543839,0.389999996636282,0.0,7.890200409511655e-10,2.7614241672523953e-10,0.0,7.063347284635221e-10,1.4753545563017595e-10,0.0,7.689637308908416e-10,2.5358019243732085e-10,0.0,7.346880743761959e-10,2.0342815073007968e-10,0.0,8.508167664300306e-10,3.4665302997217415e-10,0.0,7.423536973755814e-10,2.1563687187159571e-10,0.0,8.728112955036765e-10,3.668136969530789e-10,0.0,6.819460938155111e-10,7.022515276593295e-11,0.0,6.968044878927398e-10,1.2154303555754388e-10,0.0,7.30678905819832e-10,1.9680731894609641e-10,0.0,8.391798079001348e-10,3.3567396581193435e-10,0.0,6.853809499257981e-10,8.56883966696143e-11,0.0,7.069803340240026e-10,1.479955729048335e-10,0.0,6.995621591864053e-10,1.3051258834385494e-10,0.0,7.490668358363192e-10,2.2480723040148533e-10,0.0,6.940903714186489e-10,1.153732700011355e-10,0.0,7.327531693170957e-10,1.9872253090696623e-10,0.0,7.063357976923287e-10,1.4753807902525305e-10,0.0,7.689669084010081e-10,2.535847113124933e-10,0.0,6.887974732625036e-10,-9.965623125362804e-11,1.0,0.09184066227544307,-0.4285805921640772,0.0,6.74548837982749e-10,1.652644519893574e-12,0.0,6.746255003235334e-10,2.8623008984372964e-12,0.0,6.838879264352422e-10,7.965498438124166e-11,0.0,7.025406298900845e-10,1.3762692674544229e-10,0.0,6.744720478757964e-10,8.845379578746623e-13,0.0,6.743949760412385e-10,1.5358207983594782e-12,0.0,6.839354767660255e-10,-7.519157653887197e-11,0.0,7.02649607725228e-10,-1.297597934887097e-10,0.0,6.755977468539812e-10,-2.7332260772550574e-11,0.0,6.777693557803124e-10,-4.7313402096296537e-11,0.0,6.747649063928199e-10,1.2964546952781845e-11,0.0,6.752736870863563e-10,2.2454554313856186e-11,0.0,7.03264471761906e-10,-1.4305057068621502e-10,0.0,7.592167533279145e-10,-2.4502277935719084e-10,0.0,6.981731129778086e-10,-1.2936833856273986e-10,0.0,7.444311491345668e-10,-2.2204070420954122e-10,0.0,6.790627758054912e-10,5.584123637966352e-11,0.0,6.881410319024187e-10,9.659395589763978e-11,0.0,7.346891735772801e-10,2.0343010582891864e-10,0.0,8.50819995143025e-10,3.4665637335894253e-10,0.0,6.745488400907023e-10,1.653029656756067e-12,0.0,6.746255066480181e-10,2.862968051528201e-12,0.0,6.987710134354216e-10,-1.2550756104521185e-10,1.0,0.15968740666671355,-0.5651325621991322,0.0,6.751250663059035e-10,-1.9977601310548437e-11,0.0,6.763536416036471e-10,-3.459535354417725e-11,0.0,7.030546019297884e-10,-1.3934728506487543e-10,0.0,7.589133863408814e-10,-2.391540086108133e-10,0.0,6.769186646709089e-10,-3.9215163865446066e-11,0.0,6.817309503435435e-10,-6.789426383520668e-11,0.0,7.166907675573104e-10,-1.6905326721039696e-10,0.0,7.994028799326233e-10,-2.901892703627127e-10,0.0,6.765104861098169e-10,-3.585680880966189e-11,0.0,6.805063713600519e-10,-6.207642003573698e-11,0.0,7.117464361918847e-10,-1.6230245105499174e-10,0.0,7.836175946385423e-10,-2.7712894097176546e-10,0.0,7.423545309771116e-10,2.1563826858472265e-10,0.0,8.728137425641796e-10,3.6681608621740846e-10,0.0,6.838879330945966e-10,7.965501475061171e-11,0.0,7.025406498054761e-10,1.3762697924759533e-10,0.0,6.75125095387792e-10,-1.9978138399820935e-11,0.0,6.76353728831274e-10,-3.459628371377074e-11,0.0,6.784786066323186e-10,-5.3004255489949874e-11,0.0,6.863864245224322e-10,-9.166803763941915e-11,0.0,6.806352438917483e-10,6.677341479558708e-11,0.0,6.92812764651103e-10,1.1539673971894206e-10,0.0,7.04388254569318e-10,-1.4323520826607514e-10,0.0,7.629729550103964e-10,-2.459748626167644e-10,0.0,7.099714874330286e-10,-1.557813314423851e-10,0.0,7.796664007533294e-10,-2.677527743569886e-10,0.0,6.802931867663339e-10,-6.301615722735845e-11,0.0,6.918161783831461e-10,-1.089747202698317e-10,0.0,7.146175753048808e-10,-1.701595845333086e-10,0.0,7.913665477969964e-10,-2.8976052517132684e-10,0.0,7.420974172135371e-10,2.1627682852821816e-10,0.0,8.715697724727819e-10,3.668809635237772e-10,0.0,6.747384776001772e-10,-2.1716939529778553e-12,0.0,6.751940701531746e-10,-3.722702653563017e-12,0.0,6.847326834717314e-10,8.563806213586619e-11,0.0,7.05022505011578e-10,1.474240990796687e-10,0.0,7.225431709711823e-10,1.827694216876091e-10,1.0,0.34076816256414544,0.8255521334599869,0.0,7.355731408565845e-10,2.0598696591305665e-10,0.0,8.526911127506976e-10,3.5010071933643464e-10,0.0,6.805991129594479e-10,6.68513949511699e-11,0.0,6.926876604696048e-10,1.153041487297366e-10,0.0,6.982458126753716e-10,1.28160504483953e-10,0.0,7.449858300885398e-10,2.2027905578787239e-10,0.0,6.940904694347542e-10,1.1537358016968722e-10,0.0,7.327534610763676e-10,1.9872306546291037e-10,0.0,6.767361710509905e-10,4.437976263725678e-11,0.0,6.811772115340262e-10,7.678065076988199e-11,0.0,6.889079022707274e-10,-1.0038556262369507e-10,1.0,0.09184066231841981,-0.4285805922785808,0.0,6.786259671830749e-10,5.1033464465162995e-11,0.0,6.868145427207872e-10,8.822047360723821e-11,0.0,6.979729708119025e-10,1.2772611795049924e-10,0.0,7.440834869884855e-10,2.1962135722366934e-10,0.0,6.783533449613552e-10,5.116818717868041e-11,0.0,6.860214940048373e-10,8.853890344676227e-11,0.0,6.981732350343567e-10,-1.2936868720749437e-10,0.0,7.444315091723239e-10,-2.220413006470685e-10,0.0,7.032643549342442e-10,-1.4305026968200936e-10,0.0,7.592164101131332e-10,-2.450222659884263e-10,0.0,6.790627687217654e-10,5.584119014988745e-11,0.0,6.88141010691465e-10,9.659387592421374e-11,0.0,6.830905466275243e-10,7.930846513882174e-11,0.0,7.001059838822922e-10,1.369204236830824e-10,0.0,6.829120185231156e-10,-7.639827589665084e-11,0.0,6.996028323158725e-10,-1.3197103913944856e-10,0.0,6.977876302429571e-10,-1.2449569636110865e-10,1.0,0.1596874065833136,-0.5651325624377778,0.0,6.80709994855417e-10,6.552791134509458e-11,0.0,6.930493680400422e-10,1.1326898631708482e-10,0.0,7.064297654002062e-10,-1.4819340175560522e-10,0.0,7.693185733895604e-10,-2.5499527546942385e-10,0.0,6.765877397275632e-10,3.709404012702552e-11,0.0,6.807377083712722e-10,6.4216662155801e-11,0.0,7.117466478608096e-10,-1.6230293169942917e-10,0.0,7.836182135495336e-10,-2.771297581720729e-10,0.0,6.83605769607254e-10,8.14936176749609e-11,0.0,7.01632161453149e-10,1.4067161908446225e-10,0.0,6.757464814267734e-10,-2.8208347003565456e-11,0.0,6.782169194605087e-10,-4.884512786804965e-11,0.0,6.976400523129022e-10,-1.2659573049606043e-10,0.0,7.432155850030016e-10,-2.1785187665462337e-10,0.0,6.755316740766615e-10,-2.6071968383235795e-11,0.0,6.775736788468618e-10,-4.515390105584837e-11,0.0,6.774181908717398e-10,-4.3939112136027044e-11,0.0,6.832279245232162e-10,-7.60698370858518e-11,0.0,7.14617491477974e-10,-1.7015940204830292e-10,0.0,7.913663045683335e-10,-2.8976021689534186e-10,0.0,6.89846399301714e-10,1.0304495804624628e-10,1.0,0.09184066261871227,0.42858059287230504,1.0,0.035160067268522166,0.2651794369295565,0.0,7.199896148293436e-10,1.8118053345171605e-10,0.0,6.785791260180945e-10,5.4587468038760954e-11,0.0,6.86690125249596e-10,9.443268343145411e-11,0.0,6.755654402844216e-10,2.8057165028019263e-11,0.0,6.77674317539746e-10,4.858763029959251e-11,1.0,0.014057727494555916,-0.16767663622257686,0.0,7.016773579823749e-10,-1.3507769884928388e-10,0.0,6.810329807093702e-10,6.703235940090536e-11,0.0,6.939649539044361e-10,1.1573766930706508e-10,0.0,6.743335717718147e-10,7.413075630812946e-12,0.0,6.739806694128843e-10,1.2872203384800912e-11,0.0,6.84283806770718e-10,8.325791304771195e-11,0.0,7.036703310521543e-10,1.437377504988253e-10,0.0,6.75684745813716e-10,2.924759424900793e-11,0.0,6.780309757193206e-10,5.063903158368267e-11,0.0,6.954945441546766e-10,-1.2212147955653742e-10,0.0,7.365737324077046e-10,-2.097555945905026e-10,0.0,7.097851468792005e-10,-1.6129524877436309e-10,1.0,0.2356097643248427,-0.686454315987628,0.0,6.749777368664577e-10,-8.172846647003864e-12,0.0,6.759120973710714e-10,-1.4138895942387431e-11,1.0,0.03516006627241253,-0.2651794341708951,0.0,7.273740632138933e-10,-1.8877473168661893e-10,0.0,6.940323896786897e-10,1.1247619657181538e-10,0.0,7.325757271193933e-10,1.936988764281555e-10,0.0,6.799209811792642e-10,5.279803045894746e-11,0.0,6.907152934137713e-10,9.130127429191648e-11,0.0,7.079468901409595e-10,-1.5617069689343866e-10,1.0,0.22670400930649648,-0.6733557888826385,0.0,7.166997484743951e-10,-1.680332612870718e-10,0.0,7.99732875332981e-10,-2.888666912069122e-10,0.0,6.750763484677888e-10,-1.6794888487562036e-11,0.0,6.762087169342946e-10,-2.9097880879753833e-11,0.0,6.769315317839293e-10,4.1616549174920717e-11,0.0,6.817630215561852e-10,7.201770218500809e-11,0.0,6.934624663258224e-10,-1.1638721068206203e-10,0.0,7.306342410180343e-10,-2.0002727616131869e-10,0.0,7.213122898085342e-10,-1.835969471030377e-10,0.0,8.100852197451872e-10,-3.115516244123979e-10,0.0,7.511222929294226e-10,-2.2863780075423581e-10,0.0,8.979571830649844e-10,-3.888608707717677e-10,0.0,6.82156983168231e-10,-7.327102971815144e-11,0.0,6.973631960420508e-10,-1.2659774003101462e-10,1.0,0.0497238439333505,-0.31535327361183746,0.0,7.30877223238367e-10,-2.188098078882209e-10,0.0,6.852196875636997e-10,-8.550478792351323e-11,0.0,7.064829751688135e-10,-1.4764174918474688e-10,0.0,6.851980263977925e-10,-8.739258387684943e-11,0.0,7.063324373729114e-10,-1.506906862580789e-10,0.0,6.880211877337423e-10,-9.84716584278385e-11,0.0,7.146551539893984e-10,-1.6959298491683567e-10]
WARNING: For the MIP-solver-driven algorithm, optimality tolerance must be specified as MIP solver option, not Pajarito option
WARNING: For the MIP-solver-driven algorithm, optimality tolerance must be specified as MIP solver option, not Pajarito option
