WARNING: Method definition require(Symbol) in module Base at loading.jl:345 overwritten in module ConicBenchmarkUtilities at /home/ubuntu/.julia/v0.5/Requires/src/require.jl:12.
#SOLVERNAME# PAJ_NEW_MSD_CPLEX_MOSEK_noprimsocdisagg
#SOLVER# Pajarito.PajaritoSolver(2,3600.0,1.0e-5,true,CPLEX.CplexSolver(Any[(:CPX_PARAM_THREADS,1),(:CPX_PARAM_TILIM,3600.0),(:CPX_PARAM_EPINT,1.0e-8),(:CPX_PARAM_EPRHS,1.0e-6),(:CPX_PARAM_SCRIND,0),(:CPX_PARAM_EPGAP,1.0e-5)]),CPLEX.CplexSolver(Any[]),0,false,true,Mosek.MosekMathProgSolverInterface.MosekSolver(Any[(:LOG,0),(:NUM_THREADS,1),(:OPTIMIZER_MAX_TIME,120.0)]),true,false,false,true,false,true,false,true,true,true,true,false,true,true,false,true,false,false,true,true,false,false,true,1.0e-10,1.0e-6,0.01,0.0001)
#INSTANCE# 75_0_5_w.cbf.gz
#TIMELIMIT# 3600.0

Transforming original data......Done     0.03s

Creating conic model data......Done     0.00s

Creating MIP model......Done     0.19s

Cone types summary:
Cone       | Count    | Min dim  | Max dim 
       SOC |     1800 |        3 |        3

Solving conic relaxation......Done     1.22s
 - Relaxation status    =        Optimal
 - Relaxation objective = 12132468.480226

Creating conic subproblem model......Done

Starting MIP-solver-driven outer approximation algorithm

Pajarito MICP solve summary:
 - Total time (s)       =       3.60e+03
 - Status               =      UserLimit
 - Best feasible obj.   =  +1.225669e+07
 - Final OA obj. bound  =  +1.224901e+07
 - Relative opt. gap    =      6.263e-04
 - Conic solve count    =             25
 - Feas. solution count =             25
 - Integer repeat count =             89

Timers (s):
 - Setup                =       1.56e+00
 -- Transform data      =       2.62e-02
 -- Create conic data   =       4.64e-03
 -- Create MIP data     =       1.90e-01
 -- Load/solve relax    =       1.22e+00
 - MIP-driven algorithm =       3.60e+03
 -- Solve conic model   =       4.66e+00

#STATUS# UserLimit
#OBJVAL# 1.225669087405562e7
#OBJBOUND# 1.2249014709432295e7
#TIMESOLVER# 3600.0405089855194
#TIMEALL# 3600.047274827957
#SOLUTION# [1.0,1.0,1.0,1.0,1.0,1.0,1.0,1.0,1.0,1.0,1.0,1.0,1.0,1.0,1.0,1.0,1.0,1.0,1.0,1.0,1.0,1.0,1.0,1.0,0.0,0.0,0.0,0.0,0.0,0.0,0.0,0.0,0.0,0.0,1.0,1.0,1.0,1.0,1.0,1.0,1.0,1.0,1.0,1.0,1.0,1.0,1.0,1.0,1.0,1.0,1.0,1.0,1.0,1.0,1.0,1.0,1.0,1.0,1.0,1.0,1.0,1.0,1.0,1.0,1.0,1.0,1.0,1.0,1.0,1.0,1.0,1.0,0.0,0.0,0.0,-0.0,0.0,0.0,1.0,1.0,1.0,1.0,1.0,1.0,1.0,1.0,1.0,1.0,1.0,1.0,1.0,1.0,1.0,1.0,1.0,1.0,1.0,1.0,1.0,1.0,1.0,1.0,1.0,1.0,1.0,1.0,1.0,1.0,1.0,1.0,0.0,0.0,0.0,0.0,0.0,0.0,-0.0,0.0,-0.0,0.0,0.0,0.0,0.0,0.0,0.0,0.0,1.0,1.0,1.0,1.0,1.0,1.0,1.0,1.0,1.0,1.0,1.0,1.0,1.0,1.0,1.0,1.0,1.0,1.0,0.0,0.0,0.0,0.0,0.0,0.0,0.0,1.0,1.0,1.0,1.0,1.0,1.0,1.0,1.0,1.0,1.0,1.0,1.0,1.0,1.0,1.0,1.0,1.0,0.999999999999874,0.999999999999874,0.999999999999874,0.999999999999874,0.999999999999874,1.0,1.0,1.0,1.0,1.0,1.0,1.0,1.0,1.0,1.0,1.0,1.0,1.0,0.0,0.0,0.0,0.0,0.0,0.0,0.0,-0.0,-0.0,-0.0,0.0,0.0,0.0,0.0,0.0,0.0,0.0,0.0,0.0,0.0,0.0,-0.0,0.0,0.0,0.0,0.0,-0.0,0.0,0.0,0.0,1.0,1.0,1.0,1.0,1.0,1.0,1.0,1.0,1.0,1.0,1.0,1.0,1.0,1.0,1.0,1.0,1.0,1.0,1.0,1.0,1.0,1.0,1.0,1.0,1.0,1.0,1.0,1.0,1.0,1.0,1.0,1.0,1.0,1.0,1.0,1.0,1.0,1.0,1.0,0.0,0.0,0.0,0.0,0.0,0.0,0.0,0.0,0.0,1.0,1.0,1.0,1.0,1.0,1.0,1.0,1.0,1.0,1.0,1.0,1.0,1.0,1.0,1.0,1.0,1.0,1.0,1.0,1.0,1.0,1.0,1.0,1.0,1.0,1.0,1.0,1.0,1.0,0.0,0.0,0.0,0.0,0.0,0.0,-0.0,0.0,0.0,0.0,-0.0,0.0,0.0,0.0,-0.0,0.0,0.0,0.0,0.0,1.0,1.0,1.0,1.0,0.0,0.0,0.0,0.0,0.0,0.0,0.0,0.0,0.0,0.0,0.0,0.0,0.0,0.0,0.0,0.0,0.0,0.0,0.0,0.0,1.0,1.0,1.0,0.0,0.0,0.0,0.0,0.0,0.0,0.0,0.0,0.0,-0.0,0.0,0.0,-0.0,-0.0,0.0,0.0,0.0,0.0,0.0,0.0,0.0,1.0,1.0,1.0,1.0,0.0,0.0,0.0,0.0,0.0,0.0,0.0,0.0,0.0,0.0,0.0,0.0,0.0,0.0,0.0,0.0,0.0,0.0,0.0,0.0,0.0,0.0,0.0,0.0,0.0,0.0,1.0,1.0,1.0,1.0,1.0,1.0,1.0,1.0,1.0,1.0,1.0,1.0,1.0,1.0,1.0,1.0,1.0,1.0,1.0,1.0,1.0,1.0,1.0,1.0,1.0,1.0,1.0,1.0,1.0,1.0,1.0,1.0,1.0,1.0,1.0,1.0,1.0,1.0,1.0,1.0,1.0,1.0,1.0,1.0,1.0,0.0,0.0,0.0,0.0,0.0,0.0,-0.0,0.0,0.0,-0.0,0.0,0.0,0.0,0.0,0.0,-0.0,0.0,0.0,0.0,0.0,0.0,1.0,1.0,1.0,1.0,0.0,0.0,0.0,0.0,0.0,0.0,0.0,0.0,0.0,0.0,0.0,0.0,0.0,0.0,0.0,0.0,0.0,0.0,0.0,0.0,0.0,-0.0,-0.0,-0.0,0.0,0.0,0.0,0.0,-0.0,0.0,0.0,-0.0,0.0,0.0,0.0,0.0,-0.0,0.0,0.0,-0.0,0.0,0.0,0.0,0.0,1.0,1.0000000000001261,1.0000000000001261,0.0,1.260103132949553e-13,1.260103132949553e-13,1.260103132949553e-13,1.260103132949553e-13,0.0,-0.0,-0.0,0.0,0.0,-1.260103132949553e-13,0.0,0.0,0.0,0.0,0.0,0.0,0.0,0.0,0.0,0.0,1.0,1.0,1.0,1.0,1.0,1.0,1.0,1.0,1.0,1.0,1.0,1.0,1.0,1.0,1.0,1.0,1.0,1.0,1.0,1.0,1.0,1.0,1.0,0.0,0.0,-0.0,0.0,0.0,0.0,0.0,1.0,1.0,1.0,1.0,1.0,1.0,1.0,1.0,1.0,1.0,1.0,1.0,1.0,1.0,1.0,1.0,1.0,1.0,1.0,1.0,1.0,1.0,1.0,1.0,1.0,1.0,1.0,1.0,1.0,1.0,1.0,1.0,1.0,1.0,1.0,1.0,1.0,1.0,1.0,1.0,1.0,0.0,1.0,1.0,1.0,0.0,0.0,0.0,0.0,0.0,0.0,0.0,0.0,0.0,0.0,0.0,0.0,0.0,0.0,0.0,0.0,0.0,0.0,0.0,0.0,0.0,0.0,0.0,0.0,1.260103132949553e-13,0.0,0.0,0.0,0.0,0.0,0.0,0.0,-0.0,0.0,0.0,0.0,0.0,0.0,0.0,0.0,0.0,0.0,0.0,0.0,0.0,0.0,0.0,0.0,0.0,0.0,0.0,1.0,1.0,1.0,1.0,1.0,1.0,1.0,1.0,1.0,1.0,1.0,1.0,1.0,1.0,1.0,1.0,1.0,0.0,0.0,0.0,0.0,0.0,0.0,0.0,0.0,0.0,0.0,-0.0,0.0,0.0,0.0,0.0,0.0,0.0,0.0,0.0,0.0,0.0,0.0,0.0,0.0,0.0,1.0,1.0,1.0,1.0,0.0,0.0,0.0,0.0,0.0,0.0,0.0,0.0,0.0,0.0,0.0,-0.0,0.0,0.0,0.0,-0.0,0.0,-0.0,0.0,0.0,0.0,0.0,0.0,0.0,0.0,0.0,0.0,1.0,1.0,1.0,1.0,1.0,1.0,1.0,1.0,1.0,1.0,1.0,1.0,1.0,1.0,1.0,1.0,1.0,0.0,0.0,0.0,0.0,-0.0,0.0,0.0,0.0,0.0,0.0,0.0,0.0,0.0,0.0,0.0,0.0,0.0,0.0,0.0,0.0,0.0,0.0,0.0,0.0,0.0,0.0,0.0,0.0,-0.0,0.0,1.0,1.0,1.0,1.0,1.0,1.0,1.0,1.0,1.0,1.0,1.0,1.0,1.0,1.0,1.0,1.0,1.0,0.0,0.0,0.0,0.0,0.0,0.0,0.0,1.0,1.0,1.0,1.0,1.0,1.0,1.0,1.0,1.0,1.0,1.0,1.0,1.0,1.0,1.0,1.0,1.0,1.0,0.0,0.0,0.0,0.0,0.0,0.0,0.0,-0.0,-0.0,-0.0,0.0,0.0,0.0,-0.0,-0.0,0.0,0.0,0.0,0.0,0.0,0.0,0.0,0.0,0.0,1.0,1.0,1.0,1.0,1.0,1.0,1.0,1.0,1.0,1.0,1.0,1.0,1.0,1.0,1.0,1.0,1.0,1.0,1.0,1.0,1.0,1.0,1.0,0.0,1.0,1.0,1.0,0.0,0.0,0.0,0.0,0.0,0.0,0.0,0.0,-0.0,0.0,0.0,0.0,0.0,-0.0,0.0,0.0,0.0,0.0,0.0,0.0,0.0,1.0,0.0,0.0,0.0,0.0,1.0,1.0,1.0,1.0,1.0,1.0,1.0,1.0,1.0,1.0,1.0,1.0,1.0,1.0,1.0,1.0,1.0,1.0,1.0,1.0,0.0,0.0,0.0,0.0,0.0,1.0,1.0,1.0,1.0,1.0,1.0,1.0,1.0,1.0,1.0,1.0,1.0,1.0,1.0,1.0,1.0,1.0,1.0,1.0,0.0,0.0,0.0,0.0,0.0,1.0,1.0,1.0,1.0,1.0,1.0,1.0,1.0,1.0,1.0,1.0,1.0,1.0,1.0,1.0,1.0,1.0,0.0,1.0,0.0,0.0,0.0,0.0,1.0,1.0,1.0,1.0,1.0,1.0,1.0,1.0,1.0,1.0,1.0,1.0,1.0,1.0,1.0,1.0,1.0,1.0,1.0,1.0,1.0,1.0,1.0,1.0,1.0,1.0,1.0,1.0,1.0,1.0,1.0,1.0,1.0,1.0,1.0,1.0,1.0,1.0,1.0,1.0,1.0,1.0,1.0,1.0,1.0,1.0,1.0,1.0,1.0,1.0,1.0,1.0,1.0,1.0,1.0,1.0,1.0,1.0,1.0,1.0,1.0,1.0,1.0,1.0,1.0,1.0,1.0,1.0,1.0,1.0,1.0,1.0,1.0,1.0,1.0,1.0,1.0,1.0,1.0,1.0,1.0,1.0,1.0,1.0,1.0,1.0,1.0,1.0,1.0,1.0,1.0,1.0,1.0,1.0,1.0,1.0,1.0,1.0,1.0,1.0,1.0,1.0,1.0,1.0,1.0,1.0,1.0,1.0,1.0,1.0,1.0,1.0,1.0,1.0,1.0,1.0,1.0,1.0,1.0,1.0,1.0,1.0,1.0,1.0,1.0,1.0,1.0,1.0,1.0,1.0,1.0,1.0,1.0,1.0,1.0,1.0,1.0,1.0,1.0,1.0,1.0,1.0,1.0,1.0,1.0,1.0,1.0,1.0,1.0,1.0,1.0,1.0,1.0,1.0,1.0,1.0,1.0,1.0,1.0,1.0,1.0,1.0,1.0,1.0,1.0,1.0,1.0,1.0,1.0,1.0,1.0,1.0,1.0,1.0,1.0,1.0,1.0,1.0,1.0,1.0,1.0,1.0,1.0,1.0,1.0,1.0,1.0,1.0,0.0,0.0,0.0,0.0,0.0,0.0,1.0,1.0,1.0,1.0,1.0,1.0,1.0,1.0,1.0,1.0,1.0,0.0,0.0,1.0,0.0,0.0,0.0,1.0,1.0,1.0,1.0,1.0,1.0,1.0,1.0,1.0,1.0,1.0,1.0,1.0,1.0,1.0,1.0,1.0,1.0,1.0,1.0,1.0,1.0,1.0,1.0,1.0,0.0,0.0,0.0,0.0,1.0,1.0,1.0,1.0,1.0,1.0,1.0,1.0,1.0,1.0,1.0,1.0,1.0,1.0,1.0,1.0,1.0,1.0,1.0,1.0,1.0,1.0,1.0,1.0,1.0,1.0,1.0,1.0,1.0,1.0,1.0,1.0,1.0,1.0,1.0,1.0,1.0,1.0,1.0,1.0,1.0,1.0,1.0,1.0,1.0,1.0,1.0,1.0,1.0,1.0,1.0,1.0,1.0,1.0,1.0,1.0,1.0,1.0,1.0,1.0,1.0,1.0,1.0,1.0,1.0,1.0,1.0,1.0,0.0,0.0,0.0,0.0,1.0,1.0,1.0,1.0,1.0,1.0,1.0,1.0,1.0,1.0,1.0,1.0,1.0,1.0,1.0,1.0,1.0,1.0,1.0,1.0,1.0,1.0,0.0,0.0,0.0,1.0,1.0,1.0,1.0,1.0,1.0,1.0,1.0,1.0,1.0,1.0,1.0,1.0,1.0,1.0,1.0,1.0,1.0,1.0,0.0,0.0,0.0,0.0,0.0,1.0,1.0,1.0,1.0,1.0,1.0,1.0,1.0,1.0,1.0,1.0,1.0,1.0,1.0,1.0,1.0,1.0,1.0,1.0,1.0,1.0,1.0,1.0,1.0,1.0,1.0,1.0,1.0,1.0,1.0,1.0,1.0,1.0,1.0,1.0,1.0,1.0,1.0,1.0,1.0,1.0,1.0,1.0,1.0,1.0,1.0,1.0,1.0,1.0,1.0,1.0,1.0,1.0,1.0,1.0,1.0,1.0,1.0,1.0,1.0,1.0,1.0,1.0,1.0,1.0,1.0,1.0,1.0,1.0,1.0,1.0,1.0,1.0,1.0,1.0,1.0,1.0,1.0,1.0,1.0,1.0,1.0,1.0,1.0,1.0,1.0,1.0,1.0,1.0,1.0,1.0,1.0,1.0,1.0,1.0,1.0,1.0,1.0,1.0,1.0,1.0,1.0,1.0,1.0,1.0,1.0,1.0,1.0,1.0,1.0,1.0,1.0,1.0,1.0,1.0,1.0,1.0,1.0,1.0,1.0,1.0,1.0,1.0,1.0,1.0,1.0,1.0,1.0,1.0,1.0,1.0,1.0,1.0,1.0,1.0,1.0,1.0,1.0,1.0,1.0,1.0,1.0,1.0,1.0,1.0,1.0,1.0,1.0,1.0,1.0,1.0,1.0,1.0,1.0,1.0,1.0,1.0,1.0,1.0,1.0,1.0,1.0,1.0,1.0,1.0,0.0,0.0,0.0,1.0,1.0,1.0,1.0,1.0,1.0,1.0,1.0,1.0,1.0,1.0,1.0,1.0,1.0,1.0,1.0,1.0,1.0,1.0,0.0,0.0,0.0,0.0,1.0,1.0,1.0,1.0,1.0,1.0,1.0,1.0,1.0,1.0,1.0,1.0,1.0,1.0,1.0,1.0,1.0,1.0,1.0,1.0,1.0,1.0,1.0,1.0,1.0,1.0,1.0,1.0,1.0,1.0,1.0,1.0,1.0,1.0,1.0,1.0,1.0,1.0,1.0,1.0,1.0,1.0,1.0,1.0,0.0,0.0,0.0,0.0,0.0,1.0,1.0,1.0,1.0,1.0,1.0,1.0,1.0,1.0,1.0,1.0,1.0,1.0,1.0,1.0,1.0,1.0,1.0,1.0,0.0,0.0,0.0,0.0,0.0,1.0,1.0,1.0,1.0,1.0,1.0,1.0,1.0,1.0,1.0,1.0,1.0,1.0,1.0,1.0,1.0,1.0,0.0,1.0,1.0,1.0,1.0,1.0,1.0,1.0,1.0,1.0,1.0,1.0,1.0,1.0,1.0,1.0,1.0,1.0,1.0,1.0,1.0,1.0,1.0,1.0,1.0,1.0,1.0,1.0,1.0,1.0,1.0,1.0,1.0,1.0,1.0,1.0,1.0,1.0,1.0,1.0,1.0,1.0,1.0,1.0,1.0,1.0,1.0,1.0,1.0,1.0,1.0,1.0,1.0,1.0,1.0,1.0,1.0,1.0,1.0,1.0,1.0,1.0,1.0,1.0,1.0,1.0,1.0,1.0,1.0,1.0,1.0,1.0,1.0,1.0,1.0,1.0,1.0,1.0,1.0,1.0,1.0,1.0,1.0,1.0,1.0,1.0,1.0,1.0,1.0,1.0,1.0,1.0,1.0,1.0,1.0,1.0,1.0,1.0,1.0,1.0,1.0,1.0,1.0,1.0,1.0,1.0,1.0,1.0,1.0,1.0,1.0,1.0,1.0,1.0,1.0,1.0,1.0,1.0,1.0,1.0,1.0,1.0,0.0,0.0,0.0,0.0,1.0,1.0,1.0,1.0,1.0,1.0,1.0,1.0,1.0,1.0,1.0,1.0,1.0,1.0,1.0,1.0,1.0,1.0,1.0,1.0,1.0,1.0,1.0,1.0,1.0,1.0,1.0,1.0,1.0,1.0,1.0,1.0,1.0,1.0,1.0,1.0,1.0,1.0,1.0,1.0,1.0,1.0,1.0,1.0,1.0,1.0000000000001128,0.0,0.0,0.0,1.0,1.0,1.0,1.0,1.0,1.0,1.0,1.0,1.0,1.0,1.0,1.0,1.0,1.0,1.0,1.0,1.0,1.0,1.0,0.0,0.0,0.0,0.0,0.0,0.0,0.0,0.0,0.0,0.0,0.0,0.0,0.0,0.0,0.0,0.0,0.0,0.0,0.0,0.0,0.0,0.0,-0.0,-0.0,0.0,0.0,0.0,0.0,0.0,0.0,0.0,0.0,0.0,1.0,0.0,0.0,0.0,0.0,0.0,0.0,0.0,0.0,0.0,0.0,0.0,0.0,-0.0,0.0,0.0,0.0,0.0,0.0,0.0,0.0,0.0,0.0,0.0,0.0,0.0,0.0,0.0,0.0,0.0,0.0,0.0,0.0,0.0,0.0,0.0,0.0,-0.0,-0.0,0.0,0.0,0.0,0.0,0.0,1.0,0.0,0.0,0.0,0.0,0.0,0.0,0.0,0.0,0.0,0.0,0.0,0.0,0.0,0.0,0.0,0.0,-0.0,-0.0,0.0,0.0,0.0,0.0,0.0,0.0,0.0,0.0,0.0,0.0,0.0,0.0,0.0,0.0,0.0,0.0,0.0,0.0,0.0,0.0,0.0,0.0,0.0,-0.0,0.0,0.0,0.0,0.0,0.0,1.0,0.0,0.0,0.0,0.0,0.0,0.0,0.0,0.0,0.0,0.0,0.0,0.0,0.0,0.0,0.0,0.0,-0.0,-0.0,0.0,0.0,0.0,0.0,0.0,0.0,1.0,0.0,0.0,0.0,0.0,0.0,0.0,0.0,0.0,0.0,0.0,0.0,0.0,0.0,0.0,0.0,-0.0,0.999999999999874,0.0,0.0,0.0,0.0,1.2601031329495527e-13,0.0,0.0,0.0,0.0,0.0,0.0,0.0,0.0,0.0,0.0,0.0,0.0,-0.0,0.0,0.0,0.0,0.0,0.0,-0.0,0.0,0.0,0.0,0.0,0.0,0.0,0.0,0.0,0.0,0.0,0.0,0.0,0.0,0.0,0.0,0.0,0.0,0.0,0.0,0.0,0.0,0.0,0.0,-0.0,0.0,0.0,0.0,0.0,0.0,0.0,0.0,0.0,0.0,0.0,0.0,0.0,0.0,0.0,0.0,0.0,0.0,0.0,0.0,0.0,0.0,0.0,-0.0,-0.0,0.0,0.0,0.0,0.0,0.0,0.0,0.0,0.0,0.0,0.0,0.0,0.0,0.0,0.0,-0.0,0.0,0.0,0.0,0.0,0.0,0.0,0.0,0.0,-0.0,0.0,0.0,0.0,0.0,0.0,0.0,0.0,0.0,0.0,0.0,0.0,0.0,0.0,0.0,0.0,0.0,0.0,0.0,0.0,0.0,0.0,0.0,-0.0,-0.0,0.0,0.0,0.0,0.0,-0.0,0.0,0.0,0.0,0.0,0.0,0.0,0.0,0.0,0.0,0.0,0.0,0.0,0.0,0.0,0.0,0.0,0.0,0.0,0.0,0.0,0.0,-0.0,-0.0,0.0,0.0,0.0,0.0,0.0,0.0,0.0,0.0,0.0,0.0,0.0,0.0,0.0,0.0,0.0,0.0,0.0,0.0,0.0,0.0,0.0,-0.0,-0.0,0.0,0.0,0.0,0.0,0.0,0.0,0.0,0.0,0.0,0.0,0.0,0.0,0.0,0.0,0.0,0.0,0.0,0.0,0.0,0.0,0.0,0.0,0.0,-0.0,-0.0,0.0,0.0,0.0,0.0,0.0,0.0,0.0,0.0,0.0,0.0,0.0,0.0,0.0,0.0,0.0,0.0,0.0,0.0,0.0,-0.0,0.0,0.0,0.0,0.0,0.0,1.0,0.0,0.0,0.0,0.0,0.0,0.0,0.0,0.0,0.0,0.0,0.0,0.0,0.0,0.0,0.0,0.0,-0.0,-0.0,0.0,0.0,0.0,0.0,0.0,0.0,0.0,0.0,0.0,0.0,0.0,0.0,0.0,0.0,0.0,0.0,0.0,0.0,0.0,0.0,0.0,0.0,-0.0,-0.0,0.0,0.0,-0.0,0.0,0.0,0.0,0.0,0.0,0.0,0.0,0.0,0.0,0.0,0.0,0.0,0.0,0.0,0.0,0.0,0.0,0.0,0.0,0.0,-0.0,0.0,0.0,0.0,-0.0,0.0,0.0,0.0,0.0,0.0,0.0,0.0,0.0,0.0,0.0,0.0,0.0,0.0,0.0,0.0,0.0,0.0,0.0,0.0,-0.0,0.0,0.0,0.0,0.0,0.0,0.0,0.0,0.0,0.0,0.0,0.0,0.0,0.0,0.0,0.0,0.0,0.0,0.0,0.0,0.0,0.0,0.0,0.0,0.0,1.2612133559741778e-13,0.0,0.0,1.260103132949553e-13,0.0,0.0,0.0,-0.0,0.0,0.0,0.0,0.0,1.1985712625546066e-13,2.2998179706406093e-13,0.0,0.0,0.0,0.0,0.0,0.0,0.0,0.0,0.0,-0.0,0.0,0.0,0.0,0.0,0.0,0.0,0.0,0.0,0.0,0.0,0.0,0.0,0.0,0.0,0.0,0.0,0.0,0.0,0.0,0.0,0.0,0.0,-0.0,-0.0,0.0,0.0,0.0,0.0,0.0,1.0,0.0,0.0,0.0,0.0,0.0,0.0,0.0,0.0,0.0,0.0,0.0,0.0,0.0,0.0,0.0,0.0,-0.0,0.0,0.0,0.0,0.0,0.0,0.0,0.0,0.0,0.0,0.0,0.0,0.0,0.0,0.0,0.0,0.0,0.0,0.0,0.0,0.0,0.0,0.0,0.0,-0.0,-0.0,0.0,0.0,-0.0,0.0,0.0,0.0,0.0,0.0,0.0,0.0,0.0,0.0,0.0,0.0,0.0,0.0,0.0,0.0,0.0,0.0,0.0,0.0,0.0,-0.0,0.0,0.0,1.260103132949553e-13,-0.0,0.0,0.0,0.0,0.0,0.0,0.0,0.0,0.0,0.0,0.0,0.0,0.0,0.0,0.0,0.0,0.0,0.0,0.0,0.0,-0.0,0.0,0.0,0.0,0.0,0.0,1.0,0.0,0.0,0.0,0.0,0.0,0.0,0.0,0.0,0.0,0.0,0.0,0.0,0.0,0.0,0.0,0.0,-0.0,-0.0,0.0,0.0,0.0,0.0,0.0,0.0,0.0,0.0,0.0,0.0,0.0,0.0,0.0,0.0,0.0,0.0,0.0,0.0,0.0,0.0,0.0,0.0,0.0,0.0,0.0,0.0,-0.0,-0.0,0.0,0.0,0.0,0.0,0.0,0.0,0.0,0.0,0.0,0.0,0.0,0.0,0.0,0.0,0.0,0.0,0.0,0.0,0.0,-0.0,0.0,0.0,0.0,0.0,0.0,0.0,1.0,0.0,0.0,0.0,0.0,0.0,0.0,0.0,0.0,0.0,0.0,0.0,0.0,0.0,0.0,0.0,-0.0,-0.0,0.0,0.0,0.0,0.0,0.0,0.0,0.0,0.0,0.0,0.0,0.0,0.0,0.0,0.0,0.0,0.0,0.0,0.0,0.0,0.0,0.0,0.0,0.0,-0.0,0.0,0.0,0.0,0.0,0.0,1.0,0.0,0.0,0.0,0.0,0.0,0.0,0.0,0.0,0.0,0.0,0.0,0.0,0.0,0.0,0.0,0.0,-0.0,-0.0,0.0,0.0,0.0,0.0,0.0,1.0,0.0,0.0,0.0,0.0,0.0,0.0,0.0,0.0,0.0,0.0,0.0,0.0,0.0,0.0,0.0,0.0,-0.0,-0.0,0.0,0.0,0.0,0.0,0.0,0.0,0.0,0.0,0.0,0.0,0.0,0.0,0.0,0.0,0.0,0.0,0.0,0.0,0.0,0.0,0.0,0.0,0.0,0.0,0.0,0.0,0.0,0.0,0.0,0.0,0.0,0.0,0.0,0.0,0.0,0.0,0.0,0.0,0.0,0.0,0.0,0.0,0.0,0.0,0.0,0.0,-0.0,0.0,0.0,-0.0,-0.0,0.0,0.0,0.0,0.0,0.0,0.0,0.0,0.0,0.0,0.0,0.0,0.0,0.0,0.0,0.0,0.0,0.0,0.0,0.0,0.0,1.0,-0.0,-0.0,-0.0,-0.0,1.0,0.0,0.0,0.0,0.0,0.0,0.0,0.0,0.0,0.0,0.0,0.0,0.0,0.0,0.0,0.0,0.0,0.0,0.0,1.0,-0.0,-0.0,-0.0,-0.0,-0.0,1.0,0.0,0.0,0.0,0.0,0.0,0.0,0.0,0.0,0.0,0.0,0.0,0.0,0.0,0.0,0.0,0.0,0.0,1.0,-0.0,-0.0,-0.0,-0.0,-0.0,1.0,0.0,0.0,0.0,0.0,0.0,0.0,0.0,0.0,0.0,0.0,0.0,0.0,0.0,0.0,0.0,0.0,-0.0,1.0,-0.0,-0.0,-0.0,-0.0,1.0,0.0,0.0,0.0,0.0,0.0,0.0,0.0,0.0,0.0,0.0,0.0,0.0,0.0,0.0,0.0,0.0,0.0,0.0,1.0,0.0,0.0,0.0,0.0,0.0,0.0,0.0,0.0,0.0,0.0,0.0,0.0,0.0,0.0,0.0,0.0,0.0,0.0,0.0,0.0,0.0,0.0,0.0,0.0,0.0,0.0,0.0,0.0,0.0,0.0,0.0,0.0,0.0,0.0,0.0,0.0,0.0,0.0,0.0,0.0,0.0,0.0,0.0,0.0,0.0,0.0,0.0,0.0,0.0,0.0,0.0,0.0,0.0,0.0,0.0,0.0,0.0,0.0,0.0,0.0,0.0,0.0,0.0,0.0,0.0,0.0,0.0,0.0,0.0,0.0,0.0,0.0,0.0,0.0,0.0,0.0,0.0,0.0,0.0,0.0,0.0,0.0,0.0,0.0,0.0,0.0,0.0,0.0,0.0,0.0,0.0,0.0,0.0,0.0,0.0,1.0,0.0,0.0,0.0,0.0,0.0,0.0,0.0,0.0,0.0,0.0,0.0,0.0,0.0,0.0,0.0,0.0,0.0,0.0,0.0,0.0,0.0,0.0,0.0,0.0,0.0,0.0,0.0,0.0,0.0,0.0,0.0,0.0,0.0,0.0,0.0,0.0,0.0,0.0,0.0,0.0,0.0,0.0,0.0,0.0,0.0,0.0,0.0,1.0,0.0,0.0,0.0,0.0,0.0,0.0,0.0,0.0,0.0,0.0,0.0,0.0,0.0,0.0,0.0,0.0,0.0,0.0,0.0,0.0,0.0,0.0,0.0,1.0,-0.0,-0.0,-0.0,-0.0,-0.0,-0.0,1.0,0.0,0.0,0.0,0.0,0.0,0.0,0.0,0.0,0.0,0.0,-0.0,-0.0,1.0,-0.0,-0.0,-0.0,1.0,0.0,0.0,0.0,0.0,0.0,0.0,0.0,0.0,0.0,0.0,0.0,0.0,0.0,0.0,0.0,0.0,0.0,0.0,0.0,0.0,0.0,0.0,0.0,1.0,-0.0,-0.0,-0.0,-0.0,1.0,0.0,0.0,0.0,0.0,0.0,0.0,0.0,0.0,0.0,0.0,0.0,0.0,0.0,0.0,0.0,0.0,0.0,0.0,0.0,0.0,0.0,0.0,0.0,0.0,0.0,0.0,0.0,0.0,0.0,0.0,0.0,0.0,0.0,0.0,0.0,0.0,0.0,0.0,0.0,0.0,0.0,0.0,1.0,0.0,0.0,0.0,0.0,0.0,0.0,0.0,0.0,0.0,0.0,0.0,0.0,0.0,0.0,0.0,0.0,0.0,0.0,0.0,0.0,0.0,0.0,0.0,1.0,-0.0,-0.0,-0.0,-0.0,1.0,0.0,0.0,0.0,0.0,0.0,0.0,0.0,0.0,0.0,0.0,0.0,0.0,0.0,0.0,0.0,0.0,0.0,0.0,0.0,0.0,0.0,-0.0,-0.0,-0.0,1.0,0.0,0.0,0.0,0.0,0.0,0.0,0.0,0.0,0.0,0.0,0.0,0.0,0.0,0.0,0.0,0.0,0.0,1.0,-0.0,-0.0,-0.0,-0.0,-0.0,1.0,0.0,0.0,0.0,0.0,0.0,0.0,0.0,0.0,0.0,0.0,0.0,0.0,0.0,0.0,0.0,0.0,0.0,0.0,0.0,0.0,0.0,0.0,0.0,0.0,0.0,0.0,0.0,0.0,0.0,0.0,0.0,0.0,0.0,0.0,0.0,0.0,0.0,0.0,0.0,0.0,0.0,0.0,0.0,0.0,0.0,0.0,0.0,0.0,0.0,0.0,0.0,0.0,0.0,0.0,0.0,0.0,0.0,0.0,0.0,0.0,0.0,0.0,0.0,0.0,0.0,1.0,0.0,0.0,0.0,0.0,0.0,0.0,0.0,0.0,0.0,0.0,0.0,0.0,0.0,0.0,0.0,0.0,0.0,0.0,0.0,0.0,0.0,0.0,0.0,1.0,0.0,0.0,0.0,0.0,0.0,0.0,0.0,0.0,0.0,0.0,0.0,0.0,0.0,0.0,0.0,0.0,0.0,0.0,0.0,0.0,0.0,0.0,0.0,0.0,0.0,0.0,0.0,0.0,0.0,0.0,0.0,0.0,0.0,0.0,0.0,0.0,0.0,0.0,0.0,0.0,0.0,0.0,0.0,0.0,0.0,0.0,0.0,1.0,0.0,0.0,0.0,0.0,0.0,0.0,0.0,0.0,0.0,0.0,0.0,0.0,0.0,0.0,0.0,0.0,0.0,0.0,0.0,0.0,0.0,0.0,0.0,0.0,0.0,0.0,-0.0,-0.0,-0.0,1.0,0.0,0.0,0.0,0.0,0.0,0.0,0.0,0.0,0.0,0.0,0.0,0.0,0.0,0.0,0.0,0.0,0.0,1.0,-0.0,-0.0,-0.0,-0.0,1.0,0.0,0.0,0.0,0.0,0.0,0.0,0.0,0.0,0.0,0.0,0.0,0.0,0.0,0.0,0.0,0.0,0.0,0.0,0.0,0.0,0.0,0.0,0.0,0.0,0.0,0.0,0.0,0.0,0.0,0.0,0.0,0.0,0.0,0.0,0.0,0.0,0.0,0.0,0.0,0.0,0.0,0.0,1.0,-0.0,-0.0,-0.0,-0.0,-0.0,1.0,0.0,0.0,0.0,0.0,0.0,0.0,0.0,0.0,0.0,0.0,0.0,0.0,0.0,0.0,0.0,0.0,0.0,1.0,-0.0,-0.0,-0.0,-0.0,-0.0,1.0,0.0,0.0,0.0,0.0,0.0,0.0,0.0,0.0,0.0,0.0,0.0,0.0,0.0,0.0,0.0,0.0,-0.0,0.0,0.0,0.0,0.0,0.0,0.0,0.0,0.0,0.0,0.0,0.0,0.0,0.0,0.0,0.0,0.0,0.0,0.0,0.0,0.0,0.0,0.0,0.0,0.0,1.0,0.0,0.0,0.0,0.0,0.0,0.0,0.0,0.0,0.0,0.0,0.0,0.0,0.0,0.0,0.0,0.0,0.0,0.0,0.0,0.0,0.0,0.0,0.0,1.0,0.0,0.0,0.0,0.0,0.0,0.0,0.0,0.0,0.0,0.0,0.0,0.0,0.0,0.0,0.0,0.0,0.0,0.0,0.0,0.0,0.0,0.0,0.0,1.0,0.0,0.0,0.0,0.0,0.0,0.0,0.0,0.0,0.0,0.0,0.0,0.0,0.0,0.0,0.0,0.0,0.0,0.0,0.0,0.0,0.0,0.0,0.0,0.0,0.0,0.0,0.0,0.0,0.0,0.0,0.0,0.0,0.0,0.0,0.0,0.0,0.0,0.0,0.0,0.0,0.0,0.0,0.0,0.0,0.0,0.0,0.0,1.0,-0.0,-0.0,-0.0,-0.0,1.0,0.0,0.0,0.0,0.0,0.0,0.0,0.0,0.0,0.0,0.0,0.0,0.0,0.0,0.0,0.0,0.0,0.0,0.0,0.0,0.0,0.0,0.0,0.0,0.0,0.0,0.0,0.0,0.0,0.0,0.0,0.0,0.0,0.0,0.0,0.0,0.0,0.0,0.0,0.0,0.0,0.0,0.0,0.0,0.0,1.127986593019159e-13,0.0,-0.0,-0.0,1.0,0.0,0.0,0.0,0.0,0.0,0.0,0.0,0.0,0.0,0.0,0.0,0.0,0.0,0.0,0.0,0.0,0.0,0.0,0.349631804333687,1.854685269087362e-8,6.305977143926223e-8,2.403332008823576e-7,0.23969766707799023,0.5893224547892424,0.9389537246253595,0.9999999725171124,0.9999999726391627,0.9999999433973672,0.9999999838951216,0.9999999631249753,0.5848906026547996,0.9345222774616352,0.9999999507564954,0.9999999791234302,0.9999999156757797,0.9999994696877657,0.9999998060564702,0.9999999834484263,0.9999999503159035,0.5848898935302338,0.16977986507055484,0.0,0.0,0.0,0.0,0.0,0.0,0.0,0.0,0.0,0.0,0.0,0.4450994718974045,0.8901989261918979,0.9753031214714608,0.9999999199138254,0.9999999604491512,0.9999999799214737,0.9999999441892062,0.9999998925533143,0.9999999174955502,0.9999999836520262,0.9999999739506036,0.9827102823747674,0.7131900936386365,0.884112062363793,0.9999999865930936,0.9999999636594822,0.9999999807748814,0.9999999829019308,0.9999999836605289,0.9999999836872314,0.9999999843402435,0.9999999878811382,0.9999999878864186,0.9999999861634468,0.9999999897276939,0.9999999871635484,0.9999999828289933,0.9999999848398641,0.9999999864274676,0.999999988763565,0.9999999855521264,0.9999999843929391,0.9999999847895066,0.9999999896213311,0.9999999877725879,0.9999999828644393,0.9999999815470372,0.0,0.0,0.0,0.0,0.0,0.0,0.0,0.3473128225148268,0.694625641995623,0.9999999713411999,0.9999999242195838,0.9999999842167246,0.9999999408488466,0.6531796483398251,0.9528416500146701,0.9999999385238573,0.9999999790237069,0.9999998437197167,0.7534170212953935,0.9297634278116469,0.9999999837452167,0.9999999404882015,0.6531795985751144,0.306359299698522,0.6358014846610749,0.3630627162562875,3.4405507912312846e-8,5.97488310051016e-8,2.450020539302351e-7,0.11382871040230615,0.12973031231984636,0.541942256522515,0.9999999702331802,0.9999999704058529,0.9999999199773201,0.7261254179907227,0.3630627105478365,0.0,0.0,0.0,0.0,0.0,0.0,0.0,0.0,0.0,0.0,0.0,0.0,0.0,0.0,0.0,0.0,0.0,0.0,0.4074336572138184,0.8148673104511593,0.9999999843328669,0.9999999798405506,0.9999999880326446,0.9999999825934567,0.9999999660614705,0.9999999754032106,0.9999999806110528,0.9999999862119936,0.9999999779194833,0.9999999736450694,0.9999999752125777,0.9999999878424666,0.999999984070158,0.999999966263,0.9999999574431558,0.0,0.0,0.0,0.0,0.0,0.0,0.0,0.0,0.4857103010063844,0.9714205954028631,0.9999999780078577,0.9999999869642556,0.999999980967059,0.9999999639139076,0.9999999733411163,0.9999999788310941,0.999999984934126,0.9999999759719854,0.9999999715265039,0.9999999731436098,0.9999999867511575,0.9999999825751948,0.9999999641117394,0.9999999556643819,0.0,0.4566252223869688,0.07198909308891473,0.4439854164448187,0.9006099106520756,0.999999745537042,0.9999997555160297,0.9999998773601758,0.9999999730573241,0.9999999731500904,0.999999953239248,0.9999999831928533,0.9999999667919102,0.9507511806983963,0.9999999129133339,0.7692722915971374,0.38463615733741735,0.0,0.0,0.0,0.0,0.0,0.0,0.0,0.0,0.0,0.0,0.0,0.0,0.0,0.0,0.0,0.0,0.0,0.0,0.0,0.0,0.0,0.0,0.0,0.0,0.0,0.0,0.0,0.0,0.0,0.0,0.0,0.9146420735964321,0.9999999809480505,0.5617405045038738,0.9999999435346711,0.9999999682249028,0.9999999714730077,0.999999971579988,0.999999974056055,0.9999999840291369,0.9999999840484065,0.999999979798787,0.9999999876992902,0.999999982379677,0.9999999678896863,0.9999999757865293,0.9999999805138704,0.9999999858850004,0.9999999780398799,0.9999999742450795,0.9999999756180843,0.9999999875082166,0.9999999837944286,0.9999999680527131,0.9999999611984063,0.7587861279783814,0.6170609683742974,0.279601316822082,0.3146002977536942,0.7250873733334,0.9999991747915798,0.9999992927759883,0.99999984608031,0.9999999758545516,0.99999997594393,0.9999999560214548,0.9999999850467668,0.6749193145864887,0.33745965912792625,0.0,0.0,0.0,0.0,0.0,0.0,0.0,0.0,0.0,0.0,0.7371494448599524,0.6051634441820105,0.19789545165002465,0.2504604691237765,0.6554663039194132,0.839313350546199,0.8461280187167198,0.9999984863326207,0.9999999719840887,0.9999999721120367,0.9999999408781662,0.9999999837371254,0.9999999635125744,0.6408746870678586,0.9999997909572504,0.9999999488844059,0.9999999788351698,0.9999999098110769,0.9999990817034953,0.9999997709018227,0.9999999832797931,0.9999999709736933,0.648183958820191,0.38221713318707284,0.9783350608052335,0.52926609843955,0.08019712446066746,1.0090450106166138e-7,0.0,0.0,0.0,0.0,0.0,0.0,0.0,0.0,0.0,0.0,0.0,0.0,0.0,0.0,0.0,0.0,0.0,0.0,0.0,0.0,0.9530264702124711,0.5247196436743635,0.09641282012063823,0.0,0.0,0.0,0.0,0.0,0.0,0.0,0.0,0.0,0.0,0.0,0.0,0.0,0.0,0.0,0.0,0.0,0.0,0.0,0.0,0.0,0.887548810892832,0.48319389365007476,0.0,0.0,0.0,0.0,0.0,0.0,0.0,0.0,0.0,0.0,0.0,0.0,0.0,0.0,0.0,0.0,0.0,0.0,0.0,0.0,0.0,0.0,0.979505175528146,0.6208156727282468,0.2621261731634167,0.0,0.0,0.0,0.0,0.0,0.0,0.0,0.0,0.0,0.0,0.0,0.0,0.0,0.0,0.0,0.0,0.0,0.0,0.0,0.0,0.0,0.0,0.0,0.0,0.0,0.0,0.0,0.0,0.49723108154217116,0.9944621553114783,0.999999974884225,0.9999999656160876,0.9999999821061036,0.9999999713623825,0.9999999331949058,0.9999999558743402,0.9999999672464022,0.9999999785963428,0.9999999614729488,0.9999999518410685,0.9999999554419186,0.9999999817433236,0.9999999743564092,0.9999999337196808,0.9999999091817441,0.7373727215535911,0.9999999397419419,0.5725895861892483,0.9531602532870314,0.9999998833588781,0.9999999141667705,0.9999999149982068,0.9999999318613548,0.9999999724725095,0.9999999725400393,0.9999999589548705,0.9999999815490478,0.9999999676745281,0.9999998794163424,0.9999999414668611,0.9999999615358327,0.999999977322157,0.9999999519800887,0.9999999329873757,0.9999999405980479,0.999999981124042,0.9999999718299479,0.9999998813624494,0.9999997326950772,0.655991444039428,0.43532583619495085,0.0,0.0,0.0,0.0,0.0,0.0,0.0,0.0,0.0,0.0,0.0,0.0,0.0,0.0,0.0,0.0,0.0,0.0,0.0,0.0,0.0,0.0,0.9999999807386594,0.6454464886859391,0.2908929779249112,0.0,0.0,0.0,0.0,0.0,0.0,0.0,0.0,0.0,0.0,0.0,0.0,0.0,0.0,0.0,0.0,0.0,0.0,0.0,0.0,0.0,0.0,0.0,0.0,0.0,0.0,0.0,0.0,0.0,0.0,0.0,0.0,0.0,0.0,0.0,0.0,0.0,0.0,0.0,0.0,0.0,0.0,0.0,0.0,0.0,0.6030997067925874,0.4584771759990667,0.0,0.0,0.0,0.0,0.0,0.0,0.0,0.0,0.0,0.0,0.0,0.0,0.0,0.0,0.0,0.0,0.0,0.0,0.0,0.0,0.0,0.0,0.849795713232251,0.9999999639012793,0.5241582130761407,0.9305038054926399,0.9999999204034413,0.9999999340448638,0.9999999344617116,0.9999999435903592,0.9999999725375281,0.9999999725917976,0.9999999615612708,0.9999999808650568,0.9999999684562488,0.9999999188786932,0.9999999494372722,0.9999999635358748,0.9999999768788171,0.9999999564733906,0.9999999442492441,0.9999999488854109,0.9516858636414345,0.4758429349138655,0.0,0.0,0.0,0.0,0.0,0.0,0.0,0.0,0.0,0.4118815101477851,0.823763011661339,0.9999999692871436,0.9999999528405642,0.9999999799799714,0.9999999634434457,0.9999998479272941,0.9999999310719886,0.9999999559964876,0.9999999749846364,0.9999999442411837,0.9999999202660668,0.9999999299705027,0.9999999794799009,0.9999999684385019,0.9999998506868404,0.9999996054784548,0.6869995657850305,0.4945527142819546,4.8653560723224966e-8,1.1844311927899136e-7,2.1574860312733904e-6,0.16154017490184827,0.16848305723910892,0.5263126180147526,0.9999999192869164,0.9999999363271564,0.9901105445890372,0.9999999740020269,0.9601198813391142,0.46556724313161096,0.5263139406210042,0.9999993587479812,0.99999996098015,0.7488932951951197,0.36473687377862757,0.5154196367156175,0.9891054468403429,0.4945527275100218,0.0,0.0,0.8760548802110838,0.4553648339417389,0.0,0.0,0.0,0.0,0.0,0.0,0.0,0.0,0.0,0.0,0.0,0.0,0.0,0.0,0.0,0.0,0.0,0.0,0.0,0.0,0.0,0.0,0.0,0.0,0.0,0.0,0.0,0.0,0.0,0.0,0.0,0.0,0.0,0.0,0.0,0.0,0.0,0.0,0.0,0.0,0.0,0.0,0.0,0.0,0.0,0.0,0.0,0.0,0.0,0.0,0.0,0.0,0.0,0.4425159988295701,0.8850320199688638,0.9999999220718617,0.9802878098720719,0.9999999693886645,0.8350085107798804,0.4022470163653444,0.5163458926697385,0.9588614864789101,0.9999999530673521,0.6314887278071479,0.1987295723438068,0.4230079327586131,0.8655231655832996,0.43276158755715793,0.0,0.0,0.0,0.0,0.0,0.0,0.0,0.0,0.0,0.0,0.0,0.0,0.0,0.0,0.0,0.0,0.0,0.0,0.0,0.0,0.0,0.0,0.0,0.0,0.0,0.0,0.9351771099991204,0.5801758465550239,0.2251745548019129,0.0,0.0,0.0,0.0,0.0,0.0,0.0,0.0,0.0,0.0,0.0,0.0,0.0,0.0,0.0,0.0,0.0,0.0,0.0,0.0,0.0,0.0,0.0,0.0,0.0,0.0,0.0,0.0,0.0,0.46203524149170144,0.9240704727094425,0.9999999669025913,0.9999999823142984,0.9999999721744632,0.9999999389914156,0.9999999581983167,0.9999999683882669,0.9999999789601367,0.999999963166146,0.9999999546767813,0.9999999578184794,0.9999999819657563,0.999999974962607,0.9999999394202393,0.9999999201274569,0.0,0.0,0.0,0.0,0.0,0.0,0.0,0.0,0.0,0.0,0.0,0.0,0.0,0.0,0.0,0.0,0.0,0.0,0.0,0.0,0.0,0.0,0.0,0.0,0.0,0.0,0.0,0.0,0.0,0.0,0.0,0.48562607958774534,0.9712521510539014,0.999999962898227,0.999999916124572,0.9999999793801612,0.9999999503935667,0.6135008344898288,0.9999996253501379,0.9999999284761862,0.9999999724887549,0.9999998656175813,0.9953070861204368,0.9999995749590366,0.948068069772466,0.47403403812000966,0.0,0.0,0.0,0.0,0.0,0.0,0.0,0.0,0.0,0.4710815928026861,0.9421631772244629,0.999999971853734,0.9999999599052902,0.999999980570688,0.9999999674187183,0.9999999098125595,0.9999999463212278,0.9999999620725657,0.9999999763963843,0.9999999542632858,0.9999999403581142,0.999999945691785,0.9999999801441609,0.9999999711972012,0.999999910742596,0.9999998614486517,0.0,0.0,0.0,0.0,0.0,0.0,0.0,0.0,0.0,0.0,0.0,0.0,0.0,0.0,0.0,0.0,0.0,0.0,0.0,0.0,0.0,0.0,0.0,0.0,0.7945173160434866,0.999999892227045,0.5579682507115544,0.930961492096903,0.9999998337927126,0.9999998886365643,0.9999998899818952,0.9999999159455129,0.9999999696043932,0.9999999696870363,0.9999999529813094,0.9999999801623696,0.9999999638340832,0.9999998259985785,0.9999999296889459,0.9999999562422435,0.999999975305073,0.9999999439444082,0.9999999175938984,0.9999999284703643,0.8840633750309371,0.4420316906362001,0.0,0.0,0.646070749329178,0.23463604164463098,0.0,0.0,0.0,0.0,0.0,0.0,0.0,0.0,0.0,0.0,0.0,0.0,0.0,0.0,0.0,0.0,0.0,0.0,0.0,0.0,0.0,0.0,0.0,0.0,0.0,0.0,0.0,0.0,0.3463449935148575,0.6926899481946621,0.9999999339598493,0.9999999342799807,0.9999998690324537,0.9999999635272109,0.9999999145619693,0.9649876777559993,0.9999996972822399,0.9999998841771806,0.9999999508045013,0.999999818450247,0.9999995128076742,0.9999996833452727,0.999999962317013,0.999999931580609,0.9664093756491118,0.9146745491889042,0.0,0.0,0.0,0.0,0.0,0.0,0.0,0.4674064243466063,0.9348128180537988,0.9999999291151077,0.999999783710134,0.9999999655999977,0.9999998972403406,0.8424194236552133,0.9806248693112768,0.9999998299528701,0.9999999510297533,0.9999994839558884,0.9455235538677977,0.9765633129487868,0.9999999642864679,0.9999999251337379,0.844312559969048,0.7753915261907863,0.0,0.0,0.0,0.0,0.0,0.0,0.0,0.3582895375317609,0.7007139322835378,0.7068030673665641,0.5784263540929485,0.9367143403514346,0.6429176945069844,0.4143829081666431,0.49678749969166786,0.5881782886082629,0.80339489949853,0.5341166067090868,0.47585799701453224,0.5307039357108853,0.8889932243059625,0.45839183394078103,0.0,0.0,0.0,0.0,0.0,0.0,0.0,0.0,0.36116168969926327,0.7223233605194096,0.9999999682432313,0.9999999682749364,0.9999999604048078,0.9999999760192108,0.9999999650505667,0.9999999431556534,0.9999999539008836,0.9999999616541047,0.9999999720437297,0.9999999574545019,0.9999999516068085,0.9999999536449855,0.9999999755890958,0.9999999677717866,0.9999999433571265,0.9999999356933307,0.0,0.33683504455677754,0.6736700573638562,0.9999999607709456,0.9999999648284565,0.9999999663284375,0.9999999663819242,0.9999999677085686,0.9999999755074355,0.999999975515852,0.9999999715890558,0.9999999800219233,0.9999999738357883,0.9999999646861609,0.9999999687454341,0.999999972174375,0.9999999776196642,0.9999999702584917,0.9999999678169245,0.9999999686400589,0.9999999797527809,0.99999997524752,0.999999964756258,0.9999999622491882,0.5778375012263567,0.9999999605683512,0.9999994444359864,0.9999999226455167,0.9999999384817169,0.9999999435238847,0.999999943696478,0.9999999478065431,0.9999999670842347,0.999999967118888,0.9999999583162006,0.999999975509245,0.9999999635469056,0.9999999379818875,0.9999999508221858,0.9999999597324172,0.9999999712352171,0.999999954941538,0.9999999481297851,0.9999999505231509,0.9999999750499382,0.999999966564364,0.9999999382274429,0.9999999287103822,0.9999999837464723,0.9999999631597241,0.9394039452095309,0.9999999110275307,0.9999999356318428,0.9999999425227724,0.9999999427514761,0.9999999480680548,0.9999999700428258,0.9999999700848752,0.9999999606092677,0.9999999783609151,0.9999999663439203,0.9999999349264457,0.9999999518160837,0.9999999621929632,0.9999999742315572,0.9999999567372813,0.9999999484763616,0.9999999514499818,0.9999999779250591,0.9999999695120979,0.9999999352713245,0.9999999210340087,0.6139951240675714,0.9999999521148588,0.969095547997894,0.999999891689417,0.9999999189386845,0.9999999269647858,0.9999999272345972,0.9999999335576412,0.9999999609186888,0.9999999609700416,0.9999999489221908,0.9999999718187607,0.9999999561668346,0.9999999181274011,0.999999938081812,0.9999999509098455,0.9999999663662854,0.9999999441098945,0.9999999340474002,0.9999999376374917,0.9999999712398348,0.9999999602309004,0.9999999185261301,0.9999999025170345,0.0,0.4721511215742719,0.9443022236648212,0.9999999742025618,0.9999999759303686,0.9999999766143285,0.9999999766391401,0.9999999772617155,0.9999999812856788,0.999999981287103,0.9999999791810131,0.9999999839355572,0.9999999803645128,0.9999999758666225,0.9999999777598371,0.9999999794839444,0.9999999824908951,0.9999999785055517,0.999999977313248,0.9999999777087247,0.9999999837700057,0.9999999811380319,0.9999999758978682,0.9999999748000611,0.5893741854857742,0.9999999848563549,0.9999999780717613,0.9999999819109338,0.9999999828070203,0.999999983170266,0.9999999831835341,0.9999999835186267,0.9999999857899172,0.9999999857894998,0.9999999845782489,0.9999999873899169,0.9999999852524478,0.9999999827734399,0.9999999837897119,0.9999999847492219,0.999999986505948,0.999999984200627,0.9999999835465255,0.9999999837617657,0.999999987287318,0.9999999857022622,0.9999999827898964,0.9999999822173373,0.0,0.45928841323555314,0.9185768092323292,0.9999999752384174,0.9999999767154645,0.9999999773073712,0.999999977328924,0.9999999778714851,0.9999999814648195,0.9999999814652072,0.9999999795662003,0.9999999839138644,0.9999999806281671,0.9999999766605115,0.999999978308085,0.9999999798368037,0.9999999825696256,0.9999999789659529,0.9999999779165417,0.9999999782631821,0.9999999837588263,0.9999999813295071,0.9999999766874954,0.9999999757463159,0.0,0.0,0.0,0.0,0.0,0.0,0.0,0.0,0.44173658808614646,0.7513726289009195,0.5895675140045845,0.9999994216414264,0.6754239719940465,0.4037306298596444,0.5016972744503198,0.6103467488336878,0.33669522683811237,0.0,0.0,0.0,0.0,0.0,0.0,0.0,0.0,0.36563892083742267,0.6499879285871791,0.8732912012052578,0.9447089476148729,0.9761190546954301,0.977303252429332,0.9999980847864814,0.9999999365752194,0.9999999368987169,0.9999998601008325,0.9999999663067933,0.9999999154541599,0.9416465117337629,0.9999995335290801,0.9999998794931505,0.999999953847594,0.9999997869028068,0.9999985612739274,0.9999994938939594,0.9999999651419097,0.999999934035401,0.9429169469198058,0.8967102667580616,0.0,0.0,0.0,0.0,0.0,0.0,0.3446625678682331,0.689325117401384,0.9999999694018213,0.9999999694347815,0.9999999621672967,0.9999999767014777,0.9999999664431426,0.9999999466385433,0.999999956248542,0.9999999633130146,0.9999999729567389,0.9999999594728552,0.9999999541793511,0.9999999560172967,0.9999999762949049,0.9999999689667852,0.9999999468172421,0.9999999400844767,0.987883149612682,0.999999907412987,0.6750856459113135,0.9184689194611441,0.9963024990090137,0.999999362072609,0.9999993875956465,0.9999996984788716,0.9999999402869107,0.9999999405211619,0.9999998904607559,0.9999999657056502,0.9999999245553323,0.9929675241852679,0.999999788711793,0.9999999013973033,0.9999999545201467,0.9999998565404986,0.9999997111013141,0.9999997818973128,0.9999999646263412,0.9999999382925716,0.9943506985798889,0.9439928296891285,0.0,0.34130482764407466,0.6826096409502359,0.9999999769801773,0.9999999782660817,0.9999999787813417,0.9999999788001128,0.9999999792740316,0.9999999824506441,0.9999999824505483,0.9999999807638434,0.9999999846529104,0.9999999817048164,0.9999999782182665,0.9999999796564607,0.9999999810029925,0.999999983440026,0.999999980234608,0.9999999793134472,0.999999979617083,0.999999984512554,0.9999999823294561,0.9999999782418245,0.9999999774258003,0.0,0.0,0.0,0.0,0.0,0.0,0.33861114107876283,0.6772222663839593,0.9999999717220491,0.9999999717580403,0.9999999652248518,0.9999999783322232,0.999999969063673,0.9999999514032838,0.9999999599347131,0.9999999662518999,0.9999999749392444,0.9999999628130645,0.999999958091722,0.9999999597285388,0.9999999779633011,0.999999971336242,0.9999999515608821,0.9999999456254103,0.8231501587816163,0.4241662890386785,0.0,0.0,0.0,0.0,0.0,0.4469166926791397,0.893833348259033,0.9999999029405208,0.9999996945217574,0.9999999539279172,0.9999998579740118,0.8279561005310453,0.9759783577822495,0.999999761733716,0.99999993362751,0.9999992372979319,0.9383836808564238,0.9716283253683748,0.9999999521011019,0.9999998973470086,0.8299835711159518,0.7561676187004722,0.0,0.0,0.0,0.0,0.0,0.0,0.0,0.4982615159309273,0.996523022513033,0.999999975043384,0.999999970772554,0.999999979839512,0.9999999732267206,0.9999999630508439,0.9999999676253015,0.999999971414632,0.99999997729653,0.9999999693053272,0.9999999665875078,0.9999999675077578,0.9999999795560567,0.9999999747542663,0.9999999631300326,0.9999999602579267,0.9999999844479993,0.999999973999687,0.999999941387146,0.9999999631588817,0.9999999668461569,0.9999999682337634,0.9999999682833219,0.9999999695117996,0.9999999767581104,0.9999999767657428,0.9999999731120546,0.9999999809714009,0.9999999752012423,0.9999999667146884,0.9999999704727793,0.9999999736558511,0.9999999787277826,0.9999999718761603,0.999999969612173,0.9999999703750742,0.9999999807198053,0.9999999765159435,0.9999999667791566,0.9999999644641224,0.9999999834020645,0.9999999705893252,0.9999999186617031,0.9999999555902745,0.9999999609070531,0.9999999628485444,0.9999999629173206,0.9999999646087862,0.9999999741138937,0.9999999741262439,0.9999999694304805,0.9999999793002501,0.9999999721391488,0.999999960721557,0.9999999659154294,0.9999999701418837,0.9999999765697806,0.9999999677976805,0.9999999647460219,0.9999999657832354,0.9999999789972895,0.9999999738108871,0.9999999608123928,0.9999999574998816,0.0,0.421097170767954,0.8421942992483599,0.9999999587377991,0.9999999631940486,0.9999999648514151,0.9999999649104617,0.9999999663691135,0.9999999748137192,0.9999999748235954,0.999999970598785,0.9999999796043549,0.9999999730227999,0.9999999630363406,0.9999999675046805,0.9999999712318136,0.9999999770647267,0.9999999691544603,0.9999999664879726,0.9999999673894416,0.9999999793206478,0.9999999745367073,0.9999999631136762,0.9999999603242107,0.0,0.463090939485873,0.9261818689554634,0.9999999828699424,0.9999999836512617,0.9999999839699129,0.9999999839815705,0.9999999842765647,0.9999999863022765,0.999999986301572,0.9999999852158206,0.9999999877563371,0.9999999858185595,0.9999999836218542,0.999999984515924,0.9999999853682731,0.999999986949971,0.99999998487996,0.9999999843011657,0.9999999844912169,0.999999987662392,0.9999999862230082,0.9999999836362446,0.9999999831363495,0.9147551438363969,0.9999999614407349,0.9999992790276339,0.9999999230328993,0.999999939228369,0.9999999443324895,0.9999999445067848,0.9999999486480063,0.9999999678521303,0.9999999678869586,0.9999999591624155,0.9999999761340743,0.9999999643556388,0.999999938721149,0.9999999516760131,0.9999999605711083,0.999999971941227,0.9999999557982651,0.9999999489730141,0.9999999513761577,0.999999975684313,0.999999967339349,0.999999938970976,0.9999999292641856,0.0,0.45068642625937466,0.7010984584474325,0.8976567085509987,0.9605195816472685,0.9881693449001764,0.9892115403729879,0.9999992092836848,0.9999999431435412,0.9999999434130105,0.9999998806114062,0.9999999690825307,0.9999999252789077,0.9578245192459314,0.9999996668143957,0.9999998959245865,0.9999999580913475,0.999999825831405,0.9999993069221906,0.9999996454308615,0.9999999680479204,0.9999999409698416,0.9589419860345664,0.918269464156265,0.6606580706729451,0.4069631039970823,0.0,0.0,0.0,0.0,0.0,0.4320513872767805,0.8641027478718843,0.9999999254579517,0.9999998027000879,0.9999999626157842,0.9999998953374618,0.8651649218471664,0.9999960983522334,0.9999998379400699,0.9999999474144886,0.9999996320790033,0.9709740537130239,0.9999836571543639,0.9999999612254719,0.9999999215922999,0.8671076870850204,0.7963782636412489,0.0,0.0,0.0,0.0,0.0,0.0,0.37769617947672207,0.7553923350587799,0.9999999650640954,0.9999999651279682,0.9999999517833295,0.9999999758074267,0.9999999600104506,0.9999999080739547,0.9999999381801068,0.9999999541032099,0.9999999705851204,0.9999999459487044,0.9999999326695759,0.9999999375858806,0.9999999752653633,0.9999999643559142,0.9999999087511439,0.999999878380288,0.9999999858557689,0.999999973637609,0.9999998864152227,0.9999999560718987,0.9999999627725099,0.9999999650818613,0.9999999651624754,0.9999999671166089,0.9999999772171171,0.9999999772333236,0.999999972419158,0.9999999821781658,0.9999999752360497,0.9999999625484772,0.9999999685918075,0.9999999731693899,0.9999999796135598,0.9999999706660527,0.9999999672729517,0.9999999684438815,0.9999999818980261,0.9999999769198794,0.9999999626580819,0.9999999585444692,0.0,0.0,0.0,0.0,0.0,0.0,0.0,0.468619986598217,0.9372394046802102,0.9883908901621259,0.825799065068499,0.9999999237864866,0.9120740977868944,0.6390636782275076,0.7375054150314644,0.8466802279154914,0.9999998068671161,0.7820992110489131,0.7125031985067182,0.7346121174723982,0.9999999175262544,0.9730737155758026,0.6404121077471049,0.5913213225330972,0.0,0.0,0.0,0.0,0.0,0.0,0.0,0.3729950950698346,0.7459901339791665,0.9550751295923067,0.7511444802514958,0.9999999263216647,0.8593537668822562,0.5169281884730571,0.6403997489814178,0.7773344875696632,0.9999997794976816,0.6963322726801692,0.6090401989795624,0.6367710920749278,0.9588555189426601,0.479427778982336,0.0,0.0,0.9360006698454096,0.9999999428819731,0.6923533852455319,0.9999996815541828,0.9999998570833059,0.9999998847221142,0.9999998855502471,0.9999999033971617,0.9999999569176745,0.9999999570141083,0.9999999371522219,0.9999999715041107,0.999999949642095,0.999999853920955,0.9999999145764014,0.9999999407586047,0.9999999645632225,0.9999999277793858,0.9999999046673912,0.9999999135303907,0.9999999707957941,0.9999999559189641,0.9999998554749471,0.9999997736419008,0.0,0.4749340986483537,0.9498681532187837,0.9999999588298906,0.9999999630901958,0.9999999646976067,0.9999999647550512,0.9999999661798247,0.9999999746236619,0.9999999746317667,0.999999970366557,0.9999999795619992,0.9999999728034243,0.9999999629379315,0.999999967295767,0.9999999710004295,0.9999999769289925,0.9999999689275985,0.9999999662962825,0.9999999671821534,0.9999999792667491,0.9999999743398811,0.999999963012579,0.9999999603364608,0.0,0.3769385011779802,0.7538769744760843,0.9999999668851969,0.9999999699635461,0.9999999711327714,0.9999999711746852,0.9999999722156998,0.999999978464172,0.9999999784700935,0.999999975296638,0.999999982182752,0.999999977105391,0.9999999698529973,0.9999999730336379,0.9999999757658918,0.9999999801940856,0.9999999742339671,0.999999972300974,0.9999999729503252,0.9999999819588565,0.9999999782516827,0.9999999699072349,0.999999967971018,0.0,0.49845052206872986,0.9969010313267048,0.9999999788637999,0.9999999798139313,0.9999999802038442,0.9999999802181313,0.9999999805804017,0.9999999831013875,0.9999999831000733,0.9999999817419286,0.9999999849463358,0.9999999824938032,0.9999999797779996,0.9999999808752389,0.9999999819317092,0.9999999839190624,0.9999999813252275,0.999999980610675,0.9999999808447725,0.9999999848262112,0.9999999830011796,0.9999999797956434,0.9999999791868269,0.9690903340825504,0.9999999339936346,0.7911434794519084,0.9999997701181755,0.999999860812737,0.9999998813997473,0.9999998820538216,0.9999998967708911,0.9999999490510538,0.9999999491486864,0.9999999281363974,0.9999999658924164,0.9999999411024147,0.9999998586009263,0.9999999066123969,0.9999999318001541,0.9999999577107287,0.9999999189196933,0.9999998978632977,0.9999999056695142,0.9999999650452593,0.9999999479350563,0.9999998596921366,0.999999810749118,0.0,0.0,0.0,0.0,0.0,0.0,0.34811388381755065,0.6962277513594624,0.9999999717614914,0.999999971795473,0.9999999643010608,0.9999999788863656,0.9999999687611851,0.999999946769743,0.9999999578758588,0.9999999655103372,0.999999975280756,0.9999999614129041,0.999999955557277,0.9999999576186008,0.9999999784994577,0.9999999713251073,0.9999999469833973,0.9999999386717491,0.4827911450570783,0.8329040252117567,0.9999999488707408,0.9999999667388906,0.9999999698800447,0.9999999710711506,0.9999999711138008,0.9999999721726748,0.999999978499608,0.999999978505784,0.9999999752984937,0.9999999822421682,0.9999999771280651,0.9999999697674908,0.9999999730036858,0.999999975773595,0.999999980242865,0.9999999742217267,0.9999999722593534,0.9999999729190839,0.9999999820173355,0.9999999782853851,0.9999999698228408,0.9999999678466645,0.8666161947227363,0.4333081012116812,0.0,0.0,0.0,0.0,0.0,0.4661977942336664,0.9323955456602293,0.9999999011410879,0.999999722651838,0.9999999523740952,0.9999998586769231,0.8465658465297382,0.9984930698746826,0.9999997753992705,0.9999999315616905,0.9999994485024117,0.9599728866861189,0.9941066276006598,0.9999999504800513,0.999999895737044,0.8486479141023723,0.7728400712364759,1.0,1.0,1.0,1.0,1.0,1.0,1.0,1.0,1.0,1.0,1.0,1.0,1.0,1.0,1.0,1.0,1.0,1.0,1.0,1.0,1.0,1.0,1.0,1.0,-0.0,-0.0,-0.0,-0.0,-0.0,-0.0,-0.0,-0.0,-0.0,-0.0,1.0,1.0,1.0,1.0,1.0,1.0,1.0,1.0,1.0,1.0,1.0,1.0,1.0,1.0,1.0,1.0,1.0,1.0,1.0,1.0,1.0,1.0,1.0,1.0,1.0,1.0,1.0,1.0,1.0,1.0,1.0,1.0,1.0,1.0,1.0,1.0,1.0,1.0,-0.0,-0.0,-0.0,-0.0,-0.0,-0.0,1.0,1.0,1.0,1.0,1.0,1.0,1.0,1.0,1.0,1.0,1.0,1.0,1.0,1.0,1.0,1.0,1.0,1.0,1.0,1.0,1.0,1.0,1.0,1.0,1.0,1.0,1.0,1.0,1.0,1.0,1.0,1.0,-0.0,-0.0,-0.0,-0.0,-0.0,-0.0,-0.0,-0.0,-0.0,-0.0,-0.0,-0.0,-0.0,-0.0,-0.0,-0.0,1.0,1.0,1.0,1.0,1.0,1.0,1.0,1.0,1.0,1.0,1.0,1.0,1.0,1.0,1.0,1.0,1.0,1.0,-0.0,-0.0,-0.0,-0.0,-0.0,-0.0,-0.0,1.0,1.0,1.0,1.0,1.0,1.0,1.0,1.0,1.0,1.0,1.0,1.0,1.0,1.0,1.0,1.0,1.0,0.999999999999874,0.999999999999874,0.999999999999874,0.999999999999874,0.999999999999874,1.0,1.0,1.0,1.0,1.0,1.0,1.0,1.0,1.0,1.0,1.0,1.0,1.0,-0.0,-0.0,-0.0,-0.0,-0.0,-0.0,-0.0,-0.0,-0.0,-0.0,-0.0,-0.0,-0.0,-0.0,-0.0,-0.0,-0.0,-0.0,-0.0,-0.0,-0.0,-0.0,-0.0,-0.0,-0.0,-0.0,-0.0,-0.0,-0.0,-0.0,1.0,1.0,1.0,1.0,1.0,1.0,1.0,1.0,1.0,1.0,1.0,1.0,1.0,1.0,1.0,1.0,1.0,1.0,1.0,1.0,1.0,1.0,1.0,1.0,1.0,1.0,1.0,1.0,1.0,1.0,1.0,1.0,1.0,1.0,1.0,1.0,1.0,1.0,1.0,-0.0,-0.0,-0.0,-0.0,-0.0,-0.0,-0.0,-0.0,-0.0,1.0,1.0,1.0,1.0,1.0,1.0,1.0,1.0,1.0,1.0,1.0,1.0,1.0,1.0,1.0,1.0,1.0,1.0,1.0,1.0,1.0,1.0,1.0,1.0,1.0,1.0,1.0,1.0,1.0,-0.0,-0.0,-0.0,-0.0,-0.0,-0.0,-0.0,-0.0,-0.0,-0.0,-0.0,-0.0,-0.0,-0.0,-0.0,-0.0,-0.0,-0.0,-0.0,1.0,1.0,1.0,1.0,-0.0,-0.0,-0.0,-0.0,-0.0,-0.0,-0.0,-0.0,-0.0,-0.0,-0.0,-0.0,-0.0,-0.0,-0.0,-0.0,-0.0,-0.0,-0.0,-0.0,1.0,1.0,1.0,-0.0,-0.0,-0.0,-0.0,-0.0,-0.0,-0.0,-0.0,-0.0,-0.0,-0.0,-0.0,-0.0,-0.0,-0.0,-0.0,-0.0,-0.0,-0.0,-0.0,-0.0,1.0,1.0,1.0,1.0,-0.0,-0.0,-0.0,-0.0,-0.0,-0.0,-0.0,-0.0,-0.0,-0.0,-0.0,-0.0,-0.0,-0.0,-0.0,-0.0,-0.0,-0.0,-0.0,-0.0,-0.0,-0.0,-0.0,-0.0,-0.0,-0.0,1.0,1.0,1.0,1.0,1.0,1.0,1.0,1.0,1.0,1.0,1.0,1.0,1.0,1.0,1.0,1.0,1.0,1.0,1.0,1.0,1.0,1.0,1.0,1.0,1.0,1.0,1.0,1.0,1.0,1.0,1.0,1.0,1.0,1.0,1.0,1.0,1.0,1.0,1.0,1.0,1.0,1.0,1.0,1.0,1.0,-0.0,-0.0,-0.0,-0.0,-0.0,-0.0,-0.0,-0.0,-0.0,-0.0,-0.0,-0.0,-0.0,-0.0,-0.0,-0.0,-0.0,-0.0,-0.0,-0.0,-0.0,1.0,1.0,1.0,1.0,-0.0,-0.0,-0.0,-0.0,-0.0,-0.0,-0.0,-0.0,-0.0,-0.0,-0.0,-0.0,-0.0,-0.0,-0.0,-0.0,-0.0,-0.0,-0.0,-0.0,-0.0,-0.0,-0.0,-0.0,-0.0,-0.0,-0.0,-0.0,-0.0,-0.0,-0.0,-0.0,-0.0,-0.0,-0.0,-0.0,-0.0,-0.0,-0.0,-0.0,-0.0,-0.0,-0.0,-0.0,1.0,1.0000000000001261,1.0000000000001261,-0.0,1.260103132949553e-13,1.260103132949553e-13,1.260103132949553e-13,1.260103132949553e-13,-0.0,-0.0,-0.0,-0.0,-0.0,-1.260103132949553e-13,-0.0,-0.0,-0.0,-0.0,-0.0,-0.0,-0.0,-0.0,-0.0,-0.0,1.0,1.0,1.0,1.0,1.0,1.0,1.0,1.0,1.0,1.0,1.0,1.0,1.0,1.0,1.0,1.0,1.0,1.0,1.0,1.0,1.0,1.0,1.0,-0.0,-0.0,-0.0,-0.0,-0.0,-0.0,-0.0,1.0,1.0,1.0,1.0,1.0,1.0,1.0,1.0,1.0,1.0,1.0,1.0,1.0,1.0,1.0,1.0,1.0,1.0,1.0,1.0,1.0,1.0,1.0,1.0,1.0,1.0,1.0,1.0,1.0,1.0,1.0,1.0,1.0,1.0,1.0,1.0,1.0,1.0,1.0,1.0,1.0,-0.0,1.0,1.0,1.0,-0.0,-0.0,-0.0,-0.0,-0.0,-0.0,-0.0,-0.0,-0.0,-0.0,-0.0,-0.0,-0.0,-0.0,-0.0,-0.0,-0.0,-0.0,-0.0,-0.0,-0.0,-0.0,-0.0,-0.0,1.260103132949553e-13,-0.0,-0.0,-0.0,-0.0,-0.0,-0.0,-0.0,-0.0,-0.0,-0.0,-0.0,-0.0,-0.0,-0.0,-0.0,-0.0,-0.0,-0.0,-0.0,-0.0,-0.0,-0.0,-0.0,-0.0,-0.0,-0.0,1.0,1.0,1.0,1.0,1.0,1.0,1.0,1.0,1.0,1.0,1.0,1.0,1.0,1.0,1.0,1.0,1.0,-0.0,-0.0,-0.0,-0.0,-0.0,-0.0,-0.0,-0.0,-0.0,-0.0,-0.0,-0.0,-0.0,-0.0,-0.0,-0.0,-0.0,-0.0,-0.0,-0.0,-0.0,-0.0,-0.0,-0.0,-0.0,1.0,1.0,1.0,1.0,-0.0,-0.0,-0.0,-0.0,-0.0,-0.0,-0.0,-0.0,-0.0,-0.0,-0.0,-0.0,-0.0,-0.0,-0.0,-0.0,-0.0,-0.0,-0.0,-0.0,-0.0,-0.0,-0.0,-0.0,-0.0,-0.0,-0.0,1.0,1.0,1.0,1.0,1.0,1.0,1.0,1.0,1.0,1.0,1.0,1.0,1.0,1.0,1.0,1.0,1.0,-0.0,-0.0,-0.0,-0.0,-0.0,-0.0,-0.0,-0.0,-0.0,-0.0,-0.0,-0.0,-0.0,-0.0,-0.0,-0.0,-0.0,-0.0,-0.0,-0.0,-0.0,-0.0,-0.0,-0.0,-0.0,-0.0,-0.0,-0.0,-0.0,-0.0,1.0,1.0,1.0,1.0,1.0,1.0,1.0,1.0,1.0,1.0,1.0,1.0,1.0,1.0,1.0,1.0,1.0,-0.0,-0.0,-0.0,-0.0,-0.0,-0.0,-0.0,1.0,1.0,1.0,1.0,1.0,1.0,1.0,1.0,1.0,1.0,1.0,1.0,1.0,1.0,1.0,1.0,1.0,1.0,-0.0,-0.0,-0.0,-0.0,-0.0,-0.0,-0.0,-0.0,-0.0,-0.0,-0.0,-0.0,-0.0,-0.0,-0.0,-0.0,-0.0,-0.0,-0.0,-0.0,-0.0,-0.0,-0.0,-0.0,1.0,1.0,1.0,1.0,1.0,1.0,1.0,1.0,1.0,1.0,1.0,1.0,1.0,1.0,1.0,1.0,1.0,1.0,1.0,1.0,1.0,1.0,1.0,-0.0,1.0,1.0,1.0,-0.0,-0.0,-0.0,-0.0,-0.0,-0.0,-0.0,-0.0,-0.0,-0.0,-0.0,-0.0,-0.0,-0.0,-0.0,-0.0,-0.0,-0.0,-0.0,-0.0,-0.0,1.0,-0.0,-0.0,-0.0,-0.0,1.0,1.0,1.0,1.0,1.0,1.0,1.0,1.0,1.0,1.0,1.0,1.0,1.0,1.0,1.0,1.0,1.0,1.0,1.0,1.0,-0.0,-0.0,-0.0,-0.0,-0.0,1.0,1.0,1.0,1.0,1.0,1.0,1.0,1.0,1.0,1.0,1.0,1.0,1.0,1.0,1.0,1.0,1.0,1.0,1.0,-0.0,-0.0,-0.0,-0.0,-0.0,1.0,1.0,1.0,1.0,1.0,1.0,1.0,1.0,1.0,1.0,1.0,1.0,1.0,1.0,1.0,1.0,1.0,-0.0,1.0,-0.0,-0.0,-0.0,-0.0,1.0,1.0,1.0,1.0,1.0,1.0,1.0,1.0,1.0,1.0,1.0,1.0,1.0,1.0,1.0,1.0,1.0,1.0,1.0,1.0,1.0,1.0,1.0,1.0,1.0,1.0,1.0,1.0,1.0,1.0,1.0,1.0,1.0,1.0,1.0,1.0,1.0,1.0,1.0,1.0,1.0,1.0,1.0,1.0,1.0,1.0,1.0,1.0,1.0,1.0,1.0,1.0,1.0,1.0,1.0,1.0,1.0,1.0,1.0,1.0,1.0,1.0,1.0,1.0,1.0,1.0,1.0,1.0,1.0,1.0,1.0,1.0,1.0,1.0,1.0,1.0,1.0,1.0,1.0,1.0,1.0,1.0,1.0,1.0,1.0,1.0,1.0,1.0,1.0,1.0,1.0,1.0,1.0,1.0,1.0,1.0,1.0,1.0,1.0,1.0,1.0,1.0,1.0,1.0,1.0,1.0,1.0,1.0,1.0,1.0,1.0,1.0,1.0,1.0,1.0,1.0,1.0,1.0,1.0,1.0,1.0,1.0,1.0,1.0,1.0,1.0,1.0,1.0,1.0,1.0,1.0,1.0,1.0,1.0,1.0,1.0,1.0,1.0,1.0,1.0,1.0,1.0,1.0,1.0,1.0,1.0,1.0,1.0,1.0,1.0,1.0,1.0,1.0,1.0,1.0,1.0,1.0,1.0,1.0,1.0,1.0,1.0,1.0,1.0,1.0,1.0,1.0,1.0,1.0,1.0,1.0,1.0,1.0,1.0,1.0,1.0,1.0,1.0,1.0,1.0,1.0,1.0,1.0,1.0,1.0,1.0,1.0,1.0,-0.0,-0.0,-0.0,-0.0,-0.0,-0.0,1.0,1.0,1.0,1.0,1.0,1.0,1.0,1.0,1.0,1.0,1.0,-0.0,-0.0,1.0,-0.0,-0.0,-0.0,1.0,1.0,1.0,1.0,1.0,1.0,1.0,1.0,1.0,1.0,1.0,1.0,1.0,1.0,1.0,1.0,1.0,1.0,1.0,1.0,1.0,1.0,1.0,1.0,1.0,-0.0,-0.0,-0.0,-0.0,1.0,1.0,1.0,1.0,1.0,1.0,1.0,1.0,1.0,1.0,1.0,1.0,1.0,1.0,1.0,1.0,1.0,1.0,1.0,1.0,1.0,1.0,1.0,1.0,1.0,1.0,1.0,1.0,1.0,1.0,1.0,1.0,1.0,1.0,1.0,1.0,1.0,1.0,1.0,1.0,1.0,1.0,1.0,1.0,1.0,1.0,1.0,1.0,1.0,1.0,1.0,1.0,1.0,1.0,1.0,1.0,1.0,1.0,1.0,1.0,1.0,1.0,1.0,1.0,1.0,1.0,1.0,1.0,-0.0,-0.0,-0.0,-0.0,1.0,1.0,1.0,1.0,1.0,1.0,1.0,1.0,1.0,1.0,1.0,1.0,1.0,1.0,1.0,1.0,1.0,1.0,1.0,1.0,1.0,1.0,-0.0,-0.0,-0.0,1.0,1.0,1.0,1.0,1.0,1.0,1.0,1.0,1.0,1.0,1.0,1.0,1.0,1.0,1.0,1.0,1.0,1.0,1.0,-0.0,-0.0,-0.0,-0.0,-0.0,1.0,1.0,1.0,1.0,1.0,1.0,1.0,1.0,1.0,1.0,1.0,1.0,1.0,1.0,1.0,1.0,1.0,1.0,1.0,1.0,1.0,1.0,1.0,1.0,1.0,1.0,1.0,1.0,1.0,1.0,1.0,1.0,1.0,1.0,1.0,1.0,1.0,1.0,1.0,1.0,1.0,1.0,1.0,1.0,1.0,1.0,1.0,1.0,1.0,1.0,1.0,1.0,1.0,1.0,1.0,1.0,1.0,1.0,1.0,1.0,1.0,1.0,1.0,1.0,1.0,1.0,1.0,1.0,1.0,1.0,1.0,1.0,1.0,1.0,1.0,1.0,1.0,1.0,1.0,1.0,1.0,1.0,1.0,1.0,1.0,1.0,1.0,1.0,1.0,1.0,1.0,1.0,1.0,1.0,1.0,1.0,1.0,1.0,1.0,1.0,1.0,1.0,1.0,1.0,1.0,1.0,1.0,1.0,1.0,1.0,1.0,1.0,1.0,1.0,1.0,1.0,1.0,1.0,1.0,1.0,1.0,1.0,1.0,1.0,1.0,1.0,1.0,1.0,1.0,1.0,1.0,1.0,1.0,1.0,1.0,1.0,1.0,1.0,1.0,1.0,1.0,1.0,1.0,1.0,1.0,1.0,1.0,1.0,1.0,1.0,1.0,1.0,1.0,1.0,1.0,1.0,1.0,1.0,1.0,1.0,1.0,1.0,1.0,1.0,1.0,-0.0,-0.0,-0.0,1.0,1.0,1.0,1.0,1.0,1.0,1.0,1.0,1.0,1.0,1.0,1.0,1.0,1.0,1.0,1.0,1.0,1.0,1.0,-0.0,-0.0,-0.0,-0.0,1.0,1.0,1.0,1.0,1.0,1.0,1.0,1.0,1.0,1.0,1.0,1.0,1.0,1.0,1.0,1.0,1.0,1.0,1.0,1.0,1.0,1.0,1.0,1.0,1.0,1.0,1.0,1.0,1.0,1.0,1.0,1.0,1.0,1.0,1.0,1.0,1.0,1.0,1.0,1.0,1.0,1.0,1.0,1.0,-0.0,-0.0,-0.0,-0.0,-0.0,1.0,1.0,1.0,1.0,1.0,1.0,1.0,1.0,1.0,1.0,1.0,1.0,1.0,1.0,1.0,1.0,1.0,1.0,1.0,-0.0,-0.0,-0.0,-0.0,-0.0,1.0,1.0,1.0,1.0,1.0,1.0,1.0,1.0,1.0,1.0,1.0,1.0,1.0,1.0,1.0,1.0,1.0,-0.0,1.0,1.0,1.0,1.0,1.0,1.0,1.0,1.0,1.0,1.0,1.0,1.0,1.0,1.0,1.0,1.0,1.0,1.0,1.0,1.0,1.0,1.0,1.0,1.0,1.0,1.0,1.0,1.0,1.0,1.0,1.0,1.0,1.0,1.0,1.0,1.0,1.0,1.0,1.0,1.0,1.0,1.0,1.0,1.0,1.0,1.0,1.0,1.0,1.0,1.0,1.0,1.0,1.0,1.0,1.0,1.0,1.0,1.0,1.0,1.0,1.0,1.0,1.0,1.0,1.0,1.0,1.0,1.0,1.0,1.0,1.0,1.0,1.0,1.0,1.0,1.0,1.0,1.0,1.0,1.0,1.0,1.0,1.0,1.0,1.0,1.0,1.0,1.0,1.0,1.0,1.0,1.0,1.0,1.0,1.0,1.0,1.0,1.0,1.0,1.0,1.0,1.0,1.0,1.0,1.0,1.0,1.0,1.0,1.0,1.0,1.0,1.0,1.0,1.0,1.0,1.0,1.0,1.0,1.0,1.0,1.0,-0.0,-0.0,-0.0,-0.0,1.0,1.0,1.0,1.0,1.0,1.0,1.0,1.0,1.0,1.0,1.0,1.0,1.0,1.0,1.0,1.0,1.0,1.0,1.0,1.0,1.0,1.0,1.0,1.0,1.0,1.0,1.0,1.0,1.0,1.0,1.0,1.0,1.0,1.0,1.0,1.0,1.0,1.0,1.0,1.0,1.0,1.0,1.0,1.0,1.0,1.0000000000001128,-0.0,-0.0,-0.0,1.0,1.0,1.0,1.0,1.0,1.0,1.0,1.0,1.0,1.0,1.0,1.0,1.0,1.0,1.0,1.0,1.0,1.0,492.59447,-0.0,-0.0,-0.0,-0.0,-0.0,-0.0,-0.0,-0.0,-0.0,-0.0,-0.0,-0.0,-0.0,-0.0,-0.0,-0.0,-0.0,-0.0,-0.0,-0.0,-0.0,-0.0,-0.0,-0.0,-0.0,-0.0,-0.0,-0.0,-0.0,-0.0,-0.0,-0.0,-0.0,416.662212,-0.0,-0.0,-0.0,-0.0,-0.0,-0.0,-0.0,-0.0,-0.0,-0.0,-0.0,-0.0,-0.0,-0.0,-0.0,-0.0,-0.0,-0.0,-0.0,-0.0,-0.0,-0.0,-0.0,-0.0,-0.0,-0.0,-0.0,-0.0,-0.0,-0.0,-0.0,-0.0,-0.0,-0.0,-0.0,-0.0,-0.0,-0.0,-0.0,-0.0,-0.0,-0.0,-0.0,428.097857,-0.0,-0.0,-0.0,-0.0,-0.0,-0.0,-0.0,-0.0,-0.0,-0.0,-0.0,-0.0,-0.0,-0.0,-0.0,-0.0,-0.0,-0.0,-0.0,-0.0,-0.0,-0.0,-0.0,-0.0,-0.0,-0.0,-0.0,-0.0,-0.0,-0.0,-0.0,0.0,-0.0,-0.0,-0.0,-0.0,-0.0,-0.0,-0.0,-0.0,-0.0,-0.0,-0.0,-0.0,-0.0,-0.0,-0.0,487.063763,-0.0,-0.0,-0.0,-0.0,-0.0,-0.0,-0.0,-0.0,-0.0,-0.0,-0.0,-0.0,-0.0,-0.0,-0.0,-0.0,-0.0,-0.0,-0.0,-0.0,-0.0,-0.0,-0.0,-0.0,410.039447,-0.0,-0.0,-0.0,-0.0,-0.0,-0.0,-0.0,-0.0,-0.0,-0.0,-0.0,-0.0,-0.0,-0.0,-0.0,-0.0,428.692519999946,-0.0,-0.0,-0.0,-0.0,5.4001247917767614e-11,-0.0,-0.0,-0.0,-0.0,-0.0,-0.0,-0.0,-0.0,-0.0,-0.0,-0.0,-0.0,0.0,-0.0,-0.0,-0.0,-0.0,-0.0,-0.0,-0.0,-0.0,-0.0,-0.0,-0.0,-0.0,-0.0,-0.0,-0.0,-0.0,-0.0,-0.0,-0.0,-0.0,-0.0,-0.0,-0.0,-0.0,-0.0,-0.0,-0.0,-0.0,-0.0,-0.0,-0.0,-0.0,-0.0,-0.0,-0.0,-0.0,-0.0,-0.0,-0.0,-0.0,-0.0,-0.0,-0.0,-0.0,-0.0,-0.0,-0.0,-0.0,-0.0,-0.0,-0.0,-0.0,-0.0,-0.0,-0.0,-0.0,-0.0,-0.0,-0.0,-0.0,-0.0,-0.0,-0.0,-0.0,-0.0,-0.0,-0.0,-0.0,0.0,-0.0,-0.0,-0.0,-0.0,-0.0,-0.0,-0.0,-0.0,-0.0,-0.0,-0.0,-0.0,-0.0,-0.0,-0.0,-0.0,-0.0,-0.0,-0.0,-0.0,-0.0,-0.0,-0.0,-0.0,-0.0,-0.0,-0.0,-0.0,-0.0,-0.0,-0.0,-0.0,-0.0,-0.0,-0.0,-0.0,-0.0,0.0,-0.0,-0.0,-0.0,-0.0,-0.0,-0.0,-0.0,-0.0,-0.0,-0.0,-0.0,-0.0,-0.0,-0.0,-0.0,-0.0,-0.0,-0.0,-0.0,-0.0,-0.0,-0.0,0.0,-0.0,-0.0,-0.0,-0.0,-0.0,-0.0,-0.0,-0.0,-0.0,-0.0,-0.0,-0.0,-0.0,-0.0,-0.0,-0.0,-0.0,-0.0,-0.0,-0.0,-0.0,-0.0,0.0,-0.0,-0.0,-0.0,-0.0,-0.0,-0.0,-0.0,-0.0,-0.0,-0.0,-0.0,-0.0,-0.0,-0.0,-0.0,-0.0,-0.0,-0.0,-0.0,-0.0,-0.0,-0.0,-0.0,-0.0,0.0,-0.0,-0.0,-0.0,-0.0,-0.0,-0.0,-0.0,-0.0,-0.0,-0.0,-0.0,-0.0,-0.0,-0.0,-0.0,-0.0,-0.0,-0.0,-0.0,-0.0,-0.0,-0.0,-0.0,-0.0,-0.0,262.475082,-0.0,-0.0,-0.0,-0.0,-0.0,-0.0,-0.0,-0.0,-0.0,-0.0,-0.0,-0.0,-0.0,-0.0,-0.0,-0.0,-0.0,-0.0,-0.0,-0.0,-0.0,-0.0,-0.0,-0.0,-0.0,-0.0,-0.0,-0.0,-0.0,-0.0,-0.0,-0.0,-0.0,-0.0,-0.0,-0.0,-0.0,-0.0,-0.0,-0.0,-0.0,-0.0,-0.0,-0.0,0.0,-0.0,-0.0,-0.0,-0.0,-0.0,-0.0,-0.0,-0.0,-0.0,-0.0,-0.0,-0.0,-0.0,-0.0,-0.0,-0.0,-0.0,-0.0,-0.0,-0.0,-0.0,-0.0,-0.0,-0.0,0.0,-0.0,-0.0,-0.0,-0.0,-0.0,-0.0,-0.0,-0.0,-0.0,-0.0,-0.0,-0.0,-0.0,-0.0,-0.0,-0.0,-0.0,-0.0,-0.0,-0.0,-0.0,-0.0,-0.0,-0.0,-0.0,-0.0,-0.0,-0.0,-0.0,-0.0,-0.0,-0.0,-0.0,-0.0,-0.0,-0.0,-0.0,-0.0,-0.0,-0.0,-0.0,-0.0,-0.0,-0.0,3.7061909097246826e-11,-0.0,0.0,3.7003453458028805e-11,-0.0,-0.0,-0.0,0.0,-0.0,-0.0,-0.0,-0.0,0.0,3.7003453458028805e-11,3.7003453458028805e-11,3.7003453458028805e-11,3.7003453458028805e-11,3.7003453458028805e-11,3.7003453458028805e-11,3.7003453458028805e-11,3.7003453458028805e-11,-0.0,-0.0,-0.0,-0.0,-0.0,-0.0,-0.0,-0.0,-0.0,-0.0,-0.0,-0.0,-0.0,-0.0,-0.0,-0.0,-0.0,-0.0,-0.0,-0.0,-0.0,-0.0,-0.0,-0.0,-0.0,0.0,-0.0,-0.0,-0.0,-0.0,-0.0,-0.0,265.074568,-0.0,-0.0,-0.0,-0.0,-0.0,-0.0,-0.0,-0.0,-0.0,-0.0,-0.0,-0.0,-0.0,-0.0,-0.0,-0.0,-0.0,-0.0,-0.0,-0.0,-0.0,-0.0,-0.0,-0.0,-0.0,-0.0,-0.0,-0.0,-0.0,-0.0,-0.0,-0.0,-0.0,-0.0,-0.0,-0.0,-0.0,-0.0,-0.0,-0.0,0.0,-0.0,-0.0,-0.0,0.0,-0.0,-0.0,-0.0,-0.0,-0.0,-0.0,-0.0,-0.0,-0.0,-0.0,-0.0,-0.0,-0.0,-0.0,-0.0,-0.0,-0.0,-0.0,-0.0,-0.0,-0.0,-0.0,-0.0,3.216422760632387e-11,0.0,-0.0,-0.0,-0.0,-0.0,-0.0,-0.0,-0.0,-0.0,-0.0,-0.0,-0.0,-0.0,-0.0,-0.0,-0.0,-0.0,-0.0,-0.0,-0.0,-0.0,-0.0,-0.0,-0.0,-0.0,-0.0,262.176014,-0.0,-0.0,-0.0,-0.0,-0.0,-0.0,-0.0,-0.0,-0.0,-0.0,-0.0,-0.0,-0.0,-0.0,-0.0,-0.0,0.0,-0.0,-0.0,-0.0,-0.0,-0.0,-0.0,-0.0,-0.0,-0.0,-0.0,-0.0,-0.0,-0.0,-0.0,-0.0,-0.0,-0.0,-0.0,-0.0,-0.0,-0.0,-0.0,-0.0,-0.0,-0.0,-0.0,-0.0,-0.0,0.0,-0.0,-0.0,-0.0,-0.0,-0.0,-0.0,-0.0,-0.0,-0.0,-0.0,-0.0,-0.0,-0.0,-0.0,-0.0,-0.0,-0.0,-0.0,-0.0,-0.0,-0.0,-0.0,-0.0,-0.0,-0.0,-0.0,288.054762,-0.0,-0.0,-0.0,-0.0,-0.0,-0.0,-0.0,-0.0,-0.0,-0.0,-0.0,-0.0,-0.0,-0.0,-0.0,-0.0,-0.0,-0.0,-0.0,-0.0,-0.0,-0.0,-0.0,-0.0,-0.0,-0.0,-0.0,-0.0,-0.0,-0.0,-0.0,-0.0,-0.0,-0.0,-0.0,-0.0,-0.0,-0.0,-0.0,-0.0,-0.0,-0.0,-0.0,-0.0,-0.0,-0.0,306.962557,-0.0,-0.0,-0.0,-0.0,-0.0,-0.0,-0.0,-0.0,-0.0,-0.0,-0.0,-0.0,-0.0,-0.0,-0.0,-0.0,0.0,-0.0,-0.0,-0.0,-0.0,-0.0,-0.0,293.724498,-0.0,-0.0,-0.0,-0.0,-0.0,-0.0,-0.0,-0.0,-0.0,-0.0,-0.0,-0.0,-0.0,-0.0,-0.0,-0.0,-0.0,-0.0,-0.0,-0.0,-0.0,-0.0,-0.0,-0.0,-0.0,-0.0,-0.0,-0.0,-0.0,-0.0,-0.0,-0.0,-0.0,-0.0,-0.0,-0.0,-0.0,-0.0,-0.0,-0.0,-0.0,-0.0,-0.0,-0.0,-0.0,-0.0,-0.0,-0.0,-0.0,-0.0,-0.0,-0.0,-0.0,-0.0,-0.0,-0.0,-0.0,-0.0,-0.0,-0.0,-0.0,-0.0,-0.0,-0.0,0.0,-0.0,-0.0,-0.0,0.0,-0.0,-0.0,-0.0,-0.0,-0.0,-0.0,-0.0,-0.0,-0.0,-0.0,-0.0,-0.0,-0.0,-0.0,-0.0,-0.0,-0.0,-0.0,-0.0,-0.0,136.991961,0.0,-0.0,-0.0,-0.0,136.991961,-0.0,-0.0,-0.0,-0.0,-0.0,-0.0,-0.0,-0.0,-0.0,-0.0,-0.0,-0.0,-0.0,-0.0,-0.0,-0.0,-0.0,-0.0,175.299737,0.0,-0.0,-0.0,-0.0,-0.0,175.299737,-0.0,-0.0,-0.0,-0.0,-0.0,-0.0,-0.0,-0.0,-0.0,-0.0,-0.0,-0.0,-0.0,-0.0,-0.0,-0.0,-0.0,179.177294,0.0,-0.0,-0.0,-0.0,-0.0,179.177294,-0.0,-0.0,-0.0,-0.0,-0.0,-0.0,-0.0,-0.0,-0.0,-0.0,-0.0,-0.0,-0.0,-0.0,-0.0,-0.0,0.0,145.970087,0.0,-0.0,-0.0,-0.0,145.970087,-0.0,-0.0,-0.0,-0.0,-0.0,-0.0,-0.0,-0.0,-0.0,-0.0,-0.0,-0.0,-0.0,-0.0,-0.0,-0.0,-0.0,-0.0,150.414154,-0.0,-0.0,-0.0,-0.0,-0.0,-0.0,-0.0,-0.0,-0.0,-0.0,-0.0,-0.0,-0.0,-0.0,-0.0,-0.0,-0.0,-0.0,-0.0,-0.0,-0.0,-0.0,-0.0,-0.0,-0.0,-0.0,-0.0,-0.0,-0.0,-0.0,-0.0,-0.0,-0.0,-0.0,-0.0,-0.0,-0.0,-0.0,-0.0,-0.0,-0.0,-0.0,-0.0,-0.0,-0.0,-0.0,-0.0,-0.0,-0.0,-0.0,-0.0,-0.0,-0.0,-0.0,-0.0,-0.0,-0.0,-0.0,-0.0,-0.0,-0.0,-0.0,-0.0,-0.0,-0.0,-0.0,-0.0,-0.0,-0.0,-0.0,-0.0,-0.0,-0.0,-0.0,-0.0,-0.0,-0.0,-0.0,-0.0,-0.0,-0.0,-0.0,-0.0,-0.0,-0.0,-0.0,-0.0,-0.0,-0.0,-0.0,-0.0,-0.0,-0.0,-0.0,-0.0,162.108753,-0.0,-0.0,-0.0,-0.0,-0.0,-0.0,-0.0,-0.0,-0.0,-0.0,-0.0,-0.0,-0.0,-0.0,-0.0,-0.0,-0.0,-0.0,-0.0,-0.0,-0.0,-0.0,-0.0,-0.0,-0.0,-0.0,-0.0,-0.0,-0.0,-0.0,-0.0,-0.0,-0.0,-0.0,-0.0,-0.0,-0.0,-0.0,-0.0,-0.0,-0.0,-0.0,-0.0,-0.0,-0.0,-0.0,-0.0,170.266602,-0.0,-0.0,-0.0,-0.0,-0.0,-0.0,-0.0,-0.0,-0.0,-0.0,-0.0,-0.0,-0.0,-0.0,-0.0,-0.0,-0.0,-0.0,-0.0,-0.0,-0.0,-0.0,-0.0,147.849046,0.0,-0.0,-0.0,-0.0,-0.0,-0.0,147.849046,-0.0,-0.0,-0.0,-0.0,-0.0,-0.0,-0.0,-0.0,-0.0,-0.0,0.0,-0.0,147.849046,0.0,-0.0,-0.0,173.435143,-0.0,-0.0,-0.0,-0.0,-0.0,-0.0,-0.0,-0.0,-0.0,-0.0,-0.0,-0.0,-0.0,-0.0,-0.0,-0.0,-0.0,-0.0,-0.0,-0.0,-0.0,-0.0,-0.0,135.125348,0.0,-0.0,-0.0,-0.0,135.125348,-0.0,-0.0,-0.0,-0.0,-0.0,-0.0,-0.0,-0.0,-0.0,-0.0,-0.0,-0.0,-0.0,-0.0,-0.0,-0.0,-0.0,-0.0,-0.0,-0.0,-0.0,-0.0,-0.0,-0.0,-0.0,-0.0,-0.0,-0.0,-0.0,-0.0,-0.0,-0.0,-0.0,-0.0,-0.0,-0.0,-0.0,-0.0,-0.0,-0.0,-0.0,-0.0,156.354145,-0.0,-0.0,-0.0,-0.0,-0.0,-0.0,-0.0,-0.0,-0.0,-0.0,-0.0,-0.0,-0.0,-0.0,-0.0,-0.0,-0.0,-0.0,-0.0,-0.0,-0.0,-0.0,-0.0,167.249795,0.0,-0.0,-0.0,-0.0,167.249795,-0.0,-0.0,-0.0,-0.0,-0.0,-0.0,-0.0,-0.0,-0.0,-0.0,-0.0,-0.0,-0.0,-0.0,-0.0,-0.0,-0.0,-0.0,-0.0,-0.0,-0.0,0.0,-0.0,-0.0,148.411013,-0.0,-0.0,-0.0,-0.0,-0.0,-0.0,-0.0,-0.0,-0.0,-0.0,-0.0,-0.0,-0.0,-0.0,-0.0,-0.0,-0.0,162.248984,0.0,-0.0,-0.0,-0.0,-0.0,162.248984,-0.0,-0.0,-0.0,-0.0,-0.0,-0.0,-0.0,-0.0,-0.0,-0.0,-0.0,-0.0,-0.0,-0.0,-0.0,-0.0,-0.0,-0.0,-0.0,-0.0,-0.0,-0.0,-0.0,-0.0,-0.0,-0.0,-0.0,-0.0,-0.0,-0.0,-0.0,-0.0,-0.0,-0.0,-0.0,-0.0,-0.0,-0.0,-0.0,-0.0,-0.0,-0.0,-0.0,-0.0,-0.0,-0.0,-0.0,-0.0,-0.0,-0.0,-0.0,-0.0,-0.0,-0.0,-0.0,-0.0,-0.0,-0.0,-0.0,-0.0,-0.0,-0.0,-0.0,-0.0,-0.0,153.422895,-0.0,-0.0,-0.0,-0.0,-0.0,-0.0,-0.0,-0.0,-0.0,-0.0,-0.0,-0.0,-0.0,-0.0,-0.0,-0.0,-0.0,-0.0,-0.0,-0.0,-0.0,-0.0,-0.0,183.971089,-0.0,-0.0,-0.0,-0.0,-0.0,-0.0,-0.0,-0.0,-0.0,-0.0,-0.0,-0.0,-0.0,-0.0,-0.0,-0.0,-0.0,-0.0,-0.0,-0.0,-0.0,-0.0,-0.0,-0.0,-0.0,-0.0,-0.0,-0.0,-0.0,-0.0,-0.0,-0.0,-0.0,-0.0,-0.0,-0.0,-0.0,-0.0,-0.0,-0.0,-0.0,-0.0,-0.0,-0.0,-0.0,-0.0,-0.0,176.05753,-0.0,-0.0,-0.0,-0.0,-0.0,-0.0,-0.0,-0.0,-0.0,-0.0,-0.0,-0.0,-0.0,-0.0,-0.0,-0.0,-0.0,-0.0,-0.0,-0.0,-0.0,-0.0,-0.0,-0.0,-0.0,-0.0,0.0,-0.0,-0.0,179.007095,-0.0,-0.0,-0.0,-0.0,-0.0,-0.0,-0.0,-0.0,-0.0,-0.0,-0.0,-0.0,-0.0,-0.0,-0.0,-0.0,-0.0,171.351286,0.0,-0.0,-0.0,-0.0,171.351286,-0.0,-0.0,-0.0,-0.0,-0.0,-0.0,-0.0,-0.0,-0.0,-0.0,-0.0,-0.0,-0.0,-0.0,-0.0,-0.0,-0.0,-0.0,-0.0,-0.0,-0.0,-0.0,-0.0,-0.0,-0.0,-0.0,-0.0,-0.0,-0.0,-0.0,-0.0,-0.0,-0.0,-0.0,-0.0,-0.0,-0.0,-0.0,-0.0,-0.0,-0.0,-0.0,148.03739,0.0,-0.0,-0.0,-0.0,-0.0,148.03739,-0.0,-0.0,-0.0,-0.0,-0.0,-0.0,-0.0,-0.0,-0.0,-0.0,-0.0,-0.0,-0.0,-0.0,-0.0,-0.0,-0.0,176.770979,0.0,-0.0,-0.0,-0.0,-0.0,176.770979,-0.0,-0.0,-0.0,-0.0,-0.0,-0.0,-0.0,-0.0,-0.0,-0.0,-0.0,-0.0,-0.0,-0.0,-0.0,-0.0,0.0,-0.0,-0.0,-0.0,-0.0,-0.0,-0.0,-0.0,-0.0,-0.0,-0.0,-0.0,-0.0,-0.0,-0.0,-0.0,-0.0,-0.0,-0.0,-0.0,-0.0,-0.0,-0.0,-0.0,-0.0,141.234432,-0.0,-0.0,-0.0,-0.0,-0.0,-0.0,-0.0,-0.0,-0.0,-0.0,-0.0,-0.0,-0.0,-0.0,-0.0,-0.0,-0.0,-0.0,-0.0,-0.0,-0.0,-0.0,-0.0,188.592679,-0.0,-0.0,-0.0,-0.0,-0.0,-0.0,-0.0,-0.0,-0.0,-0.0,-0.0,-0.0,-0.0,-0.0,-0.0,-0.0,-0.0,-0.0,-0.0,-0.0,-0.0,-0.0,-0.0,149.430764,-0.0,-0.0,-0.0,-0.0,-0.0,-0.0,-0.0,-0.0,-0.0,-0.0,-0.0,-0.0,-0.0,-0.0,-0.0,-0.0,-0.0,-0.0,-0.0,-0.0,-0.0,-0.0,-0.0,-0.0,-0.0,-0.0,-0.0,-0.0,-0.0,-0.0,-0.0,-0.0,-0.0,-0.0,-0.0,-0.0,-0.0,-0.0,-0.0,-0.0,-0.0,-0.0,-0.0,-0.0,-0.0,-0.0,-0.0,187.822783,0.0,-0.0,-0.0,-0.0,187.822783,-0.0,-0.0,-0.0,-0.0,-0.0,-0.0,-0.0,-0.0,-0.0,-0.0,-0.0,-0.0,-0.0,-0.0,-0.0,-0.0,-0.0,-0.0,-0.0,-0.0,-0.0,-0.0,-0.0,-0.0,-0.0,-0.0,-0.0,-0.0,-0.0,-0.0,-0.0,-0.0,-0.0,-0.0,-0.0,-0.0,-0.0,-0.0,-0.0,-0.0,-0.0,-0.0,-0.0,-0.0,1.6683543435647152e-11,0.0,-0.0,-0.0,147.974311,-0.0,-0.0,-0.0,-0.0,-0.0,-0.0,-0.0,-0.0,-0.0,-0.0,-0.0,-0.0,-0.0,-0.0,-0.0,-0.0,-0.0,1.7961592231930526e-7,0.061121214181537285,1.796162969510337e-7,1.7961744262079193e-7,1.7961677218588708e-7,0.02872750132611991,0.1736504813266451,0.44081702948361134,0.49999995168821976,0.4999999518082065,0.4999999225595506,0.4999999630669323,0.4999999422914298,0.1710485141787897,0.43666592776077556,0.49999992992207076,0.49999995829420146,0.4999998948310801,0.4999994485882872,0.49999978516632043,0.49999996262026036,0.49999992948449046,0.17104809962928466,0.014412620599146773,-5.704860372937129e-8,-5.704860372937129e-8,-5.704860372937129e-8,-5.704860372937129e-8,-5.704860372937129e-8,-5.704860372937129e-8,-5.704860372937129e-8,-5.704860372937129e-8,-5.704860372937129e-8,-5.704860372937129e-8,-5.70486035696742e-8,0.09905669502845463,0.39622696511581434,0.47560798438523577,0.49999981252206926,0.4999998530650508,0.4999998725402494,0.4999998368021086,0.499999785156884,0.49999981010342415,0.49999987627160974,0.4999998665692808,0.4828596437650335,0.25431996736608786,0.39082699846645885,0.4999999068106199,0.4999998838717311,0.4999999009920177,0.4999999031191826,0.49999990387777077,0.4999999039044052,0.4999999045574722,0.49999990809929296,0.499999908104102,0.49999990638093006,0.49999990994582116,0.4999999073811578,0.4999999030461258,0.49999990505720426,0.4999999066451105,0.49999990898148106,0.4999999057695825,0.499999904610191,0.4999999050067873,0.49999990983948883,0.4999999079906654,0.499999903081405,0.49999990176390324,-4.869389359664599e-8,-4.869389359664599e-8,-4.869389359664599e-8,-4.869389359664599e-8,-4.869389359664599e-8,-4.869389359664599e-8,-4.8693893888265004e-8,0.060313030552454266,0.24125230881667392,0.49999986794165596,0.49999982081068545,0.4999998808196749,0.499999837443782,0.2133217463192586,0.45395350365766673,0.4999998351200224,0.4999998756256559,0.499999740297173,0.28381851725144097,0.4322299160811197,0.4999998803482179,0.4999998370872379,0.21332171381709805,0.04692794354930815,0.20212169946821612,0.06590721452682904,-1.3044535647819792e-8,-1.3044829283451701e-8,-1.3028403173537326e-8,0.006478439200902598,0.008414928704493674,0.1468506461787948,0.49999988163351355,0.4999998818053332,0.4999998313711066,0.2636289918653969,0.06590721245526775,-1.3042901162048146e-8,-1.304290123783637e-8,-1.304290123783637e-8,-1.304290123783637e-8,-1.304290123783637e-8,-1.304290123783637e-8,-1.304290123783637e-8,-1.304290123783637e-8,-1.304290123783637e-8,-1.304290123783637e-8,-1.304290123783637e-8,-4.343323892853348e-8,-4.343323892853348e-8,-4.343323892853348e-8,-4.343323892853348e-8,-4.343323892853348e-8,-4.343323892853348e-8,-4.343323914671408e-8,0.08300102525295158,0.33200427939628213,0.4999998833015077,0.499999878808273,0.4999998870023588,0.49999988156163244,0.49999986502536,0.4999998743698276,0.49999987957924474,0.4999998851811916,0.49999987688679587,0.49999987261106493,0.49999987417905245,0.49999988681222024,0.4999998830395036,0.4999998652277961,0.4999998564046663,-5.904072259249305e-8,-5.904072259249305e-8,-5.904072259249305e-8,-5.904072259249305e-8,-5.904072259249305e-8,-5.904072259249305e-8,-5.904072259249305e-8,-5.9040722578736297e-8,0.11795717080541847,0.47182888048432353,0.4999998696238705,0.4999998785822029,0.49999987258370354,0.49999985552831216,0.49999986495654497,0.4999998704476471,0.4999998765516391,0.4999998675879443,0.49999986314158157,0.4999998647589441,0.49999987836916576,0.49999987419279457,0.49999985572594285,0.4999998472777464,-3.232547821935029e-8,0.10425323261587403,0.00259115906499077,0.09856146080264863,0.40554901703268165,0.4999996491918464,0.49999965917217426,0.4999997810458738,0.49999987676721347,0.49999987685853314,0.49999985694400234,0.49999988690300273,0.4999998704982005,0.4519638116706135,0.4999998166059425,0.29588984954573644,0.07397242497575351,-3.232547819171751e-8,-3.232547821099896e-8,-3.232547821099896e-8,-3.232547821099896e-8,-3.232547821099896e-8,-3.232547821099896e-8,-3.232547821099896e-8,-6.647536527311186e-8,-6.647536527311186e-8,-6.647536527311186e-8,-6.647536527311186e-8,-6.647536527311186e-8,-6.647536527311186e-8,-6.647536527311186e-8,-6.647536527311186e-8,-6.647536527311186e-8,-6.647536527311186e-8,-6.647536527311186e-8,-6.647536527311186e-8,-6.647536527311186e-8,-6.647536527311186e-8,-6.647536527311186e-8,-6.647536527311186e-8,-6.647536527311186e-8,-6.647536527311186e-8,-6.647536527311186e-8,-6.647536527311186e-8,-6.647536527311186e-8,-6.647536527311186e-8,-6.647536527311186e-8,-6.647536527311186e-8,0.41828500006099456,0.4999999129948996,0.15777615696628872,0.49999987557001774,0.49999990026991453,0.49999990351774115,0.49999990362449964,0.49999990610164574,0.49999991607697225,0.4999999160955115,0.4999999118453506,0.49999991974713287,0.4999999144264993,0.4999998999340732,0.49999990783239834,0.49999991256069704,0.4999999179325181,0.4999999100861824,0.4999999062905965,0.49999990766383184,0.4999999195560944,0.49999991584214154,0.49999990009743833,0.49999989324073035,0.2878781077210757,0.19038204092695124,0.03908838203498981,0.04948660637057011,0.26287576505551175,0.49999907139611927,0.4999991893339153,0.49999974258706825,0.49999987238952354,0.4999998724774806,0.49999985255041496,0.4999998815821333,0.22775795918243477,0.056939443186251375,-4.8840901273429606e-8,-4.884090124328948e-8,-4.884090124328948e-8,-4.884090124328948e-8,-4.884090124328948e-8,-4.884090124328948e-8,-4.884090124328948e-8,-4.884090124328948e-8,-4.884090124328948e-8,-4.884090124328948e-8,0.2716945614832143,0.18311131370629388,0.019581234768003296,0.03136514880264322,0.2148179496367286,0.35222335327618676,0.357966214452829,0.4999983773875377,0.49999986295167753,0.4999998630785232,0.4999998318404058,0.4999998747054144,0.4999998544775604,0.2053600973812716,0.4999996819032044,0.499999839848511,0.4999998698026919,0.49999980076982936,0.4999989726994825,0.49999966184611966,0.4999998742480955,0.4999998619409412,0.21007113709004543,0.07304489402934634,0.47856966422339814,0.14006124751411933,0.0032157470524709388,1.4094593976358353e-9,1.4069449844819658e-9,1.4069450402751004e-9,1.4069450402751004e-9,1.4069450402751004e-9,1.4069450402751004e-9,1.4069450402751004e-9,1.4069450402751004e-9,1.4069450402751004e-9,1.4069450402751004e-9,1.4069450402751004e-9,1.4069450402751004e-9,1.4069450402751004e-9,1.4069450402751004e-9,1.4069450402751004e-9,1.4069450402751004e-9,1.4069450402751004e-9,1.4069450402751004e-9,1.4069450402751004e-9,1.4069450402751004e-9,1.4069450402751004e-9,0.45412964167529085,0.13766529313375078,0.004647667819882959,-1.3110410339089955e-8,-1.3110410600830408e-8,-1.3110410600830408e-8,-1.3110410600830408e-8,-1.3110410600830408e-8,-1.3110410600830408e-8,-1.3110410600830408e-8,-1.3110410600830408e-8,-1.3110410600830408e-8,-1.3110410600830408e-8,-1.3110410600830408e-8,-1.3110410600830408e-8,-1.3110410600830408e-8,-1.3110410600830408e-8,-1.3110410600830408e-8,-1.3110410600830408e-8,-1.3110410600830408e-8,-1.3110410600830408e-8,-1.3110410600830408e-8,-1.3110410600830408e-8,-1.3110410600830408e-8,0.3938713545684523,0.1167381005774126,-4.0815682040498595e-8,-4.081568178439383e-8,-4.081568178439383e-8,-4.081568178439383e-8,-4.081568178439383e-8,-4.081568178439383e-8,-4.081568178439383e-8,-4.081568178439383e-8,-4.081568178439383e-8,-4.081568178439383e-8,-4.081568178439383e-8,-4.081568178439383e-8,-4.081568178439383e-8,-4.081568178439383e-8,-4.081568178439383e-8,-4.081568178439383e-8,-4.081568178439383e-8,-4.081568178439383e-8,-4.081568178439383e-8,-4.081568178439383e-8,-4.081568178439383e-8,-4.081568178439383e-8,0.47971511951741913,0.19270599805853414,0.03435502646856921,1.869737752113246e-8,1.8697377262740968e-8,1.8697377262740968e-8,1.8697377262740968e-8,1.8697377262740968e-8,1.8697377262740968e-8,1.8697377262740968e-8,1.8697377262740968e-8,1.8697377262740968e-8,1.8697377262740968e-8,1.8697377262740968e-8,1.8697377262740968e-8,1.8697377262740968e-8,1.8697377262740968e-8,1.8697377262740968e-8,1.8697377262740968e-8,1.8697377262740968e-8,1.8697377262740968e-8,1.8697377262740968e-8,1.8697377262740968e-8,1.8697377262740968e-8,-2.3289037393890202e-8,-2.3289037393890202e-8,-2.3289037393890202e-8,-2.3289037393890202e-8,-2.3289037393890202e-8,-2.3289037393890202e-8,-2.3289037876360695e-8,0.12361931208311187,0.4944773970011539,0.4999998822630534,0.4999998729932157,0.4999998894865343,0.499999878740294,0.4999998405617877,0.4999998632485358,0.4999998746239094,0.49999988597611533,0.4999998688485898,0.4999998592138118,0.4999998628161013,0.4999998891238764,0.49999988173671206,0.4999998410901897,0.4999998165429868,0.27185918524746616,0.4999998412571478,0.1639293458453129,0.454257139417062,0.4999997848592149,0.4999998156733276,0.4999998165049782,0.4999998333759007,0.4999998739994729,0.49999987406494373,0.4999998604771182,0.49999988307613785,0.4999998691980204,0.49999978091497665,0.4999998429838537,0.499999863059082,0.4999998788484395,0.49999985349963777,0.49999983450092766,0.49999984211392057,0.49999988265130435,0.49999987335665214,0.4999997828680026,0.4999996341735817,0.21516233212954494,0.09475424638967318,1.4516439838993447e-8,1.4516439712698741e-8,1.4516439712698741e-8,1.4516439712698741e-8,1.4516439712698741e-8,1.4516439712698741e-8,1.4516439712698741e-8,1.4516439712698741e-8,1.4516439712698741e-8,1.4516439712698741e-8,1.4516439712698741e-8,1.4516439712698741e-8,1.4516439712698741e-8,1.4516439712698741e-8,1.4516439712698741e-8,1.4516439712698741e-8,1.4516439712698741e-8,1.4516439712698741e-8,1.4516439712698741e-8,1.4516439712698741e-8,1.4516439712698741e-8,1.4516439712698741e-8,0.49999988113891136,0.20830050889931856,0.04230929977159697,-4.01528539069802e-8,-4.0152853964387025e-8,-4.0152853964387025e-8,-4.0152853964387025e-8,-4.0152853964387025e-8,-4.0152853964387025e-8,-4.0152853964387025e-8,-4.0152853964387025e-8,-4.0152853964387025e-8,-4.0152853964387025e-8,-4.0152853964387025e-8,-4.0152853964387025e-8,-4.0152853964387025e-8,-4.0152853964387025e-8,-4.0152853964387025e-8,-4.0152853964387025e-8,-4.0152853964387025e-8,-4.0152853964387025e-8,-4.0152853964387025e-8,-4.0152853964387025e-8,-4.0152853964387025e-8,-3.4731070452476256e-8,-3.4731070452476256e-8,-3.4731070452476256e-8,-3.4731070452476256e-8,-3.4731070452476256e-8,-3.4731070452476256e-8,-3.4731070452476256e-8,-3.4731070452476256e-8,-3.4731070452476256e-8,-3.4731070452476256e-8,-3.4731070452476256e-8,-3.4731070452476256e-8,-3.4731070452476256e-8,-3.4731070452476256e-8,-3.4731070452476256e-8,-3.4731070452476256e-8,-3.4731070452476256e-8,-3.4731070452476256e-8,-3.4731070452476256e-8,-3.4731070452476256e-8,-3.4731070452476256e-8,-3.4731070452476256e-8,-3.4731070452476256e-8,-3.4731070452476256e-8,0.18186455706566995,0.1051005955724059,-3.370020923354301e-8,-3.370020929912224e-8,-3.370020929912353e-8,-3.370020929912353e-8,-3.370020929912353e-8,-3.370020929912353e-8,-3.370020929912224e-8,-3.370020929912224e-8,-3.370020929912224e-8,-3.370020929912224e-8,-3.370020929912224e-8,-3.370020929912035e-8,-3.370020929912224e-8,-3.370020929912224e-8,-3.370020929912224e-8,-3.370020929912224e-8,-3.370020929912224e-8,-3.370020929912224e-8,-3.370020929912224e-8,-3.370020929912224e-8,-3.370020929912224e-8,-3.370020929912224e-8,0.361076301317103,0.49999987685150454,0.13737085835394633,0.4329185843691859,0.49999983334321,0.49999984698676314,0.49999984740364745,0.49999985653741746,0.49999988549188273,0.4999998855443781,0.49999987451189615,0.4999998938193008,0.49999988140818236,0.4999998318174308,0.4999998623852482,0.4999998764877475,0.49999988983212335,0.49999986942285873,0.4999998571951297,0.4999998618335108,0.45285290829933655,0.11321319363020606,-9.000071206881364e-9,-9.000071213313622e-9,-1.3368776542366984e-8,-1.3368776542366984e-8,-1.3368776542366984e-8,-1.3368776542366984e-8,-1.3368776542366984e-8,-1.3368776542366984e-8,-1.336877668414238e-8,0.08482313409889727,0.33929267397808366,0.49999988055943617,0.49999986411028274,0.4999998912543469,0.49999987471387314,0.4999997591636668,0.49999984233436523,0.4999998672658635,0.49999988625814623,0.4999998555064628,0.4999998315242298,0.49999984123199387,0.49999989075424744,0.49999987971276816,0.4999997619335557,0.4999995166762214,0.23598412249077436,0.12229112360316788,-4.241573684032748e-8,-4.2411433372789296e-8,-4.118753170280466e-8,0.013047552944152345,0.014193209114841284,0.13850241461854904,0.49999981869187504,0.49999983573652546,0.4901593452320713,0.49999987341777746,0.4609149958622265,0.10837636004215771,0.13850311130834678,0.4999992580657311,0.49999986039372113,0.2804205010796422,0.06651642776004187,0.13282863071379314,0.48916469277601676,0.12229113014583194,-4.241687398762838e-8,-4.2416874105973385e-8,0.3837359962648705,0.10367850836896249,-1.5931482174820232e-8,-1.5931482473333767e-8,-1.5931482473333767e-8,-1.5931482473333767e-8,-1.5931482473333767e-8,-1.5931482473333767e-8,-1.5931482473333767e-8,-1.5931482473333767e-8,-1.5931482473333767e-8,-1.5931482473333767e-8,-1.5931482473333767e-8,-1.5931482473333767e-8,-1.5931482473333767e-8,-1.5931482473333767e-8,-1.5931482473333767e-8,-1.5931482473333767e-8,-1.5931482473333767e-8,-1.5931482473333767e-8,-1.5931482473333767e-8,-1.5931482473333767e-8,-1.5931482473333767e-8,-1.5931482473333767e-8,1.009866531662196e-8,1.009866531662196e-8,1.009866531662196e-8,1.0098665316621768e-8,1.009866531662196e-8,1.009866531662196e-8,1.009866531662196e-8,1.009866531662196e-8,1.009866531662196e-8,1.009866531662196e-8,1.009866531662196e-8,1.009866531662196e-8,1.009866531662196e-8,1.009866531662196e-8,1.009866531662196e-8,1.009866531662196e-8,1.009866531662196e-8,1.009866531662196e-8,1.009866531662196e-8,1.009866531662196e-8,1.009866531662196e-8,1.009866531662196e-8,1.009866531662196e-8,1.009866531662196e-8,-1.4309659410978407e-9,-1.4309659410978407e-9,-1.4309659410978407e-9,-1.4309659410978407e-9,-1.4309659410978407e-9,-1.4309659410978407e-9,-1.430965779342236e-9,0.09791015299587613,0.39164076276997645,0.49999983788945385,0.4804820124439284,0.4999998852124375,0.34861953463119477,0.0809012809634758,0.13330648613627336,0.459707593710211,0.4999998688890228,0.19938894682299066,0.019746677702967265,0.08946780476363314,0.3745651010606106,0.09364124456805226,-1.430965779342236e-9,-1.4309659410978407e-9,-3.442537861379537e-8,-3.442537861379537e-8,-3.442537861379537e-8,-3.442537861379537e-8,-3.442537861379537e-8,-3.442537861379537e-8,-3.442537861379537e-8,-3.442537861379537e-8,-3.442537861379537e-8,-3.442537861379537e-8,-3.442537861379537e-8,-3.442537861379537e-8,-3.442537861379537e-8,-3.442537861379537e-8,-3.442537861379537e-8,-3.442537861379537e-8,-3.442537861379537e-8,-3.442537861379537e-8,-3.442537861379537e-8,-3.442537861379537e-8,-3.442537861379537e-8,-3.442537861379537e-8,-3.442537861379537e-8,-3.442537861379537e-8,0.4372780281534508,0.16830194285879516,0.025351738075918413,-1.7821618649584286e-8,-1.782161889304585e-8,-1.782161889304585e-8,-1.782161889304585e-8,-1.782161889304585e-8,-1.782161889304585e-8,-1.782161889304585e-8,-1.782161889304585e-8,-1.782161889304585e-8,-1.782161889304585e-8,-1.782161889304585e-8,-1.782161889304585e-8,-1.782161889304585e-8,-1.782161889304585e-8,-1.782161889304585e-8,-1.782161889304585e-8,-1.782161889304585e-8,-1.782161889304585e-8,-1.782161889304585e-8,-1.782161889304585e-8,-1.782161889304585e-8,-1.810591300158641e-8,-1.810591300158641e-8,-1.810591300158641e-8,-1.810591300158641e-8,-1.810591300158641e-8,-1.810591300158641e-8,-1.810591300158641e-8,-1.8105912757249353e-8,0.10673822346549092,0.42695303461078404,0.4999998763300475,0.4999998917444484,0.4999998816023282,0.4999998484101687,0.4999998676230084,0.49999987781579336,0.49999988838968196,0.49999987259203227,0.4999998641002695,0.49999986724316337,0.49999989139601486,0.49999988439266463,0.4999998488419949,0.4999998295418069,-3.779238573148416e-8,-3.779238573148416e-8,-3.779238573148416e-8,-3.779238573148416e-8,-3.779238573148416e-8,-3.779238573148416e-8,-3.779238573148416e-8,-3.779238573148416e-8,-3.779238573148416e-8,-3.779238573148416e-8,-3.779238573148416e-8,-3.779238573148416e-8,-3.779238573148416e-8,-3.779238573148416e-8,-3.779238573148416e-8,-3.779238573148416e-8,-3.779238573148416e-8,-3.779238573148416e-8,-3.779238573148416e-8,-3.779238573148416e-8,-3.779238573148416e-8,-3.779238573148416e-8,-3.779238573148416e-8,-3.779238573148416e-8,-4.9213621295397104e-8,-4.9213621295397104e-8,-4.9213621295397104e-8,-4.9213621295397104e-8,-4.9213621295397104e-8,-4.9213621295397104e-8,-4.9213621517506626e-8,0.11791627189299397,0.47166526911961665,0.49999985925838664,0.49999981247501146,0.499999875743528,0.49999984674941717,0.1881915587178052,0.49999952165282074,0.49999982483094485,0.49999986885075454,0.49999976195717716,0.4953179898645559,0.49999947125633776,0.44941643292082223,0.11235406240350455,-4.9213621517506626e-8,-4.9213621295397104e-8,-9.648031682608488e-9,-9.648031682608488e-9,-9.648031682608488e-9,-9.648031682608488e-9,-9.648031682608488e-9,-9.648031682608488e-9,-9.648031568195694e-9,0.1109588777499868,0.4438356435128762,0.49999988455848765,0.49999987260747947,0.49999989327690586,0.4999998801224477,0.499999822500681,0.4999998590205829,0.4999998747762068,0.4999998891017276,0.4999998669644835,0.49999985305533745,0.4999998583908001,0.49999989285053303,0.49999988390325056,0.49999982343635296,0.4999997741248729,-3.2991751317597854e-8,-3.2991751317597854e-8,-3.2991751317597854e-8,-3.2991751317597854e-8,-3.2991751317597854e-8,-3.2991751317597854e-8,-3.2991751317597854e-8,-3.2991751317597854e-8,-3.2991751317597854e-8,-3.2991751317597854e-8,-3.2991751317597854e-8,-3.2991751317597854e-8,-3.2991751317597854e-8,-3.2991751317597854e-8,-3.2991751317597854e-8,-3.2991751317597854e-8,-3.2991751317597854e-8,-3.2991751317597854e-8,-3.2991751317597854e-8,-3.2991751317597854e-8,-3.2991751317597854e-8,-3.2991751317597854e-8,-3.2991751317597854e-8,-3.2991751317597854e-8,0.31562880614539,0.4999998006759256,0.15566422075217812,0.43334455636202895,0.4999997422220868,0.49999979707902215,0.4999997984248236,0.4999998244017454,0.4999998780744497,0.4999998781553032,0.49999986144655667,0.4999998886324351,0.49999987230081494,0.49999973442581586,0.49999983814765186,0.4999998647083776,0.4999998837743362,0.4999998524067141,0.4999998260478896,0.4999998369284889,0.3907839428494607,0.09769594881128053,-2.0544921490953297e-8,-2.0544921558979972e-8,0.2087036379335098,0.02752698208445457,-2.2292443959278816e-8,-2.2292443900786827e-8,-2.2292443900786827e-8,-2.2292443900786827e-8,-2.2292443900786827e-8,-2.2292443900786827e-8,-2.2292443900786827e-8,-2.2292443900786827e-8,-2.2292443900786827e-8,-2.2292443900786827e-8,-2.2292443900786827e-8,-2.2292443900786827e-8,-2.2292443900786827e-8,-2.2292443900786827e-8,-2.2292443900786827e-8,-2.2292443900786827e-8,-2.2292443900786827e-8,-2.2292443900786827e-8,-2.2292443900786827e-8,-2.2292443900786827e-8,-2.2292443900786827e-8,-2.2292443900786827e-8,-7.337313158835437e-8,-7.337313218696472e-8,-7.337313218696472e-8,-7.337313218696472e-8,-7.337313218696472e-8,-7.337313158835437e-8,0.05997734634742364,0.23990958668078707,0.4999998174270199,0.4999998177470021,0.49999975250012124,0.4999998469953403,0.4999997980295011,0.4656004954264429,0.499999580764401,0.49999976764418674,0.4999998342721656,0.49999970192112425,0.4999993963178909,0.49999956682863567,0.49999984578509044,0.4999998150480425,0.4669734268404113,0.41831465556204706,-7.203102887455055e-8,-7.203102917442337e-8,-7.203102917442337e-8,-7.203102917442337e-8,-7.203102917442337e-8,-7.203102917442337e-8,-7.203102887455055e-8,0.10923429871338713,0.43693739182599317,0.4999998134373908,0.4999996680332442,0.4999998499246275,0.4999997815628306,0.3548351387582943,0.48081245316604854,0.49999971427422085,0.49999983535362547,0.49999936831453506,0.44700728407095264,0.47683783839038574,0.49999984861103364,0.4999998094570984,0.3564317454283647,0.30061590991526554,-7.862921240950979e-8,-7.86292125145437e-8,-7.86292125145437e-8,-7.86292125145437e-8,-7.86292125145437e-8,-7.86292125145437e-8,-7.862921240950979e-8,0.06418561139771256,0.2454999084798356,0.24978518823461082,0.1672884312171086,0.43871676280633953,0.20667148453623424,0.08585651065112196,0.12339882023151343,0.17297675595322218,0.32272157694217096,0.1426401835626503,0.1132203278000781,0.1408232430429952,0.3951543649247892,0.10506144848156201,-7.862921240950979e-8,-7.86292125145437e-8,-5.676799654638251e-8,-5.676799642302674e-8,-5.676799642302674e-8,-5.676799642302674e-8,-5.676799642302674e-8,-5.676799654638251e-8,0.06521881102036912,0.2608754306958356,0.4999998610003913,0.4999998610299714,0.49999985315826123,0.49999986877652347,0.4999998578046135,0.49999983590679487,0.49999984665316455,0.4999998544076643,0.49999986480038533,0.49999985020707244,0.4999998443589374,0.4999998463971855,0.4999998683468959,0.49999986052916884,0.4999998361084144,0.49999982844421387,-3.050939864282721e-8,0.056728863979983786,0.22691559966388505,0.4999998652170682,0.4999998692844833,0.49999987078201386,0.4999998708341294,0.49999987216196723,0.49999987996598844,0.4999998799726334,0.49999987604444107,0.4999998844800763,0.49999987829128006,0.49999986913802497,0.4999998731990356,0.4999998766297713,0.49999988207740703,0.499999874712856,0.4999998722701448,0.49999987309385546,0.4999998842114664,0.49999987970612153,0.49999986920910805,0.4999998667003473,0.16694800297463888,0.49999984766530126,0.49999933159782733,0.4999998097387215,0.4999998255770609,0.4999998306202622,0.49999983079309884,0.49999983490449973,0.499999854184242,0.49999985421784066,0.49999984541439707,0.49999986260935203,0.4999998506454526,0.4999998250783895,0.499999837920071,0.499999846830538,0.4999998583348626,0.4999998420394762,0.499999835227599,0.49999983762102834,0.49999986215008135,0.49999985366431493,0.49999982532473086,0.4999998158061835,0.49999986597886276,0.49999984539389175,0.4412397731564117,0.49999979326428656,0.49999981786777087,0.4999998247589924,0.4999998249876917,0.4999998303040544,0.4999998522749473,0.49999985231779775,0.49999984284327265,0.49999986059310636,0.4999998485777185,0.4999998171636196,0.4999998340519153,0.499999844426592,0.499999856463989,0.49999983897230316,0.4999998307127536,0.4999998336857366,0.49999986015717457,0.49999985174428535,0.4999998175084007,0.4999998032719667,0.18849491874135008,0.499999839444266,0.46957298055243846,0.49999977901402287,0.49999980626570983,0.4999998142931768,0.4999998145634828,0.4999998208881016,0.49999984825187543,0.49999984830154526,0.4999998362530757,0.49999985915194084,0.4999998434981501,0.4999998054564089,0.4999998254122489,0.4999998382406375,0.499999853698983,0.4999998314404084,0.4999998213777838,0.4999998249679109,0.4999998585732562,0.499999847563897,0.4999998058558089,0.4999997898452385,-1.5883285658784423e-8,0.11146328256330276,0.4458532594832385,0.4999998844984247,0.49999988622536334,0.49999988690986663,0.49999988693495506,0.4999998875578546,0.4999998915843278,0.49999989158467373,0.49999988947788976,0.4999998942340716,0.4999998906614763,0.49999988616216257,0.4999998880559593,0.49999988978082416,0.4999998927890611,0.49999988880193247,0.4999998876092403,0.49999988800494105,0.4999998940686539,0.4999998914367715,0.49999988619373326,0.4999998850955502,0.17368089777026394,0.4999998909432987,0.4999998841573789,0.4999998879969359,0.49999988889371944,0.49999988925747496,0.4999998892710542,0.499999889606642,0.49999989187981025,0.4999998918784636,0.49999989066672684,0.4999998934796351,0.49999989134107,0.4999998888607795,0.49999988987766303,0.49999989083773694,0.49999989259541266,0.49999989028877173,0.4999998896343333,0.4999998898497805,0.4999998933771356,0.4999998917922545,0.4999998888776461,0.49999988830460934,-1.9777487810808414e-8,0.10547286398685014,0.4218915923200271,0.49999988400840345,0.49999988548461327,0.49999988607699286,0.49999988609891416,0.49999988664195233,0.49999989023788544,0.49999989023723335,0.49999988833751846,0.4999998926865915,0.4999998893995169,0.499999885430326,0.49999988707856396,0.49999988860810146,0.49999989134220274,0.49999988773672804,0.49999988668687095,0.49999988703376674,0.49999989253192234,0.49999989010266327,0.49999988545770885,0.4999998845160226,-7.383994371559046e-8,-7.383994359579915e-8,-7.383994359579915e-8,-7.383994359579915e-8,-7.383994359579915e-8,-7.383994359579915e-8,-7.383994359579915e-8,-7.383994371559046e-8,0.09756552235157434,0.2822803146368347,0.17379483667215995,0.49999930480386634,0.22809867630800956,0.0814991278321673,0.12584999103934552,0.18626148548212557,0.05668175691923246,-7.383994371559046e-8,-7.383994359579915e-8,-7.383994359579915e-8,-7.383994371559046e-8,-7.383994359579915e-8,-7.383994359579915e-8,-7.383994359579915e-8,-7.679967869293494e-8,0.06684582636953854,0.21124205823035325,0.3813186515030299,0.44623738293637644,0.47640408765909864,0.4775607067002208,0.49999796635880517,0.4999998177569916,0.4999998180835704,0.49999974129594926,0.4999998474882872,0.49999979664289346,0.4433489623149375,0.4999994148001319,0.49999976068528806,0.49999983503014594,0.4999996681122814,0.4999984428280303,0.49999937517613585,0.4999998463233534,0.49999981521792275,0.44454607007592134,0.4020445403789104,-3.534021792061806e-8,-3.53402180230604e-8,-3.53402180230604e-8,-3.53402180230604e-8,-3.53402180230604e-8,-3.534021792061806e-8,0.05939608097961799,0.23758448244050165,0.49999987185265926,0.49999987188309264,0.49999986461345725,0.49999987915277844,0.49999986888992887,0.49999984907815964,0.4999998586918338,0.4999998657594542,0.4999998754070896,0.49999986191747364,0.4999998566218529,0.4999998584608157,0.49999987874641766,0.49999987141814684,0.4999998492586729,0.4999998425223036,0.48795644255125264,0.49999979034629355,0.22787021961842388,0.4217924668518357,0.49630921805463035,0.49999924508287186,0.49999927060258287,0.499999581432659,0.4999998232183851,0.49999982345327215,0.4999997733947799,0.49999984863762503,0.4999998074885479,0.49299213573541706,0.49999967165555675,0.49999978433057407,0.4999998374520724,0.4999997394775714,0.4999995940552416,0.4999996648415591,0.4999998475582472,0.49999982122424985,0.4943665390950565,0.44556111861545084,2.4274794096382113e-8,0.05824445378011681,0.23297790787071024,0.49999990226738367,0.4999999035542282,0.499999904069269,0.4999999040879977,0.49999990456174676,0.49999990774006947,0.4999999077390259,0.4999999060518816,0.49999990994216675,0.49999990699292995,0.49999990350586593,0.4999999049441256,0.49999990629097923,0.4999999087289598,0.49999990552237417,0.49999990460110155,0.4999999049048021,0.49999990980193837,0.49999990761888075,0.4999999035293786,0.4999999027136512,-5.692939186425448e-8,-5.6929391532994544e-8,-5.6929391532994544e-8,-5.6929391532994544e-8,-5.6929391532994544e-8,-5.692939186425448e-8,0.057328680957938596,0.22931491363972384,0.4999998643997888,0.4999998644335511,0.49999985789909324,0.49999987101003085,0.4999998617384593,0.4999998440759138,0.499999852608029,0.4999998589262143,0.4999998676162777,0.4999998554865731,0.49999985076494874,0.4999998524017773,0.4999998706412482,0.4999998640139746,0.4999998442334568,0.49999983829814815,0.33878799463874304,0.08995844321354368,-6.283917286904306e-8,-6.283917281303769e-8,-6.283917281303769e-8,-6.283917281303769e-8,-6.283917286904306e-8,0.09986718713212377,0.3994689250012488,0.4999997925668146,0.4999995841367997,0.4999998435619304,0.4999997475965514,0.3427555545771123,0.4762667691868145,0.49999965134957863,0.49999982325941317,0.4999991269668599,0.4402818607257147,0.4720306933747102,0.49999984173548423,0.4999997869777549,0.3444362664182448,0.2858946407622626,2.6245718982983663e-8,2.6245718915751564e-8,2.6245718915751564e-8,2.6245718915751564e-8,2.6245718915751564e-8,2.6245718915751564e-8,2.6245718982983663e-8,0.12413222557579985,0.49652899348165697,0.49999990104282116,0.4999998967711833,0.49999990584080856,0.4999998992257398,0.49999988904749126,0.4999998936230093,0.4999998974134598,0.4999999032972968,0.4999998953034026,0.499999892585001,0.49999989350555,0.499999905557542,0.4999999007557116,0.49999988912707805,0.4999998862541765,0.4999998862468149,0.49999987579462696,0.4999998431685824,0.49999986495217963,0.4999998686402173,0.49999987002744783,0.49999987007630003,0.4999998713054618,0.49999987855689204,0.49999987856273187,0.4999998749075388,0.49999988277011825,0.4999998769969709,0.4999998685065783,0.4999998722665532,0.4999998754513995,0.49999988052587235,0.49999987367061405,0.49999987140553115,0.4999998721690251,0.49999988251870486,0.49999987831487924,0.4999998685721375,0.4999998662559651,0.4999998748771687,0.49999986206389685,0.49999981012717476,0.49999984706140826,0.4999998523797176,0.4999998543218137,0.49999985439011574,0.4999998560807777,0.4999998655887713,0.49999986559971216,0.49999986090296333,0.49999987077516433,0.49999986361189275,0.4999998521932243,0.49999985738747915,0.49999986161433385,0.49999986804407087,0.4999998592697067,0.499999856218104,0.4999998572552415,0.4999998704723556,0.49999986528576085,0.49999985228414395,0.49999984897154554,-1.2270213485258538e-8,0.08866135862567483,0.35464554229707385,0.4999998704322618,0.49999987488893716,0.49999987654507505,0.499999876604084,0.4999998780633363,0.4999998865121914,0.49999988652053606,0.4999998822944768,0.49999989130246103,0.4999998847186855,0.4999998747292182,0.49999987919898814,0.49999988292749714,0.4999998887625495,0.4999998808492799,0.499999878181969,0.49999987908387356,0.4999998910191471,0.49999988623524994,0.4999998748073023,0.49999987201672114,-2.0069193148793684e-9,0.10722655653348935,0.42890634855242515,0.4999998984754275,0.499999899257294,0.49999989957622704,0.4999998995879995,0.4999998998830037,0.4999999019098742,0.49999990190844434,0.49999990082238865,0.499999903363774,0.4999999014252553,0.4999998992281237,0.49999990012228546,0.49999990097485125,0.4999999025571937,0.49999990048636056,0.49999989990750376,0.4999999000976022,0.49999990326991395,0.49999990183063925,0.4999998992425482,0.49999989874265777,0.4183883805395359,0.49999984878362635,0.49999916648164927,0.499999810370992,0.49999982656845227,0.49999983167363454,0.49999983184822516,0.49999983599070763,0.49999985519701917,0.49999985523072393,0.4999998465054105,0.4999998634790424,0.49999985169899275,0.4999998260624987,0.4999998390186478,0.49999984791403296,0.4999998592857076,0.4999998431409683,0.49999983631559763,0.4999998387187861,0.4999998630293234,0.4999998546841589,0.49999982631296064,0.49999981660469944,-7.880103743766157e-8,0.10155903934283904,0.24576942448898498,0.4028936704854797,0.4612988158675717,0.48823920792089415,0.48926961656134565,0.49999908904500323,0.49999982283175676,0.49999982310080815,0.49999976029910864,0.4999998487712817,0.4999998049666908,0.4587137878862603,0.4999995465160478,0.49999977561193887,0.4999998377797399,0.4999997055214804,0.4999991866732891,0.49999952513469004,0.49999984773662476,0.49999982065825443,0.45978474924069557,0.42160929044123385,0.2182344521703248,0.08280940396799036,-6.897466317576154e-8,-6.89746631167169e-8,-6.89746631167169e-8,-6.89746631167169e-8,-6.897466317576154e-8,0.09333411973403002,0.3733366758794548,0.49999981164231627,0.499999688881726,0.499999848804068,0.4999997815212534,0.37425506737444025,0.4999959840975169,0.49999972412135074,0.4999998336016085,0.49999951827351335,0.47139519509055416,0.49998354057913835,0.4999998474137126,0.49999980777885866,0.3759377667503314,0.31710907040133113,-6.923048607357722e-8,-6.923048630346955e-8,-6.923048630346955e-8,-6.923048630346955e-8,-6.923048630346955e-8,-6.923048607357722e-8,0.0713271227358398,0.28530869334669173,0.49999985110083756,0.49999985116378187,0.4999998378184712,0.49999986184453704,0.49999984604609915,0.49999979410806233,0.499999824215208,0.49999984013831156,0.49999985662177937,0.49999983198369025,0.4999998187048045,0.4999998236209146,0.4999998613024729,0.49999985039277406,0.4999997947857789,0.499999764413976,0.49999986903224064,0.49999985681376824,0.49999976959368003,0.49999983924695357,0.4999998459482502,0.49999984825808447,0.4999998483386974,0.4999998502933859,0.49999986039336547,0.4999998604095241,0.49999985559553956,0.49999986535441254,0.4999998584124662,0.4999998457247025,0.4999998517685186,0.4999998563456567,0.49999986278977704,0.4999998538426131,0.49999985044970213,0.49999985162058064,0.49999986507424626,0.4999998600961329,0.49999984583479534,0.499999841720645,-7.397644289217218e-8,-7.397644305902388e-8,-7.397644305902388e-8,-7.397644305902388e-8,-7.397644305902388e-8,-7.397644305902388e-8,-7.397644289217218e-8,0.10980226056260403,0.4392087379665071,0.488458159969174,0.3409719439731938,0.49999980686256706,0.41593946982000884,0.20420109945159634,0.27195702011675765,0.3584335987553626,0.4999996899437566,0.3058394867760215,0.2538303069367602,0.2698273832556389,0.499999800602088,0.4734361138858288,0.20506374095420918,0.17483036264703397,-7.239246989553424e-8,-7.239247031017977e-8,-7.239247031017977e-8,-7.239247031017977e-8,-7.239247031017977e-8,-7.239247031017977e-8,-7.239246989553424e-8,0.06956258940762246,0.2782505420298,0.45608413929779107,0.28210891701861573,0.49999981041718544,0.3692443430137748,0.13360728979594247,0.20505582719057477,0.3021243529876983,0.49999966358917525,0.2424392219686936,0.18546489153408904,0.20273862000674356,0.4597018404589352,0.11492541289149433,-7.239246989553424e-8,-7.239247031017977e-8,0.43804852140480777,0.49999983229066414,0.2396765154969405,0.49999957096093606,0.49999974648427564,0.49999977412601704,0.49999977495508974,0.4999997928036454,0.4999998463302883,0.49999984642466605,0.4999998265603113,0.4999998609171431,0.4999998390513217,0.499999743325614,0.4999998039831035,0.4999998301668448,0.4999998539752969,0.4999998171864461,0.49999979407399797,0.4999998029369051,0.49999986020889314,0.49999984533136926,0.49999974487955984,0.49999966304702936,-5.6701881292790364e-8,0.11278112317687182,0.4511246509861551,0.49999985161790844,0.4999998558797324,0.49999985748757686,0.4999998575442715,0.4999998589673642,0.49999986741442604,0.4999998674193728,0.4999998631537735,0.499999872352003,0.49999986559119985,0.49999985572550865,0.4999998600832113,0.4999998637878992,0.4999998697184031,0.4999998617147421,0.49999985908384603,0.4999998599692785,0.49999987205709256,0.49999986713055994,0.4999998557999645,0.4999998531246658,-2.3363911850438253e-8,0.0710412589252836,0.2841651711447683,0.4999998742322963,0.49999987731101514,0.4999998784785232,0.4999998785206164,0.4999998795624262,0.4999998858146708,0.4999998858191487,0.49999988264463463,0.4999998895331184,0.4999998844535731,0.49999987719847677,0.4999998803803924,0.4999998831139135,0.49999988754399255,0.4999998815812182,0.49999987964744386,0.4999998802972222,0.4999998893093652,0.49999988560229663,0.4999998772534696,0.4999998753161558,1.2209235235302802e-7,0.12422645148356894,0.49690579291527853,0.499999938401075,0.4999999393509791,0.49999993974065293,0.4999999397548752,0.4999999401169796,0.4999999426394999,0.4999999426371552,0.4999999412786315,0.49999994448407314,0.4999999420305744,0.49999993931446296,0.4999999404117102,0.4999999414683357,0.49999994345656856,0.4999999408617337,0.49999994014716126,0.4999999403812937,0.49999994436424194,0.4999999425391868,0.4999999393319894,0.4999999387233176,0.4695679352006277,0.4999998289154993,0.31295391259437744,0.49999966502164445,0.4999997557229149,0.4999997763128092,0.49999977696630066,0.4999997916847751,0.4999998439794809,0.4999998440691246,0.4999998230533735,0.49999986082023856,0.4999998360220622,0.499999753510093,0.49999980152711654,0.4999998267186062,0.4999998526365483,0.4999998138354596,0.4999997927771609,0.4999998005835292,0.4999998599736524,0.49999984286267435,0.49999975460142765,0.49999970565557345,-6.445885448429029e-8,-6.445885436404717e-8,-6.445885436404717e-8,-6.445885436404717e-8,-6.445885436404717e-8,-6.445885448429029e-8,0.060591562390767406,0.2423664504960517,0.4999998605202052,0.4999998605527763,0.49999985305760475,0.49999986764517457,0.4999998575181798,0.4999998355244429,0.4999998466319125,0.4999998542668781,0.4999998640390639,0.49999985016905774,0.49999984431324895,0.4999998463746294,0.4999998672583114,0.49999986008383157,0.499999835738734,0.4999998274255962,0.11654358040985326,0.34686447449361435,0.49999985334281233,0.49999987122163436,0.4999998743629994,0.49999987555348024,0.49999987559578496,0.4999998766556155,0.4999998829867426,0.4999998829913282,0.49999987978290356,0.49999988672917506,0.4999998816126501,0.4999998742490513,0.4999998774866761,0.4999998802580359,0.4999998847293393,0.49999987870531276,0.4999998767420297,0.4999998774022453,0.49999988650450594,0.49999988277263496,0.49999987430525633,0.49999987232776144,0.37551171632578884,0.09387787994418731,-5.873973674284504e-8,-5.8739736722882544e-8,-5.8739736722882544e-8,-5.8739736722882544e-8,-5.873973638827093e-8,0.10867011513256482,0.4346806238364533,0.4999997928941356,0.49999961439278706,0.49999984414069293,0.4999997504278352,0.3583367695031234,0.49849408703004994,0.49999966714138694,0.49999982332496967,0.49999934026753157,0.46077386662458364,0.49412388414348224,0.49999984224693417,0.4999997875001401,0.3601015441735823,0.2986407959337963]
WARNING: For the MIP-solver-driven algorithm, optimality tolerance must be specified as MIP solver option, not Pajarito option
WARNING: For the MIP-solver-driven algorithm, optimality tolerance must be specified as MIP solver option, not Pajarito option
WARNING: Not solved to optimality, status: UserLimit
