WARNING: Method definition require(Symbol) in module Base at loading.jl:345 overwritten in module ConicBenchmarkUtilities at /home/ubuntu/.julia/v0.5/Requires/src/require.jl:12.
#SOLVERNAME# PAJ_NEW_MSD_CPLEX_MOSEK_primmaxviolonly
#SOLVER# Pajarito.PajaritoSolver(2,3600.0,1.0e-5,true,CPLEX.CplexSolver(Any[(:CPX_PARAM_THREADS,1),(:CPX_PARAM_TILIM,3600.0),(:CPX_PARAM_EPINT,1.0e-8),(:CPX_PARAM_EPRHS,1.0e-6),(:CPX_PARAM_SCRIND,0),(:CPX_PARAM_EPGAP,1.0e-5)]),CPLEX.CplexSolver(Any[]),0,false,true,Mosek.MosekMathProgSolverInterface.MosekSolver(Any[(:LOG,0),(:NUM_THREADS,1),(:OPTIMIZER_MAX_TIME,120.0)]),true,false,false,true,false,true,false,true,true,true,true,false,true,true,false,true,false,false,true,true,true,true,true,1.0e-10,1.0e-6,0.01,0.0001)
#INSTANCE# 50_0_5_w.cbf.gz
#TIMELIMIT# 3600.0

Transforming original data......Done     0.01s

Creating conic model data......Done     0.09s

Creating MIP model......Done     0.12s

Cone types summary:
Cone       | Count    | Min dim  | Max dim 
       SOC |     1200 |        3 |        3

Solving conic relaxation......Done     0.74s
 - Relaxation status    =        Optimal
 - Relaxation objective = 9874080.846576

Creating conic subproblem model......Done

Starting MIP-solver-driven outer approximation algorithm

Pajarito MICP solve summary:
 - Total time (s)       =       3.60e+03
 - Status               =      UserLimit
 - Best feasible obj.   =  +9.966068e+06
 - Final OA obj. bound  =  +9.961815e+06
 - Relative opt. gap    =      4.268e-04
 - Conic solve count    =             27
 - Feas. solution count =             27
 - Integer repeat count =            933

Timers (s):
 - Setup                =       1.05e+00
 -- Transform data      =       1.36e-02
 -- Create conic data   =       8.68e-02
 -- Create MIP data     =       1.18e-01
 -- Load/solve relax    =       7.43e-01
 - MIP-driven algorithm =       3.60e+03
 -- Solve conic model   =       3.37e+00

#STATUS# UserLimit
#OBJVAL# 9.96606816118382e6
#OBJBOUND# 9.961814805119578e6
#TIMESOLVER# 3600.018252849579
#TIMEALL# 3600.045114994049
#SOLUTION# [1.0,1.0,1.0,1.0,1.0,1.0,1.0,1.0,1.0,1.0,1.0,1.0,1.0,1.0,1.0,1.0,1.0,1.0,1.0,1.0,1.0,1.0,1.0,1.0,1.0,1.0,1.0,1.0,1.0,1.0,1.0,1.0,1.0,1.0,1.0,1.0,1.0,1.0,1.0,1.0,1.0,1.0,1.0,1.0,1.0,1.0,1.0,1.0,1.0,1.0,1.0,1.0,1.0,1.0,1.0,1.0,1.0,1.0,1.0,1.0,1.0,1.0,1.0,1.0,1.0,1.0,1.0,1.0,1.0,1.0,1.0,-0.0,1.0,1.0,1.0,1.0,1.0,1.0,1.0,1.0,1.0,1.0,1.0,1.0,1.0,1.0,1.0,1.0,1.0,1.0,1.0,1.0,1.0,1.0,1.0,1.0,1.0,1.0,1.0,1.0,1.0,1.0,1.0,1.0,1.0,1.0,1.0,1.0,1.0,1.0,1.0,1.0,1.0,1.0,1.0,1.0,1.0,1.0,1.0,1.0,1.0,1.0,1.0,1.0,1.0,1.0,1.0,1.0,1.0,1.0,1.0,1.0,1.0,1.0,1.0,1.0,1.0,1.0,1.0,1.0,1.0,1.0,1.0,1.0,0.0,0.0,0.0,0.0,0.0,-0.0,-0.0,0.0,0.0,0.0,0.0,0.0,0.0,0.0,0.0,0.0,0.0,-0.0,0.0,-0.0,-0.0,-0.0,0.0,0.0,1.0,1.0,1.0,1.0,1.0,1.0,1.0,1.0,1.0,1.0,1.0,1.0,1.0,1.0,1.0,1.0,1.0,1.0,1.0,1.0,1.0,1.0,1.0,1.0,1.0,1.0,1.0,1.0,1.0,1.0,1.0,1.0,1.0,1.0,1.0,1.0,1.0,1.0,1.0,1.0,1.0,1.0,1.0,1.0,1.0,1.0,1.0,1.0,1.0,1.0,1.0,1.0,1.0,1.0,1.0,1.0,1.0,1.0,1.0,1.0,1.0,1.0,1.0,1.0,1.0,1.0,1.0,1.0,1.0,1.0,1.0,-0.0,0.0,0.0,0.0,-0.0,-0.0,0.0,1.0,1.0,1.0,1.0,1.0,1.0,1.0,1.0,1.0,1.0,1.0,1.0,1.0,1.0,1.0,1.0,1.0,0.0,1.0,1.0,1.0,1.0,1.0,1.0,1.0,1.0,1.0,1.0,1.0,1.0,1.0,1.0,1.0,1.0,1.0,1.0,1.0,1.0,1.0,1.0,1.0,1.0,1.0,1.0,1.0,1.0,1.0,1.0,1.0,1.0,1.0,1.0,1.0,1.0,1.0,1.0,1.0,1.0,1.0,1.0,1.0,1.0,1.0,1.0,1.0,1.0,0.0,0.0,0.0,0.0,0.0,0.0,0.0,1.0,1.0,1.0,1.0,1.0,1.0,1.0,1.0,0.0,-0.0,0.0,0.0,-0.0,0.0,-0.0,0.0,0.0,1.0,1.0,1.0,1.0,1.0,1.0,1.0,1.0,1.0,1.0,1.0,1.0,1.0,1.0,1.0,1.0,1.0,1.0,1.0,1.0,1.0,1.0,1.0,1.0,1.0,1.0,-0.0,0.0,0.0,0.0,0.0,0.0,-0.0,1.0,1.0,1.0,1.0,1.0,1.0,1.0,1.0,1.0,1.0,1.0,1.0,1.0,1.0,0.0,1.0,1.0,1.0,0.0,0.0,0.0,0.0,0.0,0.0,0.0,0.0,0.0,0.0,0.0,0.0,0.0,0.0,0.0,0.0,-0.0,0.0,-0.0,0.0,0.0,1.0,1.0,1.0,1.0,1.0,1.0,1.0,1.0,1.0,1.0,1.0,1.0,1.0,1.0,1.0,1.0,1.0,1.0,1.0,1.0,1.0,1.0,1.0,0.0,1.0,1.0,1.0,1.0,1.0,1.0,1.0,1.0,1.0,1.0,1.0,1.0,1.0,1.0,1.0,1.0,1.0,1.0,1.0,1.0,1.0,1.0,1.0,1.0,0.0,0.0,0.0,0.0,0.0,-0.0,1.0,1.0,1.0,1.0,1.0,1.0,1.0,1.0,-0.0,0.0,0.0,0.0,-0.0,0.0,0.0,-0.0,-0.0,0.0,1.0,1.0,1.0,-0.0,0.0,0.0,0.0,0.0,0.0,0.0,0.0,0.0,0.0,0.0,0.0,0.0,0.0,0.0,0.0,0.0,0.0,0.0,0.0,0.0,1.0,1.0,1.0,1.0,0.0,0.0,0.0,0.0,0.0,0.0,0.0,0.0,0.0,0.0,0.0,0.0,0.0,0.0,0.0,0.0,0.0,-0.0,0.0,-0.0,0.0,0.0,0.0,0.0,0.0,0.0,0.0,1.0,1.0,1.0,1.0,1.0,1.0,1.0,1.0,1.0,1.0,1.0,-0.0,-0.0,0.0,-0.0,-0.0,0.0,0.0,0.0,0.0,0.0,0.0,-0.0,0.0,-0.0,1.0,1.0,1.0,1.0,1.0,1.0,1.0,1.0,1.0,0.0,0.0,0.0,0.0,-0.0,-0.0,-0.0,0.0,0.0,0.0,0.0,0.0,0.0,1.0,1.0,1.0,1.0,1.0,1.0,1.0,1.0,1.0,1.0,1.0,1.0,1.0,1.0,1.0,1.0,1.0,1.0,1.0,0.0,0.0,0.0,0.0,0.0,1.0,1.0,1.0,1.0,1.0,1.0,1.0,1.0,1.0,1.0,1.0,1.0,1.0,1.0,1.0,1.0,1.0,1.0,1.0,1.0,1.0,1.0,1.0,1.0,1.0,1.0,1.0,1.0,1.0,1.0,1.0,1.0,1.0,1.0,1.0,1.0,1.0,1.0,1.0,1.0,1.0,1.0,1.0,1.0,1.0,1.0,1.0,1.0,1.0,1.0,1.0,1.0,1.0,1.0,1.0,1.0,1.0,1.0,1.0,1.0,1.0,1.0,1.0,1.0,1.0,1.0,1.0,0.0,-0.0,-0.0,0.0,0.0,1.0,1.0,1.0,1.0,1.0,1.0,1.0,1.0,1.0,1.0,1.0,1.0,1.0,1.0,1.0,1.0,1.0,1.0,1.0,1.0,1.0,1.0,1.0,1.0,1.0,1.0,1.0,1.0,1.0,1.0,1.0,1.0,1.0,1.0,1.0,1.0,1.0,1.0,1.0,1.0,1.0,1.0,1.0,0.0,0.0,0.0,0.0,-0.0,1.0,1.0,1.0,1.0,1.0,1.0,1.0,1.0,1.0,1.0,1.0,1.0,1.0,1.0,1.0,1.0,1.0,1.0,1.0,1.0,1.0,0.0,0.0,0.0,1.0,1.0,1.0,1.0,1.0,1.0,1.0,1.0,1.0,1.0,1.0,1.0,1.0,1.0,1.0,1.0,1.0,1.0,1.0,0.0,0.0,0.0,0.0,1.0,1.0,1.0,1.0,1.0,1.0,1.0,1.0,1.0,1.0,1.0,1.0,1.0,1.0,1.0,1.0,1.0,1.0,1.0,1.0,1.0,1.0,1.0,1.0,1.0,1.0,1.0,1.0,1.0,1.0,1.0,1.0,1.0,1.0,1.0,1.0,1.0,1.0,1.0,1.0,1.0,1.0,1.0,1.0,-0.0,0.0,-0.0,-0.0,1.0,1.0,1.0,1.0,1.0,1.0,1.0,1.0,1.0,1.0,1.0,1.0,1.0,1.0,1.0,1.0,1.0,1.0,1.0,1.0,0.0,0.0,0.0,0.0,-0.0,1.0,1.0,1.0,1.0,1.0,1.0,1.0,1.0,1.0,1.0,1.0,1.0,1.0,1.0,1.0,1.0,1.0,1.0,1.0,0.0,0.0,-0.0,0.0,1.0,1.0,1.0,1.0,1.0,1.0,1.0,1.0,1.0,1.0,1.0,1.0,1.0,1.0,1.0,1.0,1.0,1.0,1.0,1.0,1.0,1.0,1.0,1.0,1.0,1.0,1.0,1.0,1.0,1.0,1.0,1.0,1.0,1.0,1.0,1.0,1.0,1.0,1.0,1.0,1.0,1.0,1.0,1.0,1.0,1.0,1.0,1.0,1.0,1.0,1.0,1.0,1.0,1.0,1.0,1.0,1.0,1.0,1.0,1.0,1.0,1.0,1.0,1.0,1.0,1.0,1.0,1.0,1.0,1.0,1.0,1.0,1.0,1.0,1.0,1.0,1.0,1.0,1.0,1.0,1.0,1.0,1.0,1.0,1.0,1.0,1.0,1.0,1.0,1.0,1.0,1.0,1.0,1.0,1.0,1.0,1.0,1.0,1.0,1.0,1.0,1.0,1.0,1.0,1.0,1.0,1.0,1.0,1.0,1.0,1.0,1.0,1.0,1.0,1.0,1.0,1.0,1.0,1.0,1.0,1.0,1.0,1.0,1.0,1.0,1.0,1.0,1.0,1.0,1.0,1.0,1.0,1.0,1.0,1.0,1.0,1.0,1.0,1.0,1.0,1.0,1.0,1.0,1.0,1.0,1.0,1.0,1.0,1.0,1.0,1.0,1.0,1.0,1.0,1.0,1.0,1.0,1.0,1.0,1.0,1.0,1.0,1.0,1.0,1.0,1.0,1.0,1.0,1.0,1.0,1.0,1.0,1.0,1.0,1.0,1.0,1.0,1.0,1.0,1.0,1.0,1.0,1.0,1.0,1.0,1.0,1.0,1.0,1.0,1.0,1.0,1.0,1.0,1.0,1.0,1.0,1.0,1.0,1.0,1.0,1.0,1.0,1.0,1.0,1.0,1.0,1.0,1.0,1.0,1.0,1.0,1.0,1.0,1.0,1.0,1.0,1.0,1.0,1.0,1.0,1.0,1.0,1.0,1.0,1.0,1.0,1.0,1.0,1.0,1.0,1.0,1.0,1.0,1.0,1.0,1.0,1.0,1.0,1.0,1.0,1.0,1.0,1.0,1.0,1.0,1.0,1.0,1.0,1.0,1.0,1.0,1.0,1.0,1.0,1.0,1.0,1.0,1.0,1.0,1.0,1.0,1.0,1.0,1.0,1.0,1.0,1.0,1.0,1.0,1.0,1.0,1.0,1.0,1.0,1.0,1.0,1.0,1.0,1.0,1.0,1.0,1.0,1.0,1.0,-0.0,-0.0,0.0,0.0,1.0,1.0,1.0,1.0,1.0,1.0,1.0,1.0,1.0,1.0,1.0,1.0,1.0,1.0,1.0,1.0,1.0,1.0,1.0,1.0,0.0,0.0,0.0,0.0,1.0,1.0,1.0,1.0,1.0,1.0,1.0,1.0,1.0,1.0,1.0,1.0,1.0,1.0,1.0,1.0,1.0,1.0,1.0,1.0,0.0,0.0,0.0,0.0,0.0,0.0,0.0,0.0,0.0,0.0,0.0,0.0,0.0,0.0,0.0,0.0,0.0,0.0,0.0,0.0,0.0,0.0,-0.0,-0.0,0.0,0.0,0.0,0.0,0.0,0.0,0.0,0.0,0.0,0.0,0.0,0.0,0.0,0.0,0.0,0.0,0.0,0.0,0.0,0.0,0.0,0.0,-0.0,-0.0,0.0,0.0,0.0,0.0,0.0,0.0,0.0,0.0,0.0,0.0,0.0,0.0,0.0,0.0,0.0,0.0,0.0,0.0,0.0,0.0,0.0,0.0,-0.0,1.0,0.0,0.0,0.0,0.0,0.0,0.0,0.0,0.0,0.0,0.0,0.0,0.0,0.0,0.0,0.0,0.0,0.0,0.0,0.0,0.0,0.0,0.0,-0.0,-0.0,0.0,0.0,0.0,0.0,0.0,0.0,0.0,0.0,0.0,0.0,0.0,0.0,0.0,0.0,0.0,0.0,0.0,0.0,0.0,0.0,0.0,0.0,-0.0,-0.0,0.0,0.0,0.0,0.0,0.0,0.0,0.0,0.0,0.0,0.0,0.0,0.0,0.0,0.0,0.0,0.0,0.0,0.0,0.0,0.0,0.0,0.0,-0.0,-0.0,0.0,0.0,0.0,0.0,0.0,0.0,0.0,0.0,0.0,0.0,0.0,0.0,0.0,0.0,0.0,0.0,0.0,0.0,0.0,0.0,0.0,0.0,0.0,0.0,0.0,0.0,0.0,0.0,0.0,0.0,0.0,0.0,0.0,0.0,0.0,0.0,0.0,0.0,0.0,0.0,0.0,0.0,0.0,0.0,0.0,0.0,-0.0,-0.0,0.0,0.0,0.0,0.0,0.0,0.0,0.0,0.0,0.0,0.0,0.0,0.0,0.0,0.0,0.0,0.0,0.0,0.0,0.0,0.0,0.0,0.0,-0.0,-0.0,0.0,0.0,0.0,0.0,0.0,0.0,0.0,0.0,0.0,0.0,0.0,0.0,0.0,0.0,0.0,0.0,0.0,0.0,0.0,0.0,0.0,0.0,-0.0,-0.0,0.0,0.0,0.0,0.0,0.0,1.0,0.0,0.0,0.0,0.0,0.0,0.0,0.0,0.0,0.0,0.0,0.0,0.0,0.0,0.0,0.0,0.0,-0.0,-0.0,0.0,0.0,0.0,0.0,0.0,0.0,0.0,0.0,0.0,0.0,0.0,0.0,0.0,0.0,0.0,0.0,0.0,0.0,0.0,0.0,0.0,0.0,-0.0,-0.0,0.0,0.0,0.0,0.0,0.0,0.0,0.0,0.0,0.0,0.0,0.0,0.0,0.0,0.0,0.0,0.0,0.0,0.0,0.0,0.0,0.0,0.0,-0.0,-0.0,0.0,0.0,0.0,0.0,0.0,0.0,1.0,0.0,0.0,0.0,0.0,0.0,0.0,0.0,-0.0,0.0,0.0,0.0,0.0,0.0,0.0,0.0,0.0,1.0,0.0,0.0,0.0,0.0,0.0,0.0,0.0,0.0,0.0,0.0,0.0,0.0,0.0,0.0,0.0,0.0,0.0,0.0,0.0,0.0,0.0,0.0,-0.0,0.0,0.0,0.0,0.0,0.0,0.0,0.0,0.0,0.0,1.0,0.0,0.0,0.0,0.0,0.0,0.0,0.0,0.0,0.0,0.0,0.0,0.0,0.0,-0.0,0.0,0.0,-0.0,-0.0,0.0,0.0,0.0,0.0,0.0,0.0,0.0,0.0,0.0,0.0,0.0,0.0,0.0,0.0,0.0,0.0,0.0,0.0,0.0,0.0,-0.0,0.0,0.0,0.0,0.0,0.0,0.0,0.0,0.0,0.0,0.0,0.0,0.0,0.0,0.0,0.0,0.0,0.0,0.0,0.0,0.0,0.0,0.0,-0.0,-0.0,0.0,0.0,0.0,0.0,0.0,0.0,0.0,0.0,0.0,0.0,0.0,0.0,0.0,0.0,0.0,0.0,0.0,0.0,0.0,0.0,0.0,0.0,-0.0,-0.0,0.0,0.0,0.0,0.0,0.0,1.0,0.0,0.0,0.0,0.0,0.0,0.0,0.0,-0.0,0.0,0.0,0.0,0.0,0.0,0.0,0.0,0.0,0.0,-0.0,0.0,0.0,-0.0,0.0,0.0,0.0,0.0,0.0,0.0,0.0,0.0,0.0,0.0,0.0,0.0,0.0,0.0,0.0,0.0,0.0,0.0,0.0,0.0,0.0,0.0,0.0,-0.0,-0.0,0.0,0.0,0.0,0.0,0.0,0.0,0.0,0.0,0.0,0.0,0.0,0.0,0.0,0.0,0.0,0.0,0.0,0.0,0.0,-0.0,0.0,0.0,0.0,0.0,0.0,0.0,1.0,0.0,0.0,0.0,0.0,0.0,0.0,0.0,0.0,0.0,0.0,-0.0,0.0,0.0,0.0,0.0,0.0,-0.0,0.0,0.0,0.0,0.0,0.0,0.0,0.0,1.0,0.0,0.0,0.0,0.0,0.0,0.0,0.0,0.0,0.0,0.0,0.0,0.0,0.0,0.0,0.0,-0.0,0.0,0.0,0.0,0.0,0.0,1.0,0.0,0.0,0.0,0.0,0.0,0.0,0.0,0.0,0.0,0.0,0.0,0.0,0.0,0.0,0.0,0.0,-0.0,1.0,-0.0,-0.0,-0.0,-0.0,-0.0,1.0,0.0,0.0,0.0,0.0,0.0,0.0,0.0,0.0,0.0,0.0,0.0,0.0,0.0,0.0,0.0,0.0,0.0,0.0,0.0,0.0,0.0,0.0,0.0,0.0,0.0,0.0,0.0,0.0,0.0,0.0,0.0,0.0,0.0,0.0,0.0,0.0,0.0,0.0,0.0,0.0,0.0,0.0,0.0,0.0,0.0,0.0,0.0,0.0,0.0,0.0,0.0,0.0,0.0,0.0,0.0,0.0,0.0,0.0,0.0,0.0,0.0,0.0,0.0,0.0,0.0,1.0,-0.0,-0.0,-0.0,-0.0,-0.0,1.0,0.0,0.0,0.0,0.0,0.0,0.0,0.0,0.0,0.0,0.0,0.0,0.0,0.0,0.0,0.0,0.0,0.0,1.0,0.0,0.0,0.0,0.0,0.0,0.0,0.0,0.0,0.0,0.0,0.0,0.0,0.0,0.0,0.0,0.0,0.0,0.0,0.0,0.0,0.0,0.0,0.0,1.0,-0.0,-0.0,-0.0,-0.0,-0.0,1.0,0.0,0.0,0.0,0.0,0.0,0.0,0.0,0.0,0.0,0.0,0.0,0.0,0.0,0.0,0.0,0.0,0.0,0.0,0.0,0.0,-0.0,-0.0,-0.0,1.0,0.0,0.0,0.0,0.0,0.0,0.0,0.0,0.0,0.0,0.0,0.0,0.0,0.0,0.0,0.0,0.0,0.0,1.0,-0.0,-0.0,-0.0,-0.0,1.0,0.0,0.0,0.0,0.0,0.0,0.0,0.0,0.0,0.0,0.0,0.0,0.0,0.0,0.0,0.0,0.0,0.0,0.0,0.0,0.0,0.0,0.0,0.0,0.0,0.0,0.0,0.0,0.0,0.0,0.0,0.0,0.0,0.0,0.0,0.0,0.0,0.0,0.0,0.0,0.0,0.0,0.0,1.0,-0.0,-0.0,-0.0,-0.0,1.0,0.0,0.0,0.0,0.0,0.0,0.0,0.0,0.0,0.0,0.0,0.0,0.0,0.0,0.0,0.0,0.0,0.0,0.0,1.0,-0.0,-0.0,-0.0,-0.0,-0.0,1.0,0.0,0.0,0.0,0.0,0.0,0.0,0.0,0.0,0.0,0.0,0.0,0.0,0.0,0.0,0.0,0.0,0.0,1.0,-0.0,-0.0,-0.0,-0.0,1.0,0.0,0.0,0.0,0.0,0.0,0.0,0.0,0.0,0.0,0.0,0.0,0.0,0.0,0.0,0.0,0.0,0.0,0.0,0.0,0.0,0.0,0.0,0.0,0.0,0.0,0.0,0.0,0.0,0.0,0.0,0.0,0.0,0.0,0.0,0.0,0.0,0.0,0.0,0.0,0.0,0.0,0.0,0.0,0.0,0.0,0.0,0.0,0.0,0.0,0.0,0.0,0.0,0.0,0.0,0.0,0.0,0.0,0.0,0.0,0.0,0.0,0.0,0.0,0.0,0.0,0.0,0.0,0.0,0.0,0.0,0.0,0.0,0.0,0.0,0.0,0.0,0.0,0.0,0.0,0.0,0.0,0.0,0.0,0.0,0.0,0.0,0.0,0.0,0.0,0.0,0.0,0.0,0.0,0.0,0.0,0.0,0.0,0.0,0.0,0.0,0.0,0.0,0.0,0.0,0.0,0.0,0.0,0.0,0.0,0.0,0.0,0.0,0.0,0.0,1.0,0.0,0.0,0.0,0.0,0.0,0.0,0.0,0.0,0.0,0.0,0.0,0.0,0.0,0.0,0.0,0.0,0.0,0.0,0.0,0.0,0.0,0.0,0.0,0.0,0.0,0.0,0.0,0.0,0.0,0.0,0.0,0.0,0.0,0.0,0.0,0.0,0.0,0.0,0.0,0.0,0.0,0.0,0.0,0.0,0.0,0.0,0.0,0.0,0.0,0.0,0.0,0.0,0.0,0.0,0.0,0.0,0.0,0.0,0.0,0.0,0.0,0.0,0.0,0.0,0.0,0.0,0.0,0.0,0.0,0.0,0.0,1.0,0.0,0.0,0.0,0.0,0.0,0.0,0.0,0.0,0.0,0.0,0.0,0.0,0.0,0.0,0.0,0.0,0.0,0.0,0.0,0.0,0.0,0.0,0.0,0.0,0.0,0.0,0.0,0.0,0.0,0.0,0.0,0.0,0.0,0.0,0.0,0.0,0.0,0.0,0.0,0.0,0.0,0.0,0.0,0.0,0.0,0.0,0.0,0.0,0.0,0.0,0.0,0.0,0.0,0.0,0.0,0.0,0.0,0.0,0.0,0.0,0.0,0.0,0.0,0.0,0.0,0.0,0.0,0.0,0.0,0.0,0.0,1.0,0.0,0.0,0.0,0.0,0.0,0.0,0.0,0.0,0.0,0.0,0.0,0.0,0.0,0.0,0.0,0.0,0.0,0.0,0.0,0.0,0.0,0.0,0.0,1.0,-0.0,-0.0,-0.0,-0.0,1.0,0.0,0.0,0.0,0.0,0.0,0.0,0.0,0.0,0.0,0.0,0.0,0.0,0.0,0.0,0.0,0.0,0.0,0.0,1.0,-0.0,-0.0,-0.0,-0.0,1.0,0.0,0.0,0.0,0.0,0.0,0.0,0.0,0.0,0.0,0.0,0.0,0.0,0.0,0.0,0.0,0.0,0.0,0.0,0.0,0.38727567675851643,0.7745512649423791,0.9999999690180333,0.9999999753789997,0.9999999772844389,0.999999981809784,0.9999999839319689,0.9999999939805162,0.9999999923538186,0.9999999911861234,0.9999999935772779,0.9999999909874999,0.9999999853919493,0.9999999878773642,0.9999999914060848,0.9999999922254502,0.9999999888399946,0.9999999874731866,0.9999999875790244,0.9999999933470851,0.9999999936174849,0.9999999844733973,0.9999999832518046,0.4331286324251131,0.6410748263136624,0.20398412835592178,6.073404041749625e-8,1.731098649677624e-7,0.21775447029333483,0.559629093081577,0.9015035742172708,0.9999999936117759,0.9999999905007229,0.9999999882173872,0.9999999930089164,0.9999999875452256,0.9999999272083758,0.9999999723070796,0.9999999887433034,0.9999999905485495,0.9999999779027828,0.999999969122769,0.9999999703493582,0.999999992646298,0.9999999931037927,0.999999802302009,0.9149684383934589,0.6669435174833117,0.4823297006740056,1.5176736383418178e-8,1.8748281584048567e-8,2.2039222098165002e-8,2.449187013416949e-8,0.0126774106866686,0.5063386920851505,0.9999999904647723,0.9999999858759503,0.9999999796445321,0.99999999093825,0.9999999707117629,0.5176703084929862,0.9999992178648871,0.9999999814499425,0.9999999858177921,0.9999998822394007,0.8106220790364957,0.8931143513483742,0.9646594640093843,0.48232973365897824,0.0,0.0,0.0,0.4569928099926564,0.10416999612474231,0.026906357730150317,0.2113776951525524,0.299417596833332,0.613501390425837,0.7747945218279976,0.9999999933909919,0.9999999896048095,0.9999999865462341,0.9999999926428274,0.9999999857904126,0.9999979670102799,0.9999999586652939,0.9999999874458932,0.9999999895794296,0.9999999695001698,0.9999999503816531,0.9999999532766478,0.9999999922496625,0.9999999927893041,0.8501930409109683,0.7271422164162827,0.706880420717162,0.999999987452826,0.7130638473206061,0.9999999569616947,0.9999999675356337,0.9999999707501506,0.9999999778970743,0.9999999809502734,0.9999999937096812,0.999999991830431,0.9999999904926317,0.9999999932337151,0.9999999901991896,0.9999999830106477,0.9999999863361987,0.9999999907540088,0.9999999915974619,0.9999999874988145,0.9999999857792968,0.9999999859330738,0.9999999929817991,0.9999999932976077,0.9999999817159819,0.9999999800129483,0.9999999941382842,0.9999999904016768,0.9999999680814429,0.9999999829036431,0.9999999844373614,0.9999999850285617,0.9999999867680436,0.9999999877916882,0.9999999941452381,0.9999999928126602,0.9999999920258835,0.9999999938183742,0.9999999918482844,0.999999988468879,0.9999999898361344,0.9999999921885238,0.9999999926732542,0.9999999904522722,0.9999999895997722,0.9999999896621538,0.9999999936275209,0.9999999938357025,0.9999999880415836,0.9999999874498757,0.0,0.0,0.0,0.0,0.0,0.0,0.0,0.0,0.0,0.0,0.0,0.0,0.0,0.0,0.0,0.0,0.0,0.0,0.0,0.0,0.0,0.0,0.0,0.0,0.9999999940322627,0.9999999876290128,0.6633292804160782,0.9999999502272735,0.9999999656298034,0.9999999697591088,0.9999999781453821,0.9999999814851159,0.9999999940487327,0.9999999923049568,0.9999999910282833,0.9999999936291097,0.9999999908069888,0.9999999836824685,0.9999999870637899,0.9999999913269545,0.9999999920826852,0.9999999881747315,0.9999999865130331,0.999999986748248,0.9999999933957987,0.9999999936767486,0.9999999823102749,0.9999999804682328,0.9999999906857617,0.9999999524322906,0.5062586772670797,0.6416329773302406,0.9717196571678087,0.9999995105602355,0.9999998988254429,0.9999999305095797,0.9999999907388212,0.9999999857862973,0.9999999819688666,0.9999999895301829,0.9999999810365431,0.9999999485287826,0.9999999662668569,0.999999982692791,0.9999999854796202,0.9999999708201265,0.9999999638593983,0.9999999645994904,0.9999999889600476,0.999999989781141,0.999999937956724,0.9999999223729507,0.9999999911068276,0.8733337478727711,0.3763181038547236,2.185378570768053e-6,0.23195089873017433,0.3630779064633726,0.7701874853171534,0.9999437207988169,0.9999999911600153,0.999999985877302,0.9999999814856543,0.9999999900263432,0.9999999803699291,0.9999998728146814,0.9999999532465143,0.9999999824401489,0.9999999856930639,0.9999999629611257,0.9999999473292474,0.9999999491639726,0.9940313350322653,0.4970156693939366,0.0,0.0,0.0,0.0,0.0,0.0,0.0,0.0,0.0,0.4625422941281042,0.9250845884865343,0.9999999827140068,0.9999999753316434,0.9999999889588879,0.999999973067898,0.6134248064981241,0.9999997910878634,0.9999999771593086,0.999999982663208,0.9999999012284855,0.9999995772353347,0.9999996623809257,0.8786940155202795,0.43934700998656817,0.0,0.0,0.8905143342540898,0.46653813594732657,0.042561925969887254,3.809375972495747e-8,4.8544211893822285e-8,5.6532581507196966e-8,0.025195632425058866,0.512597774574473,0.9999999883312594,0.9999999795615083,0.9999999686650279,0.9999999879283186,0.9999999527269564,0.5760238451283597,0.8188747266548677,0.9999999716339791,0.9999999797213445,0.9999981946979773,0.719838972670254,0.7446410789370125,0.9999999869333697,0.9999999865816699,0.57602380967638,0.15204771402261863,0.6347272941023855,0.36344495660254267,3.72255136409028e-8,3.9065300762338304e-8,5.010747502229472e-8,5.867904775362593e-8,0.010240481296098489,0.505120195386379,0.9999999884757794,0.9999999798360153,0.999999969419691,0.9999999879594133,0.9999999539371208,0.636555101653598,0.8679672265103286,0.9999999722214031,0.9999999799612648,0.9999994282904878,0.7657223822399982,0.7913287915739095,0.9999999869807983,0.9999999863677183,0.6365550649929969,0.2731102033221593,0.0,0.0,0.0,0.0,0.0,0.0,0.0,0.0,0.4684152596051819,0.8736549398966886,0.4901994505532214,0.9134604486525572,0.5300047155653445,0.14654898284981194,0.0,0.0,0.0,0.0,0.0,0.0,0.0,0.0,0.0,0.0,0.0,0.41641849786216445,0.5835816782398433,0.9999998782445052,0.9999999397666985,0.9999999479641847,0.9999999634145075,0.9999999692846238,0.9999999919230715,0.9999999888438718,0.9999999866090962,0.9999999911397737,0.9999999861056745,0.9999999733423965,0.9999999793532772,0.9999999870206753,0.9999999886196302,0.9999999814670187,0.9999999784215877,0.9999999787158779,0.9999999907525041,0.9999999912796645,0.9999999709012997,0.9999999674578279,0.4995634730125801,0.0,0.0,0.0,0.0,0.0,0.0,0.0,0.0,0.0,0.37956362166349317,0.75912724102053,0.9999999712856527,0.6204366119786541,0.9999995977391115,0.9999999758675635,0.9999999817775694,0.9999998897560582,0.9999994106423713,0.9999995589004521,0.9991269468483039,0.49956347541338664,0.0,0.0,0.4848645590516485,0.3715907002809283,0.0,0.0,0.0,0.0,0.0,0.0,0.0,0.0,0.0,0.0,0.0,0.0,0.0,0.0,0.0,0.0,0.0,0.0,0.0,0.0,0.0,0.0,0.9999999843067873,0.5479457676599975,0.09589154504709402,3.547782623077766e-8,4.315739893269173e-8,4.9090969058511275e-8,0.12710278902668284,0.5635513689583613,0.999999986391901,0.9999999768890551,0.9999999631467023,0.9999999869578127,0.9999999319190535,0.5479457925726982,0.6824787696216315,0.9999999668938563,0.9999999772030408,0.9320587235219276,0.5658466461033064,0.5950539900875894,0.9041084692609457,0.4520542375548565,0.0,0.0,0.8269193977053568,0.4662013820104728,0.10548336791801571,1.4547105095936442e-8,1.6061406481005137e-8,1.744584253520944e-8,0.16985037394487404,0.5683293845724426,0.9668084055698987,0.9999999432078674,0.9655138837949002,0.9999999790963655,0.6392820012647327,0.2785640018370574,0.17733645985350838,0.5758154337770378,0.8716791733121523,0.5109611902481153,0.19714486127780984,0.5956238423734883,0.9941028482955139,0.8556314632843042,0.49491345049116936,0.13419544904584105,0.0,0.0,0.0,0.0,0.0,0.0,0.0,0.38638505603183326,0.7727701131559747,0.9999999773526371,0.9999999629898196,0.7496841128388643,0.3748420574984298,0.0,0.0,0.0,0.0,0.0,0.0,0.0,0.0,0.0,0.0,0.0,0.9899037168002887,0.49495185716982654,0.0,0.0,0.0,0.0,0.0,0.0,0.0,0.0,0.0,0.0,0.0,0.0,0.0,0.0,0.0,0.0,0.0,0.0,0.0,0.0,0.0,0.0,0.9999999718667016,0.6172347495046733,0.23446952769432206,0.0,0.0,0.0,0.0,0.0,0.0,0.0,0.0,0.0,0.0,0.0,0.0,0.0,0.0,0.0,0.0,0.0,0.0,0.0,0.0,0.0,0.0,0.0,0.0,0.0,0.0,0.0,0.0,0.0,0.47522946995852855,0.9504589265106133,0.9999999667437736,0.9999999867010736,0.9999999566143295,0.5920350957144138,0.9999986174669996,0.8159301146334829,0.4079650640251283,0.0,0.0,0.0,0.0,0.0,0.0,0.0,0.0,0.0,0.0,0.0,0.0,0.0,0.0,0.0,0.0,0.4381877355302555,0.8763754595483888,0.9999999879258069,0.9999999732826446,0.999999580375053,0.6735831581173348,0.3367915995554797,0.0,0.0,0.0,0.0,0.0,0.0,0.0,0.0,0.0,0.0,0.0,0.0,0.0,0.0,0.0,0.4653747822109792,0.9307495640496382,0.9999999851569105,0.9999999804565042,0.9999999895339654,0.9999999792429778,0.9999998754443434,0.9999999514694432,0.9999999814689875,0.9999999849350207,0.9999999612482832,0.9999999455516492,0.9999999472775626,0.9999999888877958,0.9999999897950712,0.9999996870317651,0.9664732983205597,0.0,0.0,0.0,0.0,0.0,0.0,0.0,0.3385108210425562,0.6770216398125805,0.999999968129844,0.9999999505992462,0.9999999812771232,0.999999944703102,0.879759523331074,0.9999804474546031,0.9999999548306021,0.9999999676586109,0.9999996139691025,0.980973010003329,0.9860354737580045,0.9999999796281425,0.9999999821581443,0.8340585656558565,0.7988529884530106,0.9999999865198443,0.9272117203277369,0.5698724634923439,0.661323376750698,0.6953986024753639,0.7116644277849796,0.769685041592293,0.7994774205153958,0.9999999866886983,0.9999999674143729,0.9999999437382194,0.9999999836941723,0.9999999317785524,0.8429178971104182,0.9213202906366961,0.9999999516620935,0.9999999682250158,0.9492585158885056,0.9082646385546251,0.9115343691848035,0.9999999820107168,0.9999999844297282,0.8134099083568829,0.7906785255765156,0.9258301743384004,0.9999999522006134,0.6818342780492433,0.8580511643065528,0.9028708158218377,0.924262660699415,0.9999631724566693,0.9999997014375045,0.9999999879061993,0.9999999797148804,0.9999999730375828,0.9999999860702963,0.9999999714420065,0.999999875974562,0.9999999380675344,0.9999999744264433,0.9999999793893024,0.9999999484740476,0.9999999323203442,0.9999999340359418,0.9999999850750368,0.9999999865120216,0.9999997963941226,0.9999995754252936,0.0,0.0,0.0,0.0,0.0,0.0,0.0,0.3549516419923943,0.7099032819195886,0.9999999098461987,0.9974388682793327,0.9999999789026046,0.9674711357006449,0.6887447024214458,0.7693840803776684,0.9999996125118121,0.9999999274570915,0.7981180500922014,0.7559594118316857,0.7593210327386074,0.9999999743716113,0.9999999803915763,0.6583942274609371,0.6350170992917332,0.0,0.34220500805983783,0.684410003314632,0.9999999774078175,0.9999999797549805,0.9999999802082894,0.9999999814635665,0.999999982265353,0.9999999906461692,0.9999999884611164,0.99999998696728,0.9999999899490346,0.9999999867239195,0.9999999829085225,0.9999999842533112,0.9999999871691727,0.9999999882179632,0.9999999850243727,0.999999984019643,0.9999999840967887,0.9999999896732157,0.9999999900342805,0.9999999825736566,0.9999999820057218,0.0,0.0,0.0,0.0,0.0,0.0,0.0,0.4906184632677325,0.9812369242843803,0.9999999841836213,0.9999999809749045,0.9999999873639819,0.9999999804156323,0.9999999677615897,0.9999999729893708,0.9999999815247296,0.9999999837988847,0.999999975172311,0.9999999721335403,0.9999999724477546,0.9999999867856799,0.9999999876345598,0.9999999660003049,0.9999999635488714,0.7880909372029671,0.45742427237737826,0.0,0.0,0.0,0.0,0.0,0.4787617295512644,0.9575234563039178,0.9999999778482722,0.9999999702063085,0.9999999850826035,0.9999999683418019,0.9999998288498734,0.9999999262208745,0.9999999718499669,0.9999999775331988,0.9999999398380808,0.999999918445594,0.9999999208364144,0.999999984024975,0.9999999855509135,0.9999996363407619,0.9999972954792453,0.0,0.0,0.0,0.0,0.0,0.0,0.35615275346804653,0.7123054947763677,0.9999999891519411,0.9999999850427421,0.9999999819784136,0.9999999880421753,0.9999999814337983,0.9999999690809898,0.9999999742272927,0.9999999824923884,0.9999999846651718,0.9999999763315613,0.999999973395048,0.9999999737003563,0.9999999874908276,0.9999999883114291,0.999999967333847,0.9999999647691487,0.9999999910559673,0.9999999845426475,0.9999999677450641,0.9999999761067148,0.9999999774428174,0.9999999780420695,0.9999999798769128,0.9999999810221942,0.9999999910391139,0.9999999886724741,0.9999999869835624,0.9999999903167371,0.9999999867227701,0.999999981873305,0.9999999836662475,0.9999999872181319,0.9999999884000219,0.9999999846018469,0.9999999833580909,0.9999999834759288,0.9999999899726907,0.9999999904342347,0.9999999814196348,0.9999999806293474,0.0,0.0,0.0,0.0,0.0,0.0,0.4601449567173312,0.9202898789160718,0.999999987981758,0.999999981626233,0.9999999767556442,0.9999999864006802,0.9999999757583571,0.999999944361925,0.9999999598575491,0.9999999776915945,0.9999999812296517,0.9999999644454275,0.9999999577338916,0.9999999584272344,0.9999999856012967,0.9999999867940067,0.9999999361778941,0.9999999260338929,0.0,0.0,0.0,0.0,0.0,0.0,0.0,0.49563663789279705,0.9912732730804362,0.9999999809502008,0.9999999755324139,0.9999999863152689,0.9999999743670851,0.9999999305266009,0.9999999539639982,0.9999999766017227,0.9999999805900098,0.999999959942237,0.9999999510050293,0.9999999519110601,0.9999999855032707,0.9999999866781559,0.9999999152871055,0.9999998954500751,0.0,0.0,0.0,0.0,0.0,0.0,0.426252641393223,0.8525052697755716,0.9999999892855259,0.999999985565297,0.9999999828341164,0.999999988231425,0.9999999823707915,0.9999999725531423,0.9999999764862062,0.999999983280138,0.9999999852005332,0.9999999782140729,0.9999999758305232,0.9999999760785707,0.9999999877332162,0.999999988470847,0.9999999713160838,0.9999999695497425,0.9999999922172607,0.9999999866930409,0.9999999712179862,0.9999999791675672,0.999999980410745,0.9999999809454962,0.9999999826036581,0.9999999836253927,0.9999999922086245,0.9999999902164015,0.999999988863718,0.9999999916111751,0.9999999885840878,0.9999999843787357,0.9999999859692719,0.999999989057676,0.9999999899859134,0.9999999867268998,0.999999985663575,0.999999985758237,0.9999999913792912,0.9999999916947128,0.9999999839147,0.999999983276538,0.8940868723553245,0.999999977554894,0.9999998390206857,0.999999946427631,0.9999999538257951,0.9999999566465467,0.9999999640556231,0.9999999676813728,0.9999999896593682,0.9999999856781281,0.9999999827998605,0.9999999885730917,0.9999999822872142,0.9999999705124939,0.9999999754244453,0.9999999832697132,0.9999999853288494,0.9999999774459638,0.9999999746223244,0.9999999749132479,0.9999999880024347,0.9999999887859633,0.9999999688406913,0.9999999665384108,0.6725144726137471,0.9999999238102278,0.6748657414853914,0.8003498614031185,0.832266750635278,0.8474984388351319,0.901842319733745,0.9297493261466295,0.9999999887496248,0.9999999789588216,0.9999999705325351,0.99999998683783,0.9999999675842184,0.970421270500418,0.9999998476175248,0.9999999725998302,0.9999999788040406,0.9999999023914848,0.9999997910547767,0.99999980790026,0.9999999858178527,0.9999999872246277,0.9427932825330202,0.9215032385661928,0.6441161170033234,0.9999999774450793,0.9999999058646863,0.9999999547988957,0.9999999598231664,0.9999999618214431,0.9999999673299955,0.9999999701868039,0.9999999895527939,0.9999999857793544,0.9999999830579493,0.999999988457679,0.9999999825879868,0.9999999724558741,0.9999999765583747,0.9999999835038264,0.9999999854296504,0.9999999783392465,0.9999999758793657,0.999999976132066,0.9999999879596585,0.9999999886976175,0.9999999711662164,0.9999999692107687,0.0,0.4781838597155701,0.9563676992583855,0.9999999776263838,0.9999999790379778,0.9999999796248235,0.9999999814373419,0.9999999825389329,0.9999999918424799,0.9999999896830557,0.99999998815171,0.9999999911870965,0.9999999879259611,0.9999999833703918,0.9999999851010807,0.999999988457089,0.9999999894531154,0.9999999859200202,0.9999999847846084,0.9999999849064533,0.9999999909035526,0.9999999912971969,0.9999999828670513,0.9999999821993729,0.9999999900858647,0.999999977039916,0.9885341688238146,0.9999999295396843,0.9999999432811258,0.9999999480829626,0.9999999596019961,0.9999999644474209,0.9999999900812092,0.9999999859490422,0.9999999829334183,0.99999998898398,0.999999982380107,0.9999999684000186,0.9999999744881729,0.9999999834478845,0.9999999856182551,0.999999976767276,0.9999999735484698,0.9999999739007068,0.9999999884456837,0.999999989203799,0.9999999659712424,0.9999999629899873,0.9999999907753483,0.9999999790812486,0.9927948840041928,0.9999999368407916,0.9999999489688755,0.9999999532105904,0.9999999634256356,0.9999999677812611,0.9999999907852549,0.9999999870475283,0.9999999843280004,0.9999999897779467,0.9999999838409012,0.9999999713098595,0.999999976804477,0.9999999849025007,0.9999999867642618,0.9999999788056769,0.999999975874961,0.9999999761194521,0.9999999893098102,0.9999999900064985,0.9999999692206478,0.9999999663831689,0.0,0.40058435055862324,0.8011686863104421,0.9999999789168962,0.9999999802131868,0.9999999807048982,0.999999982208052,0.9999999831597051,0.9999999917233852,0.999999989652301,0.9999999881877772,0.9999999910783471,0.9999999879732978,0.9999999838632058,0.9999999853721062,0.9999999883937899,0.9999999894103034,0.9999999861547276,0.9999999850994099,0.9999999851798703,0.9999999908294547,0.9999999911946136,0.9999999834802716,0.9999999828241375,0.8760993985837053,0.9999999897557869,0.9999999853314497,0.9999999871213561,0.999999987469271,0.9999999876198596,0.9999999881551321,0.9999999885655618,0.9999999928520836,0.9999999916670258,0.9999999907991797,0.9999999924434206,0.9999999906948454,0.999999988813864,0.9999999894684922,0.9999999909032692,0.9999999914956414,0.9999999898543305,0.9999999893555678,0.9999999894151208,0.999999992319654,0.9999999924927523,0.9999999886868307,0.9999999884290359,0.7170052721851871,0.9999999882184338,0.9999999831847219,0.9999999852355689,0.9999999856493036,0.9999999858288412,0.9999999864691982,0.9999999869393099,0.9999999922704926,0.9999999906929693,0.9999999896496359,0.9999999916931115,0.9999999894948707,0.999999987217393,0.9999999879865143,0.9999999897422895,0.9999999905522569,0.9999999884582553,0.9999999878490922,0.9999999878679307,0.9999999914454317,0.999999991799746,0.9999999871136501,0.9999999867738673,0.0,0.49661597908166666,0.9932319433182067,0.9999999802109875,0.9999999811229031,0.9999999814844979,0.9999999826999242,0.9999999835168643,0.9999999913752938,0.9999999893867384,0.9999999879526702,0.9999999907153506,0.9999999877515223,0.9999999840957939,0.9999999854136994,0.9999999881577013,0.9999999891406262,0.999999986137767,0.9999999851894642,0.9999999852918298,0.9999999905064536,0.9999999908316833,0.9999999837671647,0.999999983242713,0.0,0.0,0.0,0.0,0.0,0.0,0.3952593469565121,0.7905186847420836,0.9999999913122298,0.9999999884967687,0.9999999864556451,0.9999999905369137,0.9999999861258666,0.9999999786830007,0.9999999816970634,0.9999999868760873,0.9999999882410046,0.9999999829788828,0.9999999811718637,0.9999999813658853,0.9999999901616277,0.9999999906897887,0.9999999777015687,0.9999999763917878,0.0,0.0,0.0,0.0,0.0,0.0,0.39025253497256146,0.7805050307027049,0.9999999883607219,0.9999999794958639,0.9999999718179825,0.999999986516833,0.9999999698222094,0.9999994900033076,0.9999999137903703,0.9999999737732573,0.9999999792899744,0.9999999336473431,0.9999999003773301,0.9999999041731388,0.9999999855098131,0.9999999869924582,0.9833308024327688,0.9548456238487967,1.0,1.0,1.0,1.0,1.0,1.0,1.0,1.0,1.0,1.0,1.0,1.0,1.0,1.0,1.0,1.0,1.0,1.0,1.0,1.0,1.0,1.0,1.0,1.0,1.0,1.0,1.0,1.0,1.0,1.0,1.0,1.0,1.0,1.0,1.0,1.0,1.0,1.0,1.0,1.0,1.0,1.0,1.0,1.0,1.0,1.0,1.0,1.0,1.0,1.0,1.0,1.0,1.0,1.0,1.0,1.0,1.0,1.0,1.0,1.0,1.0,1.0,1.0,1.0,1.0,1.0,1.0,1.0,1.0,1.0,1.0,-0.0,1.0,1.0,1.0,1.0,1.0,1.0,1.0,1.0,1.0,1.0,1.0,1.0,1.0,1.0,1.0,1.0,1.0,1.0,1.0,1.0,1.0,1.0,1.0,1.0,1.0,1.0,1.0,1.0,1.0,1.0,1.0,1.0,1.0,1.0,1.0,1.0,1.0,1.0,1.0,1.0,1.0,1.0,1.0,1.0,1.0,1.0,1.0,1.0,1.0,1.0,1.0,1.0,1.0,1.0,1.0,1.0,1.0,1.0,1.0,1.0,1.0,1.0,1.0,1.0,1.0,1.0,1.0,1.0,1.0,1.0,1.0,1.0,-0.0,-0.0,-0.0,-0.0,-0.0,-0.0,-0.0,-0.0,-0.0,-0.0,-0.0,-0.0,-0.0,-0.0,-0.0,-0.0,-0.0,-0.0,-0.0,-0.0,-0.0,-0.0,-0.0,-0.0,1.0,1.0,1.0,1.0,1.0,1.0,1.0,1.0,1.0,1.0,1.0,1.0,1.0,1.0,1.0,1.0,1.0,1.0,1.0,1.0,1.0,1.0,1.0,1.0,1.0,1.0,1.0,1.0,1.0,1.0,1.0,1.0,1.0,1.0,1.0,1.0,1.0,1.0,1.0,1.0,1.0,1.0,1.0,1.0,1.0,1.0,1.0,1.0,1.0,1.0,1.0,1.0,1.0,1.0,1.0,1.0,1.0,1.0,1.0,1.0,1.0,1.0,1.0,1.0,1.0,1.0,1.0,1.0,1.0,1.0,1.0,-0.0,-0.0,-0.0,-0.0,-0.0,-0.0,-0.0,1.0,1.0,1.0,1.0,1.0,1.0,1.0,1.0,1.0,1.0,1.0,1.0,1.0,1.0,1.0,1.0,1.0,-0.0,1.0,1.0,1.0,1.0,1.0,1.0,1.0,1.0,1.0,1.0,1.0,1.0,1.0,1.0,1.0,1.0,1.0,1.0,1.0,1.0,1.0,1.0,1.0,1.0,1.0,1.0,1.0,1.0,1.0,1.0,1.0,1.0,1.0,1.0,1.0,1.0,1.0,1.0,1.0,1.0,1.0,1.0,1.0,1.0,1.0,1.0,1.0,1.0,-0.0,-0.0,-0.0,-0.0,-0.0,-0.0,-0.0,1.0,1.0,1.0,1.0,1.0,1.0,1.0,1.0,-0.0,-0.0,-0.0,-0.0,-0.0,-0.0,-0.0,-0.0,-0.0,1.0,1.0,1.0,1.0,1.0,1.0,1.0,1.0,1.0,1.0,1.0,1.0,1.0,1.0,1.0,1.0,1.0,1.0,1.0,1.0,1.0,1.0,1.0,1.0,1.0,1.0,-0.0,-0.0,-0.0,-0.0,-0.0,-0.0,-0.0,1.0,1.0,1.0,1.0,1.0,1.0,1.0,1.0,1.0,1.0,1.0,1.0,1.0,1.0,-0.0,1.0,1.0,1.0,-0.0,-0.0,-0.0,-0.0,-0.0,-0.0,-0.0,-0.0,-0.0,-0.0,-0.0,-0.0,-0.0,-0.0,-0.0,-0.0,-0.0,-0.0,-0.0,-0.0,-0.0,1.0,1.0,1.0,1.0,1.0,1.0,1.0,1.0,1.0,1.0,1.0,1.0,1.0,1.0,1.0,1.0,1.0,1.0,1.0,1.0,1.0,1.0,1.0,-0.0,1.0,1.0,1.0,1.0,1.0,1.0,1.0,1.0,1.0,1.0,1.0,1.0,1.0,1.0,1.0,1.0,1.0,1.0,1.0,1.0,1.0,1.0,1.0,1.0,-0.0,-0.0,-0.0,-0.0,-0.0,-0.0,1.0,1.0,1.0,1.0,1.0,1.0,1.0,1.0,-0.0,-0.0,-0.0,-0.0,-0.0,-0.0,-0.0,-0.0,-0.0,-0.0,1.0,1.0,1.0,-0.0,-0.0,-0.0,-0.0,-0.0,-0.0,-0.0,-0.0,-0.0,-0.0,-0.0,-0.0,-0.0,-0.0,-0.0,-0.0,-0.0,-0.0,-0.0,-0.0,-0.0,1.0,1.0,1.0,1.0,-0.0,-0.0,-0.0,-0.0,-0.0,-0.0,-0.0,-0.0,-0.0,-0.0,-0.0,-0.0,-0.0,-0.0,-0.0,-0.0,-0.0,-0.0,-0.0,-0.0,-0.0,-0.0,-0.0,-0.0,-0.0,-0.0,-0.0,1.0,1.0,1.0,1.0,1.0,1.0,1.0,1.0,1.0,1.0,1.0,-0.0,-0.0,-0.0,-0.0,-0.0,-0.0,-0.0,-0.0,-0.0,-0.0,-0.0,-0.0,-0.0,-0.0,1.0,1.0,1.0,1.0,1.0,1.0,1.0,1.0,1.0,-0.0,-0.0,-0.0,-0.0,-0.0,-0.0,-0.0,-0.0,-0.0,-0.0,-0.0,-0.0,-0.0,1.0,1.0,1.0,1.0,1.0,1.0,1.0,1.0,1.0,1.0,1.0,1.0,1.0,1.0,1.0,1.0,1.0,1.0,1.0,-0.0,-0.0,-0.0,-0.0,-0.0,1.0,1.0,1.0,1.0,1.0,1.0,1.0,1.0,1.0,1.0,1.0,1.0,1.0,1.0,1.0,1.0,1.0,1.0,1.0,1.0,1.0,1.0,1.0,1.0,1.0,1.0,1.0,1.0,1.0,1.0,1.0,1.0,1.0,1.0,1.0,1.0,1.0,1.0,1.0,1.0,1.0,1.0,1.0,1.0,1.0,1.0,1.0,1.0,1.0,1.0,1.0,1.0,1.0,1.0,1.0,1.0,1.0,1.0,1.0,1.0,1.0,1.0,1.0,1.0,1.0,1.0,1.0,-0.0,-0.0,-0.0,-0.0,-0.0,1.0,1.0,1.0,1.0,1.0,1.0,1.0,1.0,1.0,1.0,1.0,1.0,1.0,1.0,1.0,1.0,1.0,1.0,1.0,1.0,1.0,1.0,1.0,1.0,1.0,1.0,1.0,1.0,1.0,1.0,1.0,1.0,1.0,1.0,1.0,1.0,1.0,1.0,1.0,1.0,1.0,1.0,1.0,-0.0,-0.0,-0.0,-0.0,-0.0,1.0,1.0,1.0,1.0,1.0,1.0,1.0,1.0,1.0,1.0,1.0,1.0,1.0,1.0,1.0,1.0,1.0,1.0,1.0,1.0,1.0,-0.0,-0.0,-0.0,1.0,1.0,1.0,1.0,1.0,1.0,1.0,1.0,1.0,1.0,1.0,1.0,1.0,1.0,1.0,1.0,1.0,1.0,1.0,-0.0,-0.0,-0.0,-0.0,1.0,1.0,1.0,1.0,1.0,1.0,1.0,1.0,1.0,1.0,1.0,1.0,1.0,1.0,1.0,1.0,1.0,1.0,1.0,1.0,1.0,1.0,1.0,1.0,1.0,1.0,1.0,1.0,1.0,1.0,1.0,1.0,1.0,1.0,1.0,1.0,1.0,1.0,1.0,1.0,1.0,1.0,1.0,1.0,-0.0,-0.0,-0.0,-0.0,1.0,1.0,1.0,1.0,1.0,1.0,1.0,1.0,1.0,1.0,1.0,1.0,1.0,1.0,1.0,1.0,1.0,1.0,1.0,1.0,-0.0,-0.0,-0.0,-0.0,-0.0,1.0,1.0,1.0,1.0,1.0,1.0,1.0,1.0,1.0,1.0,1.0,1.0,1.0,1.0,1.0,1.0,1.0,1.0,1.0,-0.0,-0.0,-0.0,-0.0,1.0,1.0,1.0,1.0,1.0,1.0,1.0,1.0,1.0,1.0,1.0,1.0,1.0,1.0,1.0,1.0,1.0,1.0,1.0,1.0,1.0,1.0,1.0,1.0,1.0,1.0,1.0,1.0,1.0,1.0,1.0,1.0,1.0,1.0,1.0,1.0,1.0,1.0,1.0,1.0,1.0,1.0,1.0,1.0,1.0,1.0,1.0,1.0,1.0,1.0,1.0,1.0,1.0,1.0,1.0,1.0,1.0,1.0,1.0,1.0,1.0,1.0,1.0,1.0,1.0,1.0,1.0,1.0,1.0,1.0,1.0,1.0,1.0,1.0,1.0,1.0,1.0,1.0,1.0,1.0,1.0,1.0,1.0,1.0,1.0,1.0,1.0,1.0,1.0,1.0,1.0,1.0,1.0,1.0,1.0,1.0,1.0,1.0,1.0,1.0,1.0,1.0,1.0,1.0,1.0,1.0,1.0,1.0,1.0,1.0,1.0,1.0,1.0,1.0,1.0,1.0,1.0,1.0,1.0,1.0,1.0,1.0,1.0,1.0,1.0,1.0,1.0,1.0,1.0,1.0,1.0,1.0,1.0,1.0,1.0,1.0,1.0,1.0,1.0,1.0,1.0,1.0,1.0,1.0,1.0,1.0,1.0,1.0,1.0,1.0,1.0,1.0,1.0,1.0,1.0,1.0,1.0,1.0,1.0,1.0,1.0,1.0,1.0,1.0,1.0,1.0,1.0,1.0,1.0,1.0,1.0,1.0,1.0,1.0,1.0,1.0,1.0,1.0,1.0,1.0,1.0,1.0,1.0,1.0,1.0,1.0,1.0,1.0,1.0,1.0,1.0,1.0,1.0,1.0,1.0,1.0,1.0,1.0,1.0,1.0,1.0,1.0,1.0,1.0,1.0,1.0,1.0,1.0,1.0,1.0,1.0,1.0,1.0,1.0,1.0,1.0,1.0,1.0,1.0,1.0,1.0,1.0,1.0,1.0,1.0,1.0,1.0,1.0,1.0,1.0,1.0,1.0,1.0,1.0,1.0,1.0,1.0,1.0,1.0,1.0,1.0,1.0,1.0,1.0,1.0,1.0,1.0,1.0,1.0,1.0,1.0,1.0,1.0,1.0,1.0,1.0,1.0,1.0,1.0,1.0,1.0,1.0,1.0,1.0,1.0,1.0,1.0,1.0,1.0,1.0,1.0,1.0,1.0,1.0,1.0,1.0,1.0,1.0,1.0,1.0,1.0,1.0,1.0,1.0,-0.0,-0.0,-0.0,-0.0,1.0,1.0,1.0,1.0,1.0,1.0,1.0,1.0,1.0,1.0,1.0,1.0,1.0,1.0,1.0,1.0,1.0,1.0,1.0,1.0,-0.0,-0.0,-0.0,-0.0,1.0,1.0,1.0,1.0,1.0,1.0,1.0,1.0,1.0,1.0,1.0,1.0,1.0,1.0,1.0,1.0,1.0,1.0,1.0,474.191048,-0.0,-0.0,-0.0,-0.0,-0.0,-0.0,-0.0,-0.0,-0.0,-0.0,-0.0,-0.0,-0.0,-0.0,-0.0,-0.0,-0.0,-0.0,-0.0,-0.0,-0.0,-0.0,-0.0,-0.0,-0.0,-0.0,-0.0,-0.0,-0.0,-0.0,-0.0,-0.0,-0.0,-0.0,-0.0,-0.0,-0.0,-0.0,-0.0,-0.0,-0.0,-0.0,-0.0,-0.0,-0.0,-0.0,-0.0,-0.0,-0.0,-0.0,-0.0,-0.0,-0.0,-0.0,-0.0,-0.0,-0.0,-0.0,-0.0,-0.0,-0.0,-0.0,-0.0,-0.0,-0.0,-0.0,-0.0,-0.0,-0.0,-0.0,0.0,456.089138,-0.0,-0.0,-0.0,-0.0,-0.0,-0.0,-0.0,-0.0,-0.0,-0.0,-0.0,-0.0,-0.0,-0.0,-0.0,-0.0,-0.0,-0.0,-0.0,-0.0,-0.0,-0.0,-0.0,-0.0,-0.0,-0.0,-0.0,-0.0,-0.0,-0.0,-0.0,-0.0,-0.0,-0.0,-0.0,-0.0,-0.0,-0.0,-0.0,-0.0,-0.0,-0.0,-0.0,-0.0,-0.0,-0.0,-0.0,-0.0,-0.0,-0.0,-0.0,-0.0,-0.0,-0.0,-0.0,-0.0,-0.0,-0.0,-0.0,-0.0,-0.0,-0.0,-0.0,-0.0,-0.0,-0.0,-0.0,-0.0,-0.0,-0.0,-0.0,-0.0,-0.0,-0.0,-0.0,-0.0,-0.0,-0.0,-0.0,-0.0,-0.0,-0.0,-0.0,-0.0,-0.0,-0.0,-0.0,-0.0,-0.0,-0.0,-0.0,-0.0,-0.0,-0.0,-0.0,-0.0,-0.0,-0.0,-0.0,-0.0,-0.0,-0.0,-0.0,-0.0,-0.0,-0.0,-0.0,-0.0,-0.0,-0.0,-0.0,-0.0,-0.0,-0.0,-0.0,-0.0,-0.0,-0.0,-0.0,-0.0,-0.0,-0.0,-0.0,-0.0,-0.0,-0.0,-0.0,-0.0,-0.0,-0.0,-0.0,-0.0,-0.0,-0.0,-0.0,-0.0,-0.0,-0.0,-0.0,-0.0,-0.0,-0.0,-0.0,-0.0,-0.0,-0.0,-0.0,-0.0,-0.0,-0.0,-0.0,-0.0,-0.0,-0.0,-0.0,-0.0,-0.0,-0.0,-0.0,-0.0,-0.0,-0.0,-0.0,-0.0,-0.0,-0.0,0.0,-0.0,-0.0,-0.0,-0.0,-0.0,-0.0,290.650191,-0.0,-0.0,-0.0,-0.0,-0.0,-0.0,-0.0,-0.0,-0.0,-0.0,-0.0,-0.0,-0.0,-0.0,-0.0,-0.0,0.0,-0.0,-0.0,-0.0,-0.0,-0.0,-0.0,-0.0,-0.0,-0.0,-0.0,-0.0,-0.0,-0.0,-0.0,-0.0,-0.0,-0.0,-0.0,-0.0,-0.0,-0.0,-0.0,-0.0,-0.0,-0.0,-0.0,-0.0,-0.0,-0.0,-0.0,-0.0,-0.0,-0.0,-0.0,-0.0,-0.0,-0.0,-0.0,-0.0,-0.0,-0.0,-0.0,-0.0,-0.0,-0.0,-0.0,-0.0,-0.0,-0.0,-0.0,-0.0,-0.0,-0.0,-0.0,-0.0,284.025581,-0.0,-0.0,-0.0,-0.0,-0.0,-0.0,-0.0,0.0,-0.0,-0.0,-0.0,-0.0,-0.0,-0.0,-0.0,-0.0,287.013107,-0.0,-0.0,-0.0,-0.0,-0.0,-0.0,-0.0,-0.0,-0.0,-0.0,-0.0,-0.0,-0.0,-0.0,-0.0,-0.0,-0.0,-0.0,-0.0,-0.0,-0.0,-0.0,-0.0,-0.0,-0.0,0.0,-0.0,-0.0,-0.0,-0.0,-0.0,-0.0,264.132305,-0.0,-0.0,-0.0,-0.0,-0.0,-0.0,-0.0,-0.0,-0.0,-0.0,-0.0,-0.0,-0.0,0.0,-0.0,-0.0,-0.0,0.0,-0.0,-0.0,-0.0,-0.0,-0.0,-0.0,-0.0,-0.0,-0.0,-0.0,-0.0,-0.0,-0.0,-0.0,-0.0,-0.0,-0.0,-0.0,-0.0,-0.0,-0.0,-0.0,-0.0,-0.0,-0.0,-0.0,-0.0,-0.0,-0.0,-0.0,-0.0,-0.0,-0.0,-0.0,-0.0,-0.0,-0.0,-0.0,-0.0,-0.0,-0.0,-0.0,-0.0,0.0,-0.0,-0.0,-0.0,-0.0,-0.0,-0.0,-0.0,-0.0,-0.0,-0.0,-0.0,-0.0,-0.0,-0.0,-0.0,-0.0,-0.0,-0.0,-0.0,-0.0,-0.0,-0.0,-0.0,-0.0,-0.0,-0.0,-0.0,-0.0,-0.0,-0.0,277.905529,-0.0,-0.0,-0.0,-0.0,-0.0,-0.0,-0.0,0.0,-0.0,-0.0,-0.0,-0.0,-0.0,-0.0,-0.0,-0.0,-0.0,-0.0,-0.0,-0.0,0.0,-0.0,-0.0,-0.0,-0.0,-0.0,-0.0,-0.0,-0.0,-0.0,-0.0,-0.0,-0.0,-0.0,-0.0,-0.0,-0.0,-0.0,-0.0,-0.0,-0.0,-0.0,-0.0,-0.0,-0.0,0.0,-0.0,-0.0,-0.0,-0.0,-0.0,-0.0,-0.0,-0.0,-0.0,-0.0,-0.0,-0.0,-0.0,-0.0,-0.0,-0.0,-0.0,-0.0,-0.0,-0.0,-0.0,-0.0,-0.0,-0.0,-0.0,-0.0,255.65477,-0.0,-0.0,-0.0,-0.0,-0.0,-0.0,-0.0,-0.0,-0.0,-0.0,0.0,-0.0,-0.0,-0.0,-0.0,-0.0,-0.0,-0.0,-0.0,-0.0,-0.0,-0.0,-0.0,-0.0,271.509194,-0.0,-0.0,-0.0,-0.0,-0.0,-0.0,-0.0,-0.0,0.0,-0.0,-0.0,-0.0,-0.0,-0.0,-0.0,-0.0,-0.0,-0.0,-0.0,-0.0,-0.0,295.311494,-0.0,-0.0,-0.0,-0.0,-0.0,-0.0,-0.0,-0.0,-0.0,-0.0,-0.0,-0.0,-0.0,-0.0,-0.0,-0.0,-0.0,151.933691,0.0,-0.0,-0.0,-0.0,-0.0,151.933691,-0.0,-0.0,-0.0,-0.0,-0.0,-0.0,-0.0,-0.0,-0.0,-0.0,-0.0,-0.0,-0.0,-0.0,-0.0,-0.0,-0.0,-0.0,-0.0,-0.0,-0.0,-0.0,-0.0,-0.0,-0.0,-0.0,-0.0,-0.0,-0.0,-0.0,-0.0,-0.0,-0.0,-0.0,-0.0,-0.0,-0.0,-0.0,-0.0,-0.0,-0.0,-0.0,-0.0,-0.0,-0.0,-0.0,-0.0,-0.0,-0.0,-0.0,-0.0,-0.0,-0.0,-0.0,-0.0,-0.0,-0.0,-0.0,-0.0,-0.0,-0.0,-0.0,-0.0,-0.0,-0.0,185.420284,0.0,-0.0,-0.0,-0.0,-0.0,185.420284,-0.0,-0.0,-0.0,-0.0,-0.0,-0.0,-0.0,-0.0,-0.0,-0.0,-0.0,-0.0,-0.0,-0.0,-0.0,-0.0,-0.0,175.772332,-0.0,-0.0,-0.0,-0.0,-0.0,-0.0,-0.0,-0.0,-0.0,-0.0,-0.0,-0.0,-0.0,-0.0,-0.0,-0.0,-0.0,-0.0,-0.0,-0.0,-0.0,-0.0,-0.0,159.278735,0.0,-0.0,-0.0,-0.0,-0.0,159.278735,-0.0,-0.0,-0.0,-0.0,-0.0,-0.0,-0.0,-0.0,-0.0,-0.0,-0.0,-0.0,-0.0,-0.0,-0.0,-0.0,-0.0,-0.0,-0.0,-0.0,0.0,-0.0,-0.0,163.170455,-0.0,-0.0,-0.0,-0.0,-0.0,-0.0,-0.0,-0.0,-0.0,-0.0,-0.0,-0.0,-0.0,-0.0,-0.0,-0.0,-0.0,157.634566,0.0,-0.0,-0.0,-0.0,157.634566,-0.0,-0.0,-0.0,-0.0,-0.0,-0.0,-0.0,-0.0,-0.0,-0.0,-0.0,-0.0,-0.0,-0.0,-0.0,-0.0,-0.0,-0.0,-0.0,-0.0,-0.0,-0.0,-0.0,-0.0,-0.0,-0.0,-0.0,-0.0,-0.0,-0.0,-0.0,-0.0,-0.0,-0.0,-0.0,-0.0,-0.0,-0.0,-0.0,-0.0,-0.0,-0.0,169.887341,0.0,-0.0,-0.0,-0.0,169.887341,-0.0,-0.0,-0.0,-0.0,-0.0,-0.0,-0.0,-0.0,-0.0,-0.0,-0.0,-0.0,-0.0,-0.0,-0.0,-0.0,-0.0,-0.0,181.481869,0.0,-0.0,-0.0,-0.0,-0.0,181.481869,-0.0,-0.0,-0.0,-0.0,-0.0,-0.0,-0.0,-0.0,-0.0,-0.0,-0.0,-0.0,-0.0,-0.0,-0.0,-0.0,-0.0,155.594262,0.0,-0.0,-0.0,-0.0,155.594262,-0.0,-0.0,-0.0,-0.0,-0.0,-0.0,-0.0,-0.0,-0.0,-0.0,-0.0,-0.0,-0.0,-0.0,-0.0,-0.0,-0.0,-0.0,-0.0,-0.0,-0.0,-0.0,-0.0,-0.0,-0.0,-0.0,-0.0,-0.0,-0.0,-0.0,-0.0,-0.0,-0.0,-0.0,-0.0,-0.0,-0.0,-0.0,-0.0,-0.0,-0.0,-0.0,-0.0,-0.0,-0.0,-0.0,-0.0,-0.0,-0.0,-0.0,-0.0,-0.0,-0.0,-0.0,-0.0,-0.0,-0.0,-0.0,-0.0,-0.0,-0.0,-0.0,-0.0,-0.0,-0.0,-0.0,-0.0,-0.0,-0.0,-0.0,-0.0,-0.0,-0.0,-0.0,-0.0,-0.0,-0.0,-0.0,-0.0,-0.0,-0.0,-0.0,-0.0,-0.0,-0.0,-0.0,-0.0,-0.0,-0.0,-0.0,-0.0,-0.0,-0.0,-0.0,-0.0,-0.0,-0.0,-0.0,-0.0,-0.0,-0.0,-0.0,-0.0,-0.0,-0.0,-0.0,-0.0,-0.0,-0.0,-0.0,-0.0,-0.0,-0.0,-0.0,169.327308,-0.0,-0.0,-0.0,-0.0,-0.0,-0.0,-0.0,-0.0,-0.0,-0.0,-0.0,-0.0,-0.0,-0.0,-0.0,-0.0,-0.0,-0.0,-0.0,-0.0,-0.0,-0.0,-0.0,-0.0,-0.0,-0.0,-0.0,-0.0,-0.0,-0.0,-0.0,-0.0,-0.0,-0.0,-0.0,-0.0,-0.0,-0.0,-0.0,-0.0,-0.0,-0.0,-0.0,-0.0,-0.0,-0.0,-0.0,-0.0,-0.0,-0.0,-0.0,-0.0,-0.0,-0.0,-0.0,-0.0,-0.0,-0.0,-0.0,-0.0,-0.0,-0.0,-0.0,-0.0,-0.0,-0.0,-0.0,-0.0,-0.0,-0.0,-0.0,156.471825,-0.0,-0.0,-0.0,-0.0,-0.0,-0.0,-0.0,-0.0,-0.0,-0.0,-0.0,-0.0,-0.0,-0.0,-0.0,-0.0,-0.0,-0.0,-0.0,-0.0,-0.0,-0.0,-0.0,-0.0,-0.0,-0.0,-0.0,-0.0,-0.0,-0.0,-0.0,-0.0,-0.0,-0.0,-0.0,-0.0,-0.0,-0.0,-0.0,-0.0,-0.0,-0.0,-0.0,-0.0,-0.0,-0.0,-0.0,-0.0,-0.0,-0.0,-0.0,-0.0,-0.0,-0.0,-0.0,-0.0,-0.0,-0.0,-0.0,-0.0,-0.0,-0.0,-0.0,-0.0,-0.0,-0.0,-0.0,-0.0,-0.0,-0.0,-0.0,143.529319,-0.0,-0.0,-0.0,-0.0,-0.0,-0.0,-0.0,-0.0,-0.0,-0.0,-0.0,-0.0,-0.0,-0.0,-0.0,-0.0,-0.0,-0.0,-0.0,-0.0,-0.0,-0.0,-0.0,168.586547,0.0,-0.0,-0.0,-0.0,168.586547,-0.0,-0.0,-0.0,-0.0,-0.0,-0.0,-0.0,-0.0,-0.0,-0.0,-0.0,-0.0,-0.0,-0.0,-0.0,-0.0,-0.0,-0.0,194.511403,0.0,-0.0,-0.0,-0.0,194.511403,-0.0,-0.0,-0.0,-0.0,-0.0,-0.0,-0.0,-0.0,-0.0,-0.0,-0.0,-0.0,-0.0,-0.0,-0.0,-0.0,-0.0,-0.0,-4.301461014725882e-8,0.07499117389861083,0.29996476841361935,0.4999998955554063,0.49999990177475034,0.4999999036632482,0.49999990814788314,0.49999991020337464,0.49999992022460527,0.499999918592468,0.4999999174284493,0.4999999198217624,0.4999999172353753,0.49999991167363605,0.4999999141300618,0.49999991764880686,0.499999918465995,0.49999991507716934,0.49999991372379143,0.49999991382974557,0.4999999195901972,0.49999991985694614,0.49999991073214844,0.4999999095327227,0.093800162849711,0.20548841692358852,0.020804722865386566,-2.5921771716648066e-8,-2.553507297478784e-8,0.0237084642509507,0.15659231345157087,0.4063542869996637,0.4999999286345825,0.49999992551172584,0.4999999232446963,0.4999999280289846,0.49999992257371517,0.49999986224657705,0.49999990733207317,0.4999999237675705,0.49999992556524386,0.49999991290638596,0.4999999041603433,0.4999999053961825,0.49999992766505363,0.4999999281190906,0.49999973674019366,0.4185835610345154,0.22240681752499458,0.1163209661403224,6.900099652561472e-8,6.894534139437889e-8,6.89470892412514e-8,6.898366648020743e-8,8.035870257527807e-5,0.12818943057900506,0.4999999643091789,0.4999999597044836,0.4999999534890197,0.4999999647840268,0.49999994457437874,0.13399126857587712,0.4999991851500595,0.4999999553078154,0.4999999596486058,0.4999998558148491,0.3285540595191198,0.39882660109407253,0.4652839165288732,0.11632098224945304,6.895977136160165e-8,6.895977148889484e-8,-4.630800224135643e-8,0.104421159663003,0.005425644528228202,0.00036192623786555266,0.022340214590659623,0.044825395707144326,0.18819191882096442,0.30015320842622223,0.49999991755823475,0.49999991374597846,0.4999999106921023,0.49999991680688577,0.49999990995417937,0.4999978901655879,0.4999998828098838,0.49999991160658364,0.4999999137227811,0.4999998936098586,0.49999987452805295,0.49999987742010643,0.4999999164156473,0.49999991694495716,0.36141403466074223,0.2643678382015437,0.24983990810160842,0.49999991764238916,0.2542299681775027,0.4999998873469506,0.49999989787683025,0.4999999010829314,0.4999999081614333,0.4999999111242058,0.49999992384530845,0.4999999219603885,0.49999992063351834,0.49999992336829785,0.49999992034017415,0.4999999131911822,0.49999991648664444,0.4999999208944924,0.49999992172451097,0.4999999176257195,0.4999999159218761,0.49999991607923977,0.49999992311515906,0.49999992342920163,0.49999991187288806,0.49999991018987794,0.49999994732764236,0.4999999436796631,0.49999992193967807,0.49999993644295015,0.49999993792197867,0.4999999385176835,0.4999999401812449,0.4999999410678849,0.4999999473349164,0.4999999459999995,0.49999994523200014,0.4999999470058037,0.49999994505440004,0.49999994175753504,0.4999999430594155,0.4999999453925936,0.49999994586234353,0.4999999436502776,0.49999994282275356,0.49999994288725835,0.49999994681222554,0.49999994702577716,0.4999999412878676,0.499999940737229,3.5427662759129388e-9,3.5427662759129388e-9,3.5427662759129388e-9,3.5427662759129388e-9,3.5427662759129388e-9,3.5427662759129388e-9,3.5427662759129388e-9,3.5427662759129388e-9,3.5427662759129388e-9,3.5427662759129388e-9,3.5427662759129388e-9,3.5427662759129388e-9,3.5427662759129388e-9,3.5427662759129388e-9,3.5427662759129388e-9,3.5427662759129388e-9,3.5427662759129388e-9,3.5427662759129388e-9,3.5427662759129388e-9,3.5427662759129388e-9,3.5427662759129388e-9,3.5427662759129388e-9,3.5427662759129388e-9,3.5427662759129388e-9,0.49999992471484195,0.49999991835803437,0.2200028125002945,0.49999988118500854,0.49999989652689136,0.49999990063817557,0.4999999089491169,0.49999991220394274,0.4999999247314126,0.49999992298167756,0.4999999217104591,0.49999992431092405,0.4999999214946918,0.4999999144078848,0.4999999177613509,0.4999999220140868,0.4999999227558742,0.4999999188475198,0.49999991720399456,0.4999999174480716,0.4999999240760653,0.49999992435493873,0.4999999130122088,0.49999991119015347,0.49999994409701143,0.4999999060469771,0.12814889802110588,0.20584640119838588,0.472119495546847,0.49999946377656534,0.49999985300342265,0.4999998840946665,0.4999999441474594,0.4999999391832459,0.4999999353991947,0.4999999429390779,0.4999999344776446,0.4999999021893729,0.4999999197574289,0.499999936117209,0.4999999388851307,0.499999924195763,0.4999999173446314,0.499999918081612,0.4999999423627241,0.4999999431864607,0.4999998914541476,0.4999998760899593,0.49999992867563126,0.3813558613898064,0.07080761807016511,-2.0576955663471238e-8,0.02690057252074551,0.06591274258032723,0.2965943255989092,0.49994364566828703,0.49999992872811766,0.499999923431939,0.49999991906210417,0.4999999275926839,0.49999991795623355,0.49999981043741215,0.4999998908369183,0.49999992001238686,0.49999992325482195,0.49999990049800286,0.499999884919254,0.4999998867507775,0.4940490853939848,0.12351224554212109,-2.047989795848742e-8,-2.0479897585755423e-8,-1.962379801223261e-8,-1.962379801223261e-8,-1.962379801223261e-8,-1.962379801223261e-8,-1.962379801223261e-8,-1.962379801223261e-8,-1.9623797872159636e-8,0.10697264595628292,0.4278906897093626,0.49999992064148796,0.4999999132770663,0.4999999269040436,0.49999991102886265,0.18814494675941504,0.49999972850434826,0.49999991509824404,0.4999999205996119,0.49999983900402584,0.4999995137920733,0.4999995992145,0.3860515304577504,0.09651285719266642,-1.9623797872159636e-8,-1.962379801223261e-8,0.3965078349190744,0.10882887651055982,0.0009057209713019349,-1.5620229960748712e-8,-1.557907606556813e-8,-1.5570509159587975e-8,0.0003173730814103836,0.13137819833705566,0.49999992797553616,0.49999991918099906,0.49999990829694324,0.4999999275723302,0.4999998923601907,0.16590169223553045,0.33527785403447824,0.49999991125823584,0.49999991935239246,0.4999981301436312,0.2590840253029839,0.2772451191858843,0.4999999265759384,0.49999992620801587,0.16590167190846866,0.011559220208309615,0.20143932561916983,0.06604608212554935,-1.3124311943980322e-8,-1.3240397829060373e-8,-1.3198261345438233e-8,-1.3187148687053962e-8,5.239986956991481e-5,0.12757316624178405,0.49999992914692504,0.4999999204832125,0.4999999100819367,0.4999999286303465,0.4999998946007001,0.202601154940428,0.376683497298547,0.49999991287597784,0.499999920619896,0.499999367310579,0.293165334501802,0.31310057827387777,0.4999999276497436,0.49999992701986695,0.2026011316738856,0.0372945575091297,-3.037834753665864e-8,-3.037834753665864e-8,-3.037834753665864e-8,-3.037834753665864e-8,-3.037834753665864e-8,-3.037834753665864e-8,-3.037834753665864e-8,-3.0378347482830046e-8,0.10970638149444058,0.3816364135210857,0.12014770596192136,0.41720493194249336,0.14045245044343002,0.01073826092085339,-3.0378347482830046e-8,-3.037834753665864e-8,-3.037834753665864e-8,-3.037834753665864e-8,-3.037834753665864e-8,-3.037834753665864e-8,-3.037834753665864e-8,-3.037834753665864e-8,-3.037834753665864e-8,-3.037834753665864e-8,-9.308398622980845e-9,0.08670214759331425,0.17028374814131178,0.4999998217268685,0.4999998826993263,0.49999989081915897,0.49999990614532697,0.4999999118220197,0.499999934330328,0.4999999312438363,0.4999999290357136,0.49999993354708644,0.4999999285379945,0.49999991588415454,0.4999999218160696,0.49999992944448907,0.49999993102591517,0.49999992388037934,0.4999999208812824,0.4999999211785139,0.49999993315393965,0.4999999336867894,0.4999999133947564,0.4999999100208344,0.12478179356611827,-1.13646797006587e-8,-1.136467951993129e-8,-1.136467951993129e-8,-1.136467951993129e-8,-1.136467951993129e-8,-1.136467951993129e-8,-1.136467951993129e-8,-1.136467951993129e-8,-1.13646797006587e-8,0.07203423618653668,0.28813703689811354,0.49999991284152373,0.19247075180701598,0.49999953803538255,0.4999999173947099,0.49999992329911774,0.49999983109377827,0.4999993499620943,0.4999994987855948,0.49912726953949377,0.12478179475532121,-1.13646797006587e-8,-1.136467951993129e-8,0.11754678262221258,0.06903978945061716,-1.1048922504641195e-8,-1.1048922356758644e-8,-1.1048922356758644e-8,-1.1048922356758644e-8,-1.1048922356758644e-8,-1.1048922356758644e-8,-1.1048922356758644e-8,-1.1048922356758644e-8,-1.1048922356758644e-8,-1.1048922356758644e-8,-1.1048922356758644e-8,-1.1048922356758644e-8,-1.1048922356758644e-8,-1.1048922356758644e-8,-1.1048922356758644e-8,-1.1048922356758644e-8,-1.1048922356758644e-8,-1.1048922356758644e-8,-1.1048922356758644e-8,-1.1048922356758644e-8,-1.1048922356758644e-8,-1.1048922356758644e-8,0.4999999323920039,0.15012224899876192,0.004597567243445787,4.5181719243825826e-9,4.548788422793329e-9,4.555732101513318e-9,0.008077533661270505,0.15879503906802328,0.4999999344765864,0.4999999249439582,0.4999999111969213,0.4999999350442111,0.4999998799554547,0.15012226254564445,0.23288859164534345,0.4999999149274967,0.49999992526933107,0.4343666754269025,0.16009117874436904,0.1770445904335076,0.4087060150814892,0.10217648678382808,4.413219297103979e-9,4.41321925852399e-9,0.341897783757551,0.10867181512223019,0.005563326685547509,-3.567453749126237e-8,-3.569354899487138e-8,-3.5642602921834204e-8,0.014424530540564827,0.16149909243088892,0.4673591782399178,0.4999998734058928,0.46610846157452274,0.49999990943017913,0.20434068391696023,0.038798906620601974,0.015724068963181587,0.16578165616673676,0.3799122255577471,0.1305406171061213,0.019433004142579015,0.17738382783173523,0.4941201671181375,0.3660525370583361,0.12246961112455002,0.009004165386057496,-6.7558876325705964e-9,-6.7558876325705964e-9,-6.7558876325705964e-9,-6.7558876325705964e-9,-6.7558876325705964e-9,-6.7558876325705964e-9,-6.755887613164704e-9,0.07464667240934435,0.29858677815910006,0.4999999207836712,0.4999999064101221,0.28101308973859807,0.07025325093835996,-6.755887613164704e-9,-6.7558876325705964e-9,-6.7558876325705964e-9,-6.7558876325705964e-9,-6.7558876325705964e-9,-6.7558876325705964e-9,-6.7558876325705964e-9,-6.7558876325705964e-9,-6.7558876325705964e-9,-6.7558876325705964e-9,-6.7558876325705964e-9,0.48995462470844414,0.12248863067681215,-1.5138860808469005e-8,-1.513886071990375e-8,-1.513886071990375e-8,-1.513886071990375e-8,-1.513886071990375e-8,-1.513886071990375e-8,-1.513886071990375e-8,-1.513886071990375e-8,-1.513886071990375e-8,-1.513886071990375e-8,-1.513886071990375e-8,-1.513886071990375e-8,-1.513886071990375e-8,-1.513886071990375e-8,-1.513886071990375e-8,-1.513886071990375e-8,-1.513886071990375e-8,-1.513886071990375e-8,-1.513886071990375e-8,-1.513886071990375e-8,-1.513886071990375e-8,-1.513886071990375e-8,0.4999999012839596,0.1904893139206146,0.027487934305210935,-3.732154665443294e-8,-3.7321546783435096e-8,-3.7321546783435096e-8,-3.7321546783435096e-8,-3.7321546783435096e-8,-3.7321546783435096e-8,-3.7321546783435096e-8,-3.7321546783435096e-8,-3.7321546783435096e-8,-3.7321546783435096e-8,-3.7321546783435096e-8,-3.7321546783435096e-8,-3.7321546783435096e-8,-3.7321546783435096e-8,-3.7321546783435096e-8,-3.7321546783435096e-8,-3.7321546783435096e-8,-3.7321546783435096e-8,-3.7321546783435096e-8,-3.7321546783435096e-8,-3.7321546783435096e-8,2.4060020556179325e-8,2.4060020556179325e-8,2.4060020556179325e-8,2.4060020556179325e-8,2.4060020556179325e-8,2.4060020556179325e-8,2.4060020556179325e-8,2.4060020464949234e-8,0.112921502231801,0.4516860440906199,0.4999999227515851,0.4999999427235396,0.49999991263988475,0.17525275046529404,0.4999985663530513,0.3328709410857708,0.08321772616274056,2.4060020464949234e-8,2.4060020556179325e-8,2.4060020556179325e-8,2.4060020556179325e-8,2.4060020556179325e-8,2.4060020556179325e-8,2.4060020556179325e-8,2.0842486809636262e-8,2.0842486809636262e-8,2.0842486809636262e-8,2.0842486809636262e-8,2.0842486809636262e-8,2.0842486809636262e-8,2.0842486809636262e-8,2.0842486809636262e-8,2.084248672043168e-8,0.09600422311482545,0.3840169340956654,0.49999994266462977,0.4999999280454949,0.4999995336033183,0.22685710530200345,0.05671427053881829,2.084248672043168e-8,2.0842486809636262e-8,2.0842486809636262e-8,2.0842486809636262e-8,2.0842486809636262e-8,2.0842486809636262e-8,2.0842486809636262e-8,2.0842486809636262e-8,-1.2644889898377907e-8,-1.2644889898377907e-8,-1.2644889898377907e-8,-1.2644889898377907e-8,-1.2644889898377907e-8,-1.2644889898377907e-8,-1.2644889780571787e-8,0.10828680608458938,0.43314732005971,0.49999992612955435,0.49999992145491434,0.4999999305198485,0.49999992025270934,0.49999981650263775,0.4999998924964611,0.4999999224626257,0.4999999259152801,0.4999999021999614,0.4999998865798698,0.4999998883015035,0.4999999298685857,0.49999993077743793,0.499999627111225,0.4670352594093522,-4.669933611811787e-8,-4.6699335631850525e-8,-4.6699335631850525e-8,-4.6699335631850525e-8,-4.6699335631850525e-8,-4.6699335631850525e-8,-4.669933611811787e-8,0.0572947356194171,0.22917908887144675,0.49999989194158634,0.49999987444215477,0.4999999051552103,0.4999998685670346,0.38698833961963935,0.49998037125572226,0.49999987864402656,0.4999998915180251,0.4999995369404723,0.48115394756246055,0.4861329013969289,0.49999990352407075,0.49999990603776945,0.34782677752801366,0.3190829822889053,0.4999999063125046,0.42986071074562343,0.16237725128132144,0.21867423981577822,0.24178954245696416,0.2532330624406354,0.29620746280994426,0.31958200278651977,0.4999999064736743,0.49999988717472843,0.4999998637049833,0.4999999034931287,0.49999985173587086,0.35525521847075814,0.42441546290872817,0.4999998716031497,0.49999988802065465,0.4505457874563464,0.41247225136673127,0.4154473774970338,0.4999999017809517,0.4999999042285615,0.33081776878055963,0.3125861956482989,0.42858068123352344,0.49999987392845274,0.2324489272926698,0.36812582892623014,0.4075877819995041,0.4271306587639205,0.49996308978953924,0.49999962296757267,0.4999999094646044,0.499999901254444,0.49999989460919114,0.49999990762712,0.4999998930346245,0.4999997978097978,0.49999985973267896,0.4999998959901311,0.4999999009431786,0.4999998700041285,0.49999985403170116,0.4999998557184363,0.49999990662739513,0.499999908073639,0.499999717968094,0.4999994969530764,-5.078889193041603e-8,-5.078889184250731e-8,-5.078889184250731e-8,-5.078889184250731e-8,-5.078889184250731e-8,-5.078889184250731e-8,-5.078889193041603e-8,0.06299527747930482,0.25198126789582326,0.4999998295745197,0.4974420671471599,0.49999989874627837,0.46800012098439636,0.23718456704970556,0.29597586276528826,0.49999953253281654,0.49999984725587826,0.3184961413230661,0.2857372478808716,0.28828414704114824,0.4999998941932351,0.499999900233104,0.21674141514123912,0.2016232947349397,2.676102804137163e-8,0.058552116023326696,0.23420849845276398,0.4999999351402384,0.49999993735783665,0.49999993772982915,0.4999999388836798,0.49999993954842403,0.4999999477732248,0.49999994558506555,0.49999994414077154,0.4999999470794411,0.49999994390045105,0.4999999401829867,0.49999994146365223,0.499999944336279,0.4999999453534823,0.49999994217777605,0.499999941229286,0.4999999413041492,0.4999999467909061,0.499999947174141,0.4999999398327954,0.49999993934068615,-1.0077980598047319e-8,-1.0077980798948877e-8,-1.0077980798948877e-8,-1.0077980798948877e-8,-1.0077980798948877e-8,-1.0077980798948877e-8,-1.0077980598047319e-8,0.1203532008291694,0.4814128938256436,0.4999999262622801,0.4999999230839136,0.49999992945281607,0.499999922540409,0.4999999100060579,0.49999991515095593,0.49999992363202767,0.4999999258885461,0.49999991725638115,0.4999999142945027,0.49999991461865684,0.4999999288648496,0.49999992972829227,0.49999990819052503,0.49999990581592885,0.3105435950161387,0.10461842592682355,-4.9140435053146895e-8,-4.9140434971791035e-8,-4.9140434971791035e-8,-4.9140434971791035e-8,-4.9140435053146895e-8,0.11460633973128179,0.45842550907471374,0.49999990000677563,0.49999989239195275,0.4999999072636754,0.49999989055051497,0.4999997512861801,0.4999998484862927,0.4999998940273848,0.4999998997076433,0.4999998619636508,0.4999998407655828,0.49999984312575363,0.4999999062065562,0.4999999077303116,0.49999955825454995,0.4999972165297516,-3.5224042380564305e-8,-3.522404198380621e-8,-3.522404198380621e-8,-3.522404198380621e-8,-3.522404198380621e-8,-3.5224042380564305e-8,0.06342234577481258,0.25368950275246327,0.4999999197413596,0.49999991561080553,0.4999999125531365,0.4999999186157471,0.4999999120230049,0.49999989973457104,0.4999999048309689,0.49999991306657204,0.4999999152407669,0.49999990688132995,0.4999999039978624,0.49999990431198155,0.4999999180646522,0.49999991889163975,0.4999998979469921,0.49999989544521095,0.49999996623399845,0.4999999599082831,0.4999999435217026,0.4999999517840696,0.4999999531263618,0.49999995369811456,0.49999995543253023,0.49999995641371836,0.49999996621512566,0.49999996384496703,0.49999996221055726,0.49999996549575493,0.49999996196482144,0.4999999572487144,0.49999995896158367,0.4999999624417389,0.4999999635858721,0.4999999598147214,0.49999995865302277,0.4999999587754852,0.49999996513970557,0.49999996562803034,0.49999995675059583,0.4999999560476457,-4.6889919654814367e-8,-4.6889919899583284e-8,-4.6889919899583284e-8,-4.6889919899583284e-8,-4.6889919899583284e-8,-4.6889919654814367e-8,0.10586663558514305,0.4234666586364307,0.49999991175332836,0.49999990538391764,0.49999990052294396,0.4999999101663261,0.4999998995447222,0.49999986829293863,0.49999988367942966,0.4999999014541962,0.49999990499751323,0.4999998881778167,0.49999988157762243,0.49999988226150444,0.4999999093721129,0.49999991056919346,0.4999998600136475,0.49999984998321334,-4.818388184787685e-8,-4.818388181958734e-8,-4.818388181958734e-8,-4.818388181958734e-8,-4.818388181958734e-8,-4.818388181958734e-8,-4.818388184787685e-8,0.12282778156291732,0.49131127428522436,0.4999999038139244,0.49999989841574016,0.49999990919548415,0.4999998972698268,0.4999998536164152,0.4999998769111906,0.49999989947832274,0.49999990346639445,0.4999998827862616,0.4999998739812869,0.4999998748532047,0.49999990838751524,0.4999999095582984,0.49999983824755495,0.4999998185567736,-3.002319158751551e-8,-3.002319151161319e-8,-3.002319151161319e-8,-3.002319151161319e-8,-3.002319151161319e-8,-3.002319158751551e-8,0.09084561218662637,0.36338255805407144,0.4999999224592781,0.49999991872561744,0.4999999160089504,0.49999992139811206,0.4999999155588535,0.4999999058091193,0.49999990969268837,0.4999999164532116,0.49999991836926583,0.4999999113676215,0.49999990903560915,0.49999990929200544,0.4999999208957269,0.49999992164397733,0.49999990453613957,0.49999990281865975,0.4999999184826322,0.4999999129991804,0.4999998976524314,0.49999990554605495,0.49999990677863926,0.49999990731716193,0.49999990896326296,0.49999990993357596,0.49999991846831454,0.49999991647565356,0.4999999151370269,0.49999991787194475,0.49999991485415046,0.4999999106950766,0.4999999122492278,0.4999999153257855,0.499999916247221,0.4999999129771035,0.4999999119406571,0.49999991203084937,0.499999917642419,0.4999999179567941,0.4999999102011544,0.4999999095951294,0.39969561329063913,0.49999991799602667,0.4999997796892834,0.49999988711620474,0.499999894503101,0.4999998973041259,0.49999990463680877,0.4999999081106519,0.4999999299446563,0.49999992595574283,0.4999999231036697,0.49999992885838374,0.4999999226039187,0.49999991092994106,0.49999991577002034,0.4999999235689769,0.4999999256151287,0.49999991772478247,0.49999991496640805,0.4999999152673762,0.4999999282812263,0.49999992907594515,0.49999990921252585,0.49999990697027463,0.22613779232887402,0.4999998439290687,0.2277218203828724,0.3202798804555393,0.3463339009959664,0.3591267298566596,0.4066597101479106,0.43221682862235683,0.4999999084557157,0.4999998986592265,0.49999989037614523,0.4999999065585935,0.49999988742897433,0.47085864275887207,0.49999976778376176,0.49999989243139037,0.4999998985335887,0.4999998222975953,0.4999997113604265,0.499999728131093,0.49999990550646334,0.4999999069487927,0.44442950978628853,0.42458403352618707,0.20744273808621838,0.4999999140736294,0.49999984268072656,0.4999998915295699,0.49999989654077687,0.4999998985168302,0.49999990395898525,0.49999990669706484,0.4999999259459506,0.49999992216475064,0.4999999194622992,0.49999992485011857,0.4999999190057001,0.49999990895694496,0.49999991300079283,0.4999999199078469,0.49999992182321945,0.4999999147224809,0.499999912319834,0.4999999125812623,0.49999992434600876,0.49999992509498026,0.49999990762635343,0.49999990573733555,-4.634429792043231e-8,0.11432984673621717,0.4573195147391339,0.49999990187703663,0.4999999032806838,0.49999990387836246,0.4999999056822806,0.49999990673498884,0.49999991598149085,0.4999999138197524,0.4999999122978281,0.49999991532534865,0.49999991207901123,0.49999990757273327,0.4999999092697426,0.4999999126078898,0.49999991359454726,0.49999991005519395,0.4999999089541109,0.49999990907822006,0.4999999150413014,0.4999999154397454,0.4999999070443586,0.4999999064034139,0.49999991460741083,0.4999999016240562,0.48859982588127765,0.49999985434008537,0.4999998680408916,0.49999987283520236,0.49999988431564835,0.4999998890395189,0.49999991459684284,0.49999991045686515,0.49999990744833167,0.49999991349806117,0.49999990690755824,0.4999998930130238,0.49999989903454906,0.4999999079564563,0.49999991013123,0.4999999012576176,0.4999998981036944,0.49999989845834697,0.49999991296190555,0.49999991371960306,0.4999998905350656,0.4999998876096873,0.49999991488205714,0.4999999032444517,0.492820764356595,0.4999998612282752,0.4999998733088364,0.4999998775411001,0.4999998877143867,0.49999989195599936,0.4999999148859095,0.49999991114065095,0.49999990842747977,0.49999991387640036,0.4999999079529963,0.49999989550566687,0.4999999009395805,0.4999999090096184,0.4999999108633173,0.499999902883821,0.4999999000105503,0.4999999002427039,0.49999991341092087,0.49999991411210537,0.49999989337191975,0.49999989060031735,-3.2178707229834994e-8,0.08023386548370118,0.32093557390531663,0.499999911259458,0.49999991250971404,0.4999999129910212,0.4999999144657905,0.49999991534521604,0.499999923835528,0.499999921761998,0.49999992030968843,0.49999992319077097,0.49999992010141303,0.49999991604834376,0.49999991751170075,0.4999999205136731,0.49999992152405753,0.4999999182632575,0.49999991723815845,0.499999917309928,0.4999999229380342,0.49999992331245907,0.49999991563275065,0.49999991502287766,0.3837750262393713,0.4999999317914973,0.49999992753068223,0.49999992928506426,0.4999999296249909,0.49999992977662155,0.49999993027772227,0.49999993059760134,0.499999934785037,0.4999999335976604,0.49999993275156107,0.499999934377232,0.4999999326504656,0.4999999308547515,0.4999999314437581,0.49999993285366184,0.49999993343143345,0.49999993180030106,0.49999993134167836,0.49999993139254917,0.49999993424625766,0.4999999344303757,0.4999999306762224,0.49999993047246916,0.2570482579942685,0.4999999526712828,0.49999994778816176,0.49999994980706,0.4999999502023351,0.49999995037356604,0.4999999509563947,0.4999999513028117,0.49999995648299217,0.49999995490553323,0.499999953900519,0.49999995591133656,0.4999999537497795,0.49999995157242305,0.4999999522701764,0.49999995398770414,0.49999995477170966,0.49999995268795755,0.49999995213500564,0.4999999521475403,0.49999995565864647,0.4999999560238879,0.49999995144152964,0.4999999511863245,3.98014199661597e-8,0.12331369910311864,0.4932548098149273,0.4999999429801131,0.4999999438235956,0.4999999441775982,0.49999994532961145,0.4999999459996576,0.4999999536849581,0.49999995169359923,0.499999950302463,0.49999995302843075,0.49999995010918613,0.4999999465735613,0.4999999478059771,0.49999995050389456,0.49999995145756615,0.49999994847552975,0.49999994758630567,0.4999999476884568,0.4999999528064281,0.4999999531527637,0.4999999461876834,0.49999994573845724,-4.215399486526346e-8,-4.215399501244197e-8,-4.215399501244197e-8,-4.215399501244197e-8,-4.215399501244197e-8,-4.215399486526346e-8,0.07811492500450691,0.3124598323932908,0.49999991806706623,0.4999999152433704,0.49999991320609305,0.4999999172878348,0.4999999128866454,0.4999999054900225,0.49999990846971926,0.49999991363416807,0.499999914993096,0.49999990971225394,0.4999999079417036,0.49999990814266654,0.4999999169142976,0.49999991744291217,0.4999999044802316,0.4999999032051842,-5.081016651680324e-8,-5.0810166589456074e-8,-5.0810166589456074e-8,-5.0810166589456074e-8,-5.0810166589456074e-8,-5.081016651680324e-8,0.07614846402406673,0.3045939827219795,0.4999999090100313,0.4999999001247382,0.49999989250663557,0.499999907165121,0.49999989052922805,0.49999941079222665,0.49999983462990666,0.4999998944603974,0.49999989993748845,0.4999998543047168,0.49999982129252807,0.4999998250383979,0.49999990614823764,0.4999999076448118,0.4834696550531394,0.4558650060429897]
WARNING: For the MIP-solver-driven algorithm, optimality tolerance must be specified as MIP solver option, not Pajarito option
WARNING: For the MIP-solver-driven algorithm, optimality tolerance must be specified as MIP solver option, not Pajarito option
WARNING: Not solved to optimality, status: UserLimit
