WARNING: Method definition require(Symbol) in module Base at loading.jl:345 overwritten in module ConicBenchmarkUtilities at /home/ubuntu/.julia/v0.5/Requires/src/require.jl:12.
#SOLVERNAME# PAJ_NEW_MSD_CPLEX_MOSEK_eprhs6
#SOLVER# Pajarito.PajaritoSolver(2,3600.0,1.0e-5,true,CPLEX.CplexSolver(Any[(:CPX_PARAM_THREADS,1),(:CPX_PARAM_TILIM,3600.0),(:CPX_PARAM_EPINT,1.0e-8),(:CPX_PARAM_EPRHS,1.0e-6),(:CPX_PARAM_SCRIND,0),(:CPX_PARAM_EPGAP,1.0e-5)]),CPLEX.CplexSolver(Any[]),0,false,true,Mosek.MosekMathProgSolverInterface.MosekSolver(Any[(:LOG,0),(:NUM_THREADS,1),(:OPTIMIZER_MAX_TIME,120.0)]),true,false,false,true,false,true,false,true,true,true,true,false,true,true,false,true,false,false,true,true,false,true,true,1.0e-10,1.0e-6,0.01,0.0001)
#INSTANCE# achtziger_stolpe06-6.5bflowc.cbf.gz
#TIMELIMIT# 3600.0

Transforming original data......Done     0.01s

Creating conic model data......Done     0.00s

Creating MIP model......Done     0.23s

Cone types summary:
Cone       | Count    | Min dim  | Max dim 
       SOC |     1794 |        3 |        3

Solving conic relaxation......Done     0.18s
 - Relaxation status    =        Optimal
 - Relaxation objective =       1.850346

Creating conic subproblem model......Done

Starting MIP-solver-driven outer approximation algorithm

Pajarito MICP solve summary:
 - Total time (s)       =       3.60e+03
 - Status               =      UserLimit
 - Best feasible obj.   =  +1.889421e+00
 - Final OA obj. bound  =  +1.856560e+00
 - Relative opt. gap    =      1.739e-02
 - Conic solve count    =             34
 - Feas. solution count =             30
 - Integer repeat count =             51

Timers (s):
 - Setup                =       5.22e-01
 -- Transform data      =       7.37e-03
 -- Create conic data   =       3.18e-03
 -- Create MIP data     =       2.26e-01
 -- Load/solve relax    =       1.78e-01
 - MIP-driven algorithm =       3.60e+03
 -- Solve conic model   =       2.22e+00

#STATUS# UserLimit
#OBJVAL# 1.889420905332006
#OBJBOUND# 1.8565602968914072
#TIMESOLVER# 3600.029974937439
#TIMEALL# 3600.0432620048523
#SOLUTION# [1.889420905332006,-0.00045206108829981973,0.0,0.0,-0.00045206182735948064,0.0,0.0,0.0,-0.00045206108829981973,0.0,-0.00045206182735948064,0.0,0.0,-0.00045206182735948064,0.0,0.0,0.0,-0.00045206182735948064,0.0,-0.00045206108829981973,-0.00045206182735948064,0.0,0.0,0.0,0.0,-0.00045206182735948064,0.0,0.0,0.0,0.0,0.0,0.0,-0.00045206108829981973,0.0,0.0,0.0,0.0,-0.00045206108829981973,0.0,0.0,-0.00045206182735948064,0.0,0.0,0.0,-0.00045206182735948064,-0.00045206182735948064,0.0,0.0,0.0,-0.00045206182735948064,0.0,0.0,-0.00045206182735948064,-0.00045206108829981973,0.0,0.0,-0.00045206108829981973,0.0,-0.00045206182735948064,0.0,0.0,0.0,0.0,0.0,0.0,0.0,0.0,0.0,0.0,0.0,0.0,0.0,0.0,0.0,0.0,-0.00045206182735948064,-0.00045206182735948064,0.0,0.0,0.0,0.0,0.0,0.0,0.0,0.0,-0.00045206182735948064,-0.00045206182735948064,0.0,0.0,-0.00045206182735948064,-0.00045206182735948064,0.0,0.0,0.0,0.0,0.0,0.0,0.0,0.0,0.0,0.0,0.0,0.0,-0.00045206108829982033,-0.00045206182735948064,0.0,-0.00045206182735948064,0.0,0.0,-0.00045206108829981973,-0.00045206182735948064,0.0,0.0,0.0,0.0,0.0,0.0,-0.00045206182735948064,0.0,0.0,0.0,0.0,0.0,-0.00045206182735948064,-0.00045206108829981973,0.0,0.0,0.0,0.0,-0.00045206182735948064,0.0,0.0,0.0,0.0,0.0,-0.00045206182735948064,0.0,0.0,-0.00045206182735948064,-0.00045206182735948064,-0.00045206182735948064,0.0,-0.00045206108829981973,0.0,0.0,0.0,0.0,0.0,-0.00045206182735948064,-0.00045206182735948064,-0.00045206108829981973,0.0,0.0,0.0,0.0,0.0,0.0,0.0,0.0,0.0,0.0,-0.00045206182735948064,0.0,0.0,0.0,0.0,-0.00045206108829981973,0.0,-0.00045206182735948064,0.0,0.0,-0.00045206182735948064,0.0,0.0,0.0,0.0,0.0,0.0,0.0,0.0,0.0,0.0,0.0,0.0,0.0,0.0,0.0,-0.00045206182735948064,0.0,-0.00045206108829981973,-0.00045206182735948064,0.0,0.0,0.0,-0.00045206182735948064,0.0,0.0,0.0,0.0,0.0,-0.00045206108829981973,-0.00045206108829981973,0.0,0.0,0.0,0.0,-0.00045206182735948064,0.0,0.0,0.0,0.0,0.0,-0.00045206182735948064,0.0,0.0,0.0,0.0,0.0,-0.00045206182735948064,-0.00045206182735948064,0.0,0.0,0.0,0.0,-0.00045206182735948064,0.0,-0.00045206182735948064,0.0,0.0,0.0,0.0,0.0,-0.00045206182735948064,0.0,0.0,-0.00045206182735948064,0.0,0.0,-0.00045206182735948064,0.0,0.0,0.0,-0.00045206182735948064,0.0,0.0,0.0,0.0,0.0,0.0,0.0,0.0,-0.00045206108829981973,-0.00045206108829981973,0.0,0.0,0.0,0.0,0.0,0.0,0.0,0.0,-0.00045206182735948064,0.0,-0.00045206182735948064,0.0,0.0,-0.00045206108829981973,0.0,0.0,-0.00045206182735948064,0.0,0.0,0.0,0.0,0.0,0.0,0.0,0.0,-0.00045206182735948064,-0.00045206108829981973,0.0,0.0,0.0,0.0,0.0,-0.00045206182735948064,-0.00045206182735948064,0.0,0.0,0.0,-0.00045206182735948064,0.0,0.0,0.0,0.0,0.0,0.0,0.0,0.0,0.0,0.0,0.0,0.0,0.0,0.0,0.0,0.0,0.0,0.0,0.0,0.0,0.0,0.0,0.0,0.0,0.0,0.0,0.0,0.0,0.0,0.0,0.0,-0.0,0.0,0.0,0.0,0.0,0.0,0.0,0.0,0.0,0.0,0.0,0.0,0.0,0.0,0.0,0.0,0.0,0.0,0.0,0.0,0.0,0.0,0.0,0.0,0.0,0.0,0.0,0.0,0.0,0.0,0.0,0.0,0.0,0.0,0.0,0.0,-0.0,0.0,0.0,0.0,0.0,0.0,0.0,0.0,0.0,0.0,0.0,0.0,0.0,0.0,0.0,0.0,0.0,0.0,-0.0,0.0,0.0,0.0,0.0,0.0,0.0,0.0,0.0,0.0,0.0,0.0,0.0,0.0,0.0,0.0,0.0,0.0,0.0,0.0,0.0,0.0,0.0,0.0,0.0,0.0,0.0,0.0,-0.0,0.0,0.0,0.0,0.0,0.0,0.0,0.0,0.0,0.0,0.0,0.0,0.0,0.0,0.0,0.0,0.0,0.0,0.0,0.0,0.0,0.0,0.0,0.0,0.0,0.0,0.0,0.0,0.0,0.0,0.0,0.0,0.0,0.0,0.0,0.0,0.0,0.0,0.0,0.0,0.0,0.0,0.0,0.0,0.0,0.0,0.0,0.0,0.0,0.0,0.0,0.0,0.0,0.0,0.0,0.0,0.0,0.0,0.0,0.0,0.0,0.0,0.0,0.0,0.0,0.0,0.0,-0.0,0.0,0.0,-0.0,0.0,0.0,-0.0,0.0,0.0,0.0,0.0,0.0,0.0,0.0,0.0,0.0,0.0,0.0,0.0,0.0,-0.0,0.0,0.0,-0.0,0.0,0.0,-0.0,0.0,0.0,0.0,0.0,0.0,0.0,0.0,0.0,0.0,0.0,0.0,-0.0,0.0,0.0,0.0,0.0,0.0,0.0,0.0,0.0,0.0,0.0,0.0,0.0,0.0,0.0,0.0,0.0,0.0,0.0,0.0,0.0,0.0,0.0,0.0,0.0,0.0,0.0,0.0,0.0,0.0,0.0,0.0,0.0,0.0,0.0,0.0,0.0,0.0,0.0,0.0,0.0,0.0,0.0,0.0,0.0,0.0,0.0,0.0,0.0,0.0,0.0,0.0,0.0,0.0,0.0,0.0,0.0,0.0,0.0,0.0,0.0,0.0,0.0,0.0,0.0,0.0,0.0,0.0,0.0,0.0,0.0,0.0,0.0,0.0,0.0,0.0,0.0,0.0,0.0,0.0,0.0,0.0,0.0,0.0,0.0,0.0,0.0,0.0,0.0,0.0,0.0,0.0,0.0,0.0,0.0,0.0,0.0,0.0,0.0,-0.0,0.0,0.0,0.0,0.0,0.0,0.0,0.0,0.0,0.0,0.0,0.0,0.0,0.0,0.0,0.0,0.0,0.0,0.0,0.0,0.0,0.0,0.0,0.0,0.0,0.0,0.0,0.0,0.0,0.0,0.0,0.0,0.0,0.0,0.0,0.0,0.0,0.0,0.0,0.0,0.0,0.0,0.0,0.0,0.0,0.0,0.0,0.0,0.0,0.0,0.0,-0.0,0.0,0.0,0.0,0.0,0.0,0.0,0.0,0.0,0.0,0.0,0.0,0.0,0.0,0.0,0.0,0.0,0.0,-0.0,0.0,0.0,0.0,0.0,0.0,0.0,0.0,0.0,0.0,0.0,-0.0,0.0,0.0,0.0,0.0,0.0,0.0,0.0,0.0,0.0,0.0,0.0,0.0,0.0,0.0,0.0,0.0,0.0,0.0,0.0,0.0,0.0,0.0,0.0,0.0,0.0,0.0,0.0,0.0,0.0,0.0,0.0,0.0,0.0,0.0,0.0,0.0,0.0,0.0,0.0,0.0,0.0,0.0,0.0,0.0,0.0,0.0,0.0,0.0,0.0,0.0,0.0,0.0,0.0,0.0,0.0,0.0,0.0,0.0,0.0,0.0,0.0,0.0,-0.0,0.0,-0.0,0.0,0.0,0.0,-0.0,-0.0,0.0,0.0,0.0,0.0,0.0,0.0,0.0,0.0,0.0,0.0,0.0,0.0,0.0,0.0,0.0,0.0,0.0,0.0,0.0,0.0,0.0,0.0,0.0,0.0,0.0,0.0,0.0,0.0,0.0,0.0,0.0,0.0,0.0,0.0,0.0,0.0,0.0,0.0,0.0,0.0,0.0,0.0,0.0,0.0,0.0,0.0,0.0,0.0,0.0,0.0,0.0,0.0,-0.0,0.0,-0.0,0.0,0.0,-0.0,0.0,0.0,-0.0,0.0,-0.0,0.0,0.0,0.0,0.0,0.0,0.0,0.0,0.0,0.0,0.0,0.0,0.0,0.0,0.0,0.0,0.0,0.0,0.0,0.0,0.0,0.0,0.0,0.0,0.0,0.0,0.0,0.0,0.0,0.0,0.0,0.0,0.0,0.0,0.0,-0.0,0.0,0.0,0.0,0.0,0.0,0.0,0.0,0.0,0.0,0.0,0.0,0.0,0.0,0.0,0.0,0.0,0.0,0.0,0.0,0.0,0.0,0.0,0.0,0.0,0.0,0.0,0.0,0.0,0.0,0.0,0.0,0.0,0.0,0.0,0.0,0.0,0.0,0.0,0.0,0.0,0.0,0.0,0.0,0.0,0.0,0.0,0.0,0.0,0.0,0.0,0.0,0.0,0.0,0.0,0.0,0.0,0.0,0.0,0.0,0.0,0.0,0.0,0.0,0.0,0.0,0.0,0.0,0.0,0.0,0.0,0.0,0.0,0.0,0.0,0.0,0.0,0.0,-0.0,0.0,0.0,0.0,0.0,0.0,0.0,0.0,0.0,0.0,0.0,0.0,0.0,0.0,0.0,0.0,0.0,0.0,0.0,0.0,0.0,0.0,0.0,0.0,0.0,0.0,0.0,0.0,0.0,0.0,0.0,0.0,0.0,0.0,1.0,0.0,0.0,0.0,0.0,0.0,0.0,0.0,0.0,0.0,0.0,0.0,0.0,0.0,0.0,0.0,0.0,0.0,0.0,0.0,0.0,0.0,0.0,0.0,0.0,0.0,0.0,0.0,0.0,0.0,0.0,0.0,0.0,0.0,0.0,0.0,0.0,0.0,0.0,0.0,0.0,0.0,0.0,0.0,0.0,0.0,0.0,-0.0,0.0,0.0,0.0,-0.0,0.0,0.0,0.0,0.0,0.0,0.0,0.0,0.0,1.0,0.0,0.0,1.0,0.0,0.0,0.0,0.0,0.0,0.0,0.0,0.0,0.0,0.0,0.0,0.0,0.0,0.0,-0.0,0.0,0.0,0.0,0.0,0.0,0.0,0.0,0.0,0.0,0.0,0.0,-0.0,0.0,0.0,0.0,0.0,0.0,0.0,0.0,0.0,0.0,0.0,0.0,0.0,0.0,0.0,0.0,0.0,0.0,0.0,0.0,0.0,0.0,0.0,0.0,0.0,0.0,0.0,0.0,0.0,0.0,0.0,0.0,0.0,0.0,0.0,0.0,0.0,0.0,-0.0,0.0,0.0,0.0,0.0,0.0,0.0,0.0,0.0,0.0,0.0,0.0,0.0,0.0,0.0,0.0,0.0,0.0,0.0,0.0,0.0,0.0,0.0,0.0,0.0,1.0,0.0,0.0,0.0,0.0,0.0,0.0,0.0,0.0,0.0,0.0,0.0,0.0,0.0,0.0,0.0,0.0,0.0,0.0,0.0,0.0,-0.0,0.0,0.0,0.0,0.0,0.0,-0.0,0.0,0.0,0.0,0.0,0.0,0.0,0.0,0.0,0.0,0.0,-0.0,0.0,0.0,0.0,0.0,0.0,0.0,0.0,0.0,0.0,0.0,0.0,-0.0,0.0,0.0,0.0,0.0,0.0,0.0,0.0,0.0,0.0,0.0,0.0,0.0,0.0,0.0,-0.0,0.0,0.0,-0.0,0.0,0.0,0.0,0.0,0.0,0.0,1.0,0.0,0.0,0.0,0.0,1.0,0.0,0.0,0.0,0.0,0.0,0.0,0.0,0.0,0.0,0.0,0.0,0.0,0.0,0.0,0.0,0.0,0.0,0.0,0.0,0.0,0.0,0.0,-0.0,0.0,0.0,0.0,0.0,0.0,0.0,0.0,0.0,0.0,0.0,0.0,-0.0,0.0,0.0,0.0,0.0,0.0,-0.0,0.0,0.0,0.0,-0.0,-0.0,0.0,0.0,0.0,0.0,0.0,0.0,0.0,0.0,0.0,0.0,0.0,0.0,0.0,0.0,0.0,0.0,0.0,0.0,0.0,0.0,0.0,0.0,0.0,0.0,0.0,0.0,0.0,0.0,1.0,0.0,0.0,0.0,0.0,0.0,0.0,0.0,0.0,0.0,0.0,0.0,0.0,0.0,0.0,0.0,0.0,0.0,0.0,0.0,0.0,0.0,0.0,0.0,0.0,0.0,0.0,0.0,0.0,0.0,0.0,0.0,0.0,0.0,0.0,0.0,0.0,0.0,0.0,0.0,0.0,0.0,0.0,0.0,0.0,0.0,0.0,0.0,0.0,0.0,0.0,0.0,0.0,0.0,0.0,0.0,0.0,0.0,0.0,0.0,0.0,0.0,0.0,0.0,0.0,0.0,0.0,0.0,0.0,0.0,0.0,-0.0,0.0,0.0,0.0,0.0,0.0,0.0,0.0,0.0,0.0,0.0,0.0,0.0,0.0,0.0,0.0,1.0,0.0,0.0,0.0,0.0,0.0,0.0,0.0,0.0,0.0,0.0,0.0,0.0,0.0,0.0,0.0,0.0,0.0,0.0,0.0,0.0,0.0,0.0,0.0,0.0,0.0,-0.0,0.0,-0.0,0.0,0.0,-0.0,0.0,0.0,0.0,0.0,0.0,0.0,0.0,0.0,0.0,0.0,0.0,0.0,0.0,0.0,0.0,0.0,0.0,0.0,0.0,0.0,0.0,0.0,-0.0,0.0,0.0,0.0,0.0,0.0,0.0,0.0,0.0,0.0,0.0,0.0,0.0,0.0,1.0,0.0,0.0,0.0,0.0,0.0,0.0,0.0,0.0,0.0,0.0,0.0,0.0,0.0,0.0,0.0,0.0,0.0,0.0,0.0,0.0,0.0,0.0,0.0,0.0,-0.0,0.0,0.0,0.0,0.0,0.0,0.0,0.0,0.0,0.0,1.0,0.0,0.0,0.0,0.0,0.0,0.0,0.0,0.0,0.0,0.0,0.0,0.0,0.0,0.0,0.0,0.0,0.0,0.0,0.0,0.0,0.0,0.0,-0.0,0.0,0.0,0.0,0.0,0.0,0.0,0.0,0.0,0.0,0.0,0.0,0.0,-0.0,0.0,-0.0,0.0,0.0,0.0,0.0,0.0,0.0,0.0,0.0,0.0,0.0,0.0,0.0,0.0,0.0,0.0,0.0,0.0,0.0,0.0,0.0,0.0,0.0,0.0,0.0,0.0,0.0,0.0,0.0,0.0,0.0,0.0,0.0,0.0,0.0,0.0,0.0,0.0,0.0,0.0,0.0,0.0,0.0,0.0,0.0,0.0,0.0,-0.0,-0.0,-0.0,0.0,0.0,0.0,-0.0,-0.0,-0.0,0.0,0.0,0.0,0.0,0.0,0.0,0.0,0.0,0.0,0.0,0.0,0.0,0.0,0.0,0.0,0.0,0.0,0.0,0.0,0.0,0.0,0.0,1.0,0.0,0.0,0.0,0.0,0.0,0.0,0.0,0.0,0.0,0.0,0.0,0.0,0.0,0.0,-0.0,0.0,0.0,0.0,0.0,0.0,0.0,0.0,0.0,0.0,0.0,0.0,0.0,0.0,0.0,0.0,0.0,0.0,0.0,1.0,0.0,0.0,0.0,0.0,0.0,0.0,1.0,0.0,0.0,0.0,0.0,0.0,0.0,0.0,0.0,0.0,0.0,0.0,0.0,0.0,0.0,0.0,0.0,0.0,0.0,0.0,0.0,0.0,0.0,0.0,1.0,0.0,0.0,0.0,0.0,0.0,0.0,0.0,0.0,0.0,0.0,0.0,0.0,0.0,0.0,0.0,0.0,0.0,0.0,0.0,0.0,0.0,0.0,0.0,0.0,0.0,0.0,0.0,0.0,0.0,0.0,0.0,0.0,0.0,0.0,0.0,0.0,0.0,0.0,-0.0,-0.0,0.0,-0.0,0.0,0.0,0.0,0.0,0.0,0.0,0.0,0.0,0.0,0.0,0.0,0.0,0.0,0.0,0.0,0.0,0.0,0.0,0.0,0.0,0.0,0.0,0.0,0.0,0.0,0.0,0.0,0.0,0.0,0.0,0.0,0.0,0.0,0.0,0.0,0.0,0.0,0.0,0.0,0.0,0.0,0.0,0.0,0.0,0.0,0.0,0.0,0.0,0.0,0.0,0.0,0.0,0.0,0.0,0.0,0.0,0.0,0.0,0.0,0.0,0.0,0.0,0.0,0.0,0.0,0.0,-0.0,0.0,0.0,0.0,0.0,0.0,0.0,0.0,0.0,0.0,0.0,-0.0,0.0,0.0,0.0,0.0,0.0,0.0,0.0,0.0,0.0,0.0,0.0,0.0,0.0,0.0,0.0,0.0,0.0,0.0,0.0,0.0,0.0,0.0,0.0,0.0,0.0,0.0,0.0,-0.0,0.0,-0.0,-0.0,-0.0,-0.0,-0.0,-3.6510289782223446e-10,0.0,-0.0,-0.0,-0.0,-0.0,-0.0,-0.0,-0.0,-0.0,-0.0,-0.0,-0.0,-0.0,-0.0,-0.0,-0.0,-0.0,-0.0,-0.0,-2.0e-9,-0.0,-0.0,-0.0,9.344790136723293e-9,-0.0,-0.0,-0.0,-0.0,-0.0,-0.0,-0.0,-0.0,-0.0,-0.0,-0.0,-0.0,-0.0,-0.0,-0.0,-0.0,-0.0,-0.0,-0.0,0.0,-0.0,-0.0,-0.0,-0.0,-0.0,-0.0,-0.0,-0.0,-0.0,0.0,-0.0,0.0,-0.0,-0.0,-0.0,-0.0,-0.0,-0.0,-0.0,-0.0,-0.0,-0.0,-0.0,-0.0,-0.0,-0.0,-0.0,0.0,-0.0,-0.0,-0.0,0.0,-0.0,-0.0,-0.0,-0.0,-0.0,-0.0,-0.0,-0.0,-0.0,-0.0,-0.0,-0.0,-0.0,-0.0,0.0,-0.0,-0.0,-0.0,-0.0,-0.0,-0.0,-0.0,-0.0,-0.0,-0.0,-0.0,-0.0,-0.0,-0.0,-0.0,-0.0,-0.0,0.0,0.0,0.0,0.0,-0.0,-0.0,-0.0,-0.0,-0.0,0.0,-0.0,-0.0,0.0,-0.0,0.0,0.0,-0.0,0.0,0.0,0.0,0.0,0.0,-0.0,-0.0,-0.0,-0.0,-0.0,0.0,-0.0,-0.0,-0.0,-0.0,-0.0,-0.0,-0.0,-0.0,0.0,-0.0,-0.0,-0.0,-0.0,-0.0,-0.0,-0.0,-0.0,-0.0,-0.0,-0.0,-0.0,-0.0,-0.0,-0.0,-0.0,-0.0,-0.0,-0.0,-0.0,-0.0,-0.0,-0.0,0.0,-0.0,-0.0,-0.0,-0.0,-0.0,-0.0,-0.0,-0.0,-0.0,-0.0,-0.0,-0.0,-0.0,-0.0,-0.0,-0.0,-0.0,-0.0,-0.0,-0.0,0.0,-0.0,-0.0,-0.0,-0.0,0.0,-0.0,-0.0,-0.0,-0.0,-0.0,-0.0,-0.0,-0.0,-0.0,-0.0,-0.0,-0.0,-0.0,-0.0,-0.0,-0.0,-0.0,-0.0,-0.0,-0.0,-0.0,-0.0,0.0,-0.0,-0.0,-0.0,-0.0,-0.0,-0.0,-0.0,-0.0,-0.0,-0.0,-0.0,-0.0,-0.0,-0.0,-0.0,-0.0,-0.0,-0.0,-0.0,-0.0,-0.0,-0.0,0.0,-0.0,-0.0,0.0,-0.0,-0.0,-0.0,-0.0,-0.0,-0.0,-0.0,-0.0,-0.0,-0.0,-0.0,-0.0,-0.0,-0.0,-0.0,-0.0,-0.0,-0.0,-0.0,-0.0,-0.0,-0.0,-0.0,4.366112765975097e-9,-0.0,-0.0,-0.0,-0.0,-0.0,-0.0,-0.0,-0.0,-0.0,-0.0,0.0,-0.0,-0.0,-0.0,-0.0,-0.0,-0.0,-0.0,-0.0,-0.0,-0.0,-0.0,-0.0,-0.0,-0.0,-0.0,-0.0,-0.0,-0.0,-0.0,-0.0,-0.0,-0.0,-0.0,-0.0,-0.0,-0.0,-0.0,-0.0,-0.0,0.0,-0.0,-0.0,-0.0,-0.0,-0.0,-0.0,-0.0,-0.0,-0.0,-0.0,-0.0,-0.0,-0.0,-0.0,-0.0,-0.0,-0.0,-0.0,-0.0,-0.0,-0.0,-0.0,-0.0,-0.0,-0.0,-0.0,-0.0,-0.0,-0.0,-0.0,-0.0,-0.0,0.0,0.0,-0.0,-0.0,-0.0,-0.0,-0.0,-0.0,-0.0,-0.0,-0.0,-0.0,-0.0,-0.0,-0.0,-0.0,0.0,-0.0,-0.0,-0.0,-0.0,0.0,-0.0,-0.0,-0.0,-0.0,-0.0,-2.0e-9,-0.0,-0.0,-0.0,-0.0,-0.0,0.0,-0.0,-0.0,-0.0,0.0,-0.0,-0.0,0.0,-0.0,-0.0,-0.0,-0.0,-0.0,-0.0,-0.0,-0.0,-0.0,-0.0,-0.0,-0.0,-0.0,-0.0,-0.0,-0.0,-0.0,-0.0,-0.0,-0.0,-0.0,-0.0,-0.0,-0.0,-0.0,-0.0,0.0,-0.0,-0.0,-0.0,-0.0,-0.0,-0.0,-0.0,-0.0,-0.0,-0.0,-0.0,0.0,-0.0,-0.0,-0.0,-0.0,-0.0,-0.0,-0.0,-0.0,-0.0,-0.0,-0.0,-0.0,-0.0,-8.484213457146476e-9,-0.0,-0.0,-0.0,-0.0,-0.0,-0.0,-0.0,-0.0,-0.0,-0.0,0.0,-0.0,-0.0,-0.0,-0.0,-0.0,-0.0,-0.0,-0.0,-0.0,-0.0,-0.0,-0.0,-0.0,-0.0,-0.0,-0.0,-0.0,-0.0,-0.0,-0.0,-0.0,-0.0,-0.0,-0.0,-0.0,-0.0,-0.0,-0.0,-0.0,-0.0,-0.0,-0.0,-0.0,-0.0,-0.0,-0.0,-0.0,-0.0,-0.0,-0.0,-0.0,0.0,-0.0,-0.0,-0.0,-0.0,-0.0,-0.0,-0.0,-0.0,-0.0,-0.0,-0.0,-0.0,-0.0,-0.0,-0.0,-0.0,-0.0,-0.0,-0.0,-0.0,-0.0,-0.0,-0.0,-0.0,-0.0,-0.0,0.0,-0.0,-0.0,-0.0,-0.0,-0.0,-0.0,0.0,0.0,0.0,-0.0,-0.0,-0.0,-0.0,-0.0,-0.0,-0.0,-0.0,-0.0,-0.0,-0.0,-0.0,-0.0,-0.0,-0.0,0.0,-0.0,-0.0,-0.0,-0.0,-0.0,0.0,-0.0,-0.0,-0.0,-0.0,-0.0,-0.0,-0.0,-0.0,-0.0,-0.0,-0.0,-0.0,-0.0,-0.0,-0.0,-0.0,-0.0,-0.0,-0.0,-0.0,-0.0,-0.0,-0.0,-0.0,-0.0,-0.0,-0.0,-0.0,-0.0,-0.0,-0.0,-0.0,-0.0,-0.0,-0.0,-0.0,-0.0,-0.0,-0.0,-0.0,-0.0,-0.0,-0.0,-0.0,-0.0,-0.0,-0.0,-0.0,0.0,-0.0,-0.0,-0.0,-0.0,0.0,-0.0,-0.0,-0.0,-0.0,0.0,-0.0,-0.0,-0.0,-0.0,-0.0,-0.0,-0.0,-0.0,-0.0,-0.0,-0.0,-0.0,-0.0,-0.0,-0.0,-0.0,-0.0,-0.0,-0.0,-0.0,-0.0,-0.0,-0.0,-0.0,-0.0,-0.0,-0.0,-0.0,-0.0,-0.0,-0.0,-0.0,-0.0,-0.0,-0.0,-0.0,0.0,0.0,-0.0,-0.0,-0.0,-0.0,0.0,0.0,0.0,-0.0,-0.0,-0.0,-0.0,0.0,-0.0,-0.0,-0.0,-0.0,-0.0,-0.0,-0.0,-0.0,-0.0,-0.0,-0.0,0.0,0.0,-0.0,0.0,-0.0,-0.0,-0.0,-0.0,-0.0,-0.0,-0.0,0.0,0.0,0.0,0.0,0.0,-0.0,-0.0,-0.0,-0.0,-0.0,-0.0,-0.0,-0.0,-0.0,-0.0,-0.0,-0.0,-0.0,-0.0,-0.0,-0.0,-0.0,-0.0,-0.0,9.377166827348e-9,-0.0,-0.0,-0.0,-0.0,-0.0,-0.0,-0.0,-0.0,-0.0,-0.0,-0.0,0.0,-0.0,-0.0,-0.0,-0.0,-0.0,-0.0,-0.0,-0.0,-0.0,-0.0,-0.0,-0.0,-0.0,-0.0,-0.0,-0.0,-0.0,-0.0,-0.0,-0.0,-0.0,-0.0,-0.0,-0.0,-0.0,-0.0,0.0,-0.0,-0.0,-0.0,-0.0,-0.0,-0.0,-0.0,-0.0,-0.0,-0.0,-0.0,-0.0,-0.0,-0.0,0.0,0.0,0.0,0.0,0.0,-0.0,0.0,-5.106117198558966e-10,0.0,0.0,-8.076078385663648e-10,-0.0,-0.0,-0.0,-0.0,-0.0,-0.0,-0.0,-0.0,-0.0,-0.0,-0.0,-0.0,-0.0,-0.0,-0.0,-0.0,-0.0,-0.0,-0.0,-0.0,-0.0,-0.0,-0.0,-0.0,-0.0,0.0,0.0,0.0,0.1746928058338031,0.0,-0.0,-0.0,-0.0,-0.0,-0.0,-0.0,-0.0,-0.0,-0.0,-0.0,-0.0,-0.0,-0.0,-0.0,-0.0,-0.0,-0.0,-0.0,-0.0,-0.0,0.0,-0.0,-0.0,0.0,-0.0,-0.0,-0.0,-0.0,-0.0,-0.0,-0.0,-0.0,-0.0,-0.0,-0.0,-0.0,-0.0,-0.0,-0.0,-0.0,-0.0,-0.0,-0.0,-0.0,-0.0,-0.0,-0.0,-0.0,-0.0,-0.0,-0.0,-0.0,-0.0,-0.0,-0.0,-0.0,-0.0,-0.0,-0.0,-0.0,-0.0,-0.0,-0.0,-0.0,-0.0,-0.0,-0.0,0.0,-0.0,0.0,0.3255011394403433,0.0,-0.0,0.0,0.16275054175153603,0.0,0.0,0.0,-0.0,-0.0,0.0,-0.0,-0.0,-0.0,-0.0,0.0,-0.0,0.0,-0.0,-0.0,-0.0,-0.0,-0.0,-0.0,-0.0,-0.0,-0.0,0.0,-0.0,-0.0,-0.0,0.0,-0.0,-0.0,-0.0,-0.0,-0.0,-0.0,-0.0,-0.0,-0.0,-0.0,-0.0,-0.0,-0.0,-0.0,-0.0,-0.0,-0.0,-0.0,-0.0,-0.0,-0.0,-0.0,-0.0,-0.0,-0.0,0.0,-0.0,0.0,-0.0,-0.0,-0.0,-0.0,-0.0,-0.0,-0.0,-0.0,-0.0,-0.0,0.0,-0.0,0.0,-0.0,-0.0,0.0,-0.0,-0.0,-0.0,0.0,-0.0,-0.0,-0.0,-0.0,-0.0,-0.0,-0.0,-0.0,-0.0,-0.0,-0.0,-0.0,-0.0,-0.0,-0.0,-0.0,-0.0,-0.0,-0.0,9.38820886925287e-9,-0.0,-0.0,-0.0,-0.0,-0.0,0.0,0.0,0.0,-0.0,0.0,-0.0,0.0,0.031249991728139026,0.0,0.0,0.0,-0.0,0.0,0.0,0.0,0.0,0.0,-0.0,0.0,0.0,0.0,0.0,0.0,-0.0,-0.0,-0.0,-0.0,-0.0,-0.0,-0.0,0.0,-0.0,-0.0,-0.0,-0.0,-0.0,-0.0,-0.0,-0.0,-0.0,-0.0,-0.0,-0.0,-0.0,-0.0,-0.0,-0.0,-0.0,-0.0,0.0,-0.0,-0.0,-0.0,-0.0,-0.0,-0.0,-0.0,-0.0,-0.0,-0.0,-0.0,-0.0,-0.0,-0.0,-0.0,-0.0,-0.0,-0.0,-0.0,-0.0,-0.0,-0.0,-0.0,-0.0,-0.0,0.0,-0.0,0.0,9.383905811655544e-9,-0.0,-0.0,-0.0,-0.0,-0.0,-0.0,-0.0,-0.0,-0.0,-0.0,-0.0,-0.0,-0.0,-0.0,-0.0,-0.0,-0.0,0.0,0.031250013015572176,0.0,0.0,0.0,-0.0,0.0,0.03125000474593875,0.0,0.0,0.0,-0.0,0.0,0.0,0.0,0.0,0.0,-0.0,-0.0,-0.0,-0.0,-0.0,-0.0,-0.0,-0.0,-0.0,-0.0,-0.0,-0.0,-0.0,-0.0,-0.0,-0.0,-0.0,-0.0,-0.0,-0.0,-0.0,-0.0,-0.0,-0.0,-0.0,-0.0,-0.0,-0.0,-0.0,-0.0,-0.0,-0.0,-0.0,-0.0,-0.0,-0.0,-0.0,-0.0,-0.0,-0.0,-0.0,-0.0,-0.0,-0.0,0.0,0.0,-0.0,-0.0,-0.0,-0.0,-0.0,-0.0,0.0,-0.0,-0.0,-0.0,-0.0,-0.0,-0.0,-0.0,-0.0,-0.0,-0.0,0.0,-0.0,-0.0,-0.0,-0.0,-0.0,-0.0,-0.0,-0.0,-0.0,0.0,0.0,0.0,0.0,0.0,-0.0,0.0,0.03125000419076951,0.0,0.0,0.0,-0.0,-0.0,-0.0,-0.0,-0.0,-0.0,-0.0,0.0,0.0,0.0,0.0,-0.0,-0.0,0.0,0.0,0.0,0.0,-0.0,-0.0,-0.0,-0.0,-0.0,-0.0,-0.0,-0.0,-0.0,-0.0,-0.0,-0.0,0.0,-0.0,-0.0,-0.0,-0.0,0.0,-0.0,-0.0,-0.0,-0.0,-0.0,-0.0,-0.0,-0.0,-0.0,-0.0,-0.0,-0.0,-0.0,-0.0,-0.0,0.0,-0.0,-0.0,-0.0,-0.0,-0.0,0.0,-0.0,-0.0,-0.0,-0.0,-0.0,-0.0,-0.0,-0.0,-0.0,-0.0,-0.0,-0.0,-0.0,-0.0,-0.0,-0.0,0.0,0.0,0.0,0.0,0.0,-0.0,-0.0,-0.0,-0.0,-0.0,-0.0,-0.0,-0.0,-0.0,-0.0,-0.0,-0.0,-0.0,0.0,0.0,2.167594959714944e-8,0.0,-7.760064770986877e-10,-0.0,0.0,0.0,0.0,0.12499997718290201,0.0,-0.0,-0.0,-0.0,-0.0,-0.0,-0.0,-0.0,0.0,-0.0,-0.0,7.319233077322196e-9,0.0,-0.0,-0.0,-0.0,-0.0,-0.0,-0.0,-0.0,-0.0,-0.0,-0.0,-0.0,-0.0,-0.0,-0.0,-0.0,-0.0,-0.0,-0.0,-0.0,-0.0,-0.0,-0.0,-0.0,-0.0,-0.0,-0.0,-0.0,-0.0,-0.0,-0.0,-0.0,-0.0,-0.0,-0.0,-0.0,-0.0,-0.0,0.0,0.0,0.0,0.0,0.0,-0.0,-0.0,-0.0,-0.0,-0.0,0.0,-0.0,-0.0,-0.0,-0.0,-0.0,-0.0,-0.0,-0.0,-0.0,-0.0,-0.0,-0.0,-0.0,-0.0,-0.0,-0.0,-0.0,-0.0,-0.0,0.0,0.15528248958501312,0.0,0.0,0.0,-0.0,0.0,0.0,7.319233077322196e-9,-0.0,-0.0,-0.0,-0.0,-0.0,-0.0,-0.0,-0.0,-0.0,-0.0,0.0,-0.0,-0.0,-0.0,-0.0,-0.0,-0.0,-0.0,-0.0,-0.0,-0.0,-0.0,-0.0,0.0,-0.0,-0.0,-0.0,-0.0,-0.0,-0.0,-0.0,-0.0,-0.0,0.0,0.1552824725536599,0.0,0.0,0.0,-0.0,-0.0,0.0,-0.0,0.0,-0.0,-0.0,-0.0,-0.0,-0.0,-0.0,-0.0,-0.0,-0.0,-0.0,-0.0,-0.0,-0.0,-0.0,-0.0,-0.0,-0.0,-0.0,-0.0,-0.0,-0.0,-0.0,-0.0,-0.0,0.0,-0.0,0.0,-0.0,-0.0,-0.0,-0.0,-0.0,-0.0,-0.0,-0.0,-0.0,-0.0,-0.0,-0.0,-0.0,-0.0,-0.0,-0.0,-0.0,0.0,-0.0,0.0,-0.0,0.0,-0.0,0.0,-0.0,-0.0,-0.0,-0.0,-0.0,0.0,0.0,0.0,0.0,0.0,-0.0,0.0,0.0,-0.0,-0.0,0.0,-0.0,0.0,9.38820886925287e-9,0.0,0.0,0.0,-0.0,-0.0,-0.0,-0.0,0.0,0.0,-0.0,0.0,-0.0,-0.0,-0.0,0.0,-0.0,-0.0,-0.0,-0.0,-0.0,-0.0,-0.0,-0.0,-0.0,-0.0,-0.0,-0.0,-0.0,-0.0,-0.0,-0.0,-0.0,-0.0,-0.0,2.7053827652392556e-9,0.0,0.0,-0.0,0.0,-0.0,-0.0,-0.0,-0.0,-0.0,-0.0,-0.0,0.0,0.0,0.0,0.0,0.0,-0.0,0.0,0.0,-0.0,-0.0,0.0,-0.0,0.0,0.0,0.20951307913949035,0.0,0.0,-0.0,-0.0,0.0,-0.0,-0.0,-0.0,-0.0,-0.0,-0.0,0.0,-0.0,-0.0,-0.0,-0.0,-0.0,-0.0,-0.0,-0.0,-0.0,-0.0,-0.0,-0.0,-0.0,-0.0,-0.0,-0.0,-0.0,-0.0,-0.0,-0.0,-0.0,-0.0,-0.0,0.0,-0.0,-0.0,0.0,0.0,0.3105649292009618,0.0,0.0,0.0,-0.0,0.0,0.0,0.0,0.062499993219035765,0.0,-0.0,-0.0,-0.0,-0.0,-0.0,-0.0,-0.0,-0.0,-0.0,-0.0,-0.0,3.1882308746075136e-8,-0.0,-0.0,-0.0,-0.0,-0.0,-0.0,-0.0,0.0,0.0,0.0,0.0,0.0,-0.0,0.0,0.0,0.08333333451120772,0.0,0.0,-0.0,-0.0,-0.0,-0.0,-0.0,-0.0,-0.0,0.0,0.0,-0.0,-0.0,0.0,-0.0,-0.0,-0.0,-0.0,-0.0,-0.0,-0.0,-0.0,-0.0,0.0,-0.0,0.0,-0.0,0.0,-0.0,-0.0,-0.0,-0.0,-0.0,-0.0,-0.0,-0.0,-0.0,-0.0,-0.0,0.0,0.0,0.0,0.0,0.0,-0.0,-0.0,-0.0,-0.0,-0.0,-0.0,-0.0,0.0,0.0,0.0,0.0,0.0,-0.0,-0.0,-0.0,-0.0,-0.0,-0.0,-0.0,-0.0,-0.0,-0.0,-0.0,-0.0,-0.0,0.0,0.0,-0.0,-0.0,-0.0,-0.0,-0.0,0.0,-0.0,0.0,-0.0,-0.0,-0.0,-0.0,-0.0,-0.0,-0.0,-0.0,0.0,0.0,0.0,7.319233077322196e-9,0.0,-0.0,-0.0,-0.0,-0.0,-0.0,-0.0,-0.0,-0.0,-0.0,-0.0,-0.0,-0.0,-0.0,-0.0,-0.0,-0.0,-0.0,-0.0,-0.0,-0.0,-0.0,-0.0,-0.0,-0.0,-0.0,-0.0,-0.0,-0.0,-0.0,0.0,-0.0,-0.0,-0.0,-0.0,-0.0,0.0,-0.0,-0.0,-2.0e-9,-0.0,-0.0,0.0,-0.0,-0.0,0.0,0.0,0.0,-0.0,-0.0,-0.0,-0.0,-0.0,0.0,-0.0,-0.0,9.38820886925287e-9,0.0,0.0,0.0,-0.0,-0.0,-0.0,-0.0,-0.0,-0.0,-0.0,-0.0,0.0,0.0,0.0,0.0,0.0,-0.0,-0.0,-0.0,-0.0,-0.0,-0.0,-0.0,0.0,7.319233077322196e-9,-0.0,-0.0,-0.0,1.0,0.0,0.0,1.0,0.0,0.0,0.0,1.0,0.0,1.0,0.0,0.0,1.0,0.0,0.0,0.0,1.0,0.0,1.0,1.0,0.0,0.0,0.0,0.0,1.0,0.0,0.0,0.0,0.0,0.0,0.0,1.0,0.0,0.0,0.0,0.0,1.0,0.0,0.0,1.0,0.0,0.0,0.0,1.0,1.0,0.0,0.0,0.0,1.0,0.0,0.0,1.0,1.0,0.0,0.0,1.0,0.0,1.0,0.0,0.0,0.0,0.0,0.0,0.0,0.0,0.0,0.0,0.0,0.0,0.0,0.0,0.0,0.0,0.0,1.0,1.0,0.0,0.0,0.0,0.0,0.0,0.0,0.0,0.0,1.0,1.0,0.0,0.0,1.0,1.0,0.0,0.0,0.0,0.0,0.0,0.0,0.0,0.0,0.0,0.0,0.0,0.0,1.0,1.0,0.0,1.0,0.0,0.0,1.0,1.0,0.0,0.0,0.0,0.0,0.0,0.0,1.0,0.0,0.0,0.0,0.0,0.0,1.0,1.0,0.0,0.0,0.0,0.0,1.0,0.0,0.0,0.0,0.0,0.0,1.0,0.0,0.0,1.0,1.0,1.0,0.0,1.0,0.0,0.0,0.0,0.0,0.0,1.0,1.0,1.0,0.0,0.0,0.0,0.0,0.0,0.0,0.0,0.0,0.0,0.0,1.0,0.0,0.0,0.0,0.0,1.0,0.0,1.0,0.0,0.0,1.0,0.0,0.0,0.0,0.0,0.0,0.0,0.0,0.0,0.0,0.0,0.0,0.0,0.0,0.0,0.0,1.0,0.0,1.0,1.0,0.0,0.0,0.0,1.0,0.0,0.0,0.0,0.0,0.0,1.0,1.0,0.0,0.0,0.0,0.0,1.0,0.0,0.0,0.0,0.0,0.0,1.0,0.0,0.0,0.0,0.0,0.0,1.0,1.0,0.0,0.0,0.0,0.0,1.0,0.0,1.0,0.0,0.0,0.0,0.0,0.0,1.0,0.0,0.0,1.0,0.0,0.0,1.0,0.0,0.0,0.0,1.0,0.0,0.0,0.0,0.0,0.0,0.0,0.0,0.0,1.0,1.0,0.0,0.0,0.0,0.0,0.0,0.0,0.0,0.0,1.0,0.0,1.0,0.0,0.0,1.0,0.0,0.0,1.0,0.0,0.0,0.0,0.0,0.0,0.0,0.0,0.0,1.0,1.0,0.0,0.0,0.0,0.0,0.0,1.0,1.0,0.0,0.0,0.0,1.0,0.0,0.0,0.0,0.0,0.0,0.0,0.0,0.0,0.0,0.0,0.0,0.0,0.0,0.0,-7.071067811865476e-10,-7.071067811865476e-10,-8.45104327952795e-9,-7.071067811865476e-10,-5.726475963753215e-9,2.351901390244165e-8,0.0,0.0,0.0,0.0,0.0,0.0,0.0,0.0,0.0,0.0,0.0,0.0,0.0,0.0,0.0,0.0,0.0,0.0,0.0,0.0,0.0,0.0,0.0,0.0,0.0,0.0,0.0,0.0,0.0,-7.071067811865476e-10,-7.071067811865476e-10,0.0,-4.736576000327848e-9,-7.071067811865476e-10,0.0,0.0,0.0,0.0,0.0,0.0,0.0,0.0,0.0,0.0,0.0,0.0,0.0,0.0,0.0,0.0,0.0,2.180954790713581e-8,0.0,0.0,7.071067811865476e-10,0.0,0.0,0.0,0.0,0.0,0.0,0.0,0.0,0.0,0.0,0.0,0.0,0.0,0.0,0.0,0.0,0.0,0.0,0.0,0.0,0.0,0.0,0.0,0.0,0.0,0.0,0.0,0.0,0.0,0.0,0.0,0.0,0.0,0.0,0.0,0.0,0.0,0.0,0.0,0.0,0.0,0.0,0.0,0.0,7.071067811865476e-10,7.071067811865476e-10,7.071067811865476e-10,7.071066241773017e-10,7.071067811865476e-10,0.0,0.0,0.0,0.0,0.0,0.0,0.0,0.0,0.0,0.0,7.071067811865476e-10,7.071067811865476e-10,7.071067811865476e-10,7.071066241773017e-10,7.071067811865476e-10,0.0,0.0,0.0,0.0,0.0,0.0,0.0,0.0,0.0,0.0,-7.071067811865476e-10,-7.071067811865476e-10,-7.071067811865476e-10,-7.071067811865476e-10,-1.8783304069687624e-9,0.0,-7.071067811865476e-10,4.030538579095959e-8,-7.071067811865476e-10,-7.071067811865476e-10,0.0,0.0,0.0,0.0,0.0,0.0,0.0,0.0,0.0,0.0,0.0,0.0,-7.071067811865476e-10,-7.071067811865476e-10,-3.535216112520887e-8,0.0,-7.071067811865476e-10,0.0,-7.071067811865476e-10,-7.071067811865476e-10,0.0,0.0,0.0,0.0,0.0,0.0,0.0,0.0,0.0,0.0,0.0,0.0,0.0,0.0,0.0,0.0,0.0,0.0,0.0,0.0,0.0,0.0,0.0,0.0,0.0,0.0,0.0,0.0,0.0,0.0,0.0,0.0,0.0,0.0,0.0,0.0,0.0,0.0,0.0,0.0,7.071067811865476e-10,7.071067811865476e-10,7.071067811865476e-10,7.071067811865476e-10,7.071067811865476e-10,0.0,0.0,0.0,0.0,0.0,0.0,0.0,0.0,0.0,0.0,0.0,7.071067811865476e-10,0.0,7.071067811865476e-10,7.071067811865476e-10,0.0,0.0,0.0,0.0,0.0,0.0,0.0,0.0,0.0,0.0,0.0,0.0,-8.351551629863128e-9,7.071067811865476e-10,0.0,0.0,0.0,0.0,0.0,0.0,0.0,0.0,0.0,0.0,0.0,0.0,0.0,0.0,0.0,0.0,0.0,0.0,0.0,0.0,0.0,0.0,0.0,0.0,0.0,0.0,0.0,0.0,0.0,-1.6642168034729202e-9,0.0,0.0,0.0,0.0,0.0,0.0,0.0,0.0,0.0,0.0,0.0,0.0,0.0,0.0,0.0,0.0,0.0,0.0,0.0,0.0,0.0,0.0,0.0,0.0,0.0,0.0,0.0,0.0,0.0,0.0,0.0,0.0,0.0,0.0,0.0,0.0,0.0,-7.071067811865476e-10,-1.2767318803467368e-9,0.0,-7.071067811865476e-10,0.0,0.0,0.0,0.0,0.0,0.0,0.0,0.0,7.35244863899168e-9,0.0,0.0,0.0,0.0,0.0,0.0,0.0,0.0,0.0,0.0,0.0,0.0,0.0,0.0,0.0,0.0,-7.071067811865476e-10,-7.071067811865476e-10,-7.071067811865476e-10,-1.881025829496571e-9,-7.071067811865476e-10,7.071067811865476e-10,7.071067811865476e-10,7.071067811865476e-10,7.071066241773017e-10,7.071066241773017e-10,0.0,0.0,0.0,0.0,0.0,0.0,0.0,0.0,0.0,0.0,0.0,0.0,0.0,0.0,0.0,0.0,0.0,0.0,0.0,0.0,0.0,0.0,0.0,0.0,0.0,0.0,0.0,0.0,0.0,0.0,0.0,0.0,0.0,0.0,0.0,0.0,0.0,0.0,0.0,0.0,-7.071067811865476e-10,-7.071067811865476e-10,-7.071067811865476e-10,-7.071067811865476e-10,-7.071067811865476e-10,0.0,0.0,0.0,0.0,0.0,0.0,0.0,0.0,0.0,0.0,0.0,0.0,0.0,0.0,0.0,0.0,0.0,0.0,0.0,0.0,0.0,0.0,0.0,0.0,0.0,0.0,0.0,0.0,0.0,0.0,0.0,0.0,0.0,0.0,0.0,0.0,0.0,0.0,0.0,0.0,0.0,0.0,0.0,0.0,0.0,7.071067811865476e-10,7.071067811865476e-10,7.071067811865476e-10,7.071067811865476e-10,7.071067811865476e-10,-7.071067811865476e-10,-7.071067811865476e-10,-7.071067811865476e-10,-5.12245161006268e-9,-7.071067811865476e-10,0.0,7.071067811865476e-10,7.071067811865476e-10,0.0,7.071067811865476e-10,7.071067811865476e-10,7.071067811865476e-10,7.071067811865476e-10,7.071067811865476e-10,7.071067811865476e-10,0.0,0.0,0.0,0.0,0.0,0.0,0.0,0.0,0.0,0.0,0.0,0.0,0.0,0.0,0.0,0.0,0.0,0.0,0.0,0.0,0.0,0.0,0.0,0.0,0.0,0.0,0.0,0.0,0.0,0.0,0.0,0.0,0.0,0.0,0.0,0.0,0.0,0.0,0.0,0.0,0.0,0.0,0.0,0.0,0.0,0.0,0.0,0.0,0.0,0.0,1.80928944271312e-8,0.0,0.0,0.0,0.0,0.0,0.0,0.0,0.0,0.0,0.0,0.0,0.0,0.0,0.0,0.0,0.0,0.0,0.0,0.0,0.0,0.0,0.0,0.0,0.0,0.0,0.0,0.0,0.0,0.0,-7.071067811865476e-10,-7.071067811865476e-10,0.0,0.0,0.0,0.0,0.0,7.071067811865476e-10,7.071067811865476e-10,-3.3531741331691e-8,0.0,0.0,0.0,0.0,0.0,0.0,7.071067811865476e-10,0.0,0.0,7.071067811865476e-10,0.0,0.0,0.0,0.0,0.0,-7.071067811865476e-10,-7.071067811865476e-10,0.0,-7.071067811865476e-10,-7.071067811865476e-10,0.0,0.0,0.0,0.0,0.0,0.0,0.0,0.0,0.4179626847402312,0.0,0.0,0.0,0.0,0.0,0.0,0.0,0.0,0.0,0.0,0.0,0.0,0.0,0.0,0.0,0.0,0.0,0.0,0.0,0.0,0.0,0.0,0.0,0.0,0.0,0.0,0.0,0.0,0.0,0.0,0.0,0.0,0.0,0.0,0.0,0.0,0.0,0.0,0.0,0.0,0.0,-7.071067811865476e-10,-7.071067811865476e-10,-7.071067811865476e-10,-7.071067811865476e-10,-1.8806122916516678e-9,0.0,0.0,0.0,0.0,0.0,0.0,0.0,0.0,0.5705270716150731,0.0,0.0,-0.40342352654186675,0.0,0.0,0.0,0.0,0.0,0.0,0.0,0.0,0.0,0.0,0.0,0.0,0.0,-7.071067811865476e-10,2.042956330407341e-9,0.0,0.0,0.0,0.0,0.0,0.0,0.0,0.0,-7.071067811865476e-10,0.0,0.0,0.0,2.831861885869423e-9,7.071067811865476e-10,7.071066241773017e-10,7.071067811865476e-10,0.0,7.071067811865476e-10,0.0,0.0,0.0,0.0,0.0,0.0,0.0,0.0,0.0,0.0,0.0,0.0,0.0,0.0,0.0,0.0,0.0,0.0,0.0,0.0,0.0,0.0,0.0,0.0,0.0,0.0,0.0,0.0,0.0,0.0,-7.071067811865476e-10,-7.071067811865476e-10,-7.071067811865476e-10,-7.071067811865476e-10,-7.071067811865476e-10,0.0,0.0,0.0,0.0,0.0,1.6381585840158412e-8,0.0,0.0,0.0,0.0,0.0,0.0,0.0,0.0,0.0,0.0,0.0,0.0,0.0,0.0,7.071067811865476e-10,7.071067811865476e-10,7.071067811865476e-10,7.071067811865476e-10,7.071067811865476e-10,7.071067811865476e-10,7.071067811865476e-10,7.071067811865476e-10,7.071067811865476e-10,7.071067811865476e-10,0.0,0.0,0.0,0.0,0.0,7.071067811865476e-10,7.071067811865476e-10,7.071067811865476e-10,7.071066241773017e-10,7.071067811865476e-10,0.0,0.0,0.0,0.0,0.0,0.0,-7.071067811865476e-10,0.0,0.0,-7.071067811865476e-10,0.0,-2.230380439037027e-7,0.0,-7.071067811865476e-10,-7.071067811865476e-10,-7.071067811865476e-10,-7.071067811865476e-10,-7.071067811865476e-10,-7.071067811865476e-10,-7.071067811865476e-10,4.300496128706018e-8,0.0,0.0,0.0,0.0,-7.071067811865476e-10,0.0,-7.071067811865476e-10,-7.071067811865476e-10,7.825532331234515e-8,0.0,0.0,0.0,0.0,0.0,7.071067811865476e-10,7.071067811865476e-10,7.071067811865476e-10,0.0,0.0,-7.071067811865476e-10,-7.071067811865476e-10,-7.071067811865476e-10,-7.071067811865476e-10,-7.071067811865476e-10,-1.8783800277054707e-9,-7.071067811865476e-10,-7.071067811865476e-10,-7.071067811865476e-10,2.5077109236661927e-8,0.0,0.0,0.0,0.0,0.0,0.0,0.0,0.0,0.0,0.0,-7.071067811865476e-10,-7.071067811865476e-10,-7.071067811865476e-10,-7.071067811865476e-10,-7.071067811865476e-10,-7.071067811865476e-10,-7.071067811865476e-10,1.4644548522659294e-8,7.071067811865476e-10,-7.071067811865476e-10,0.0,0.0,0.0,0.0,0.0,0.0,0.0,0.0,0.0,0.0,7.071067811865476e-10,-6.893914511595695e-8,7.071067811865476e-10,7.071067811865476e-10,7.071067811865476e-10,7.071067811865476e-10,4.73683339454354e-9,7.071067811865476e-10,7.071067811865476e-10,7.071067811865476e-10,0.0,0.0,0.0,0.0,0.0,0.0,0.0,0.0,0.0,0.0,0.0,0.0,7.071067811865476e-10,0.0,7.071067811865476e-10,0.0,0.0,0.0,0.0,0.0,-7.071067811865476e-10,-7.071067811865476e-10,-7.071067811865476e-10,-7.071067811865476e-10,-7.071067811865476e-10,0.0,0.0,0.0,0.0,0.0,0.0,0.0,0.0,0.0,0.0,0.0,0.0,0.0,0.0,0.0,0.0,0.0,0.0,0.0,0.0,-7.071067811865476e-10,-7.071067811865476e-10,-7.071067811865476e-10,0.0,-7.071067811865476e-10,1.1257560415433304e-9,7.071067811865476e-10,7.071067811865476e-10,7.071067811865476e-10,7.071067811865476e-10,0.0,0.0,0.0,0.0,0.0,0.0,0.0,0.0,0.0,0.0,7.071067811865476e-10,7.071067811865476e-10,7.071067811865476e-10,7.071067811865476e-10,7.071067811865476e-10,0.0,0.0,7.071067811865476e-10,7.071067811865476e-10,7.071067811865476e-10,0.0,0.0,2.76937565649315e-8,0.0,-7.071067811865476e-10,0.0,0.0,0.0,0.3535533583256763,0.0,0.0,0.0,0.0,0.0,0.0,0.0,0.0,0.0,6.043445328659488e-9,0.0,0.0,0.0,0.0,0.0,0.0,0.0,0.0,0.0,0.0,0.0,-7.071067811865476e-10,-7.071067811865476e-10,-7.071067811865476e-10,-7.071067811865476e-10,-7.071067811865476e-10,7.071067811865476e-10,7.071067811865476e-10,0.0,7.071067811865476e-10,7.071067811865476e-10,0.0,0.0,0.0,0.0,0.0,0.0,0.0,0.0,0.0,0.0,7.071067811865476e-10,7.071067811865476e-10,7.071067811865476e-10,7.071067811865476e-10,7.071067811865476e-10,0.0,-0.3940589925272247,0.0,0.0,0.0,0.0,0.0,-8.595629410323051e-9,0.0,0.0,0.0,0.0,0.0,0.0,0.0,7.071067811865476e-10,0.0,0.0,7.071067811865476e-10,-4.4727699522906e-8,-7.071067811865476e-10,-4.441368498071463e-8,7.071067811865476e-10,7.071067811865476e-10,-7.071067811865476e-10,0.0,0.0,0.0,0.0,0.0,0.0,-0.39405897094812187,0.0,0.0,0.0,0.0,0.0,0.0,0.0,0.0,0.0,7.071067811865476e-10,0.0,0.0,1.8658947272425756e-8,0.0,0.0,0.0,0.0,0.0,0.0,0.0,0.0,0.0,0.0,0.0,0.0,0.0,-5.059499947989095e-9,7.071067811865476e-10,0.0,0.0,0.0,0.0,0.0,0.0,0.0,0.0,0.0,0.0,0.0,0.0,0.0,0.0,0.0,0.0,9.447225284992307e-9,0.0,0.0,0.0,0.0,0.0,0.0,0.0,0.0,0.0,0.0,0.0,0.0,0.0,0.0,0.0,0.0,0.0,8.364539104940778e-8,0.0,-7.071067811865476e-10,-7.071067811865476e-10,0.0,6.318565895721627e-8,4.73344663969529e-9,0.0,0.0,0.0,0.0,0.0,0.0,0.0,0.0,0.0,0.0,0.0,0.0,0.0,0.0,0.0,0.0,0.0,0.0,0.0,0.0,0.0,0.45772598696353434,0.0,0.0,0.0,0.0,0.0,0.0,0.0,0.0,0.0,0.0,0.0,0.0,-7.071067811865476e-10,-7.071067811865476e-10,-7.071067811865476e-10,-7.071067811865476e-10,-7.071067811865476e-10,0.0,0.0,0.0,0.0,0.0,0.0,0.0,0.0,0.0,0.0,0.0,-0.5572835267636875,0.0,0.0,0.0,0.0,0.0,0.0,0.0,0.0,0.0,0.0,0.0,0.0,0.0,0.0,0.0,0.0,0.0,0.0,0.0,0.0,0.0,0.0,0.0,0.0,0.0,0.0,0.0,0.0,0.0,0.0,0.0,0.0,0.0,-7.071067811865476e-10,-7.071067811865476e-10,-7.071067811865476e-10,-7.071067811865476e-10,-7.071067811865476e-10,0.0,0.0,0.0,0.0,0.0,0.0,0.0,0.0,0.0,0.0,0.0,0.0,0.0,0.0,0.0,0.0,0.0,0.0,0.0,0.0,0.0,0.0,0.0,-5.773258717269305e-9,0.0,0.0,0.0,0.0,0.0,0.0,0.0,0.0,0.0,0.0,0.0,0.0,0.0,0.0,0.0,0.0,0.0,0.0,0.0,0.0,0.0,0.0,0.0,0.0,0.0,0.0,0.0,2.1857512663872788e-10,0.0,0.0,0.0,-7.071067811865476e-10,-7.071067811865476e-10,-7.071067811865476e-10,-7.071067811865476e-10,-7.071067811865476e-10,7.071067811865476e-10,7.071067811865476e-10,7.071067811865476e-10,7.071067811865476e-10,7.071067811865476e-10,-2.2474943196773148e-8,0.0,0.0,0.0,0.0,0.0,0.0,0.0,0.0,0.0,0.0,0.0,0.0,0.0,0.0,0.0,0.0,0.0,0.0,0.0,0.0,-8.651043133592637e-9,0.0,0.0,0.0,0.0,0.0,0.0,0.0,0.0,-1.1012818123773667e-9,0.0,0.0,0.0,0.0,0.0,0.0,0.0,0.0,0.0,0.0,0.0,0.0,0.0,0.0,0.0,0.0,0.0,0.0,0.0,0.0,0.0,0.0,7.071067811865476e-10,0.0,0.0,0.0,0.0,0.0,4.370738023920225e-9,0.0,0.0,0.0,0.0,-8.687539164520629e-10,0.0,0.0,0.0,0.0,0.0,0.0,0.0,0.0,0.0,0.0,0.0,0.0,-7.071067811865476e-10,0.0,-7.071067811865476e-10,0.0,7.071067811865476e-10,-2.484327780609761e-9,7.071067811865476e-10,7.071067811865476e-10,-7.071067811865476e-10,-7.071067811865476e-10,-7.071067811865476e-10,-7.071067811865476e-10,-7.071067811865476e-10,-7.071067811865476e-10,-7.071067811865476e-10,-7.071067811865476e-10,-7.071067811865476e-10,-7.071067811865476e-10,7.071067811865476e-10,7.071067811865476e-10,7.071067811865476e-10,7.071067811865476e-10,7.071067811865476e-10,0.0,0.0,-7.071067811865476e-10,0.0,-1.9621920756830496e-8,-7.071067811865476e-10,0.0,-7.071067811865476e-10,-7.071067811865476e-10,-7.071067811865476e-10,0.0,0.0,0.0,-7.071067811865476e-10,1.4046148531917707e-8,-7.071067811865476e-10,-7.071067811865476e-10,-7.071067811865476e-10,-7.071067811865476e-10,-7.071067811865476e-10,-7.071067811865476e-10,-7.071067811865476e-10,-7.071067811865476e-10,-7.071067811865476e-10,-7.071067811865476e-10,0.0,-0.17677667192845975,0.0,0.0,0.0,0.0,0.0,0.0,0.0,0.0,0.0,0.0,0.0,0.0,0.0,0.0,-0.17677674926192552,0.0,0.0,0.0,0.0,-0.17677670910891216,0.0,0.0,0.0,0.0,0.0,0.0,0.0,0.0,0.0,0.0,0.0,0.0,0.0,0.0,-0.17677670715563237,0.0,0.0,0.0,0.0,0.0,0.0,0.0,0.0,0.0,0.0,0.0,0.0,0.0,7.071067811865476e-10,7.071067811865476e-10,7.071067811865476e-10,7.071067811865476e-10,0.0,7.071067811865476e-10,7.071067811865476e-10,7.071067811865476e-10,7.071067811865476e-10,7.071067811865476e-10,0.0,0.0,0.0,0.0,0.0,-7.071067811865476e-10,-7.071067811865476e-10,-7.071067811865476e-10,-7.071067811865476e-10,1.30645210480074e-8,0.0,0.0,0.0,0.0,0.0,0.0,0.0,0.0,0.0,0.0,0.0,0.0,0.0,0.0,0.0,0.0,0.0,0.0,0.0,0.0,-7.071067811865476e-10,-7.071067811865476e-10,0.0,1.5804711733597765e-9,0.0,0.0,0.0,0.0,0.0,0.0,0.0,0.0,0.0,0.24999998654970526,0.0,0.0,0.0,0.0,0.0,0.0,0.0,0.0,0.0,0.0,2.2060700132914344e-8,0.0,0.0,0.28867513668977096,0.0,0.0,0.0,7.071067811865476e-10,7.071066241773017e-10,7.071067811865476e-10,1.3328654541504444e-9,0.0,0.0,0.0,0.0,0.0,0.0,0.0,0.0,0.0,0.0,0.0,0.0,0.0,0.0,0.0,0.0,0.0,0.0,0.0,0.0,0.0,0.0,0.0,0.0,0.0,-0.0,0.5,-0.00045206108829981973,0.0,0.0,0.0,0.0,-0.0,0.0,0.0,-0.0,0.0,0.0,-0.0,0.0,0.0,-0.0,0.0,-0.0,0.0,0.0,0.0,-1.8255144891111723e-10,-1.1012818123773667e-9,0.0,0.0,0.0,0.0,-0.0,0.0,0.0,-0.0,0.0,0.0,-0.0,0.0,-0.0,0.0,0.0,0.0,-0.0,0.0,0.0,-0.0,0.0,0.0,-0.0,0.0,0.0,-0.0,0.0,0.0,-0.0,0.0,-0.0,0.5,-0.00045206182735948064,0.0,-0.0,0.0,0.0,-0.0,0.0,0.0,-0.0,0.0,0.0,-0.0,0.0,0.0,-0.0,0.0,-0.0,0.0,0.0,0.0,-0.0,-7.071067811865476e-10,0.0,-0.0,-7.071067811865476e-10,0.0,-1.0e-9,-8.45104327952795e-9,0.0,-0.0,-7.071067811865476e-10,0.0,-0.0,-5.726475963753215e-9,-0.0,0.0,0.0,0.0,4.672395068361647e-9,2.351901390244165e-8,0.0,-0.0,0.0,0.0,-0.0,0.0,0.0,-0.0,0.0,0.0,-0.0,0.0,-0.0,0.0,0.0,0.0,-0.0,0.0,0.0,-0.0,0.0,0.0,-0.0,0.0,0.0,-0.0,0.0,0.0,-0.0,0.0,-0.0,0.5,-0.00045206108829981973,0.0,-0.0,0.0,0.0,-0.0,0.0,0.0,-0.0,0.0,0.0,-0.0,0.0,0.0,-0.0,0.0,-0.0,0.0,0.0,0.0,-0.0,0.0,0.0,-0.0,0.0,0.0,0.0,0.0,0.0,-0.0,0.0,0.0,-0.0,0.0,-0.0,0.5,-0.00045206182735948064,0.0,-0.0,0.0,0.0,-0.0,0.0,0.0,-0.0,0.0,0.0,-0.0,0.0,0.0,-0.0,0.0,-0.0,0.0,0.0,0.0,0.0,0.0,0.0,-0.0,0.0,0.0,0.0,0.0,0.0,-0.0,0.0,0.0,-0.0,0.0,-0.0,0.0,0.0,0.0,-0.0,-7.071067811865476e-10,0.0,-0.0,-7.071067811865476e-10,0.0,-0.0,0.0,0.0,-0.0,-4.736576000327848e-9,0.0,-0.0,-7.071067811865476e-10,-0.0,0.5,-0.00045206182735948064,0.0,-0.0,0.0,0.0,-0.0,0.0,0.0,-0.0,0.0,0.0,-0.0,0.0,0.0,-0.0,0.0,-0.0,0.0,0.0,0.0,0.0,0.0,0.0,-0.0,0.0,0.0,-0.0,0.0,0.0,-0.0,0.0,0.0,0.0,0.0,-0.0,0.0,0.0,0.0,-0.0,0.0,0.0,-0.0,0.0,0.0,-0.0,0.0,0.0,-0.0,0.0,0.0,-0.0,0.0,-0.0,0.0,0.0,0.0,-0.0,0.0,0.0,-0.0,0.0,0.0,-0.0,2.180954790713581e-8,0.0,-0.0,0.0,0.0,-0.0,0.0,-0.0,0.5,-0.00045206182735948064,0.0,-0.0,7.071067811865476e-10,0.0,0.0,0.0,0.0,-0.0,0.0,0.0,-0.0,0.0,0.0,-0.0,0.0,-0.0,0.0,0.0,0.0,-0.0,0.0,0.0,-0.0,0.0,0.0,-0.0,0.0,0.0,-0.0,0.0,0.0,-0.0,0.0,-0.0,0.5,-0.00045206108829981973,0.0,-0.0,0.0,0.0,-0.0,0.0,0.0,-0.0,0.0,0.0,-0.0,0.0,0.0,-0.0,0.0,-0.0,0.5,-0.00045206182735948064,0.0,-0.0,0.0,0.0,0.0,0.0,0.0,0.0,0.0,0.0,0.0,0.0,0.0,0.0,0.0,-0.0,0.0,0.0,0.0,-0.0,0.0,0.0,-0.0,0.0,0.0,-0.0,0.0,0.0,-0.0,0.0,0.0,0.0,0.0,-0.0,0.0,0.0,0.0,-0.0,0.0,0.0,0.0,0.0,0.0,-0.0,0.0,0.0,0.0,0.0,0.0,0.0,0.0,-0.0,0.0,0.0,0.0,0.0,0.0,0.0,0.0,0.0,0.0,0.0,0.0,0.0,0.0,0.0,0.0,0.0,0.0,-0.0,0.0,0.0,0.0,-0.0,0.0,0.0,-0.0,0.0,0.0,-0.0,0.0,0.0,-0.0,0.0,0.0,0.0,0.0,-0.0,0.5,-0.00045206182735948064,0.0,-0.0,0.0,0.0,-0.0,0.0,0.0,-0.0,0.0,0.0,-0.0,0.0,0.0,-0.0,0.0,-0.0,0.0,0.0,0.0,-0.0,0.0,0.0,0.0,0.0,0.0,-0.0,0.0,0.0,-0.0,7.071067811865476e-10,0.0,-0.0,0.0,-0.0,0.0,0.0,0.0,-0.0,0.0,0.0,-0.0,0.0,0.0,-0.0,0.0,0.0,-0.0,0.0,0.0,-0.0,0.0,-0.0,0.0,0.0,0.0,-0.0,0.0,0.0,-0.0,0.0,0.0,-0.0,0.0,0.0,-0.0,0.0,0.0,-0.0,0.0,-0.0,0.0,0.0,0.0,-0.0,7.071067811865476e-10,0.0,-0.0,7.071067811865476e-10,0.0,-0.0,7.071067811865476e-10,0.0,-0.0,7.071066241773017e-10,0.0,-0.0,7.071067811865476e-10,-0.0,0.0,0.0,0.0,-0.0,0.0,0.0,0.0,0.0,0.0,-0.0,0.0,0.0,-0.0,0.0,0.0,-0.0,0.0,-0.0,0.0,0.0,0.0,-0.0,0.0,0.0,-0.0,0.0,0.0,-0.0,0.0,0.0,-0.0,0.0,0.0,-0.0,0.0,-0.0,0.5,-0.00045206108829981973,0.0,-0.0,7.071067811865476e-10,0.0,-0.0,7.071067811865476e-10,0.0,-0.0,7.071067811865476e-10,0.0,-0.0,7.071066241773017e-10,0.0,-0.0,7.071067811865476e-10,-0.0,0.0,0.0,0.0,-0.0,0.0,0.0,-0.0,0.0,0.0,-0.0,0.0,0.0,-0.0,0.0,0.0,0.0,0.0,-0.0,0.0,0.0,0.0,-0.0,0.0,0.0,-0.0,0.0,0.0,-0.0,0.0,0.0,0.0,0.0,0.0,-0.0,0.0,-0.0,0.0,0.0,0.0,-0.0,-7.071067811865476e-10,0.0,-0.0,-7.071067811865476e-10,0.0,-0.0,-7.071067811865476e-10,0.0,-0.0,-7.071067811865476e-10,0.0,-0.0,-1.8783304069687624e-9,-0.0,0.0,0.0,0.0,-0.0,0.0,0.0,-0.0,-7.071067811865476e-10,0.0,-0.0,4.030538579095959e-8,0.0,-0.0,-7.071067811865476e-10,0.0,-0.0,-7.071067811865476e-10,-0.0,0.5,-0.00045206108829981973,0.0,-0.0,0.0,0.0,-0.0,0.0,0.0,-0.0,0.0,0.0,-0.0,0.0,0.0,-0.0,0.0,-0.0,0.0,0.0,0.0,-0.0,0.0,0.0,-0.0,0.0,0.0,0.0,0.0,0.0,-0.0,0.0,0.0,-0.0,0.0,-0.0,0.0,0.0,0.0,-0.0,0.0,0.0,-0.0,0.0,0.0,-0.0,-7.071067811865476e-10,0.0,-0.0,-7.071067811865476e-10,0.0,-0.0,-3.535216112520887e-8,-0.0,0.5,-0.00045206182735948064,0.0,-0.0,0.0,0.0,-0.0,-7.071067811865476e-10,0.0,-0.0,0.0,0.0,-0.0,-7.071067811865476e-10,0.0,-0.0,-7.071067811865476e-10,-0.0,0.0,0.0,0.0,-0.0,0.0,0.0,-0.0,0.0,0.0,-0.0,0.0,0.0,-0.0,0.0,0.0,-0.0,0.0,-0.0,0.0,0.0,0.0,-0.0,0.0,0.0,0.0,0.0,0.0,-0.0,0.0,0.0,-0.0,0.0,0.0,0.0,0.0,-0.0,0.0,0.0,0.0,-0.0,0.0,0.0,-0.0,0.0,0.0,-0.0,0.0,0.0,-0.0,0.0,0.0,-0.0,0.0,-0.0,0.5,-0.00045206182735948064,0.0,-0.0,0.0,0.0,-0.0,0.0,0.0,-0.0,0.0,0.0,-0.0,0.0,0.0,-0.0,0.0,-0.0,0.5,-0.00045206182735948064,0.0,-0.0,0.0,0.0,-0.0,0.0,0.0,-0.0,0.0,0.0,-0.0,0.0,0.0,-0.0,0.0,-0.0,0.0,0.0,0.0,-0.0,0.0,0.0,-0.0,0.0,0.0,-0.0,0.0,0.0,-0.0,0.0,0.0,2.1830563829875486e-9,4.370738023920225e-9,-0.0,0.0,0.0,0.0,-0.0,0.0,0.0,-0.0,0.0,0.0,-0.0,0.0,0.0,-0.0,0.0,0.0,-0.0,0.0,-0.0,0.0,0.0,0.0,-0.0,0.0,0.0,-0.0,0.0,0.0,-0.0,0.0,0.0,0.0,0.0,0.0,-0.0,-8.687539164520629e-10,-0.0,0.5,-0.00045206182735948064,0.0,-0.0,0.0,0.0,-0.0,0.0,0.0,-0.0,0.0,0.0,-0.0,0.0,0.0,-0.0,0.0,-0.0,0.0,0.0,0.0,-0.0,0.0,0.0,-0.0,0.0,0.0,-0.0,0.0,0.0,-0.0,0.0,0.0,-0.0,0.0,-0.0,0.0,0.0,0.0,-0.0,7.071067811865476e-10,0.0,-0.0,7.071067811865476e-10,0.0,-0.0,7.071067811865476e-10,0.0,-0.0,7.071067811865476e-10,0.0,-0.0,7.071067811865476e-10,-0.0,0.5,-0.00045206182735948064,0.0,-0.0,0.0,0.0,-0.0,0.0,0.0,-0.0,0.0,0.0,-0.0,0.0,0.0,-0.0,0.0,-0.0,0.5,-0.00045206108829981973,0.0,-0.0,0.0,0.0,-0.0,0.0,0.0,-0.0,0.0,0.0,0.0,0.0,0.0,-0.0,0.0,-0.0,0.0,0.0,0.0,-0.0,0.0,0.0,-0.0,7.071067811865476e-10,0.0,-0.0,0.0,0.0,-0.0,7.071067811865476e-10,0.0,-0.0,7.071067811865476e-10,-0.0,0.0,0.0,0.0,-0.0,0.0,0.0,-0.0,0.0,0.0,-0.0,0.0,0.0,-0.0,0.0,0.0,-0.0,0.0,-0.0,0.5,-0.00045206108829981973,0.0,-0.0,0.0,0.0,-0.0,0.0,0.0,-0.0,0.0,0.0,-0.0,0.0,0.0,-0.0,0.0,-0.0,0.0,0.0,0.0,-0.0,0.0,0.0,-0.0,0.0,0.0,-0.0,-8.351551629863128e-9,0.0,-0.0,7.071067811865476e-10,0.0,-0.0,0.0,-0.0,0.5,-0.00045206182735948064,0.0,-0.0,0.0,0.0,-0.0,0.0,0.0,-0.0,0.0,0.0,-0.0,0.0,0.0,-0.0,0.0,-0.0,0.0,0.0,0.0,0.0,0.0,0.0,0.0,0.0,0.0,-0.0,0.0,0.0,-0.0,0.0,0.0,-0.0,0.0,-0.0,0.0,0.0,0.0,-0.0,0.0,0.0,-0.0,0.0,0.0,-0.0,0.0,0.0,-0.0,0.0,0.0,-0.0,0.0,-0.0,0.0,0.0,0.0,-0.0,0.0,0.0,-0.0,0.0,0.0,-0.0,0.0,0.0,-0.0,0.0,0.0,0.0,0.0,-0.0,0.0,0.0,0.0,-0.0,0.0,0.0,-0.0,0.0,0.0,-0.0,0.0,0.0,0.0,0.0,0.0,-0.0,0.0,-0.0,0.0,0.0,0.0,-0.0,0.0,0.0,-0.0,0.0,0.0,-0.0,0.0,0.0,-1.0e-9,-1.6642168034729202e-9,0.0,-0.0,0.0,-0.0,0.0,0.0,0.0,-0.0,0.0,0.0,-0.0,0.0,0.0,-0.0,0.0,0.0,0.0,0.0,0.0,-0.0,0.0,-0.0,0.0,0.0,0.0,-0.0,0.0,0.0,0.0,0.0,0.0,-0.0,0.0,0.0,-0.0,0.0,0.0,0.0,0.0,-0.0,0.0,0.0,0.0,-0.0,0.0,0.0,-0.0,0.0,0.0,-0.0,0.0,0.0,-0.0,0.0,0.0,-0.0,0.0,-0.0,0.0,0.0,0.0,-0.0,0.0,0.0,-0.0,0.0,0.0,-0.0,0.0,0.0,-0.0,0.0,0.0,-0.0,0.0,-0.0,0.0,0.0,0.0,-0.0,0.0,0.0,-0.0,0.0,0.0,-0.0,0.0,0.0,-0.0,0.0,0.0,-0.0,0.0,-0.0,0.0,0.0,0.0,-0.0,0.0,0.0,-0.0,0.0,0.0,-0.0,0.0,0.0,-0.0,0.0,0.0,-0.0,0.0,-0.0,0.0,0.0,0.0,-0.0,0.0,0.0,0.0,0.0,0.0,-0.0,0.0,0.0,-0.0,0.0,0.0,-0.0,0.0,-0.0,0.0,0.0,0.0,-0.0,0.0,0.0,-0.0,0.0,0.0,-0.0,0.0,0.0,-0.0,0.0,0.0,-0.0,0.0,-0.0,0.0,0.0,0.0,-0.0,0.0,0.0,0.0,-7.071067811865476e-10,0.0,-0.0,-1.2767318803467368e-9,0.0,-0.0,0.0,0.0,-0.0,-7.071067811865476e-10,-0.0,0.0,0.0,0.0,-0.0,0.0,0.0,-0.0,0.0,0.0,-0.0,0.0,0.0,-0.0,0.0,0.0,-0.0,0.0,-0.0,0.0,0.0,0.0,-0.0,0.0,0.0,-0.0,0.0,0.0,-0.0,0.0,0.0,-4.242106728573238e-9,7.35244863899168e-9,0.0,-0.0,0.0,-0.0,0.5,-0.00045206182735948064,0.0,-0.0,0.0,0.0,-0.0,0.0,0.0,-0.0,0.0,0.0,-0.0,0.0,0.0,-0.0,0.0,-0.0,0.5,-0.00045206182735948064,0.0,-0.0,0.0,0.0,-0.0,0.0,0.0,0.0,0.0,0.0,-0.0,0.0,0.0,-0.0,0.0,-0.0,0.0,0.0,0.0,-0.0,0.0,0.0,-0.0,0.0,0.0,-0.0,0.0,0.0,-0.0,0.0,0.0,-0.0,0.0,-0.0,0.0,0.0,0.0,-0.0,-7.071067811865476e-10,0.0,-0.0,-7.071067811865476e-10,0.0,-0.0,-7.071067811865476e-10,0.0,-0.0,-1.881025829496571e-9,0.0,-0.0,-7.071067811865476e-10,-0.0,0.0,0.0,0.0,-0.0,7.071067811865476e-10,0.0,-0.0,7.071067811865476e-10,0.0,-0.0,7.071067811865476e-10,0.0,-0.0,7.071066241773017e-10,0.0,-0.0,7.071066241773017e-10,-0.0,0.0,0.0,0.0,-0.0,0.0,0.0,-0.0,0.0,0.0,-0.0,0.0,0.0,-0.0,0.0,0.0,-0.0,0.0,-0.0,0.0,0.0,0.0,-0.0,0.0,0.0,-0.0,0.0,0.0,-0.0,0.0,0.0,-0.0,0.0,0.0,-0.0,0.0,-0.0,0.0,0.0,0.0,-0.0,0.0,0.0,-0.0,0.0,0.0,-0.0,0.0,0.0,-0.0,0.0,0.0,-0.0,0.0,-0.0,0.0,0.0,0.0,-0.0,0.0,0.0,-0.0,0.0,0.0,0.0,0.0,0.0,-0.0,0.0,0.0,-0.0,0.0,-0.0,0.0,0.0,0.0,-0.0,0.0,0.0,-0.0,0.0,0.0,-0.0,0.0,0.0,-0.0,0.0,0.0,-0.0,0.0,-0.0,0.5,-0.00045206182735948064,0.0,-0.0,0.0,0.0,-0.0,0.0,0.0,-0.0,0.0,0.0,-0.0,0.0,0.0,-0.0,0.0,-0.0,0.5,-0.00045206182735948064,0.0,-0.0,0.0,0.0,-0.0,0.0,0.0,-0.0,0.0,0.0,-0.0,0.0,0.0,-0.0,0.0,-0.0,0.0,0.0,0.0,-0.0,0.0,0.0,-0.0,0.0,0.0,-0.0,0.0,0.0,-0.0,0.0,0.0,-0.0,0.0,0.0,0.0,0.0,0.0,-0.0,-7.071067811865476e-10,0.0,-0.0,-7.071067811865476e-10,0.0,-0.0,-7.071067811865476e-10,0.0,-0.0,-7.071067811865476e-10,0.0,-0.0,-7.071067811865476e-10,-0.0,0.5,-0.00045206182735948064,0.0,0.0,0.0,0.0,0.0,0.0,0.0,0.0,0.0,0.0,-0.0,0.0,0.0,-0.0,0.0,-0.0,0.5,-0.00045206182735948064,0.0,-0.0,0.0,0.0,-0.0,0.0,0.0,-0.0,0.0,0.0,-0.0,0.0,0.0,-0.0,0.0,-0.0,0.0,0.0,0.0,-0.0,0.0,0.0,-0.0,0.0,0.0,-0.0,-7.071067811865476e-10,0.0,-0.0,0.0,0.0,-0.0,-7.071067811865476e-10,-0.0,0.0,0.0,0.0,0.0,0.0,0.0,-0.0,7.071067811865476e-10,0.0,-0.0,-2.484327780609761e-9,0.0,-0.0,7.071067811865476e-10,0.0,-0.0,7.071067811865476e-10,-0.0,0.0,0.0,0.0,0.0,-7.071067811865476e-10,0.0,-0.0,-7.071067811865476e-10,0.0,-0.0,-7.071067811865476e-10,0.0,-0.0,-7.071067811865476e-10,0.0,-0.0,-7.071067811865476e-10,-0.0,0.0,0.0,0.0,-0.0,0.0,0.0,-0.0,0.0,0.0,-0.0,0.0,0.0,-0.0,0.0,0.0,-0.0,0.0,-0.0,0.0,0.0,0.0,-0.0,0.0,0.0,-0.0,0.0,0.0,-0.0,0.0,0.0,-0.0,0.0,0.0,-0.0,0.0,-0.0,0.0,0.0,0.0,-0.0,0.0,0.0,-0.0,0.0,0.0,-0.0,0.0,0.0,-0.0,0.0,0.0,-0.0,0.0,-0.0,0.0,0.0,0.0,-0.0,0.0,0.0,-0.0,0.0,0.0,-0.0,0.0,0.0,-0.0,0.0,0.0,-0.0,0.0,-0.0,0.0,0.0,0.0,-0.0,0.0,0.0,-0.0,0.0,0.0,-0.0,0.0,0.0,-0.0,0.0,0.0,-0.0,0.0,-0.0,0.0,0.0,0.0,-0.0,0.0,0.0,-0.0,0.0,0.0,-0.0,0.0,0.0,-0.0,0.0,0.0,-0.0,0.0,-0.0,0.0,0.0,0.0,-0.0,0.0,0.0,-0.0,0.0,0.0,-0.0,0.0,0.0,-0.0,0.0,0.0,-0.0,0.0,-0.0,0.0,0.0,0.0,-0.0,0.0,0.0,0.0,0.0,0.0,-0.0,0.0,0.0,-0.0,0.0,0.0,-0.0,0.0,-0.0,0.0,0.0,0.0,0.0,7.071067811865476e-10,0.0,-0.0,7.071067811865476e-10,0.0,-0.0,7.071067811865476e-10,0.0,-0.0,7.071067811865476e-10,0.0,-0.0,7.071067811865476e-10,0.0,0.5,-0.00045206108829982033,0.0,-0.0,-7.071067811865476e-10,0.0,-0.0,-7.071067811865476e-10,0.0,-0.0,-7.071067811865476e-10,0.0,-0.0,-5.12245161006268e-9,0.0,-0.0,-7.071067811865476e-10,-0.0,0.5,-0.00045206182735948064,0.0,-0.0,0.0,0.0,-0.0,7.071067811865476e-10,0.0,-0.0,7.071067811865476e-10,0.0,-0.0,0.0,0.0,-0.0,7.071067811865476e-10,-0.0,0.0,0.0,0.0,-0.0,7.071067811865476e-10,0.0,-0.0,7.071067811865476e-10,0.0,-0.0,7.071067811865476e-10,0.0,-0.0,7.071067811865476e-10,0.0,-0.0,7.071067811865476e-10,-0.0,0.5,-0.00045206182735948064,0.0,-0.0,-7.071067811865476e-10,0.0,-0.0,-7.071067811865476e-10,0.0,-0.0,-7.071067811865476e-10,0.0,-0.0,-7.071067811865476e-10,0.0,-0.0,-7.071067811865476e-10,-0.0,0.0,0.0,0.0,-0.0,0.0,0.0,-0.0,0.0,0.0,-0.0,0.0,0.0,-0.0,0.0,0.0,-0.0,0.0,-0.0,0.0,0.0,0.0,-0.0,0.0,0.0,-0.0,0.0,0.0,-0.0,0.0,0.0,-0.0,0.0,0.0,-0.0,0.0,-0.0,0.5,-0.00045206108829981973,0.0,0.0,0.0,0.0,0.0,0.0,0.0,-0.0,0.0,0.0,-0.0,0.0,0.0,-0.0,0.0,-0.0,0.5,-0.00045206182735948064,0.0,0.0,0.0,0.0,0.0,0.0,0.0,0.0,0.0,0.0,-0.0,0.0,0.0,-0.0,0.0,-0.0,0.0,0.0,0.0,-0.0,7.071067811865476e-10,0.0,0.0,7.071067811865476e-10,0.0,-0.0,7.071067811865476e-10,0.0,-0.0,7.071067811865476e-10,0.0,-0.0,7.071067811865476e-10,-0.0,0.0,0.0,0.0,-0.0,0.0,0.0,-0.0,0.0,0.0,-0.0,-7.071067811865476e-10,0.0,-0.0,0.0,0.0,-0.0,-1.9621920756830496e-8,-0.0,0.0,0.0,0.0,-0.0,0.0,0.0,0.0,0.0,0.0,0.0,0.0,0.0,-0.0,0.0,0.0,0.0,0.0,-0.0,0.0,0.0,0.0,-0.0,0.0,0.0,-0.0,0.0,0.0,-0.0,0.0,0.0,-0.0,0.0,0.0,-0.0,0.0,-0.0,0.0,0.0,0.0,0.0,0.0,0.0,0.0,0.0,0.0,0.0,0.0,0.0,0.0,0.0,0.0,0.0,0.0,-0.0,0.0,0.0,0.0,-0.0,0.0,0.0,-0.0,0.0,0.0,-0.0,0.0,0.0,-0.0,0.0,0.0,-0.0,0.0,-0.0,0.5,-0.00045206182735948064,0.0,-0.0,0.0,0.0,-0.0,0.0,0.0,-0.0,0.0,0.0,-0.0,0.0,0.0,-0.0,0.0,-0.0,0.0,0.0,0.0,-0.0,0.0,0.0,-0.0,0.0,0.0,-0.0,0.0,0.0,-0.0,0.0,0.0,-0.0,0.0,-0.0,0.0,0.0,0.0,4.688583413674e-9,1.80928944271312e-8,0.0,-0.0,0.0,0.0,-0.0,0.0,0.0,-0.0,0.0,0.0,-0.0,0.0,-0.0,0.0,0.0,0.0,-0.0,0.0,0.0,-0.0,0.0,0.0,-0.0,0.0,0.0,-0.0,0.0,0.0,-0.0,0.0,-0.0,0.0,0.0,0.0,0.0,0.0,0.0,-0.0,0.0,0.0,-0.0,0.0,0.0,-0.0,0.0,0.0,-0.0,0.0,-0.0,0.0,0.0,0.0,-0.0,0.0,0.0,-0.0,0.0,0.0,-0.0,0.0,0.0,-0.0,0.0,0.0,-0.0,0.0,-0.0,0.5,-0.00045206182735948064,0.0,-0.0,0.0,0.0,-0.0,0.0,0.0,-0.0,0.0,0.0,-0.0,0.0,0.0,-0.0,0.0,-0.0,0.5,-0.00045206108829981973,0.0,-0.0,0.0,0.0,-0.0,0.0,0.0,-0.0,0.0,0.0,-0.0,0.0,0.0,-0.0,0.0,-0.0,0.0,0.0,0.0,-0.0,-7.071067811865476e-10,0.0,-0.0,0.0,0.0,-0.0,-7.071067811865476e-10,0.0,0.0,-7.071067811865476e-10,0.0,-0.0,-7.071067811865476e-10,-0.0,0.0,0.0,0.0,-0.0,-7.071067811865476e-10,0.0,-0.0,-7.071067811865476e-10,0.0,-0.0,0.0,0.0,-0.0,0.0,0.0,-0.0,0.0,-0.0,0.0,0.0,0.0,-0.0,0.0,0.0,-0.0,0.0,0.0,-0.0,7.071067811865476e-10,0.0,-0.0,7.071067811865476e-10,0.0,-0.0,-3.3531741331691e-8,-0.0,0.0,0.0,0.0,0.0,0.0,0.0,0.0,0.0,0.0,0.0,0.0,0.0,0.0,0.0,0.0,0.0,0.0,-0.0,0.5,-0.00045206182735948064,0.0,0.0,0.0,0.0,-2.553058599279483e-10,7.071067811865476e-10,0.0,0.0,0.0,0.0,0.0,0.0,0.0,-4.038039192831824e-10,7.071067811865476e-10,-0.0,0.0,0.0,0.0,-0.0,0.0,0.0,-0.0,0.0,0.0,-0.0,0.0,0.0,-0.0,-7.071067811865476e-10,0.0,-0.0,1.4046148531917707e-8,-0.0,0.0,0.0,0.0,-0.0,0.0,0.0,-0.0,0.0,0.0,-0.0,0.0,0.0,-0.0,0.0,0.0,-0.0,0.0,-0.0,0.0,0.0,0.0,-0.0,-7.071067811865476e-10,0.0,-0.0,-7.071067811865476e-10,0.0,-0.0,0.0,0.0,-0.0,-7.071067811865476e-10,0.0,-0.0,-7.071067811865476e-10,-0.0,0.0,0.0,0.0,-0.0,0.0,0.0,-0.0,0.0,0.0,-0.0,0.0,0.0,-0.0,0.0,0.0,-0.0,0.0,-0.0,0.0,0.0,0.0,0.0,0.0,0.0,0.0,0.0,0.0,0.0,0.0,1.0,0.08734640291690154,0.4179626847402312,0.0,0.0,0.0,-0.0,0.5,-0.00045206182735948064,0.0,-0.0,0.0,0.0,-0.0,0.0,0.0,-0.0,0.0,0.0,-0.0,0.0,0.0,-0.0,0.0,-0.0,0.0,0.0,0.0,-0.0,0.0,0.0,-0.0,0.0,0.0,-0.0,0.0,0.0,-0.0,0.0,0.0,-0.0,0.0,-0.0,0.0,0.0,0.0,-0.0,0.0,0.0,-0.0,0.0,0.0,-0.0,0.0,0.0,-0.0,0.0,0.0,-0.0,0.0,-0.0,0.5,-0.00045206182735948064,0.0,-0.0,0.0,0.0,0.0,0.0,0.0,-0.0,0.0,0.0,-0.0,0.0,0.0,0.0,0.0,-0.0,0.5,-0.00045206182735948064,0.0,-0.0,0.0,0.0,-0.0,0.0,0.0,-0.0,0.0,0.0,-0.0,0.0,0.0,-0.0,0.0,-0.0,0.5,-0.00045206182735948064,0.0,-0.0,0.0,0.0,-0.0,0.0,0.0,-0.0,0.0,0.0,-0.0,0.0,0.0,-0.0,0.0,-0.0,0.0,0.0,0.0,-0.0,0.0,0.0,-0.0,0.0,0.0,-0.0,0.0,0.0,-0.0,0.0,0.0,-0.0,0.0,-0.0,0.5,-0.00045206108829981973,0.0,-0.0,0.0,0.0,-0.0,0.0,0.0,-0.0,0.0,0.0,-0.0,0.0,0.0,-0.0,0.0,-0.0,0.0,0.0,0.0,-0.0,-7.071067811865476e-10,0.0,-0.0,-7.071067811865476e-10,0.0,-0.0,-7.071067811865476e-10,0.0,-0.0,-7.071067811865476e-10,0.0,-0.0,-7.071067811865476e-10,-0.0,0.0,0.0,0.0,-0.0,-7.071067811865476e-10,0.0,-0.0,-7.071067811865476e-10,0.0,-0.0,-7.071067811865476e-10,0.0,-0.0,-7.071067811865476e-10,0.0,-0.0,-1.8806122916516678e-9,-0.0,0.0,0.0,0.0,-0.0,0.0,0.0,-0.0,0.0,0.0,-0.0,0.0,0.0,-0.0,0.0,0.0,-0.0,0.0,-0.0,0.0,0.0,0.0,0.0,0.0,0.0,-0.0,0.0,0.0,0.0,0.0,1.0,0.16275056972017166,0.5705270716150731,0.0,0.0,0.0,-0.0,0.0,0.0,0.0,0.0,0.0,1.0,0.08137527087576801,-0.40342352654186675,0.0,0.0,0.0,0.0,0.0,0.0,0.0,0.0,0.0,-0.0,0.5,-0.00045206182735948064,0.0,-0.0,0.0,0.0,0.0,0.0,0.0,-0.0,0.0,0.0,-0.0,0.0,0.0,-0.0,0.0,-0.0,0.5,-0.00045206182735948064,0.0,0.0,0.0,0.0,-0.0,0.0,0.0,0.0,0.0,0.0,-0.0,0.0,0.0,-0.0,0.0,-0.0,0.5,-0.00045206108829981973,0.0,-0.0,-7.071067811865476e-10,0.0,-0.0,2.042956330407341e-9,0.0,-0.0,0.0,0.0,-0.0,0.0,0.0,-0.0,0.0,-0.0,0.0,0.0,0.0,0.0,0.0,0.0,-0.0,0.0,0.0,-0.0,0.0,0.0,-0.0,0.0,0.0,0.0,0.0,-0.0,0.0,0.0,0.0,-0.0,-7.071067811865476e-10,0.0,-0.0,0.0,0.0,-0.0,0.0,0.0,-0.0,0.0,0.0,-0.0,2.831861885869423e-9,-0.0,0.0,0.0,0.0,-0.0,7.071067811865476e-10,0.0,-0.0,7.071066241773017e-10,0.0,-0.0,7.071067811865476e-10,0.0,-0.0,0.0,0.0,-0.0,7.071067811865476e-10,-0.0,0.0,0.0,0.0,-0.0,0.0,0.0,-0.0,0.0,0.0,-0.0,0.0,0.0,-0.0,0.0,0.0,-0.0,0.0,-0.0,0.0,0.0,0.0,-0.0,0.0,0.0,-0.0,0.0,0.0,-0.0,0.0,0.0,-0.0,0.0,0.0,-0.0,0.0,-0.0,0.0,0.0,0.0,0.0,0.0,0.0,-0.0,0.0,0.0,0.0,0.0,0.0,-0.0,0.0,0.0,-0.0,0.0,-0.0,0.0,0.0,0.0,-0.0,0.0,0.0,-0.0,0.0,0.0,-0.0,0.0,0.0,-0.0,0.0,0.0,-0.0,0.0,-0.0,0.0,0.0,0.0,-0.0,0.0,0.0,0.0,0.0,0.0,-0.0,0.0,0.0,0.0,0.0,0.0,-0.0,0.0,-0.0,0.0,0.0,0.0,0.0,0.0,0.0,-0.0,0.0,0.0,-0.0,0.0,0.0,-0.0,0.0,0.0,0.0,0.0,-0.0,0.0,0.0,0.0,-0.0,-7.071067811865476e-10,0.0,-0.0,-7.071067811865476e-10,0.0,-0.0,-7.071067811865476e-10,0.0,-0.0,-7.071067811865476e-10,0.0,-0.0,-7.071067811865476e-10,-0.0,0.5,-0.00045206182735948064,0.0,-0.0,-7.071067811865476e-10,0.0,-0.0,-7.071067811865476e-10,0.0,-0.0,-7.071067811865476e-10,0.0,-0.0,-7.071067811865476e-10,0.0,-0.0,-7.071067811865476e-10,-0.0,0.0,0.0,0.0,-0.0,0.0,0.0,-0.0,0.0,0.0,-0.0,0.0,0.0,-0.0,0.0,0.0,-0.0,0.0,-0.0,0.0,0.0,0.0,4.694104434626435e-9,1.6381585840158412e-8,0.0,-0.0,0.0,0.0,-0.0,0.0,0.0,-0.0,0.0,0.0,-0.0,0.0,-0.0,0.0,0.0,0.0,0.0,0.0,0.0,0.0,0.0,0.0,0.0,0.0,0.0,-0.0,0.0,0.0,0.0,0.0,-0.0,0.0,0.0,0.0,0.0,0.0,1.0,0.015624995864069513,-0.17677667192845975,0.0,0.0,0.0,0.0,0.0,0.0,0.0,0.0,0.0,-0.0,0.5,-0.00045206108829981973,0.0,0.0,0.0,0.0,0.0,0.0,0.0,0.0,0.0,0.0,0.0,0.0,0.0,0.0,0.0,-0.0,0.0,0.0,0.0,0.0,0.0,0.0,0.0,0.0,0.0,0.0,0.0,0.0,0.0,0.0,0.0,0.0,0.0,-0.0,0.5,-0.00045206182735948064,0.0,-0.0,0.0,0.0,-0.0,0.0,0.0,-0.0,0.0,0.0,-0.0,0.0,0.0,-0.0,0.0,-0.0,0.0,0.0,0.0,0.0,7.071067811865476e-10,0.0,-0.0,7.071067811865476e-10,0.0,-0.0,7.071067811865476e-10,0.0,-0.0,7.071067811865476e-10,0.0,-0.0,7.071067811865476e-10,-0.0,0.0,0.0,0.0,-0.0,7.071067811865476e-10,0.0,-0.0,7.071067811865476e-10,0.0,-0.0,7.071067811865476e-10,0.0,-0.0,7.071067811865476e-10,0.0,-0.0,7.071067811865476e-10,-0.0,0.5,-0.00045206182735948064,0.0,-0.0,0.0,0.0,-0.0,0.0,0.0,-0.0,0.0,0.0,-0.0,0.0,0.0,-0.0,0.0,-0.0,0.0,0.0,0.0,-0.0,7.071067811865476e-10,0.0,0.0,7.071067811865476e-10,0.0,-0.0,7.071067811865476e-10,0.0,-0.0,7.071066241773017e-10,0.0,-0.0,7.071067811865476e-10,-0.0,0.0,0.0,0.0,-0.0,0.0,0.0,-0.0,0.0,0.0,-0.0,0.0,0.0,-0.0,0.0,0.0,-0.0,0.0,-0.0,0.0,0.0,0.0,-0.0,0.0,0.0,-0.0,-7.071067811865476e-10,0.0,-0.0,0.0,0.0,-0.0,0.0,0.0,-0.0,-7.071067811865476e-10,-0.0,0.0,0.0,0.0,-0.0,0.0,0.0,-0.0,-2.230380439037027e-7,0.0,-0.0,0.0,0.0,-0.0,-7.071067811865476e-10,0.0,-0.0,-7.071067811865476e-10,-0.0,0.0,0.0,0.0,-0.0,-7.071067811865476e-10,0.0,-0.0,-7.071067811865476e-10,0.0,-0.0,-7.071067811865476e-10,0.0,0.0,-7.071067811865476e-10,0.0,-0.0,-7.071067811865476e-10,0.0,0.0,0.0,0.0,4.691952905827772e-9,4.300496128706018e-8,0.0,-0.0,0.0,0.0,-0.0,0.0,0.0,-0.0,0.0,0.0,-0.0,0.0,-0.0,0.0,0.0,0.0,-0.0,-7.071067811865476e-10,0.0,-0.0,0.0,0.0,-0.0,-7.071067811865476e-10,0.0,-0.0,-7.071067811865476e-10,0.0,-0.0,7.825532331234515e-8,-0.0,0.0,0.0,0.0,-0.0,0.0,0.0,-0.0,0.0,0.0,-0.0,0.0,0.0,-0.0,0.0,0.0,-0.0,0.0,-0.0,0.0,0.0,0.0,0.0,0.0,1.0,0.015625006507786088,-0.17677674926192552,0.0,0.0,0.0,0.0,0.0,0.0,0.0,0.0,0.0,-0.0,0.0,0.0,0.0,0.0,0.0,1.0,0.015625002372969377,-0.17677670910891216,0.0,0.0,0.0,0.0,0.0,0.0,0.0,0.0,0.0,-0.0,0.0,0.0,0.0,0.0,0.0,0.0,0.0,0.0,0.0,0.0,0.0,0.0,0.0,0.0,0.0,0.0,0.0,-0.0,0.0,0.0,0.0,-0.0,7.071067811865476e-10,0.0,-0.0,7.071067811865476e-10,0.0,-0.0,7.071067811865476e-10,0.0,-0.0,0.0,0.0,-0.0,0.0,-0.0,0.0,0.0,0.0,-0.0,-7.071067811865476e-10,0.0,-0.0,-7.071067811865476e-10,0.0,-0.0,-7.071067811865476e-10,0.0,-0.0,-7.071067811865476e-10,0.0,-0.0,-7.071067811865476e-10,-0.0,0.0,0.0,0.0,-0.0,-1.8783800277054707e-9,0.0,-0.0,-7.071067811865476e-10,0.0,-0.0,-7.071067811865476e-10,0.0,-0.0,-7.071067811865476e-10,0.0,-0.0,2.5077109236661927e-8,-0.0,0.0,0.0,0.0,-0.0,0.0,0.0,-0.0,0.0,0.0,-0.0,0.0,0.0,-0.0,0.0,0.0,-0.0,0.0,-0.0,0.5,-0.00045206182735948064,0.0,-0.0,0.0,0.0,-0.0,0.0,0.0,-0.0,0.0,0.0,-0.0,0.0,0.0,-0.0,0.0,-0.0,0.0,0.0,0.0,-0.0,-7.071067811865476e-10,0.0,-0.0,-7.071067811865476e-10,0.0,-0.0,-7.071067811865476e-10,0.0,-0.0,-7.071067811865476e-10,0.0,-0.0,-7.071067811865476e-10,-0.0,0.5,-0.00045206108829981973,0.0,-0.0,-7.071067811865476e-10,0.0,-0.0,-7.071067811865476e-10,0.0,-0.0,1.4644548522659294e-8,0.0,-0.0,7.071067811865476e-10,0.0,-0.0,-7.071067811865476e-10,-0.0,0.5,-0.00045206182735948064,0.0,-0.0,0.0,0.0,0.0,0.0,0.0,0.0,0.0,0.0,-0.0,0.0,0.0,-0.0,0.0,-0.0,0.0,0.0,0.0,-0.0,0.0,0.0,-0.0,0.0,0.0,-0.0,0.0,0.0,0.0,0.0,0.0,-0.0,0.0,-0.0,0.0,0.0,0.0,-0.0,7.071067811865476e-10,0.0,-0.0,-6.893914511595695e-8,0.0,-0.0,7.071067811865476e-10,0.0,-0.0,7.071067811865476e-10,0.0,-0.0,7.071067811865476e-10,-0.0,0.0,0.0,0.0,-0.0,7.071067811865476e-10,0.0,-0.0,4.73683339454354e-9,0.0,0.0,7.071067811865476e-10,0.0,-0.0,7.071067811865476e-10,0.0,-0.0,7.071067811865476e-10,-0.0,0.5,-0.00045206182735948064,0.0,-0.0,0.0,0.0,-0.0,0.0,0.0,-0.0,0.0,0.0,-0.0,0.0,0.0,-0.0,0.0,-0.0,0.0,0.0,0.0,0.0,0.0,0.0,0.0,0.0,0.0,0.0,0.0,0.0,0.0,0.0,0.0,0.0,0.0,-0.0,0.0,0.0,0.0,0.0,0.0,1.0,0.015625002095384755,-0.17677670715563237,0.0,0.0,0.0,0.0,0.0,0.0,0.0,0.0,0.0,-0.0,0.0,0.0,0.0,-0.0,0.0,0.0,-0.0,0.0,0.0,-0.0,0.0,0.0,-0.0,0.0,0.0,-0.0,0.0,-0.0,0.0,0.0,0.0,0.0,0.0,0.0,0.0,0.0,0.0,0.0,7.071067811865476e-10,0.0,0.0,0.0,0.0,-0.0,7.071067811865476e-10,-0.0,0.0,0.0,0.0,0.0,0.0,0.0,0.0,0.0,0.0,0.0,0.0,0.0,0.0,0.0,0.0,-0.0,0.0,-0.0,0.5,-0.00045206108829981973,0.0,-0.0,-7.071067811865476e-10,0.0,-0.0,-7.071067811865476e-10,0.0,-0.0,-7.071067811865476e-10,0.0,-0.0,-7.071067811865476e-10,0.0,-0.0,-7.071067811865476e-10,-0.0,0.5,-0.00045206108829981973,0.0,-0.0,0.0,0.0,-0.0,0.0,0.0,-0.0,0.0,0.0,-0.0,0.0,0.0,0.0,0.0,-0.0,0.0,0.0,0.0,-0.0,0.0,0.0,-0.0,0.0,0.0,-0.0,0.0,0.0,0.0,0.0,0.0,-0.0,0.0,-0.0,0.0,0.0,0.0,-0.0,0.0,0.0,-0.0,0.0,0.0,-0.0,0.0,0.0,-0.0,0.0,0.0,-0.0,0.0,-0.0,0.0,0.0,0.0,-0.0,0.0,0.0,-0.0,0.0,0.0,-0.0,0.0,0.0,-0.0,0.0,0.0,-0.0,0.0,-0.0,0.0,0.0,0.0,-0.0,-7.071067811865476e-10,0.0,0.0,-7.071067811865476e-10,0.0,-0.0,-7.071067811865476e-10,0.0,-0.0,0.0,0.0,-0.0,-7.071067811865476e-10,-0.0,0.5,-0.00045206182735948064,0.0,-0.0,1.1257560415433304e-9,0.0,0.0,7.071067811865476e-10,0.0,-0.0,7.071067811865476e-10,0.0,-0.0,7.071067811865476e-10,0.0,-0.0,7.071067811865476e-10,-0.0,0.0,0.0,0.0,-0.0,0.0,0.0,-0.0,0.0,0.0,-0.0,0.0,0.0,-0.0,0.0,0.0,-0.0,0.0,-0.0,0.0,0.0,0.0,-0.0,0.0,0.0,-0.0,0.0,0.0,-0.0,0.0,0.0,-0.0,0.0,0.0,-0.0,0.0,-0.0,0.0,0.0,0.0,0.0,0.0,0.0,0.0,0.0,0.0,0.0,0.0,0.0,0.0,0.0,0.0,0.0,0.0,-0.0,0.0,0.0,0.0,-0.0,7.071067811865476e-10,0.0,-0.0,7.071067811865476e-10,0.0,-0.0,7.071067811865476e-10,0.0,-0.0,7.071067811865476e-10,0.0,-0.0,7.071067811865476e-10,-0.0,0.0,0.0,0.0,-0.0,0.0,0.0,-0.0,0.0,0.0,-0.0,7.071067811865476e-10,0.0,-0.0,7.071067811865476e-10,0.0,-0.0,7.071067811865476e-10,-0.0,0.5,-0.00045206182735948064,0.0,0.0,0.0,0.0,0.0,0.0,0.0,1.083797479857472e-8,2.76937565649315e-8,0.0,0.0,0.0,0.0,-3.8800323854934385e-10,-7.071067811865476e-10,-0.0,0.0,0.0,0.0,0.0,0.0,0.0,0.0,0.0,0.0,0.0,0.0,1.0,0.062499988591451006,0.3535533583256763,0.0,0.0,0.0,-0.0,0.0,0.0,0.0,-0.0,0.0,0.0,-0.0,0.0,0.0,-0.0,0.0,0.0,-0.0,0.0,0.0,-0.0,0.0,-0.0,0.0,0.0,0.0,0.0,0.0,0.0,-0.0,0.0,0.0,-0.0,0.0,0.0,3.659616538661098e-9,6.043445328659488e-9,0.0,0.0,0.0,-0.0,0.0,0.0,0.0,-0.0,0.0,0.0,-0.0,0.0,0.0,-0.0,0.0,0.0,-0.0,0.0,0.0,-0.0,0.0,-0.0,0.0,0.0,0.0,-0.0,0.0,0.0,-0.0,0.0,0.0,-0.0,0.0,0.0,-0.0,0.0,0.0,-0.0,0.0,-0.0,0.5,-0.00045206182735948064,0.0,-0.0,-7.071067811865476e-10,0.0,-0.0,-7.071067811865476e-10,0.0,-0.0,-7.071067811865476e-10,0.0,-0.0,-7.071067811865476e-10,0.0,-0.0,-7.071067811865476e-10,-0.0,0.5,-0.00045206182735948064,0.0,-0.0,7.071067811865476e-10,0.0,-0.0,7.071067811865476e-10,0.0,-0.0,0.0,0.0,-0.0,7.071067811865476e-10,0.0,-0.0,7.071067811865476e-10,-0.0,0.0,0.0,0.0,-0.0,0.0,0.0,-0.0,0.0,0.0,-0.0,0.0,0.0,-0.0,0.0,0.0,-0.0,0.0,-0.0,0.0,0.0,0.0,-0.0,0.0,0.0,-0.0,0.0,0.0,-0.0,0.0,0.0,-0.0,0.0,0.0,-0.0,0.0,-0.0,0.0,0.0,0.0,0.0,0.0,0.0,0.0,0.0,0.0,0.0,0.0,0.0,0.0,0.0,0.0,0.0,0.0,-0.0,0.0,0.0,0.0,-0.0,7.071067811865476e-10,0.0,-0.0,7.071067811865476e-10,0.0,-0.0,7.071067811865476e-10,0.0,-0.0,7.071067811865476e-10,0.0,0.0,0.0,-0.0,0.5,-0.00045206182735948064,0.0,-0.0,7.071067811865476e-10,0.0,-0.0,7.071067811865476e-10,0.0,-0.0,7.071067811865476e-10,0.0,-0.0,7.071067811865476e-10,0.0,-0.0,7.071067811865476e-10,-0.0,0.0,0.0,0.0,-0.0,0.0,0.0,-0.0,0.0,0.0,-0.0,0.0,0.0,-0.0,0.0,0.0,-0.0,0.0,-0.0,0.5,-0.00045206182735948064,0.0,-0.0,7.071067811865476e-10,0.0,-0.0,7.071067811865476e-10,0.0,-0.0,7.071067811865476e-10,0.0,-0.0,7.071067811865476e-10,0.0,-0.0,7.071067811865476e-10,-0.0,0.0,0.0,0.0,0.0,0.0,1.0,0.07764124479250656,-0.3940589925272247,0.0,0.0,0.0,0.0,0.0,0.0,0.0,0.0,0.0,-0.0,0.0,0.0,0.0,0.0,0.0,0.0,0.0,0.0,0.0,3.659616538661098e-9,-8.595629410323051e-9,0.0,-0.0,0.0,0.0,-0.0,0.0,-0.0,0.0,0.0,0.0,-0.0,0.0,0.0,-0.0,0.0,0.0,-0.0,0.0,0.0,-0.0,0.0,0.0,-0.0,0.0,-0.0,0.0,0.0,0.0,-0.0,7.071067811865476e-10,0.0,0.0,0.0,0.0,-0.0,0.0,0.0,-0.0,7.071067811865476e-10,0.0,-0.0,-4.4727699522906e-8,-0.0,0.0,0.0,0.0,-0.0,-7.071067811865476e-10,0.0,-0.0,-7.071067811865476e-10,0.0,-0.0,-7.071067811865476e-10,0.0,-0.0,-7.071067811865476e-10,0.0,-0.0,1.30645210480074e-8,-0.0,0.5,-0.00045206182735948064,0.0,-0.0,-7.071067811865476e-10,0.0,-0.0,-4.441368498071463e-8,0.0,0.0,7.071067811865476e-10,0.0,-0.0,7.071067811865476e-10,0.0,-0.0,-7.071067811865476e-10,-0.0,0.0,0.0,0.0,-0.0,0.0,0.0,-0.0,0.0,0.0,-0.0,0.0,0.0,-0.0,0.0,0.0,-0.0,0.0,-0.0,0.0,0.0,0.0,0.0,0.0,1.0,0.07764123627682995,-0.39405897094812187,0.0,0.0,0.0,0.0,0.0,0.0,0.0,0.0,0.0,-0.0,0.5,-0.00045206182735948064,0.0,-0.0,0.0,0.0,0.0,0.0,0.0,-0.0,0.0,0.0,0.0,0.0,0.0,-0.0,0.0,-0.0,0.0,0.0,0.0,-0.0,0.0,0.0,-0.0,0.0,0.0,-0.0,0.0,0.0,-0.0,0.0,0.0,-0.0,0.0,-0.0,0.0,0.0,0.0,-0.0,0.0,0.0,-0.0,0.0,0.0,-0.0,0.0,0.0,-0.0,0.0,0.0,-0.0,0.0,-0.0,0.5,-0.00045206182735948064,0.0,-0.0,0.0,0.0,-0.0,7.071067811865476e-10,0.0,-0.0,0.0,0.0,-0.0,0.0,0.0,-0.0,1.8658947272425756e-8,-0.0,0.0,0.0,0.0,-0.0,0.0,0.0,-0.0,0.0,0.0,-0.0,0.0,0.0,-0.0,0.0,0.0,0.0,0.0,-0.0,0.0,0.0,0.0,0.0,0.0,0.0,-0.0,0.0,0.0,-0.0,0.0,0.0,-0.0,0.0,0.0,-0.0,0.0,-0.0,0.0,0.0,0.0,-0.0,0.0,0.0,-0.0,0.0,0.0,-0.0,0.0,0.0,-0.0,-5.059499947989095e-9,0.0,-0.0,7.071067811865476e-10,-0.0,0.5,-0.00045206182735948064,0.0,-0.0,0.0,0.0,-0.0,0.0,0.0,-0.0,0.0,0.0,-0.0,0.0,0.0,-0.0,0.0,-0.0,0.0,0.0,0.0,0.0,0.0,0.0,-0.0,0.0,0.0,0.0,0.0,0.0,-0.0,0.0,0.0,0.0,0.0,-0.0,0.0,0.0,0.0,0.0,0.0,0.0,-0.0,0.0,0.0,-0.0,0.0,0.0,-0.0,0.0,0.0,-0.0,0.0,-0.0,0.0,0.0,0.0,0.0,0.0,0.0,0.0,0.0,0.0,0.0,0.0,0.0,0.0,0.0,0.0,0.0,0.0,-0.0,0.0,0.0,0.0,0.0,0.0,0.0,0.0,0.0,0.0,-0.0,0.0,0.0,-0.0,0.0,0.0,0.0,0.0,-0.0,0.0,0.0,0.0,0.0,0.0,0.0,4.694104434626435e-9,9.447225284992307e-9,0.0,0.0,0.0,0.0,0.0,0.0,0.0,0.0,0.0,-0.0,0.0,0.0,0.0,-0.0,0.0,0.0,-0.0,0.0,0.0,-0.0,0.0,0.0,0.0,0.0,0.0,0.0,0.0,-0.0,0.0,0.0,0.0,0.0,0.0,0.0,-0.0,0.0,0.0,-0.0,0.0,0.0,-0.0,0.0,0.0,0.0,0.0,-0.0,0.0,0.0,0.0,-0.0,0.0,0.0,-0.0,0.0,0.0,-0.0,0.0,0.0,-0.0,0.0,0.0,-0.0,8.364539104940778e-8,-0.0,0.5,-0.00045206108829981973,0.0,-0.0,0.0,0.0,-0.0,-7.071067811865476e-10,0.0,-0.0,-7.071067811865476e-10,0.0,-0.0,0.0,0.0,-0.0,6.318565895721627e-8,-0.0,0.5,-0.00045206108829981973,0.0,-0.0,-7.071067811865476e-10,0.0,-0.0,-7.071067811865476e-10,0.0,-0.0,0.0,0.0,-0.0,1.5804711733597765e-9,0.0,-0.0,0.0,-0.0,0.0,0.0,0.0,1.3526913826196278e-9,4.73344663969529e-9,0.0,0.0,0.0,0.0,0.0,0.0,0.0,-0.0,0.0,0.0,0.0,0.0,-0.0,0.0,0.0,0.0,-0.0,0.0,0.0,-0.0,0.0,0.0,-0.0,0.0,0.0,-0.0,0.0,0.0,-0.0,0.0,-0.0,0.0,0.0,0.0,0.0,0.0,0.0,0.0,0.0,0.0,0.0,0.0,0.0,0.0,0.0,0.0,0.0,0.0,-0.0,0.0,0.0,0.0,0.0,0.0,0.0,0.0,0.0,0.0,-0.0,0.0,0.0,-0.0,0.0,0.0,0.0,0.0,-0.0,0.0,0.0,0.0,0.0,0.0,0.0,0.0,0.0,1.0,0.10475653956974518,0.45772598696353434,0.0,0.0,0.0,0.0,0.0,0.0,-0.0,0.0,0.0,0.0,-0.0,0.0,0.0,0.0,0.0,0.0,-0.0,0.0,0.0,-0.0,0.0,0.0,-0.0,0.0,-0.0,0.0,0.0,0.0,-0.0,0.0,0.0,-0.0,0.0,0.0,0.0,0.0,0.0,-0.0,0.0,0.0,-0.0,0.0,-0.0,0.0,0.0,0.0,-0.0,-7.071067811865476e-10,0.0,-0.0,-7.071067811865476e-10,0.0,-0.0,-7.071067811865476e-10,0.0,-0.0,-7.071067811865476e-10,0.0,-0.0,-7.071067811865476e-10,-0.0,0.5,-0.00045206182735948064,0.0,-0.0,0.0,0.0,-0.0,0.0,0.0,-0.0,0.0,0.0,-0.0,0.0,0.0,-0.0,0.0,-0.0,0.0,0.0,0.0,-0.0,0.0,0.0,-0.0,0.0,0.0,-0.0,0.0,0.0,-0.0,0.0,0.0,-0.0,0.0,-0.0,0.5,-0.00045206182735948064,0.0,-0.0,0.0,0.0,-0.0,0.0,0.0,0.0,0.0,0.0,-0.0,0.0,0.0,-0.0,0.0,0.0,0.0,0.0,0.0,0.0,0.0,1.0,0.1552824646004809,-0.5572835267636875,0.0,0.0,0.0,0.0,0.0,0.0,0.0,0.0,0.0,-0.0,0.0,0.0,0.0,0.0,0.0,0.0,0.0,0.0,0.0,0.0,0.0,1.0,0.031249996609517883,0.24999998654970526,0.0,0.0,0.0,-0.0,0.5,-0.00045206108829981973,0.0,-0.0,0.0,0.0,-0.0,0.0,0.0,-0.0,0.0,0.0,-0.0,0.0,0.0,-0.0,0.0,-0.0,0.0,0.0,0.0,-0.0,0.0,0.0,-0.0,0.0,0.0,-0.0,0.0,0.0,-0.0,0.0,0.0,1.5941154373037568e-8,2.2060700132914344e-8,-0.0,0.0,0.0,0.0,-0.0,0.0,0.0,-0.0,0.0,0.0,-0.0,0.0,0.0,-0.0,0.0,0.0,-0.0,0.0,-0.0,0.5,-0.00045206182735948064,0.0,0.0,0.0,0.0,0.0,0.0,0.0,0.0,0.0,0.0,0.0,0.0,0.0,0.0,0.0,-0.0,0.0,0.0,0.0,0.0,0.0,0.0,0.0,0.0,1.0,0.04166666725560386,0.28867513668977096,0.0,0.0,0.0,0.0,0.0,0.0,-0.0,0.0,0.0,0.0,-0.0,0.0,0.0,-0.0,0.0,0.0,-0.0,0.0,0.0,-0.0,0.0,0.0,-0.0,0.0,-0.0,0.0,0.0,0.0,0.0,0.0,0.0,0.0,0.0,0.0,-0.0,0.0,0.0,-0.0,0.0,0.0,0.0,0.0,-0.0,0.0,0.0,0.0,-0.0,0.0,0.0,-0.0,7.071067811865476e-10,0.0,-0.0,7.071066241773017e-10,0.0,-0.0,7.071067811865476e-10,0.0,-0.0,1.3328654541504444e-9,-0.0,0.0,0.0,0.0,-0.0,0.0,0.0,-0.0,0.0,0.0,0.0,0.0,0.0,-0.0,0.0,0.0,0.0,0.0,-0.0,0.0,0.0,0.0,0.0,0.0,0.0,-0.0,0.0,0.0,-0.0,0.0,0.0,-0.0,0.0,0.0,-0.0,0.0,-0.0,0.0,0.0,0.0,-0.0,0.0,0.0,-0.0,0.0,0.0,-0.0,0.0,0.0,-0.0,0.0,0.0,-0.0,0.0,-0.0,0.0,0.0,0.0,0.0,0.0,0.0,0.0,0.0,0.0,0.0,0.0,0.0,0.0,0.0,0.0,0.0,0.0,-0.0,0.5,-0.00045206182735948064,0.0,-0.0,-7.071067811865476e-10,0.0,-0.0,-7.071067811865476e-10,0.0,-0.0,-7.071067811865476e-10,0.0,-0.0,-7.071067811865476e-10,0.0,-0.0,-7.071067811865476e-10,-0.0,0.5,-0.00045206108829981973,0.0,0.0,0.0,0.0,0.0,0.0,0.0,0.0,0.0,0.0,0.0,0.0,0.0,0.0,0.0,-0.0,0.0,0.0,0.0,-0.0,0.0,0.0,-0.0,0.0,0.0,-0.0,0.0,0.0,-0.0,0.0,0.0,-0.0,0.0,-0.0,0.0,0.0,0.0,-0.0,0.0,0.0,-0.0,0.0,0.0,-0.0,0.0,0.0,-0.0,0.0,0.0,-0.0,0.0,-0.0,0.0,0.0,0.0,0.0,0.0,0.0,0.0,0.0,0.0,-0.0,0.0,0.0,-0.0,0.0,0.0,-0.0,0.0,-0.0,0.0,0.0,0.0,-0.0,0.0,0.0,0.0,0.0,0.0,-0.0,0.0,0.0,0.0,0.0,0.0,-0.0,0.0,-0.0,0.0,0.0,0.0,-0.0,0.0,0.0,-0.0,0.0,0.0,-0.0,0.0,0.0,-0.0,0.0,0.0,-0.0,0.0,-0.0,0.5,-0.00045206182735948064,0.0,0.0,0.0,0.0,0.0,0.0,0.0,0.0,0.0,0.0,3.659616538661098e-9,-5.773258717269305e-9,0.0,0.0,0.0,-0.0,0.5,-0.00045206182735948064,0.0,-0.0,0.0,0.0,-0.0,0.0,0.0,-0.0,0.0,0.0,-0.0,0.0,0.0,-0.0,0.0,-0.0,0.0,0.0,0.0,-0.0,0.0,0.0,-0.0,0.0,0.0,-0.0,0.0,0.0,-0.0,0.0,0.0,-0.0,0.0,-0.0,0.0,0.0,0.0,-0.0,0.0,0.0,-0.0,0.0,0.0,-0.0,0.0,0.0,-0.0,0.0,0.0,-0.0,0.0,-0.0,0.0,0.0,0.0,-0.0,0.0,0.0,-0.0,0.0,0.0,-0.0,0.0,0.0,-0.0,0.0,0.0,-0.0,0.0,-0.0,0.5,-0.00045206182735948064,0.0,-0.0,0.0,0.0,-0.0,0.0,0.0,-0.0,0.0,0.0,-0.0,0.0,0.0,0.0,0.0,-0.0,0.0,0.0,0.0,-0.0,0.0,0.0,-0.0,0.0,0.0,-0.0,0.0,0.0,-0.0,0.0,0.0,0.0,0.0,-0.0,0.0,0.0,0.0,-0.0,0.0,0.0,-1.0e-9,2.1857512663872788e-10,0.0,-0.0,0.0,0.0,-0.0,0.0,0.0,0.0,0.0,-0.0,0.0,0.0,0.0,-0.0,-7.071067811865476e-10,0.0,0.0,-7.071067811865476e-10,0.0,0.0,-7.071067811865476e-10,0.0,0.0,-7.071067811865476e-10,0.0,-0.0,-7.071067811865476e-10,-0.0,0.0,0.0,0.0,-0.0,7.071067811865476e-10,0.0,-0.0,7.071067811865476e-10,0.0,-0.0,7.071067811865476e-10,0.0,0.0,7.071067811865476e-10,0.0,-0.0,7.071067811865476e-10,-0.0,0.0,0.0,0.0,4.694104434626435e-9,-2.2474943196773148e-8,0.0,0.0,0.0,0.0,0.0,0.0,0.0,0.0,0.0,0.0,-0.0,0.0,-0.0,0.0,0.0,0.0,-0.0,0.0,0.0,-0.0,0.0,0.0,-0.0,0.0,0.0,-0.0,0.0,0.0,-0.0,0.0,-0.0,0.0,0.0,0.0,0.0,0.0,0.0,0.0,0.0,0.0,0.0,0.0,0.0,0.0,0.0,0.0,0.0,0.0,-0.0,0.0,0.0,0.0,-0.0,0.0,0.0,-0.0,0.0,0.0,-0.0,0.0,0.0,-0.0,0.0,0.0,-0.0,0.0,-0.0,0.0,0.0,0.0,0.0,0.0,0.0,3.659616538661098e-9,-8.651043133592637e-9,0.0,-0.0,0.0,0.0,-0.0,0.0,0.0,-0.0,0.0]
WARNING: For the MIP-solver-driven algorithm, optimality tolerance must be specified as MIP solver option, not Pajarito option
WARNING: For the MIP-solver-driven algorithm, optimality tolerance must be specified as MIP solver option, not Pajarito option
WARNING: Not solved to optimality, status: UserLimit
