WARNING: Method definition require(Symbol) in module Base at loading.jl:345 overwritten in module ConicBenchmarkUtilities at /home/ubuntu/.julia/v0.5/Requires/src/require.jl:12.
#SOLVERNAME# PAJ_NEW_MSD_CPLEX_MOSEK_noprimviolonly
#SOLVER# Pajarito.PajaritoSolver(2,3600.0,1.0e-5,true,CPLEX.CplexSolver(Any[(:CPX_PARAM_THREADS,1),(:CPX_PARAM_TILIM,3600.0),(:CPX_PARAM_EPINT,1.0e-8),(:CPX_PARAM_EPRHS,1.0e-6),(:CPX_PARAM_SCRIND,0),(:CPX_PARAM_EPGAP,1.0e-5)]),CPLEX.CplexSolver(Any[]),0,false,true,Mosek.MosekMathProgSolverInterface.MosekSolver(Any[(:LOG,0),(:NUM_THREADS,1),(:OPTIMIZER_MAX_TIME,120.0)]),true,false,false,true,false,true,false,true,true,true,true,false,true,true,false,true,false,false,true,false,false,true,true,1.0e-10,1.0e-6,0.01,0.0001)
#INSTANCE# classical_200_2.cbf.gz
#TIMELIMIT# 3600.0

Transforming original data......Done     0.02s

Creating conic model data......Done     0.00s

Creating MIP model......Done     0.02s

Cone types summary:
Cone       | Count    | Min dim  | Max dim 
       SOC |        1 |      201 |      201

Solving conic relaxation......Done     0.30s
 - Relaxation status    =        Optimal
 - Relaxation objective =      -0.124629

Creating conic subproblem model......Done

Starting MIP-solver-driven outer approximation algorithm

Pajarito MICP solve summary:
 - Total time (s)       =       3.60e+03
 - Status               =      UserLimit
 - Best feasible obj.   =  -1.076731e-01
 - Final OA obj. bound  =  -1.244020e-01
 - Relative opt. gap    =      1.554e-01
 - Conic solve count    =             29
 - Feas. solution count =             25
 - Integer repeat count =            582

Timers (s):
 - Setup                =       3.53e-01
 -- Transform data      =       1.88e-02
 -- Create conic data   =       1.82e-03
 -- Create MIP data     =       2.09e-02
 -- Load/solve relax    =       3.03e-01
 - MIP-driven algorithm =       3.60e+03
 -- Solve conic model   =       4.64e-01

#STATUS# UserLimit
#OBJVAL# -0.10767308183050439
#OBJBOUND# -0.12440196651797877
#TIMESOLVER# 3600.0170760154724
#TIMEALL# 3600.0174520015717
#SOLUTION# [0.0,0.0,0.0,0.0,0.0,0.0,0.0,0.0,0.0,0.0,0.0,0.0,0.0,0.0,0.0,0.0,0.0,0.0,0.0,0.0,0.0,0.0,0.0,0.0,0.0,0.0,0.0,0.0,0.0,0.0,0.0,0.0,0.0,0.0,0.0,0.0,0.0,0.0,0.0,0.0,0.06055819971919784,0.0,0.0,0.0,0.0,0.0,0.0,0.0,0.0,0.0,0.0,0.0,0.0,0.0,0.0,0.0,0.0,0.0,0.0,0.0,0.0,0.0,0.0,0.0,0.0,0.0,0.0,0.0,0.0,0.0,0.04830703892617083,0.0,0.0,0.0,0.0,0.0,0.0,0.0,0.0,0.04940519012004279,0.0659921555145181,0.0,0.0,0.0,0.0,0.0,0.15655424929477835,0.0,0.0,0.0,0.0,0.0,0.0,0.0,0.0,0.08762868073696416,0.05933596664406811,0.0,0.0,0.0,0.37775910428794973,0.0,0.0,0.0,0.0,0.0,0.0,0.0,0.0,0.0,0.0,0.034118661051978166,0.0,0.0,0.0,0.0,0.0,0.0,0.0,0.0,0.0,0.0,0.0,0.0,0.0,0.0,0.0,0.0,0.0,0.0,0.0,0.0,0.0,0.0,0.0,0.0,0.0,0.0,0.0,0.0,0.0,0.0,0.0,0.0,0.0,0.0,0.0,0.0,0.0,0.0,0.0,0.0,0.0,0.0,0.0,0.0,0.0603407421914918,0.0,0.0,0.0,0.0,0.0,0.0,0.0,0.0,0.0,0.0,0.0,0.0,0.0,0.0,0.0,0.0,0.0,0.0,0.0,0.0,0.0,0.0,0.0,0.0,0.0,0.0,0.0,0.0,0.0,0.0,0.0,0.0,0.0,0.0,0.0,0.0,0.0,0.0,0.0,0.0,0.0,0.0,0.0,0.0,-0.0,-0.0,-0.0,-0.0,-0.0,-0.0,-0.0,-0.0,-0.0,-0.0,-0.0,-0.0,-0.0,-0.0,-0.0,-0.0,-0.0,-0.0,-0.0,-0.0,-0.0,-0.0,-0.0,-0.0,-0.0,-0.0,-0.0,-0.0,-0.0,-0.0,-0.0,-0.0,-0.0,-0.0,-0.0,-0.0,-0.0,-0.0,-0.0,-0.0,1.0,-0.0,-0.0,0.0,-0.0,-0.0,-0.0,-0.0,-0.0,-0.0,-0.0,-0.0,-0.0,-0.0,-0.0,-0.0,-0.0,0.0,-0.0,0.0,-0.0,-0.0,-0.0,-0.0,-0.0,0.0,-0.0,-0.0,-0.0,-0.0,1.0,-0.0,-0.0,-0.0,-0.0,-0.0,-0.0,-0.0,-0.0,1.0,1.0,-0.0,-0.0,-0.0,-0.0,0.0,1.0,-0.0,-0.0,-0.0,-0.0,-0.0,-0.0,-0.0,-0.0,1.0,1.0,-0.0,-0.0,-0.0,1.0,-0.0,-0.0,-0.0,-0.0,-0.0,-0.0,-0.0,-0.0,-0.0,-0.0,1.0,-0.0,-0.0,-0.0,-0.0,-0.0,-0.0,-0.0,-0.0,-0.0,0.0,-0.0,-0.0,-0.0,-0.0,-0.0,-0.0,-0.0,-0.0,-0.0,-0.0,-0.0,-0.0,0.0,-0.0,-0.0,-0.0,-0.0,-0.0,-0.0,-0.0,-0.0,-0.0,-0.0,-0.0,-0.0,-0.0,-0.0,-0.0,-0.0,-0.0,-0.0,-0.0,-0.0,0.0,1.0,-0.0,-0.0,-0.0,-0.0,-0.0,-0.0,-0.0,-0.0,-0.0,-0.0,-0.0,-0.0,0.0,-0.0,-0.0,-0.0,-0.0,0.0,-0.0,-0.0,-0.0,-0.0,-0.0,-0.0,-0.0,-0.0,-0.0,-0.0,-0.0,-0.0,-0.0,-0.0,-0.0,-0.0,-0.0,-0.0,-0.0,-0.0,-0.0,0.0,-0.0,-0.0,-0.0,0.011505632789644091,0.013977648267289994,0.02940357977995413,0.014314702893647448,0.011897174532035284,0.0062711709763436495,0.0034769057149293126,0.0028220665401568284,0.010760668008325844,0.009207445491909516,0.006734904049978016,0.012557030580223538,0.020404424492769996,0.007182284263040342,0.014868989090988306,0.005447960088317423,0.014008637609165112,0.006947254265727531,0.011407906816721311,0.004076347375380428,0.0108886710206051,0.005929900991573975,0.003929644632847458,0.011498188711670352,0.016549133975530053,0.01055173950137286,-0.000763750818306707,0.0013241376065734284,0.0015885043942195287,0.008191115670803672,0.007356430800082738,0.013397413004299792,0.007577229779576114,0.0030312332664860575,0.001689039475453503,0.00986786526646441,0.009550474093800512,0.007859763587493662,0.0019693186548301036,0.005590613905735878,0.051657002667247535,0.0011485352010173562,0.0033351217390386687,0.005870401507547843,0.006186138135770157,0.005982904871492705,0.009834647186403613,0.00884459186779094,0.007904993174920794,0.00834635648080012,0.007025059632873954,0.006415949602263802,0.008176985105852163,0.008370973776450442,0.009369181292148003,0.007025969514566987,0.010024462694207176,0.00882057250675666,0.010178949679877536,0.0024552884967540354,0.007959924488579783,0.010242814911904536,0.005396398908423255,0.004333373513687423,0.009774898200067913,0.003994714601011896,0.009071608626589926,0.004563721769076735,-0.00023376294148333003,0.005301959752660736,0.06753784177905164,0.01800904212332212,0.008858834643503361,0.008736056490757245,0.004437284640753204,0.006437570806015001,0.014617626205102716,0.007185363038220957,0.005973214972314128,0.04785693410036613,0.03526720835493084,0.008066634658305594,0.00961910932447702,0.006763339703714472,0.005435838104526095,0.004302824874070231,0.045758889933489116,0.008377446421414376,0.002702928564814895,0.006153615232942754,0.008319753853523253,0.005733798318696883,0.006781385269904893,0.008241709168276408,0.007965031671986533,0.05388938139546115,0.037975224844713926,0.004394001422789479,0.009185114161191369,0.0019341665857268396,0.04239467733902852,0.0031328967462457683,0.011823891383905374,0.015396396044880559,0.011348524302761447,0.002428174571787989,0.011187868441582505,0.00695418295091381,0.009142557678453534,0.008697333348665367,0.007881701768726528,0.03471754949176522,0.010941049114890319,0.013662615614512572,0.018013756363116237,1.2429838449468809e-5,0.01628270531514356,0.011603974797698549,0.009188019633640637,0.007397025319914224,0.007819422944067338,0.006101433467666699,0.0026171468811453627,0.006519636428223778,0.005348486164565757,0.002226698525160548,0.0023188211407562487,0.003257720374204243,0.004852765494644494,0.012014925492966396,0.009051828084647856,0.008994344561762927,0.007832557266487664,0.005958587648082007,0.007408639974453743,0.009131077124067017,0.004043925396107373,0.009962706932049172,0.015893710807748145,0.009329748644303037,0.006946158527760166,-0.00031848216184335087,0.010040009439956624,0.008722882173538109,0.0058775053246276805,0.006549845364835117,0.0180412681500785,0.0037904150504570904,0.007819296129367903,0.006553204499349606,-0.0023843841766718406,0.01778310586031378,0.014558368842549872,0.0065431953877650864,0.014550205800743213,7.515962249570962e-5,0.05674421525657222,0.02156851943664307,0.001898645804336386,0.00920498573879099,-0.0006355542903068888,0.006659381645841424,0.016722193044903664,0.00536583946853082,0.010132422158862888,0.008613497626788879,0.007696611930161093,0.006849569280103615,0.004643782774828114,0.0036905354167927405,0.012625514235234342,0.01737641071263211,0.009361520838079354,0.00483856107536849,-0.005582998011037361,0.007412220799601676,0.015934517922620486,0.013209583455136413,0.007276025309747362,0.01163623715513322,0.01492326117638606,0.00821683169471931,0.003190861349355928,0.011934509490883366,0.020251193550873386,0.0083621273223376,0.004575496218609462,0.0076025788912830764,0.003990711076853046,0.01370224208357569,0.004642047114070068,0.00672679327082987,0.0060456564258691455,0.012652383631634904,0.005043813022623478,0.003415695269271865,-0.001471528160728988,0.004070818397017552,-0.001485068851755087,0.010674078022801878,0.2]
WARNING: For the MIP-solver-driven algorithm, optimality tolerance must be specified as MIP solver option, not Pajarito option
WARNING: For the MIP-solver-driven algorithm, optimality tolerance must be specified as MIP solver option, not Pajarito option
WARNING: Not solved to optimality, status: UserLimit
