WARNING: Method definition require(Symbol) in module Base at loading.jl:345 overwritten in module ConicBenchmarkUtilities at /home/ubuntu/.julia/v0.5/Requires/src/require.jl:12.
#SOLVERNAME# PAJ_NEW_MSD_CPLEX_MOSEK_eprhs8
#SOLVER# Pajarito.PajaritoSolver(2,3600.0,1.0e-5,true,CPLEX.CplexSolver(Any[(:CPX_PARAM_THREADS,1),(:CPX_PARAM_TILIM,3600.0),(:CPX_PARAM_EPINT,1.0e-8),(:CPX_PARAM_EPRHS,1.0e-8),(:CPX_PARAM_SCRIND,0),(:CPX_PARAM_EPGAP,1.0e-5)]),CPLEX.CplexSolver(Any[]),0,false,true,Mosek.MosekMathProgSolverInterface.MosekSolver(Any[(:LOG,0),(:NUM_THREADS,1),(:OPTIMIZER_MAX_TIME,120.0)]),true,false,false,true,false,true,false,true,true,true,true,false,true,true,false,true,false,false,true,true,false,true,true,1.0e-10,1.0e-6,0.01,0.0001)
#INSTANCE# classical_200_0.cbf.gz
#TIMELIMIT# 3600.0

Transforming original data......Done     0.01s

Creating conic model data......Done     0.00s

Creating MIP model......Done     0.01s

Cone types summary:
Cone       | Count    | Min dim  | Max dim 
       SOC |        1 |      201 |      201

Solving conic relaxation......Done     0.12s
 - Relaxation status    =        Optimal
 - Relaxation objective =      -0.125646

Creating conic subproblem model......Done

Starting MIP-solver-driven outer approximation algorithm

Pajarito MICP solve summary:
 - Total time (s)       =       3.60e+03
 - Status               =      UserLimit
 - Best feasible obj.   =  -1.107863e-01
 - Final OA obj. bound  =  -1.230624e-01
 - Relative opt. gap    =      1.108e-01
 - Conic solve count    =             42
 - Feas. solution count =             36
 - Integer repeat count =             67

Timers (s):
 - Setup                =       1.51e-01
 -- Transform data      =       1.10e-02
 -- Create conic data   =       9.57e-04
 -- Create MIP data     =       1.22e-02
 -- Load/solve relax    =       1.21e-01
 - MIP-driven algorithm =       3.60e+03
 -- Solve conic model   =       2.96e-01

#STATUS# UserLimit
#OBJVAL# -0.11078630317960018
#OBJBOUND# -0.12306242051949881
#TIMESOLVER# 3600.005728006363
#TIMEALL# 3600.005965948105
#SOLUTION# [0.0,0.0,0.0,0.0,0.0,0.0,0.0,0.0,0.0,0.0,0.08110273795787173,0.0,0.0,0.0,0.0,0.0,0.0,0.0,0.0,0.05963309112823697,0.10398765547851739,0.0,0.0,0.0,0.0,0.05581891143735184,0.0,0.0,0.0,0.0,0.0,0.0,0.0,0.0,0.0,0.0,0.0,0.0,0.0,0.0,0.0,0.0,0.0,0.0,0.0,0.0,0.0,0.0,0.0,0.0,0.0,0.05706005655656064,0.0,0.0,0.0,0.0,0.0,0.0,0.0,0.0,0.0,0.0,0.0,0.0,0.0,0.0,0.0,0.0,0.0,0.0,0.0,0.0,0.0,0.0,0.0,0.0,0.0,0.0,0.0,0.0,0.0,0.0,0.0,0.0,0.0,0.0,0.0,0.0,0.0,0.0,0.0,0.0,0.0,0.035136955967941634,0.0,0.0,0.0,0.0,0.0,0.0,0.0,0.12653929271718656,0.0,0.0,0.0,0.0,0.0,0.0,0.0,0.0724752763167809,0.0,0.0,0.0,0.0,0.0,0.0,0.0,0.0,0.0,0.0,0.0,0.0,0.0,0.0,0.0,0.0,0.0,0.0,0.0,0.0,0.0,0.0,0.0,0.0,0.0,0.0,0.0,0.0,0.0,0.0,0.0,0.0,0.0,0.0,0.0,0.0,0.0,0.0,0.0,0.0,0.0,0.0,0.0,0.0,0.0,0.0,0.0,0.0,0.0,0.0,0.0,0.0,0.2109896885859991,0.0,0.0,0.0,0.0,0.0,0.0,0.0,0.0,0.0,0.0,0.0,0.0,0.0,0.19725632896929599,0.0,0.0,0.0,0.0,0.0,0.0,0.0,0.0,0.0,0.0,0.0,0.0,0.0,0.0,0.0,0.0,0.0,0.0,0.0,0.0,0.0,0.0,0.0,0.0,0.0,0.0,0.0,0.0,0.0,0.0,0.0,0.0,0.0,0.0,1.0,0.0,0.0,0.0,0.0,0.0,0.0,0.0,0.0,1.0,1.0,0.0,0.0,0.0,0.0,1.0,0.0,0.0,0.0,0.0,0.0,0.0,0.0,0.0,0.0,0.0,0.0,0.0,0.0,0.0,0.0,0.0,0.0,0.0,0.0,0.0,0.0,0.0,0.0,0.0,0.0,1.0,0.0,0.0,0.0,0.0,0.0,0.0,0.0,0.0,0.0,0.0,0.0,0.0,0.0,0.0,0.0,0.0,0.0,0.0,0.0,0.0,0.0,0.0,0.0,0.0,0.0,0.0,0.0,0.0,0.0,0.0,0.0,0.0,0.0,0.0,0.0,0.0,0.0,0.0,0.0,0.0,0.0,1.0,0.0,0.0,0.0,0.0,0.0,0.0,0.0,1.0,0.0,0.0,0.0,0.0,0.0,0.0,0.0,1.0,0.0,0.0,0.0,0.0,0.0,0.0,0.0,0.0,0.0,0.0,0.0,0.0,0.0,0.0,0.0,0.0,0.0,0.0,0.0,0.0,0.0,0.0,0.0,0.0,0.0,0.0,0.0,0.0,0.0,0.0,0.0,0.0,0.0,0.0,0.0,0.0,0.0,0.0,0.0,0.0,0.0,0.0,0.0,0.0,0.0,0.0,0.0,0.0,0.0,0.0,0.0,0.0,1.0,0.0,0.0,0.0,0.0,0.0,0.0,0.0,0.0,0.0,0.0,0.0,0.0,0.0,1.0,0.0,0.0,0.0,0.0,0.0,0.0,0.0,0.0,0.0,0.0,0.0,0.0,0.0,0.0,0.0,0.0,0.0,0.0,0.0,0.0,0.0,0.0,0.0,0.008712307032398246,0.004626579607223166,0.006832108960880528,0.008395509764710048,0.01040431905398851,0.010130707574214663,0.017734387767686405,-0.0010148660932113934,0.008249034385647568,0.00831057627508582,0.05562149754361283,0.012507781176503627,0.0042354260860597605,0.009885679223484349,0.00898467269440895,0.008539087233490322,0.00370883426851333,0.0027837526962896306,0.010223369677113204,0.05829191226355,0.03884844594995371,0.011537825528344432,0.009317031029344097,0.007422690450428082,0.0056871387514263105,0.05117944221681187,0.007627800277689668,0.0100001668237641,0.0016724539574851688,0.015148851577691238,0.009842166760329148,0.011675533115936257,0.009036222862444918,0.0071958333266972,0.014449099461734286,0.013397363717011368,0.007949682440195829,0.003025801855592935,0.0033549226510031166,0.005994597498394645,0.005398226012412539,0.0073678187322410915,0.009867158687331531,0.008082997155325714,0.003471628758312732,0.011240684937520779,0.007745298622781532,0.005358157555699734,0.0007135225572305415,0.012448087854138755,0.006637956381367396,0.07681216876480881,0.003570972203574981,0.004816230081000683,0.006178610928895417,0.0027827144361368596,0.004214016926895551,0.001558227365561411,-0.001211814916529863,0.006873916400194103,0.005176221936809618,0.005972022779389798,0.007162336201612716,0.007036089925961397,0.014480482511211838,0.00809843840846661,0.002290283398687648,0.005440575110704927,0.008162710058296664,0.009807818317337378,0.008281237500927468,0.01035060211192627,0.004684491810433078,0.007441146268100964,0.012105441051200594,0.005701187331043895,0.008252381028353089,0.006949473021143723,0.0023664323711781203,0.00671160504254011,0.00887816866406106,0.008472337041242886,-0.0008202052085478714,0.003457525284468417,0.013801281122884042,0.01132860779184545,0.003548655960833957,0.014291965289743217,0.007974445343465404,0.0034980871312281295,0.01178868574555459,0.005868496406408004,0.0034045655188553597,0.04505202440558454,0.004847971484908886,0.008537189341941588,0.0022964480522307215,0.015789792746947917,0.010798789735133452,0.0024905173931505107,0.013621899983459088,0.038698912696792195,0.006428668682220084,0.008361459454568674,0.016574918950023356,0.003492387378353269,0.0020395794529436124,0.0022232986621820335,0.008609013122071704,0.04522023524915651,-0.0032311739927394743,0.009322242474242352,0.026703702944829363,0.006317691482994225,0.0005814654354090888,0.002632957286506839,0.006453233852635702,0.014614721964892767,0.0055831247945716525,0.0089968926239808,0.00928049640535055,0.015736228146161622,0.00849176426967993,0.0058673185829682456,0.011751851150489356,0.010970277498690555,0.008903345265449053,0.005680272920715357,0.01800215803567054,0.006929744445207097,0.010341055403329394,0.014406346603927339,0.00471242781195425,0.01413016217038502,0.006303907363743095,0.011296582089981905,-0.003727354226239302,0.007404948748968657,0.010718375758055655,0.010786738713242401,0.020732267630970688,0.0180573350185574,-0.00012374134287596004,0.00673136272840173,0.005440227631250003,0.00769419732494086,0.008012573537694818,0.005315138410791108,0.018231600144580324,0.00583842159188195,0.013003921412704487,0.007440032285670502,0.004746758645411187,0.011601031716220027,0.003100922877292958,0.007154596791595376,0.00431004591591151,0.004767982354904468,0.016115815601302146,0.01134235960525186,0.009653418821259054,0.005238098241706221,0.032427373466236566,-0.0017924963216438934,0.008622911013462048,0.0068882379361049646,0.019240030450005254,0.0006809735335601218,0.01626003891319828,0.007493093711593362,0.0004440449825227813,0.020577268898190948,0.010481113486029923,0.0027538906007827644,0.007214304008944694,0.0006223599362950149,0.020859985475365835,0.0022933937829389952,0.004398215963961146,0.00383816410280738,2.588024477796743e-5,0.0055450601106030555,0.0027229114358648847,0.013396675159940242,0.006880759619434611,0.0069091136312579085,0.00910988772462945,0.003074005222006889,0.006584092243205293,0.010767327260993791,0.007307970769070751,0.021861562291057304,0.0059794887963665255,0.011642310676917655,0.004278333363223785,0.0231985124063181,0.008227185841673715,0.005751301867823066,0.00883594431215356,0.007445076998366114,0.2]
WARNING: For the MIP-solver-driven algorithm, optimality tolerance must be specified as MIP solver option, not Pajarito option
WARNING: For the MIP-solver-driven algorithm, optimality tolerance must be specified as MIP solver option, not Pajarito option
WARNING: Not solved to optimality, status: UserLimit
