#SOLVERNAME# PAJ_SCIP_MOSEK
#SOLVER# Pajarito.PajaritoSolver(2,3600.0,1.0e-5,false,SCIP.SCIPSolver(("display/verblevel",0,"limits/gap",0.0,"limits/time",3600.0)),MathProgBase.DefaultMIPSolver(),0,false,true,Mosek.MosekMathProgSolverInterface.MosekSolver(Any[(:LOG,0),(:NUM_THREADS,1),(:OPTIMIZER_MAX_TIME,120.0)]),true,false,false,true,false,true,false,true,true,true,true,false,false,true,false,false,false,false,1.0e-10,0.0001,1.0e-6,0.01,1.0e-6)
#FILENAME# ck_n25_m10_o3_5.cbf.gz
#INSTANCE# ck_n25_m10_o3_5
#TIMELIMIT# 3600.0
#STATUS# Optimal
#OBJVAL# 8654.0
#OBJBOUND# 8654.0
#TIMESOLVER# 0.30348801612854004
#TIMEALL# 0.30379509925842285
#SOLUTION# [0.0,1.0,0.0,1.0,-2.51751e-15,1.0,-2.45078e-16,1.0,1.0,1.0,1.0,1.0,1.0,0.0,0.0,1.0,1.0,-2.22045e-16,-9.99201e-16,1.0,0.0,-5.84385e-16,1.0,1.0,1.0,0.0,0.0,25.0,0.0,40.0,0.0,0.0,-2.00964e-14,0.0,0.0,0.0,0.0,0.0,0.0,0.0,0.0,0.0,0.0,0.0,-2.40807e-13,0.0,0.0,0.0,0.0,0.0,105.0,126.295,0.0,0.0,0.0,0.0,0.0,0.0,0.0,0.0,0.0,0.0,0.0,78.0,0.0,0.0,0.0,0.0,0.0,0.0,0.0,0.0,0.0,0.0,0.0,0.0,0.0,135.371,0.0,0.0,0.0,0.0,0.0,0.0,-7.35233e-16,140.0,0.0,0.0,0.0,3.0,0.0,0.0,0.0,0.0,0.0,-3.9746e-14,0.0,0.0,0.0,-1.09864e-13,0.0,0.0,0.0,166.217,0.0,0.0,0.0,0.0,0.0,0.0,-5.80834e-14,93.0,62.0,0.0,0.0,0.0,40.0,0.0,0.0,0.0,0.0,0.0,0.0,0.0,0.0,0.0,0.0,0.0,0.0,135.41,0.0,0.0,0.0,0.0,0.0,0.0,0.0,0.0,0.0,0.0,0.0,0.0,0.0,0.0,0.0,0.0,0.0,0.0,0.0,0.0,0.0,0.0,0.0,0.0,0.0,-1.43125e-13,0.0,0.0,0.0,0.0,0.0,96.0,0.0,0.0,0.0,0.0,0.0,0.0,0.0,0.0,0.0,0.0,0.0,0.0,0.0,0.0,0.0,0.0,0.0,0.0,0.0,98.9007,0.0,0.0,0.0,0.0,0.0,0.0,0.0,0.0,0.0,0.0,68.0,0.0,0.0,0.0,0.0,0.0,0.0,0.0,0.0,0.0,0.0,0.0,0.0,0.0,54.0,127.075,0.0,0.0,0.0,0.0,0.0,0.0,0.0,0.0,65.0,0.0,0.0,0.0,0.0,0.0,0.0,0.0,0.0,0.0,0.0,0.0,0.0,0.0,0.0,0.0,0.0,65.0,0.0,0.0,0.0,0.0,0.0,0.0,0.0,0.0,0.0,0.0,0.0,0.0,0.0,0.0,0.0,0.0,0.0,0.0,0.0,0.0,0.0,0.0,0.0,0.0,0.0,51.6593,0.0,0.0,0.0,30.0,-2.51751e-13,0.0,0.0,0.0,0.0,0.0,0.0,0.0,0.0,0.0,0.0,0.0,0.0,0.0,0.0,0.0,0.0,0.0,0.0,0.0,13.0,75.5243,178.609,89.3043,-0.0,35.3553,-0.0,56.5685,-0.0,-0.0,-2.84206e-14,-0.0,-0.0,-0.0,-0.0,-0.0,-0.0,-0.0,-0.0,-0.0,-0.0,-0.0,-3.40553e-13,-0.0,-0.0,-0.0,-0.0,-0.0,148.492,191.443,95.7214,-0.0,-0.0,-0.0,-0.0,-0.0,-0.0,-0.0,-0.0,-0.0,-0.0,-0.0,110.309,-0.0,-0.0,-0.0,-0.0,-0.0,-0.0,-0.0,-0.0,-0.0,-0.0,-0.0,-0.0,-0.0,235.066,117.533,-0.0,-0.0,-0.0,-0.0,-0.0,-0.0,-1.03978e-15,197.99,-0.0,-0.0,-0.0,4.24264,-0.0,-0.0,-0.0,-0.0,-0.0,-5.62093e-14,-0.0,-0.0,-0.0,-1.55372e-13,-0.0,-0.0,-0.0,191.498,95.7491,-0.0,-0.0,-0.0,-0.0,-0.0,-0.0,-8.21424e-14,131.522,87.6812,-0.0,-0.0,-0.0,56.5685,-0.0,-0.0,-0.0,-0.0,-0.0,-0.0,-0.0,-0.0,-0.0,-0.0,-0.0,-0.0,-2.02409e-13,-1.01204e-13,-0.0,-0.0,-0.0,-0.0,-0.0,-0.0,-0.0,-0.0,-0.0,-0.0,-0.0,-0.0,-0.0,-0.0,-0.0,-0.0,-0.0,-0.0,-0.0,-0.0,-0.0,-0.0,-0.0,-0.0,-0.0,139.867,69.9333,-0.0,-0.0,-0.0,-0.0,-0.0,135.765,-0.0,-0.0,-0.0,-0.0,-0.0,-0.0,-0.0,-0.0,-0.0,-0.0,-0.0,-0.0,-0.0,-0.0,-0.0,-0.0,-0.0,-0.0,-0.0,179.711,89.8555,-0.0,-0.0,-0.0,-0.0,-0.0,-0.0,-0.0,-0.0,-0.0,-0.0,96.1665,-0.0,-0.0,-0.0,-0.0,-0.0,-0.0,-0.0,-0.0,-0.0,-0.0,-0.0,-0.0,-0.0,76.3675,91.9239,45.9619,-0.0,-0.0,-0.0,-0.0,-0.0,-0.0,-0.0,-0.0,91.9239,-0.0,-0.0,-0.0,-0.0,-0.0,-0.0,-0.0,-0.0,-0.0,-0.0,-0.0,-0.0,-0.0,-0.0,-0.0,-0.0,73.0574,36.5287,-0.0,-0.0,-0.0,-0.0,-0.0,-0.0,-0.0,-0.0,-0.0,-0.0,-0.0,-0.0,-0.0,-0.0,-0.0,-0.0,-0.0,-0.0,-0.0,-0.0,-0.0,-0.0,-0.0,-0.0,-0.0,106.808,53.4038,-0.0,-0.0,-0.0,42.4264,-3.5603e-13,-0.0,-0.0,-0.0,-0.0,-0.0,-0.0,-0.0,-0.0,-0.0,-0.0,-0.0,-0.0,-0.0,-0.0,-0.0,-0.0,-0.0,-0.0,-0.0,18.3848]
