#SOLVERNAME# PAJ_SCIP_MOSEK
#SOLVER# Pajarito.PajaritoSolver(2,3600.0,1.0e-5,false,SCIP.SCIPSolver(("display/verblevel",0,"limits/gap",0.0,"limits/time",3600.0)),MathProgBase.DefaultMIPSolver(),0,false,true,Mosek.MosekMathProgSolverInterface.MosekSolver(Any[(:LOG,0),(:NUM_THREADS,1),(:OPTIMIZER_MAX_TIME,120.0)]),true,false,false,true,false,true,false,true,true,true,true,false,false,true,false,false,false,false,1.0e-10,0.0001,1.0e-6,0.01,1.0e-6)
#FILENAME# sssd-strong-20-4.cbf.gz
#INSTANCE# sssd-strong-20-4
#TIMELIMIT# 3600.0
#STATUS# Optimal
#OBJVAL# 287810.46017128375
#OBJBOUND# 287810.4601712837
#TIMESOLVER# 6.494787931442261
#TIMEALL# 6.494997024536133
#SOLUTION# [0.0,0.0,1.0,0.0,0.0,1.0,0.0,0.0,0.0,0.0,1.0,0.0,0.0,0.0,0.0,1.0,1.0,0.0,0.0,0.0,1.0,0.0,0.0,0.0,1.0,0.0,0.0,0.0,0.0,1.0,0.0,0.0,1.06581e-14,0.0,0.0,1.0,0.0,0.0,1.0,0.0,0.0,0.0,1.0,0.0,0.0,0.0,0.0,1.0,0.0,1.0,0.0,0.0,0.0,1.0,0.0,0.0,0.0,0.0,0.0,1.0,0.0,0.0,0.0,1.0,0.0,1.0,0.0,0.0,0.0,0.0,1.0,0.0,0.0,1.0,0.0,0.0,1.0,0.0,0.0,0.0,0.0,0.0,1.0,0.0,0.0,1.0,0.0,0.0,1.0,0.0,0.0,1.0,0.645467,0.829157,0.698163,0.792521,-0.0,-0.0,0.39227,-0.0,-0.0,0.4533,-0.0,-0.0,0.411128,-0.0,-0.0,0.442127,0.0,0.322734,0.322734,0.126599,0.414578,0.414578,0.187928,0.349081,0.349081,0.143517,0.396261,0.396261,0.175197,0.645467,0.645467,1.64547,0.829157,0.829157,1.82916,0.698163,0.698163,1.69816,0.792521,0.792521,1.79252,0.645467,0.645467,0.645467,0.829157,0.829157,0.829157,0.698163,0.698163,0.698163,0.792521,0.792521,0.792521]
