#SOLVERNAME# PAJ_MSD_SCIP_MOSEK
#SOLVER# Pajarito.PajaritoSolver(2,3600.0,1.0e-5,true,SCIP.SCIPSolver(("display/verblevel",0,"limits/gap",1.0e-5,"limits/time",3600.0)),MathProgBase.DefaultMIPSolver(),0,false,true,Mosek.MosekMathProgSolverInterface.MosekSolver(Any[(:LOG,0),(:NUM_THREADS,1),(:OPTIMIZER_MAX_TIME,120.0)]),true,false,false,true,false,true,false,true,true,true,true,false,false,true,false,false,false,false,1.0e-10,0.0001,1.0e-6,0.01,1.0e-6)
#FILENAME# classical_50_1.cbf.gz
#INSTANCE# classical_50_1
#TIMELIMIT# 3600.0
#STATUS# Optimal
#OBJVAL# -0.094192438068921
#OBJBOUND# -0.09620993381386114
#TIMESOLVER# 6.124130010604858
#TIMEALL# 6.128576993942261
#SOLUTION# [0.0924812,0.0,0.0,0.0,0.0,0.0,0.0,0.0,0.0,0.0910974,0.0,0.0,0.0,0.0,0.0,0.0,0.163928,0.0,0.0,0.0,0.0,0.0,0.0,0.1038,0.0,0.0,0.104194,0.091411,0.0,0.0,0.0,0.0,0.134367,0.0,0.100011,0.0,0.0,0.0840487,0.0,0.0,0.0,0.0,0.0,0.0,0.0,0.0346611,0.0,0.0,0.0,0.0,0.0,1.0,0.0,0.0,0.0,0.0,0.0,0.0,0.0,0.0,1.0,0.0,0.0,0.0,0.0,0.0,0.0,1.0,0.0,0.0,0.0,0.0,0.0,0.0,1.0,0.0,0.0,1.0,1.0,0.0,0.0,0.0,0.0,1.0,0.0,1.0,0.0,0.0,1.0,0.0,0.0,0.0,0.0,0.0,0.0,0.0,1.0,0.0,0.0,0.0,0.0,0.0378706,0.00898703,0.00637374,0.00379245,0.0124856,0.0427004,0.0121553,0.0123133,0.0127467,0.0571482,0.0120751,0.0219465,0.00705146,0.0095101,0.0124385,0.0280602,0.0526916,0.0161292,0.022436,0.0199007,0.0246134,0.0258658,0.0126538,0.0249212,0.00725441,0.0119671,0.0568565,0.0787031,0.00888029,0.011539,0.00830287,0.0312836,0.0584496,0.0107176,0.0712733,0.00983724,0.00489995,0.0436052,0.0107439,0.0070686,0.0155975,0.0224413,0.0126045,0.00858162,0.0141333,0.0421104,0.00933375,0.0137914,0.0048847,0.00931232,0.2]
