#SOLVERNAME# PAJ_MSD_SCIP_MOSEK
#SOLVER# Pajarito.PajaritoSolver(2,3600.0,1.0e-5,true,SCIP.SCIPSolver(("display/verblevel",0,"limits/gap",1.0e-5,"limits/time",3600.0)),MathProgBase.DefaultMIPSolver(),0,false,true,Mosek.MosekMathProgSolverInterface.MosekSolver(Any[(:LOG,0),(:NUM_THREADS,1),(:OPTIMIZER_MAX_TIME,120.0)]),true,false,false,true,false,true,false,true,true,true,true,false,false,true,false,false,false,false,1.0e-10,0.0001,1.0e-6,0.01,1.0e-6)
#FILENAME# achtziger_stolpe07-52flowc.cbf.gz
#INSTANCE# achtziger_stolpe07-52flowc
#TIMELIMIT# 3600.0
#STATUS# Optimal
#OBJVAL# 49.14061305148173
#OBJBOUND# 49.140611440973174
#TIMESOLVER# 70.01944994926453
#TIMEALL# 70.0240650177002
#SOLUTION# [49.1406,1.0,1.0,1.0,1.0,0.0,1.0,0.0,0.0,0.0,1.0,0.0,1.0,1.0,1.0,0.0,1.0,0.0,1.0,0.0,1.0,0.0,0.0,0.0,1.0,1.0,1.0,1.0,1.0,0.0,1.0,1.0,0.0,0.0,1.0,1.0,1.0,1.0,0.0,0.0,0.0,0.0,0.0,1.0,0.0,1.0,0.0,0.0,0.0,0.0,1.0,0.0,1.0,0.0,1.0,0.0,0.0,0.0,0.0,0.0,1.0,-3.97334e-15,0.0,1.0,0.0,0.0,1.0,0.0,0.0,0.0,0.0,-3.37427e-15,0.0,0.125,4.5,0.353553,6.125,6.02727e-8,0.125,6.18097e-8,5.87749e-8,6.23759e-8,0.353553,5.8637e-8,0.353553,0.353553,4.5,6.0261e-8,6.125,6.67699e-8,4.5,8.90074e-8,0.5,7.14999e-8,5.85836e-8,7.32417e-8,1.41421,2.0,0.182141,2.87147,0.515172,6.08035e-8,0.222267,0.182141,6.72397e-8,8.73983e-8,2.0,0.182141,0.5,1.41421,6.28126e-8,6.99506e-8,5.93282e-8,8.09405e-8,9.50594e-8,2.0,5.93656e-8,0.5,7.83422e-8,5.96831e-8,7.20288e-8,5.95372e-8,1.41421,9.42144e-8,2.0,5.88191e-8,0.5,7.41587e-8,6.53067e-8,6.90454e-8,6.07561e-8,6.54191e-8,1.41421,8.26189e-8,5.86776e-8,0.5,6.86725e-8,5.88836e-8,1.41421,5.86635e-8,6.36357e-8,7.0448e-8,6.04074e-8,8.60098e-8,6.04074e-8,-2.12132,-0.594604,-2.47487,2.33019e-9,5.91316e-9,-5.62029e-10,-5.36449e-9,-0.594604,-9.30403e-11,0.594604,0.594604,2.12132,-2.02352e-9,2.47487,-2.12132,-1.81041e-8,1.32239e-8,-1.88184e-9,-1.4387e-8,1.18921,1.41421,-1.69454,-0.717755,0.471452,0.426779,-1.12936e-8,1.79691e-8,1.41421,-0.707107,-1.18921,1.2346e-8,-1.76757e-9,-1.78319e-8,2.11138e-8,1.41421,-0.707107,-1.54376e-8,1.37401e-8,2.77227e-9,-1.18921,2.18531e-8,1.41421,-0.707107,-1.40104e-8,1.20157e-8,5.1038e-9,-9.52129e-9,1.18921,1.78432e-8,-0.707107,-1.17216e-8,1.18921,-4.38729e-10,-8.02775e-9,1.24595e-8,4.77333e-9,0.353553,-0.353553,7.24879e-9,-0.707107,0.426779,-2.12992e-9,0.426779,-5.83913e-9,1.83827e-9,-2.39107e-9,1.60728e-10,-9.20648e-9,-1.74856e-10,-1.74706e-9,1.91515e-8,4.77333e-9,1.0,0.0625,0.353553,1.0,2.25,-2.12132,1.0,0.176777,-0.594604,1.0,3.0625,-2.47487,0.0,3.01364e-8,2.33019e-9,1.0,0.0625,-0.353553,0.0,3.09049e-8,5.91316e-9,0.0,2.93874e-8,-5.62029e-10,0.0,3.1188e-8,-5.36449e-9,1.0,0.176777,-0.594604,0.0,2.93185e-8,-9.30403e-11,1.0,0.176777,0.594604,1.0,0.176777,0.594604,1.0,2.25,2.12132,0.0,3.01305e-8,-2.02352e-9,1.0,3.0625,2.47487,0.0,3.3385e-8,7.24879e-9,1.0,2.25,-2.12132,0.0,4.45037e-8,-1.81041e-8,1.0,0.25,-0.707107,0.0,3.575e-8,1.32239e-8,0.0,2.92918e-8,-1.88184e-9,0.0,3.66208e-8,-1.4387e-8,1.0,0.707107,1.18921,1.0,1.0,1.41421,1.0,0.0910704,0.426779,1.0,1.43573,-1.69454,1.0,0.257586,-0.717755,0.0,3.04018e-8,-2.12992e-9,1.0,0.111134,0.471452,1.0,0.0910704,0.426779,0.0,3.36198e-8,-1.12936e-8,0.0,4.36992e-8,1.79691e-8,1.0,1.0,1.41421,1.0,0.0910704,0.426779,1.0,0.25,-0.707107,1.0,0.707107,-1.18921,0.0,3.14063e-8,-5.83913e-9,0.0,3.49753e-8,1.2346e-8,0.0,2.96641e-8,-1.76757e-9,0.0,4.04702e-8,-1.78319e-8,0.0,4.75297e-8,2.11138e-8,1.0,1.0,1.41421,0.0,2.96828e-8,1.83827e-9,1.0,0.25,-0.707107,0.0,3.91711e-8,-1.54376e-8,0.0,2.98415e-8,-2.39107e-9,0.0,3.60144e-8,1.37401e-8,0.0,2.97686e-8,2.77227e-9,1.0,0.707107,-1.18921,0.0,4.71072e-8,2.18531e-8,1.0,1.0,1.41421,0.0,2.94096e-8,1.60728e-10,1.0,0.25,-0.707107,0.0,3.70793e-8,-1.40104e-8,0.0,3.26534e-8,-9.20648e-9,0.0,3.45227e-8,1.20157e-8,0.0,3.03781e-8,5.1038e-9,0.0,3.27096e-8,-9.52129e-9,1.0,0.707107,1.18921,-3.97334e-15,4.13095e-8,1.78432e-8,0.0,2.93388e-8,-1.74856e-10,1.0,0.25,-0.707107,0.0,3.43362e-8,-1.17216e-8,0.0,2.94418e-8,-1.74706e-9,1.0,0.707107,1.18921,0.0,2.93317e-8,-4.38729e-10,0.0,3.18179e-8,-8.02775e-9,0.0,3.5224e-8,1.24595e-8,0.0,3.02037e-8,4.77333e-9,-3.37427e-15,4.30049e-8,1.91515e-8,0.0,3.02037e-8,4.77333e-9]
