#SOLVERNAME# PAJ_SCIP_MOSEK
#SOLVER# Pajarito.PajaritoSolver(2,3600.0,1.0e-5,false,SCIP.SCIPSolver(("display/verblevel",0,"limits/gap",0.0,"limits/time",3600.0)),MathProgBase.DefaultMIPSolver(),0,false,true,Mosek.MosekMathProgSolverInterface.MosekSolver(Any[(:LOG,0),(:NUM_THREADS,1),(:OPTIMIZER_MAX_TIME,120.0)]),true,false,false,true,false,true,false,true,true,true,true,false,false,true,false,false,false,false,1.0e-10,0.0001,1.0e-6,0.01,1.0e-6)
#FILENAME# sssd-strong-25-4.cbf.gz
#INSTANCE# sssd-strong-25-4
#TIMELIMIT# 3600.0
#STATUS# Optimal
#OBJVAL# 311721.12072338583
#OBJBOUND# 311721.1207233858
#TIMESOLVER# 21.66921901702881
#TIMEALL# 21.66943097114563
#SOLUTION# [0.0,1.0,0.0,0.0,0.0,1.0,0.0,0.0,0.0,0.0,0.0,1.0,0.0,0.0,0.0,1.0,1.0,0.0,0.0,0.0,0.0,0.0,0.0,1.0,1.0,0.0,0.0,0.0,0.0,0.0,1.0,0.0,0.0,1.0,0.0,0.0,0.0,0.0,1.0,0.0,0.0,0.0,0.0,1.0,0.0,0.0,1.0,0.0,0.0,1.0,0.0,0.0,0.0,1.0,0.0,0.0,0.0,0.0,0.0,1.0,0.0,0.0,1.0,0.0,0.0,0.0,1.0,0.0,0.0,1.0,0.0,0.0,0.0,0.0,0.0,1.0,0.0,0.0,0.0,1.0,0.0,0.0,1.0,0.0,0.0,1.0,0.0,0.0,1.0,0.0,0.0,0.0,1.0,0.0,0.0,0.0,1.0,0.0,0.0,0.0,0.0,0.0,1.0,0.0,0.0,1.0,0.0,0.0,1.0,0.0,0.0,1.0,0.632357,0.811153,0.838841,0.863321,-0.0,-0.0,0.387389,-0.0,-0.0,0.447866,-0.0,-0.0,0.456179,-0.0,-0.0,0.463324,0.0,0.316178,0.316178,0.122484,0.405577,0.405577,0.181644,0.419421,0.419421,0.191331,0.431661,0.431661,0.199999,0.632357,0.632357,1.63236,0.811153,0.811153,1.81115,0.838841,0.838841,1.83884,0.863321,0.863321,1.86332,0.632357,0.632357,0.632357,0.811153,0.811153,0.811153,0.838841,0.838841,0.838841,0.863321,0.863321,0.863321]
