#SOLVERNAME# SCIP_MISOCP
#SOLVER# ConicNonlinearBridge.ConicNLPWrapper(SCIP.SCIPSolver(("display/verblevel",1,"limits/gap",1.0e-5,"limits/time",3600.0)),false,false,true)
#FILENAME# estein5_nr21.cbf.gz
#INSTANCE# estein5_nr21
#TIMELIMIT# 3600.0
#STATUS# Optimal
#OBJVAL# 1.8181766867775018
#OBJBOUND# 1.8181766867775018
#TIMESOLVER# 1.2
#TIMEALL# 9.497622966766357
#SOLUTION# [0.259608,0.539403,0.499713,0.677922,0.739791,0.539222,0.760263,0.240392,0.360597,0.222077,0.000286707,0.222078,0.760263,-0.239791,0.360778,0.760263,0.620392,0.0805968,0.760263,0.380287,-0.0579223,0.161814,0.140209,0.0807776,0.760263,0.480392,-0.359403,0.760263,0.240287,-0.497922,0.359222,0.00020947,-0.359222,0.359403,0.000392074,-0.359403,0.760263,-0.239713,-0.497922,0.760263,-0.479791,-0.359222,0.161202,-0.139608,0.0805968,0.760263,-0.379713,-0.0579223,0.760263,-0.619791,0.0807776,0.277197,-0.240105,-0.138519,0.760263,-0.480183,0.000180833,0.277263,-0.240077,0.1387,0.0,0.222077,0.0,0.0,0.0,0.161814,0.0,0.0,0.359222,0.359403,0.0,0.0,0.161202,0.0,0.0,0.277197,0.0,0.277263,0.0,1.0,0.0,0.0,0.0,1.0,0.0,0.0,1.0,1.0,0.0,0.0,1.0,0.0,0.0,1.0,0.0,1.0,1.0,0.0,1.0,1.0,1.0,0.0,1.0,1.0,0.0,0.0,1.0,1.0,0.0,1.0,1.0,0.0,1.0,0.0,0.0,0.538186,0.0,0.0,0.0,0.598449,0.0,0.0,0.401041,0.40086,0.0,0.0,0.599061,0.0,0.0,0.483066,0.0,0.483]
