#SOLVERNAME# SCIP_MISOCPDIS
#SOLVER# ConicNonlinearBridge.ConicNLPWrapper(SCIP.SCIPSolver(("display/verblevel",1,"limits/gap",1.0e-5,"limits/time",3600.0)),false,true,true)
#FILENAME# shortfall_200_2.cbf.gz
#INSTANCE# shortfall_200_2
#TIMELIMIT# 3600.0
#STATUS# UserLimit
#OBJVAL# -1.1259258870598339
#OBJBOUND# -1.139143261622259
#TIMESOLVER# 3600.0
#TIMEALL# 3656.913199901581
#SOLUTION# [0.0,0.0,0.0,0.0,0.0,0.0,0.0,0.0,0.0,0.0,0.0,0.0,0.0,0.0,0.0,0.0,0.0,0.0,0.0,0.0,0.0,0.0,0.0,0.0,0.0,0.0,0.0,0.0,0.0,0.0,0.0,0.0,0.0,0.0,0.0,0.0,0.0,0.0,0.0,0.0,0.0924595,0.0,0.0,0.0,0.0,0.0,0.0,0.0,0.0,0.0,0.0,0.0,0.0,0.0,0.0,0.0,0.0,0.0,0.0,0.0,0.0,0.0,0.0,0.0,0.0,0.0,0.0,0.0,0.0,0.0,0.0686418,0.0,0.0,0.0,0.0,0.0,0.0,0.0,0.0,0.0728657,0.0,0.0,0.0,0.0,0.0,0.0,0.173627,0.0,0.0,0.0,0.0,0.0,0.0,0.0,0.0,0.0978174,0.0,0.0,0.0,0.0,0.0,0.0,0.0,0.0,0.0,0.0,0.0,0.0,0.0,0.0,0.0,0.0392552,0.0,0.0,0.0,0.0,0.0,0.0,0.0,0.0,0.0,0.0,0.0,0.0,0.0,0.0,0.0,0.0,0.0,0.0,0.0,0.0,0.0,0.0,0.0,0.0,0.0,0.0,0.0,0.0,0.0,0.0,0.0,0.0,0.0,0.0,0.0,0.0,0.0,0.0,0.0,0.0,0.0,0.0,0.0,0.0,0.0682811,0.0,0.0,0.0,0.0,0.0,0.0,0.0,0.0,0.0,0.0,0.0871896,0.0,0.0,0.0,0.0,0.0,0.0,0.0512271,0.0,0.0,0.0,0.0,0.0,0.0,0.0,0.0,0.0,0.0,0.0,0.0,0.0,0.0,0.0,0.0,0.0,0.0,0.0,0.0,0.0,0.0,0.0,0.0,0.0,0.248635,0.0,0.0,0.0,0.0,0.0,0.0,0.0,0.0,0.0,0.0,0.0,0.0,0.0,0.0,0.0,0.0,0.0,0.0,0.0,0.0,0.0,0.0,0.0,0.0,0.0,0.0,0.0,0.0,0.0,0.0,0.0,0.0,0.0,0.0,0.0,0.0,0.0,0.0,0.0,0.0,0.0,1.0,0.0,0.0,0.0,0.0,0.0,0.0,0.0,0.0,0.0,0.0,0.0,0.0,0.0,0.0,0.0,0.0,0.0,0.0,0.0,0.0,0.0,0.0,0.0,0.0,0.0,0.0,0.0,0.0,0.0,1.0,0.0,0.0,0.0,0.0,0.0,0.0,0.0,0.0,1.0,0.0,0.0,0.0,0.0,0.0,0.0,1.0,0.0,0.0,0.0,0.0,0.0,0.0,0.0,0.0,1.0,0.0,0.0,0.0,0.0,0.0,0.0,0.0,0.0,0.0,0.0,0.0,0.0,0.0,0.0,0.0,1.0,0.0,0.0,0.0,0.0,0.0,0.0,0.0,0.0,0.0,0.0,0.0,0.0,0.0,0.0,0.0,0.0,0.0,0.0,0.0,0.0,0.0,0.0,0.0,0.0,0.0,0.0,0.0,0.0,0.0,0.0,0.0,0.0,0.0,0.0,0.0,0.0,0.0,0.0,0.0,0.0,0.0,0.0,0.0,0.0,1.0,0.0,0.0,0.0,0.0,0.0,0.0,0.0,0.0,0.0,0.0,1.0,0.0,0.0,0.0,0.0,0.0,0.0,1.0,0.0,0.0,0.0,0.0,0.0,0.0,0.0,0.0,0.0,0.0,0.0,0.0,0.0,0.0,0.0,0.0,0.0,0.0,0.0,0.0,0.0,0.0,0.0,0.0,0.0,1.0,0.0143035,0.00949258,0.0272492,0.0106263,0.00999884,0.00575853,0.00181114,0.00290953,0.019445,0.0112306,0.0071278,0.00813139,0.0181233,0.00450752,0.00246893,0.00184342,0.0107249,0.00738302,0.0119771,0.00437975,0.0084735,0.00321598,0.00711026,0.0154952,0.011869,0.0131597,0.00409245,0.00039245,0.00328381,0.00359638,0.00499664,0.0091808,0.00757235,0.00284918,0.00485946,0.00752319,0.00937036,0.00938779,-5.7393e-5,-0.000760411,0.0576381,0.00973773,0.00341517,0.00842036,0.00548143,0.00518337,0.00652029,0.00707037,0.00546945,0.00729375,0.00718033,0.0120323,0.00461722,0.00567649,0.012917,0.00506559,0.00731521,0.00354558,0.00469951,0.00417325,0.0088565,0.00555264,0.00443741,0.00297489,0.00438475,0.000209194,0.00781548,0.00251369,0.000331604,0.00557783,0.0742552,0.0163235,0.00897192,0.00596831,0.00640086,0.0048371,0.0140834,0.00448433,0.00284989,0.0518777,0.000230164,0.0111431,0.00434217,0.00590361,0.00511102,0.00523038,0.0413644,0.00505037,0.0035753,0.00231106,0.00746077,0.00606576,0.00541692,0.00952006,0.00998375,0.052913,0.0113679,0.0074554,0.00633596,0.00489604,0.00164341,0.00166557,0.00846266,0.00712365,0.0112522,0.00598123,0.00943964,0.0068177,0.00617981,0.00606885,0.00826584,0.0348891,0.0130548,0.0114806,0.0191499,0.00228568,0.0150126,0.00459668,0.0126303,0.00368112,0.00425072,0.00640339,0.00501163,0.00444275,0.00432832,0.00541998,0.00437489,0.00230291,0.00433791,0.0064761,0.00771391,0.00874861,0.00577875,0.005973,0.0035529,0.00544728,0.00458882,0.00972857,0.00840122,0.00553182,0.00812436,0.00178106,0.00682648,0.00651041,0.00714326,0.00308145,0.0146839,0.00294873,0.00496919,0.00824387,0.000499857,0.0104538,0.0122248,0.00854986,0.0116675,0.00203065,0.056269,0.022438,0.00603336,0.00491739,-0.000502075,0.00278618,0.0125706,0.00219662,0.0121618,0.00608386,0.00783988,0.0399309,0.00194199,0.00507593,0.0111328,0.0148152,0.0107146,0.00436048,0.0329175,0.00887545,0.015344,0.00999059,0.010178,0.0062903,0.0103291,0.00604747,0.00227154,0.0129712,0.0233282,0.00330211,0.00614975,0.00932254,0.00530319,0.00706,0.00318279,0.00557797,0.00539452,0.00517611,0.00451853,0.00427983,0.000406461,-1.18126e-5,0.00403621,0.00984672,0.225926,0.0319643,0.0212133,0.0608945,0.0237469,0.0223446,0.0128687,0.0040474,0.00650199,0.0434543,0.0250973,0.0159287,0.0181714,0.0405005,0.0100731,0.00551738,0.00411954,0.0239672,0.016499,0.0267654,0.00978752,0.0189359,0.00718683,0.0158895,0.0346274,0.0265239,0.0294083,0.00914549,0.000877018,0.00733841,0.00803691,0.0111661,0.0205165,0.0169221,0.00636712,0.0108595,0.0168123,0.0209402,0.0209791,-0.000128257,-0.00169931,0.128805,0.0217611,0.00763195,0.0188172,0.0122495,0.0115834,0.0145711,0.0158003,0.0122227,0.0162995,0.016046,0.0268889,0.0103182,0.0126854,0.0288659,0.0113202,0.0163475,0.00792339,0.0105021,0.00932607,0.0197918,0.0124086,0.00991639,0.00664807,0.00979871,0.000467492,0.0174654,0.00561741,0.000741043,0.0124649,0.16594,0.0364784,0.0200498,0.0133375,0.0143041,0.0108096,0.0314725,0.0100212,0.0063687,0.115932,0.000514353,0.0249017,0.00970354,0.0131929,0.0114217,0.0116884,0.0924381,0.0112862,0.00798981,0.00516459,0.0166728,0.0135553,0.0121053,0.0212747,0.0223109,0.118246,0.025404,0.0166608,0.0141591,0.0109413,0.00367257,0.00372208,0.0189117,0.0159194,0.0251456,0.0133664,0.021095,0.0152357,0.0138102,0.0135622,0.0184719,0.0779674,0.0291739,0.0256559,0.0427947,0.00510786,0.0335489,0.0102723,0.0282252,0.00822629,0.00949918,0.0143098,0.0111996,0.00992832,0.0096726,0.0121121,0.00977667,0.00514637,0.00969403,0.0144723,0.0172384,0.0195507,0.0129139,0.013348,0.00793974,0.0121732,0.0102547,0.0217407,0.0187744,0.0123621,0.0181557,0.00398018,0.0152553,0.014549,0.0159632,0.00688618,0.0328145,0.00658959,0.0111048,0.0184228,0.00111704,0.0233613,0.0273191,0.0191066,0.0260736,0.00453795,0.125746,0.0501428,0.0134829,0.010989,-0.001122,0.00622634,0.0280919,0.00490883,0.0271782,0.0135957,0.01752,0.0892344,0.0043398,0.0113433,0.0248788,0.033108,0.0239441,0.00974446,0.0735615,0.0198342,0.0342895,0.0223262,0.022745,0.0140571,0.0230826,0.0135144,0.00507627,0.0289869,0.052132,0.00737929,0.013743,0.0208333,0.0118512,0.0157771,0.00711266,0.0124652,0.0120553,0.0115672,0.0100977,0.00956424,0.000908328,-2.6398e-5,0.00901981,0.0220047,0.425926,0.225926,0.0143035,0.00949258,0.0272492,0.0106263,0.00999884,0.00575853,0.00181114,0.00290953,0.019445,0.0112306,0.0071278,0.00813139,0.0181233,0.00450752,0.00246893,0.00184342,0.0107249,0.00738302,0.0119771,0.00437975,0.0084735,0.00321598,0.00711026,0.0154952,0.011869,0.0131597,0.00409245,0.00039245,0.00328381,0.00359638,0.00499664,0.0091808,0.00757235,0.00284918,0.00485946,0.00752319,0.00937036,0.00938779,-5.7393e-5,-0.000760411,0.0576381,0.00973773,0.00341517,0.00842036,0.00548143,0.00518337,0.00652029,0.00707037,0.00546945,0.00729375,0.00718033,0.0120323,0.00461722,0.00567649,0.012917,0.00506559,0.00731521,0.00354558,0.00469951,0.00417325,0.0088565,0.00555264,0.00443741,0.00297489,0.00438475,0.000209194,0.00781548,0.00251369,0.000331604,0.00557783,0.0742552,0.0163235,0.00897192,0.00596831,0.00640086,0.0048371,0.0140834,0.00448433,0.00284989,0.0518777,0.000230164,0.0111431,0.00434217,0.00590361,0.00511102,0.00523038,0.0413644,0.00505037,0.0035753,0.00231106,0.00746077,0.00606576,0.00541692,0.00952006,0.00998375,0.052913,0.0113679,0.0074554,0.00633596,0.00489604,0.00164341,0.00166557,0.00846266,0.00712365,0.0112522,0.00598123,0.00943964,0.0068177,0.00617981,0.00606885,0.00826584,0.0348891,0.0130548,0.0114806,0.0191499,0.00228568,0.0150126,0.00459668,0.0126303,0.00368112,0.00425072,0.00640339,0.00501163,0.00444275,0.00432832,0.00541998,0.00437489,0.00230291,0.00433791,0.0064761,0.00771391,0.00874861,0.00577875,0.005973,0.0035529,0.00544728,0.00458882,0.00972857,0.00840122,0.00553182,0.00812436,0.00178106,0.00682648,0.00651041,0.00714326,0.00308145,0.0146839,0.00294873,0.00496919,0.00824387,0.000499857,0.0104538,0.0122248,0.00854986,0.0116675,0.00203065,0.056269,0.022438,0.00603336,0.00491739,-0.000502075,0.00278618,0.0125706,0.00219662,0.0121618,0.00608386,0.00783988,0.0399309,0.00194199,0.00507593,0.0111328,0.0148152,0.0107146,0.00436048,0.0329175,0.00887545,0.015344,0.00999059,0.010178,0.0062903,0.0103291,0.00604747,0.00227154,0.0129712,0.0233282,0.00330211,0.00614975,0.00932254,0.00530319,0.00706,0.00318279,0.00557797,0.00539452,0.00517611,0.00451853,0.00427983,0.000406461,-1.18126e-5,0.00403621,0.00984672,0.425926,0.0319643,0.0212133,0.0608945,0.0237469,0.0223446,0.0128687,0.0040474,0.00650199,0.0434543,0.0250973,0.0159287,0.0181714,0.0405005,0.0100731,0.00551738,0.00411954,0.0239672,0.016499,0.0267654,0.00978752,0.0189359,0.00718683,0.0158895,0.0346274,0.0265239,0.0294083,0.00914549,0.000877018,0.00733841,0.00803691,0.0111661,0.0205165,0.0169221,0.00636712,0.0108595,0.0168123,0.0209402,0.0209791,-0.000128257,-0.00169931,0.128805,0.0217611,0.00763195,0.0188172,0.0122495,0.0115834,0.0145711,0.0158003,0.0122227,0.0162995,0.016046,0.0268889,0.0103182,0.0126854,0.0288659,0.0113202,0.0163475,0.00792339,0.0105021,0.00932607,0.0197918,0.0124086,0.00991639,0.00664807,0.00979871,0.000467492,0.0174654,0.00561741,0.000741043,0.0124649,0.16594,0.0364784,0.0200498,0.0133375,0.0143041,0.0108096,0.0314725,0.0100212,0.0063687,0.115932,0.000514353,0.0249017,0.00970354,0.0131929,0.0114217,0.0116884,0.0924381,0.0112862,0.00798981,0.00516459,0.0166728,0.0135553,0.0121053,0.0212747,0.0223109,0.118246,0.025404,0.0166608,0.0141591,0.0109413,0.00367257,0.00372208,0.0189117,0.0159194,0.0251456,0.0133664,0.021095,0.0152357,0.0138102,0.0135622,0.0184719,0.0779674,0.0291739,0.0256559,0.0427947,0.00510786,0.0335489,0.0102723,0.0282252,0.00822629,0.00949918,0.0143098,0.0111996,0.00992832,0.0096726,0.0121121,0.00977667,0.00514637,0.00969403,0.0144723,0.0172384,0.0195507,0.0129139,0.013348,0.00793974,0.0121732,0.0102547,0.0217407,0.0187744,0.0123621,0.0181557,0.00398018,0.0152553,0.014549,0.0159632,0.00688618,0.0328145,0.00658959,0.0111048,0.0184228,0.00111704,0.0233613,0.0273191,0.0191066,0.0260736,0.00453795,0.125746,0.0501428,0.0134829,0.010989,-0.001122,0.00622634,0.0280919,0.00490883,0.0271782,0.0135957,0.01752,0.0892344,0.0043398,0.0113433,0.0248788,0.033108,0.0239441,0.00974446,0.0735615,0.0198342,0.0342895,0.0223262,0.022745,0.0140571,0.0230826,0.0135144,0.00507627,0.0289869,0.052132,0.00737929,0.013743,0.0208333,0.0118512,0.0157771,0.00711266,0.0124652,0.0120553,0.0115672,0.0100977,0.00956424,0.000908328,-2.6398e-5,0.00901981,0.0220047]
