#SOLVERNAME# SCIP_MISOCPDIS
#SOLVER# ConicNonlinearBridge.ConicNLPWrapper(SCIP.SCIPSolver(("display/verblevel",1,"limits/gap",1.0e-5,"limits/time",3600.0)),false,true,true)
#FILENAME# estein4_C.cbf.gz
#INSTANCE# estein4_C
#TIMELIMIT# 3600.0
#STATUS# Optimal
#OBJVAL# 1.0726925342642852
#OBJBOUND# 1.0726925342642852
#TIMESOLVER# 0.29
#TIMEALL# 8.329898118972778
#SOLUTION# [0.789565,0.655544,0.625796,0.528057,0.330923,0.192384,0.269255,0.829975,0.356153,0.396742,0.0,0.0,0.0,0.829975,0.163769,0.127487,0.829975,-0.112065,-0.502865,0.378922,0.0517037,-0.375378,0.829975,-0.307739,-0.069235,0.155308,-0.14397,0.0582517,0.20754,0.163769,0.127487,0.330923,0.0,0.0,0.0,0.0,0.378922,0.0,0.155308,0.20754,1.0,0.0,1.0,0.0,0.0,1.0,0.0,1.0,1.0,0.0,1.0,0.0,1.0,1.0,0.0,1.0,0.0,0.0,0.499052,0.0,0.829975,0.0,0.0,0.451053,0.0,0.674667,0.622435]
