#SOLVERNAME# SCIP_MISOCP
#SOLVER# ConicNonlinearBridge.ConicNLPWrapper(SCIP.SCIPSolver(("display/verblevel",1,"limits/gap",1.0e-5,"limits/time",3600.0)),false,false,true)
#FILENAME# turbine07GF.cbf.gz
#INSTANCE# turbine07GF
#TIMELIMIT# 3600.0
#STATUS# Optimal
#OBJVAL# 3.0
#OBJBOUND# 3.0
#TIMESOLVER# 0.02
#TIMEALL# 8.066715002059937
#SOLUTION# [1.0,1.0,0.0,1.0,0.0,0.0,0.0,0.0,0.0,0.0,0.0,0.0,0.0007,0.0,0.0,0.0007,0.000354,0.0,0.0007,0.000181,-0.000152,0.0007,0.0,0.0,0.0007,0.0,0.0,0.0007,0.0,0.0,0.0007,0.0,0.0,0.0007,0.0,0.0,0.0007,0.0,0.0,0.0004,0.000175,-0.000303,0.0007,0.0,0.0,0.5,-0.029559,0.014859,0.5,0.002066,0.047765,1.0,-0.092391,-0.223536,1.0,-0.220512,-0.544782,2.5,-0.828607,-1.5553,2.5,-1.15234,2.176,5.0,1.13565,-0.558603,0.5,-0.02733,0.034362,0.5,0.00754,0.07429,1.0,0.02284,0.055156,1.0,0.188275,0.164513,2.5,0.74859,0.521831,2.5,1.29618,-2.02043,5.0,-0.422384,-2.54235]
