#SOLVERNAME# SCIP_MISOCP
#SOLVER# ConicNonlinearBridge.ConicNLPWrapper(SCIP.SCIPSolver(("display/verblevel",1,"limits/gap",1.0e-5,"limits/time",3600.0)),false,false,true)
#FILENAME# ck_n25_m10_o5_5.cbf.gz
#INSTANCE# ck_n25_m10_o5_5
#TIMELIMIT# 3600.0
#STATUS# Optimal
#OBJVAL# 8915.0
#OBJBOUND# 8915.0
#TIMESOLVER# 0.11
#TIMEALL# 8.283760070800781
#SOLUTION# [1.0,1.0,0.0,1.0,0.0,0.0,0.0,1.0,1.0,1.0,1.0,0.0,1.0,1.0,0.0,1.0,1.0,0.0,0.0,1.0,0.0,0.0,1.0,1.0,1.0,0.0,0.0,41.0,0.0,66.0,0.0,0.0,0.0,0.0,0.0,0.0,0.0,0.0,0.0,0.0,0.0,0.0,0.0,0.0,0.0,0.0,0.0,0.0,0.0,0.0,175.0,307.0,0.0,0.0,0.0,0.0,0.0,0.0,0.0,0.0,0.0,0.0,0.0,0.0,0.0,279.0,0.0,0.0,0.0,0.0,0.0,0.0,0.0,0.0,0.0,0.0,0.0,279.0,0.0,0.0,0.0,0.0,0.0,0.0,0.0,233.0,0.0,0.0,0.0,0.0,0.0,0.0,0.0,0.0,0.0,0.0,0.0,0.0,0.0,0.0,0.0,0.0,0.0,327.0,0.0,0.0,0.0,0.0,0.0,0.0,0.0,154.0,103.0,0.0,0.0,0.0,66.0,0.0,0.0,0.0,0.0,0.0,0.0,0.0,0.0,0.0,0.0,0.0,0.0,323.0,0.0,0.0,0.0,0.0,0.0,0.0,0.0,0.0,0.0,0.0,0.0,0.0,0.0,0.0,0.0,0.0,0.0,0.0,0.0,0.0,0.0,0.0,0.0,0.0,0.0,0.0,28.0,0.0,0.0,0.0,0.0,0.0,0.0,0.0,0.0,0.0,0.0,0.0,0.0,88.0,0.0,0.0,0.0,0.0,0.0,0.0,0.0,0.0,0.0,0.0,0.0,111.0,0.0,0.0,0.0,0.0,0.0,0.0,0.0,0.0,0.0,0.0,113.0,0.0,0.0,0.0,0.0,0.0,0.0,0.0,0.0,0.0,0.0,0.0,0.0,0.0,90.0,292.0,0.0,0.0,0.0,0.0,0.0,0.0,0.0,0.0,107.0,0.0,0.0,0.0,0.0,0.0,0.0,0.0,0.0,0.0,0.0,0.0,0.0,0.0,0.0,0.0,0.0,107.0,0.0,0.0,0.0,0.0,0.0,0.0,0.0,0.0,0.0,0.0,0.0,0.0,0.0,63.0,0.0,0.0,0.0,0.0,0.0,0.0,0.0,0.0,0.0,0.0,0.0,63.0,0.0,0.0,0.0,49.0,0.0,0.0,0.0,0.0,0.0,0.0,0.0,0.0,0.0,53.0,0.0,0.0,0.0,0.0,0.0,0.0,0.0,0.0,0.0,0.0,22.0,122.0,434.164,217.082,0.0,57.9828,0.0,93.3381,0.0,0.0,0.0,0.0,0.0,0.0,0.0,0.0,0.0,0.0,0.0,0.0,0.0,0.0,0.0,0.0,0.0,0.0,0.0,0.0,247.487,394.566,197.283,0.0,0.0,0.0,0.0,0.0,0.0,0.0,0.0,0.0,0.0,0.0,0.0,0.0,394.566,0.0,0.0,0.0,0.0,0.0,0.0,0.0,0.0,0.0,0.0,0.0,462.448,231.224,0.0,0.0,0.0,0.0,0.0,0.0,0.0,329.512,0.0,0.0,0.0,0.0,0.0,0.0,0.0,0.0,0.0,0.0,0.0,0.0,0.0,0.0,0.0,0.0,0.0,456.791,228.395,0.0,0.0,0.0,0.0,0.0,0.0,0.0,217.789,145.664,0.0,0.0,0.0,93.3381,0.0,0.0,0.0,0.0,0.0,0.0,0.0,0.0,0.0,0.0,0.0,0.0,0.0,0.0,0.0,0.0,0.0,0.0,0.0,0.0,0.0,0.0,0.0,0.0,0.0,0.0,0.0,0.0,0.0,0.0,0.0,0.0,0.0,0.0,0.0,0.0,0.0,0.0,0.0,156.978,78.4889,39.598,0.0,0.0,0.0,0.0,0.0,0.0,0.0,0.0,0.0,0.0,0.0,0.0,124.451,0.0,0.0,0.0,0.0,0.0,0.0,0.0,0.0,0.0,0.0,0.0,412.95,206.475,0.0,0.0,0.0,0.0,0.0,0.0,0.0,0.0,0.0,0.0,159.806,0.0,0.0,0.0,0.0,0.0,0.0,0.0,0.0,0.0,0.0,0.0,0.0,0.0,127.279,151.321,75.6604,0.0,0.0,0.0,0.0,0.0,0.0,0.0,0.0,151.321,0.0,0.0,0.0,0.0,0.0,0.0,0.0,0.0,0.0,0.0,0.0,0.0,0.0,0.0,0.0,0.0,89.0955,44.5477,0.0,0.0,0.0,0.0,0.0,0.0,0.0,0.0,0.0,0.0,0.0,0.0,0.0,89.0955,0.0,0.0,0.0,0.0,0.0,0.0,0.0,0.0,0.0,0.0,0.0,172.534,86.267,0.0,0.0,0.0,69.2965,0.0,0.0,0.0,0.0,0.0,0.0,0.0,0.0,0.0,74.9533,0.0,0.0,0.0,0.0,0.0,0.0,0.0,0.0,0.0,0.0,31.1127]
