#SOLVERNAME# SCIP_MISOCPDIS
#SOLVER# ConicNonlinearBridge.ConicNLPWrapper(SCIP.SCIPSolver(("display/verblevel",1,"limits/gap",1.0e-5,"limits/time",3600.0)),false,true,true)
#FILENAME# robust_100_3.cbf.gz
#INSTANCE# robust_100_3
#TIMELIMIT# 3600.0
#STATUS# Optimal
#OBJVAL# -0.11682771454766724
#OBJBOUND# -0.11682771454766724
#TIMESOLVER# 48.91
#TIMEALL# 60.05419898033142
#SOLUTION# [0.116828,0.0,0.0,0.0,0.0894441,1.0,0.0,0.0,0.0,0.0,0.0,0.0,0.0,0.0,0.0,0.0,0.0,0.0,0.0,0.0,0.0,0.0,0.0,0.0,0.0,0.0,0.0,0.0,0.0,0.0,0.0,0.0,0.0,0.0,0.0,0.0,0.0,0.0,0.0,0.0,0.0,0.0,0.0148543,1.0,0.0,0.0,0.0,0.0,0.0,0.0,0.0,0.0,0.0,0.0,0.0362841,1.0,0.0,0.0,0.0,0.0,0.0,0.0,0.0,0.0,0.0,0.0,0.0,0.0,0.0,0.0,0.0,0.0,0.0785361,1.0,0.0,0.0,0.0,0.0,0.0,0.0,0.0,0.0,0.0800972,1.0,0.0,0.0,0.0,0.0,0.0,0.0,0.0,0.0,0.0,0.0,0.0257422,1.0,0.0,0.0,0.0,0.0,0.0,0.0,0.0,0.0,0.0,0.0,0.0,0.0,0.0,0.0,0.120235,1.0,0.0862361,1.0,0.0,0.0,0.0,0.0,0.38566,1.0,0.0,0.0,0.0,0.0,0.0,0.0,0.0,0.0,0.0,0.0,0.0,0.0,0.0,0.0,0.0,0.0,0.0,0.0,0.0,0.0,0.0,0.0,0.0,0.0,0.0,0.0,0.0,0.0,0.0,0.0,0.0,0.0,0.0,0.0,0.0,0.0,0.0,0.0,0.0,0.0,0.0,0.0,0.0,0.0,0.0,0.0,0.0,0.0,0.0,0.0,0.0,0.0,0.0,0.0,0.0829111,1.0,0.0,0.0,0.0,0.0,0.0,0.0,0.0,0.0,0.0,0.0,0.0,0.0,0.0,0.0,0.0,0.0,0.0,0.0,0.0,0.0,0.0,0.0,0.0,0.0,0.0,0.0,1.0,0.0148424,0.0447469,0.0123193,0.00511123,0.00800628,0.0126216,0.00950042,0.028308,0.00346768,0.0109395,0.00411129,0.00314645,0.00895042,0.0140532,0.00779618,0.0182366,0.0082175,0.00643183,0.0149558,0.0136799,0.0303995,0.00996683,0.00990434,0.00568581,0.00563943,0.0103513,0.0321415,0.00899579,0.00461633,0.0117095,0.00977342,0.00900909,0.000916267,0.0300842,0.00522217,0.0760315,0.00716811,0.0200867,0.0140876,0.00682953,0.0526626,-0.00168706,0.00355778,0.00727264,0.0110251,0.00598899,0.0445509,0.0123692,0.0180036,0.0219069,0.00401079,0.0122538,0.0224791,0.00679052,0.0445122,0.0414198,0.00969939,0.00169999,0.0749421,0.033483,0.00132478,0.0137934,0.0132614,0.0293754,0.0120252,0.0178015,0.0220268,0.00598684,0.00596173,0.00284312,0.00709869,0.00892945,0.0110702,0.0162332,0.00791649,-0.00455507,0.00576589,0.0180972,-0.0017234,0.000844368,0.00154287,0.00756929,0.0147595,0.0062038,0.00995609,0.00751278,0.0519279,0.00037992,0.0146583,-8.72457e-5,0.0046279,-0.00336534,-0.00943833,0.0123282,0.0137277,0.00859418,0.0124341,0.00833421,0.00998147,0.0180975,0.0,0.2,0.00385617,0.0116256,0.00320064,0.00132794,0.00208009,0.00327919,0.00246828,0.00735465,0.000900929,0.00284217,0.00106814,0.000817472,0.00232539,0.00365113,0.00202551,0.004738,0.00213497,0.00167104,0.00388562,0.00355413,0.00789803,0.00258946,0.00257322,0.00147722,0.00146517,0.00268936,0.00835061,0.00233717,0.00119936,0.00304221,0.00253921,0.00234063,0.000238053,0.0078161,0.00135676,0.0197536,0.00186233,0.00521867,0.00366006,0.00177436,0.0136821,-0.000438311,0.00092434,0.00188949,0.0028644,0.00155599,0.0115747,0.00321362,0.00467747,0.00569159,0.00104203,0.00318364,0.00584024,0.00176423,0.0115646,0.0107612,0.00251998,0.000441671,0.0194705,0.00869914,0.000344187,0.00358364,0.00344541,0.00763195,0.00312424,0.00462496,0.00572274,0.00155543,0.0015489,0.000738665,0.00184429,0.00231994,0.00287613,0.0042175,0.00205676,-0.00118344,0.00149802,0.00470178,-0.000447752,0.000219373,0.00040085,0.00196656,0.00383462,0.00161179,0.00258667,0.00195188,0.0134913,9.87062e-5,0.00380834,-2.26671e-5,0.00120236,-0.000874341,-0.00245215,0.00320295,0.00356656,0.00223283,0.00323047,0.00216529,0.00259326,0.00470186,0.0,0.0519574,0.2,0.0148424,0.0447469,0.0123193,0.00511123,0.00800628,0.0126216,0.00950042,0.028308,0.00346768,0.0109395,0.00411129,0.00314645,0.00895042,0.0140532,0.00779618,0.0182366,0.0082175,0.00643183,0.0149558,0.0136799,0.0303995,0.00996683,0.00990434,0.00568581,0.00563943,0.0103513,0.0321415,0.00899579,0.00461633,0.0117095,0.00977342,0.00900909,0.000916267,0.0300842,0.00522217,0.0760315,0.00716811,0.0200867,0.0140876,0.00682953,0.0526626,-0.00168706,0.00355778,0.00727264,0.0110251,0.00598899,0.0445509,0.0123692,0.0180036,0.0219069,0.00401079,0.0122538,0.0224791,0.00679052,0.0445122,0.0414198,0.00969939,0.00169999,0.0749421,0.033483,0.00132478,0.0137934,0.0132614,0.0293754,0.0120252,0.0178015,0.0220268,0.00598684,0.00596173,0.00284312,0.00709869,0.00892945,0.0110702,0.0162332,0.00791649,-0.00455507,0.00576589,0.0180972,-0.0017234,0.000844368,0.00154287,0.00756929,0.0147595,0.0062038,0.00995609,0.00751278,0.0519279,0.00037992,0.0146583,-8.72457e-5,0.0046279,-0.00336534,-0.00943833,0.0123282,0.0137277,0.00859418,0.0124341,0.00833421,0.00998147,0.0180975,0.0,0.0519574,0.00385617,0.0116256,0.00320064,0.00132794,0.00208009,0.00327919,0.00246828,0.00735465,0.000900929,0.00284217,0.00106814,0.000817472,0.00232539,0.00365113,0.00202551,0.004738,0.00213497,0.00167104,0.00388562,0.00355413,0.00789803,0.00258946,0.00257322,0.00147722,0.00146517,0.00268936,0.00835061,0.00233717,0.00119936,0.00304221,0.00253921,0.00234063,0.000238053,0.0078161,0.00135676,0.0197536,0.00186233,0.00521867,0.00366006,0.00177436,0.0136821,-0.000438311,0.00092434,0.00188949,0.0028644,0.00155599,0.0115747,0.00321362,0.00467747,0.00569159,0.00104203,0.00318364,0.00584024,0.00176423,0.0115646,0.0107612,0.00251998,0.000441671,0.0194705,0.00869914,0.000344187,0.00358364,0.00344541,0.00763195,0.00312424,0.00462496,0.00572274,0.00155543,0.0015489,0.000738665,0.00184429,0.00231994,0.00287613,0.0042175,0.00205676,-0.00118344,0.00149802,0.00470178,-0.000447752,0.000219373,0.00040085,0.00196656,0.00383462,0.00161179,0.00258667,0.00195188,0.0134913,9.87062e-5,0.00380834,-2.26671e-5,0.00120236,-0.000874341,-0.00245215,0.00320295,0.00356656,0.00223283,0.00323047,0.00216529,0.00259326,0.00470186,0.0]
