WARNING: Method definition require(Symbol) in module Base at loading.jl:345 overwritten in module ConicBenchmarkUtilities at /home/ubuntu/.julia/v0.5/Requires/src/require.jl:12.
#SOLVERNAME# PAJ_MSD_CPLEX_MOSEK_PRAL
#SOLVER# Pajarito.PajaritoSolver(3,3600.0,1.0e-5,true,CPLEX.CplexSolver(Any[(:CPX_PARAM_THREADS,1),(:CPX_PARAM_TILIM,3600.0),(:CPX_PARAM_EPINT,1.0e-8),(:CPX_PARAM_EPRHS,1.0e-6),(:CPX_PARAM_SCRIND,0),(:CPX_PARAM_EPGAP,1.0e-5)]),MathProgBase.DefaultMIPSolver(),0,false,true,Mosek.MosekMathProgSolverInterface.MosekSolver(Any[(:LOG,0),(:NUM_THREADS,1),(:OPTIMIZER_MAX_TIME,120.0)]),true,false,false,true,true,false,true,false,true,true,true,true,false,true,false,false,true,true,1.0e-10,1.0e-6)
#INSTANCE# pp-n1000-d10.cbf.gz
#TIMELIMIT# 3600.0

Cone types summary:
Cone                   | Count    | Min dim  | Max dim 
     Rot. second order |     1000 |        3 |        3

Transforming original data......Done     0.00s

Creating conic model data......Done     0.00s

Creating MIP model......Done     0.04s

Solving conic relaxation......Done     0.08s
 - Relaxation status    =        Optimal
 - Relaxation objective =    7330.100925

Creating conic subproblem model......Done     0.04s

Starting MIP-solver-driven outer approximation algorithm

Pajarito MICP solve summary:
 - Total time (s)       =       3.60e+03
 - Status               =      UserLimit
 - Best feasible obj.   =  +7.344508e+03
 - OA obj. bound        =  +7.331652e+03
 - Relative opt. gap    =      1.750e-03

Timers (s):
 - Setup                =   1.71e-01
 -- Transform data      =   3.08e-03
 -- Create conic data   =   1.21e-03
 -- Create MIP data     =   4.46e-02
 -- Load/solve relax    =   7.67e-02
 - MIP-driven algorithm =   3.60e+03
 -- Solve conic model   =   1.76e+00

Counters:
 - Lazy callback        =     0
 -- Feasible soln       =     0
 -- Integer repeat      =    34
 -- Conic statuses      =    54
 --- Infeasible         =     0
 --- Optimal            =    54
 --- Suboptimal         =     0
 --- UserLimit          =     0
 --- ConicFailure       =     0
 --- Other status       =     0
 -- No viol. subp. cut  =     0
 -- No viol. prim. cut  =     0
 - Heuristic callback   =     0
 -- Feasible added      =     0
 - Incumbent callback   =     0
 -- Feasible accepted   =     0

Max absolute primal infeasibilities
 - Constraint cones:
 -- Linear              =   0.00e+00
 -- Second order        =   0.00e+00
 -- Rot. second order   =   0.00e+00
 -- Primal exponential  =   0.00e+00
 -- Positive semidef.   =   0.00e+00
 - Variable cones:
 -- Linear              =   0.00e+00
 -- Second order        =   0.00e+00
 -- Rot. second order   =   1.64e-09
 -- Primal exponential  =   0.00e+00
 -- Positive semidef.   =   0.00e+00
#STATUS# UserLimit
#OBJVAL# 7344.50805507119
#OBJBOUND# 7331.652104251155
#TIMESOLVER# 3600.058352947235
#TIMEALL# 3600.1063361167908
#SOLUTION# [5.0,3.0,6.0,9.0,6.0,7.0,9.0,3.0,2.0,7.0,4.0,4.0,7.0,3.0,4.0,4.0,2.0,10.0,7.0,4.0,8.0,7.0,5.0,3.0,4.0,5.0,4.0,2.0,5.0,4.0,8.0,8.0,3.0,5.0,3.0,5.0,3.0,8.0,4.0,3.0,4.0,3.0,4.0,7.0,4.0,5.0,4.0,4.0,4.0,5.0,4.0,6.0,9.0,2.0,2.0,4.0,6.0,3.0,5.0,4.0,4.0,7.0,7.0,3.0,7.0,7.0,15.0,5.0,7.0,9.0,8.0,5.0,7.0,3.0,6.0,4.0,7.0,7.0,5.0,8.0,3.0,9.0,6.0,6.0,1.0,6.0,7.0,2.0,13.0,10.0,8.0,12.0,4.0,11.0,7.0,8.0,8.0,10.0,7.0,3.0,9.0,4.0,9.0,10.0,4.0,7.0,7.0,15.0,4.0,7.0,2.0,6.0,6.0,3.0,4.0,9.0,2.0,7.0,6.0,4.0,4.0,5.0,9.0,7.0,5.0,7.0,7.0,4.0,4.0,7.0,3.0,7.0,5.0,6.0,4.0,5.0,5.0,5.0,6.0,6.0,4.0,4.0,2.0,3.0,7.0,2.0,10.0,3.0,9.0,3.0,3.0,4.0,4.0,3.0,12.0,9.0,3.0,9.0,8.0,10.0,3.0,4.0,5.0,3.0,4.0,9.0,2.0,10.0,5.0,6.0,10.0,8.0,4.0,6.0,9.0,4.0,4.0,9.0,9.0,7.0,2.0,5.0,6.0,5.0,8.0,2.0,2.0,5.0,3.0,3.0,7.0,6.0,6.0,6.0,2.0,5.0,6.0,5.0,2.0,8.0,3.0,10.0,7.0,9.0,10.0,3.0,3.0,10.0,3.0,8.0,2.0,6.0,13.0,4.0,5.0,6.0,2.0,5.0,7.0,5.0,7.0,4.0,4.0,3.0,4.0,5.0,8.0,4.0,7.0,6.0,6.0,10.0,6.0,4.0,8.0,9.0,3.0,3.0,3.0,2.0,5.0,3.0,5.0,10.0,2.0,5.0,4.0,1.0,8.0,7.0,4.0,7.0,10.0,9.0,5.0,5.0,4.0,7.0,7.0,7.0,7.0,4.0,5.0,7.0,8.0,3.0,4.0,7.0,3.0,9.0,6.0,2.0,5.0,8.0,4.0,5.0,10.0,3.0,3.0,4.0,3.0,3.0,6.0,6.0,11.0,7.0,7.0,6.0,2.0,5.0,7.0,4.0,12.0,4.0,7.0,4.0,6.0,2.0,5.0,2.0,3.0,6.0,3.0,3.0,3.0,4.0,4.0,12.0,6.0,5.0,6.0,8.0,6.0,8.0,8.0,5.0,4.0,3.0,6.0,3.0,8.0,4.0,3.0,6.0,3.0,5.0,7.0,5.0,8.0,6.0,6.0,3.0,4.0,6.0,5.0,9.0,5.0,9.0,3.0,3.0,8.0,5.0,9.0,8.0,6.0,11.0,7.0,7.0,10.0,2.0,4.0,4.0,7.0,6.0,3.0,9.0,8.0,5.0,4.0,8.0,10.0,2.0,8.0,3.0,2.0,12.0,4.0,5.0,7.0,9.0,6.0,5.0,7.0,2.0,3.0,5.0,8.0,6.0,8.0,9.0,7.0,5.0,6.0,2.0,6.0,4.0,5.0,5.0,4.0,11.0,3.0,5.0,12.0,9.0,2.0,9.0,7.0,7.0,3.0,9.0,3.0,4.0,3.0,9.0,2.0,8.0,6.0,7.0,5.0,3.0,3.0,8.0,4.0,8.0,7.0,7.0,11.0,3.0,4.0,4.0,6.0,6.0,13.0,6.0,5.0,4.0,3.0,5.0,5.0,6.0,4.0,7.0,3.0,4.0,3.0,6.0,8.0,4.0,3.0,7.0,3.0,7.0,9.0,3.0,2.0,6.0,2.0,6.0,3.0,4.0,4.0,4.0,6.0,2.0,6.0,5.0,5.0,6.0,5.0,5.0,7.0,5.0,8.0,2.0,2.0,4.0,5.0,9.0,12.0,2.0,3.0,5.0,5.0,6.0,7.0,4.0,5.0,5.0,10.0,4.0,8.0,3.0,6.0,4.0,9.0,3.0,3.0,3.0,13.0,8.0,9.0,4.0,8.0,8.0,4.0,6.0,8.0,4.0,4.0,2.0,4.0,7.0,5.0,5.0,3.0,4.0,5.0,7.0,3.0,2.0,2.0,5.0,8.0,5.0,7.0,7.0,9.0,5.0,3.0,3.0,8.0,7.0,4.0,8.0,6.0,3.0,6.0,5.0,7.0,8.0,5.0,2.0,3.0,6.0,7.0,6.0,5.0,5.0,2.0,10.0,3.0,2.0,4.0,12.0,8.0,7.0,5.0,7.0,5.0,7.0,5.0,8.0,5.0,8.0,3.0,5.0,3.0,2.0,4.0,7.0,2.0,7.0,4.0,6.0,9.0,12.0,3.0,5.0,6.0,4.0,6.0,3.0,4.0,8.0,3.0,9.0,2.0,4.0,5.0,11.0,4.0,3.0,2.0,4.0,5.0,10.0,5.0,12.0,5.0,5.0,4.0,10.0,5.0,8.0,4.0,7.0,7.0,3.0,5.0,6.0,9.0,8.0,6.0,8.0,4.0,5.0,6.0,2.0,5.0,2.0,7.0,7.0,5.0,9.0,7.0,4.0,10.0,8.0,8.0,10.0,8.0,5.0,2.0,6.0,4.0,7.0,3.0,3.0,7.0,12.0,2.0,6.0,8.0,6.0,8.0,5.0,7.0,6.0,8.0,11.0,4.0,9.0,7.0,6.0,5.0,7.0,5.0,7.0,4.0,7.0,7.0,5.0,3.0,11.0,6.0,6.0,6.0,6.0,8.0,5.0,4.0,6.0,5.0,6.0,6.0,8.0,3.0,4.0,5.0,9.0,3.0,3.0,2.0,4.0,9.0,5.0,6.0,5.0,4.0,7.0,5.0,6.0,8.0,5.0,7.0,4.0,7.0,7.0,3.0,13.0,8.0,4.0,4.0,8.0,4.0,10.0,4.0,3.0,7.0,8.0,4.0,7.0,8.0,8.0,6.0,4.0,7.0,3.0,2.0,6.0,5.0,4.0,10.0,8.0,5.0,11.0,5.0,4.0,3.0,4.0,4.0,3.0,8.0,3.0,6.0,7.0,4.0,7.0,6.0,7.0,9.0,5.0,8.0,6.0,7.0,2.0,5.0,2.0,5.0,6.0,8.0,7.0,3.0,11.0,3.0,7.0,1.0,2.0,8.0,6.0,5.0,3.0,4.0,4.0,6.0,3.0,8.0,5.0,4.0,5.0,6.0,6.0,6.0,3.0,4.0,4.0,15.0,4.0,6.0,6.0,7.0,6.0,6.0,5.0,6.0,4.0,5.0,10.0,8.0,2.0,5.0,4.0,4.0,6.0,6.0,6.0,3.0,3.0,5.0,6.0,6.0,5.0,5.0,8.0,5.0,5.0,4.0,10.0,4.0,8.0,8.0,9.0,7.0,4.0,3.0,4.0,4.0,4.0,9.0,8.0,3.0,4.0,4.0,2.0,5.0,4.0,7.0,4.0,3.0,5.0,4.0,6.0,9.0,13.0,6.0,8.0,8.0,4.0,4.0,4.0,5.0,5.0,3.0,2.0,3.0,5.0,7.0,6.0,5.0,4.0,4.0,5.0,8.0,7.0,8.0,4.0,6.0,8.0,12.0,5.0,5.0,6.0,3.0,3.0,10.0,3.0,5.0,5.0,2.0,7.0,2.0,10.0,13.0,5.0,3.0,2.0,5.0,3.0,5.0,2.0,6.0,6.0,3.0,2.0,6.0,3.0,8.0,5.0,6.0,6.0,6.0,10.0,4.0,4.0,6.0,5.0,2.0,7.0,6.0,5.0,7.0,4.0,8.0,4.0,6.0,5.0,3.0,3.0,6.0,12.0,4.0,6.0,9.0,4.0,8.0,4.0,7.0,6.0,5.0,3.0,8.0,5.0,11.0,3.0,3.0,9.0,3.0,5.0,6.0,4.0,8.0,3.0,8.0,9.0,5.0,3.0,5.0,5.0,3.0,3.0,7.0,8.0,10.0,5.0,7.0,6.0,5.0,7.0,3.0,9.0,5.0,4.0,7.0,5.0,7.0,3.0,9.0,2.0,8.0,5.0,9.0,2.0,4.0,8.0,8.0,4.0,2.0,6.0,6.0,5.0,5.0,2.0,6.0,6.0,2.0,4.0,8.0,3.0,3.0,3.0,4.0,4.0,5.0,5.0,5.0,7.0,6.0,10.0,6.0,7.0,3.0,3.0,3.0,3.0,4.0,4.0,6.0,6.0,12.0,8.0,5.0,9.0,7.0,4.0,4.0,9.0,5.0,7.0,12.0,5.0,0.20000002734206213,0.3333333865319972,0.166666679295421,0.11111113310383303,0.16666668692716513,0.1428571571738786,0.1111111346243252,0.33333333272456533,0.5000000643962976,0.1428571851141438,0.25000000344910545,0.25000001301243824,0.14285716292856954,0.3333333511334642,0.25000002314703407,0.25000000449772175,0.5000000575890875,0.1000000358826405,0.14285715829704948,0.2500000028271807,0.12500001862592214,0.14285716020527595,0.20000001676580403,0.3333334274624118,0.25000000671023725,0.20000001235285758,0.2500000065749899,0.5000000167105771,0.20000001089940955,0.25000000457864857,0.1250000175570234,0.12500002189486548,0.3333335978815368,0.2000000078032098,0.3333333453916021,0.20000000789225503,0.3333333428683187,0.12500002060246018,0.25000001233213576,0.33333343726254583,0.2500000201735899,0.33333336007929537,0.2500000021932567,0.14285715622739037,0.250000002608326,0.20000000906585136,0.25000001007740513,0.2500000793929744,0.2500000091215284,0.20000001468027673,0.2500000036372447,0.1666667129095023,0.11111113210723289,0.5000000078253122,0.5000000768472095,0.25000000329667316,0.16666667686106518,0.33333335702113587,0.20000000707112697,0.2500000062897465,0.25000001132446403,0.14285715611453398,0.142857158990223,0.3333333758629631,0.14285715521785303,0.1428571561094616,0.0666667124796998,0.200000076103807,0.14285715748086147,0.11111113280766105,0.12500001748854217,0.2000000120443941,0.14285715863920068,0.33333344949227683,0.16666667599675833,0.2500000090022305,0.14285716036542517,0.14285715630226647,0.20000004380997183,0.12500001772917013,0.3333333454990548,0.11111113196982458,0.16666667635887844,0.16666667745678687,1.0000000285367296,0.16666667492047882,0.14285715709828484,0.5000000137529341,0.07692311907571181,0.10000002764116722,0.12500001667444938,0.08333336578687067,0.2500000448767019,0.09090912031451381,0.14285715850803538,0.12500002781029007,0.12500001838446106,0.10000002536672348,0.14285715657743125,0.3333333654592656,0.11111113170546538,0.25000000326582184,0.11111113301696562,0.10000002479731585,0.25000001554088946,0.14285716204439325,0.14285716480979183,0.06666671597042928,0.2500000015422068,0.14285716528003345,0.5000000781044271,0.16666667651474576,0.16666667803859259,0.33333335560972976,0.25000001118611825,0.11111113319621069,0.5000000195008212,0.14285715661342557,0.16666668975458077,0.2500000558211548,0.25000001131866734,0.20000000928374373,0.11111113282439256,0.14285715610854055,0.20000001669321676,0.14285715694656975,0.14285715966062007,0.2500000087335281,0.2500000061160663,0.1428571560969889,0.33333335265854824,0.14285715704517177,0.2000000115947902,0.16666667918358513,0.2500000130469462,0.20000001271521572,0.20000000740879464,0.20000000534135864,0.16666667769921073,0.16666667665139645,0.2500000069143402,0.2500000086158267,0.5000000053337306,0.3333333400136054,0.1428571606152369,0.5000000742619775,0.10000002630238569,0.3333333768361024,0.11111113279251583,0.3333333390018054,0.3333333355641459,0.2500000651709797,0.25000004538314213,0.3333333936074383,0.08333338049111205,0.11111113176962206,0.333333349842714,0.11111113178861842,0.1250000191191587,0.10000002595383428,0.3333333453480729,0.2500000035604093,0.20000000595323364,0.33333334884918076,0.25000000767689157,0.11111113166546538,0.5000000432186018,0.1000000253435438,0.20000000786819605,0.16666667635001264,0.10000002606003733,0.12500001868538035,0.2500000092913668,0.16666667558799197,0.11111113174044718,0.25000000512326626,0.25000000246631604,0.11111113313209842,0.111111148937999,0.14285716819942262,0.5000003812893186,0.20000002168364706,0.16666667639274646,0.20000000483730762,0.12500001861077692,0.5000000191517511,0.5000000146774806,0.20000003955478984,0.33333334371495793,0.33333343981642694,0.1428571561422043,0.16666668267642581,0.1666666753759385,0.1666666979327518,0.5000000176704571,0.20000002267505756,0.1666667001749964,0.20000001122582667,0.5000001001913852,0.1250000177976105,0.33333334964940686,0.10000002473226388,0.14285715995030746,0.11111114202528682,0.10000002460397894,0.3333333602420754,0.3333333467255408,0.10000003207715658,0.3333333441362156,0.12500001807026706,0.5000000612222395,0.16666668553602282,0.07692311518808204,0.25000000860760574,0.2000000163258795,0.16666667658340906,0.500000018470657,0.20000000651877592,0.14285715633525164,0.20000003293391266,0.14285715638503493,0.2500000194426444,0.250000008734633,0.33333336193859875,0.2500000027589784,0.2000000275284064,0.12500002051171233,0.2500000484941598,0.1428571571727515,0.1666666878613272,0.16666667783417033,0.10000002676737374,0.16666667848082195,0.2500000035917367,0.12500001861383314,0.11111113759254465,0.3333334167571347,0.3333333571113175,0.3333333367467026,0.5000001825330187,0.20000001133612333,0.3333333775295739,0.20000001661617883,0.10000003355825804,0.500000038508027,0.20000000902562665,0.2500000134119431,1.0000001234612106,0.1250000241350806,0.14285715522544162,0.25000000312218473,0.1428571751870935,0.1000000261863292,0.11111113245572746,0.20000001327512962,0.20000000639449045,0.2500000198104204,0.142857157728292,0.14285715795429432,0.14285715798701748,0.14285715983362923,0.2500000155336397,0.20000001439481174,0.14285716017026218,0.12500001772255587,0.33333334277315485,0.25000001914006464,0.14285717667885844,0.3333334808599462,0.11111113610770751,0.16666668911742377,0.5000002310575677,0.20000002737558908,0.12500001794137727,0.2500000058774008,0.20000000984680266,0.10000003349873055,0.33333336464732977,0.3333333665305833,0.25000000415095425,0.3333333368174789,0.33333339943922846,0.16666668978733679,0.16666668307409438,0.09090914056798205,0.1428571552380946,0.14285715810468957,0.16666667662835533,0.5000000312056272,0.20000000644939941,0.14285715611152927,0.2500000034889749,0.08333336811855574,0.2500000073407769,0.1428571561188443,0.2500000316805302,0.16666670956012197,0.5000000133960774,0.20000000618123615,0.5000000153149404,0.33333334005086845,0.16666669034809,0.33333333400459164,0.3333333401080205,0.33333334875330145,0.250000020660087,0.25000001262848315,0.08333337545672848,0.16666667535359814,0.2000000404358051,0.16666667979923488,0.1250000166527956,0.16666668277217855,0.12500002682839728,0.12500002727364024,0.20000003595754823,0.250000026182033,0.33333338608373575,0.16666668457580602,0.3333333936891272,0.12500001757119694,0.25000000222421104,0.3333333873691373,0.166666676726706,0.3333333455247085,0.2000000049340409,0.1428571647816792,0.20000004395148618,0.12500002276492594,0.16666668195083378,0.1666666797717129,0.3333333458525556,0.2500000036883967,0.16666667576463645,0.20000001100594922,0.11111113515750048,0.20000001475539264,0.11111114631354724,0.3333333568951571,0.3333333438501187,0.12500001661471138,0.20000001798970324,0.11111113632984981,0.1250000176108843,0.16666668669384954,0.09090912111986249,0.14285715883204375,0.14285715841545432,0.10000002598078517,0.500000075467439,0.2500000131968565,0.2500000346700535,0.14285715836881252,0.1666666778530459,0.3333333524193747,0.11111113191014965,0.12500001761745239,0.20000001161222247,0.2500000484844449,0.12500001820476747,0.10000002746183867,0.5000000049131212,0.12500002151339817,0.33333337907923255,0.5000000444480617,0.08333336602124142,0.2500000179311228,0.20000000928311046,0.14285716012632488,0.11111114417677825,0.16666667814967528,0.20000006842957063,0.14285715612068906,0.5000000786895171,0.3333335265942243,0.20000000847054888,0.1250000212739124,0.16666668477126745,0.12500003569592888,0.11111113273168804,0.1428571598981616,0.20000000778588145,0.16666668485925307,0.5000000818561903,0.1666666771563694,0.25000007051696915,0.2000000102906334,0.2000000064944789,0.2500000124420554,0.09090912654108507,0.33333333302122936,0.20000001091139818,0.08333336750998299,0.11111113236471937,0.5000000099114492,0.11111113307988596,0.1428571555393452,0.14285715629569307,0.3333333656461752,0.11111113190531618,0.33333334420540073,0.25000000592976646,0.3333333432580634,0.1111111318839697,0.5000000274687337,0.12500003293135187,0.16666668087920922,0.1428571561007903,0.2000000280618046,0.3333333370548561,0.3333333583044298,0.1250000255064707,0.2500000033435632,0.12500002052407488,0.14285717132114328,0.14285716152589423,0.09090912562357722,0.3333333486162342,0.25000001158574836,0.25000000166028746,0.16666667638424304,0.16666667562583104,0.07692311338235847,0.16666667626938292,0.20000000579205057,0.25000003400460935,0.33333334033153683,0.20000000711781318,0.20000001044794224,0.16666667617325892,0.25000001062364685,0.1428571560314138,0.33333334149135707,0.25000001572561903,0.3333333368264788,0.16666667614868835,0.12500001990483334,0.2500000041950048,0.33333336116515966,0.14285715655518683,0.33333333560304323,0.1428571561592209,0.11111113170260545,0.33333334197505193,0.5000000124414992,0.16666669276188184,0.5000000270173954,0.16666667585564632,0.3333333439108297,0.25000001399927685,0.2500000168561418,0.25000000267653055,0.16666667602720775,0.5000000301221581,0.16666667833016025,0.2000000057472704,0.20000000676904062,0.16666667850460204,0.2000000049662365,0.20000000670423557,0.14285716336041343,0.2000000054035942,0.1250000175932593,0.5000000435145691,0.5000000211126283,0.25000000577106185,0.2000000135027289,0.1111111333342425,0.08333336830477833,0.5000000242697966,0.33333336006060277,0.20000001031942105,0.200000005299529,0.16666670756230495,0.14285718138215042,0.2500000022300535,0.20000004927826165,0.2000000166234006,0.10000002657013596,0.2500000145564396,0.12500002102644014,0.33333334398946146,0.16666668284819153,0.25000001531761384,0.11111113294829167,0.3333333360880295,0.33333334481589993,0.33333334285886096,0.07692311543003072,0.12500001793532967,0.11111113280535179,0.25000001508123226,0.12500001652712367,0.12500001750369272,0.250000020873415,0.16666667747522457,0.12500001750990286,0.25000001265055616,0.2500000059833529,0.5000000030551419,0.2500000131566438,0.1428571552180049,0.2000000051638784,0.20000001430393066,0.33333348963860265,0.25000000221646346,0.2000000420217667,0.14285715964290002,0.333333348504925,0.50000005010071,0.5000001364789384,0.20000001113469423,0.12500001693436325,0.20000003917532094,0.1428571571868007,0.14285715891961281,0.11111113491560154,0.200000006246996,0.33333335568254974,0.3333333828563734,0.12500001962272478,0.14285715728126025,0.2500000052819735,0.1250000191392786,0.1666666853812373,0.33333335200432135,0.16666670083211876,0.20000000868714896,0.1428571626967008,0.12500002404756572,0.20000001233061493,0.5000000320378144,0.33333337207205194,0.16666668106462446,0.1428571592221699,0.16666667686004022,0.20000001455611116,0.20000001068841566,0.5000000553407249,0.10000002623408122,0.33333334181082064,0.5000000785048024,0.250000008969959,0.08333336582910356,0.12500001761620538,0.14285715530662113,0.2000000138943152,0.14285718231607447,0.20000002663606598,0.1428571561121741,0.20000000534744,0.12500001691546636,0.2000000082710054,0.1250000303277643,0.33333334915578927,0.20000000567876697,0.3333333859402985,0.49999999846597065,0.25000000396384925,0.14285716787079927,0.5000000143924004,0.1428571573695896,0.2500000033902472,0.16666668482024516,0.11111113282143137,0.08333336763908328,0.33333338677165836,0.20000000577631472,0.16666667618330333,0.25000000794366883,0.16666667717185657,0.3333333485610148,0.25000004772955986,0.12500003627964773,0.3333333463585402,0.11111113894176938,0.5000000234755526,0.2500000039035397,0.2000000101990631,0.09090912598379752,0.25000000432775993,0.33333337631377935,0.5000000533738742,0.25000003942807014,0.20000003707027592,0.10000003743591712,0.20000001084603714,0.08333337007455732,0.2000000194668976,0.20000002082899115,0.2500000089439043,0.10000002692308918,0.2000000184510098,0.12500001754979628,0.25000000543782264,0.1428571575822648,0.14285715619052208,0.33333333884942906,0.2000000126095065,0.16666667560050552,0.11111114469403205,0.12500001833115437,0.16666668150942243,0.12500002923997844,0.2500000040267203,0.20000001294985115,0.1666666757546844,0.500000100431097,0.20000004115347814,0.5000000361507804,0.14285715994062187,0.14285716621393085,0.20000001248242683,0.11111113763301539,0.14285715683341405,0.2500000098841433,0.10000003028734739,0.12500001759992063,0.1250000245109133,0.10000003142995695,0.1250000235006592,0.20000000721535383,0.5000000586530278,0.1666666758049864,0.25000003647311564,0.14285716137658078,0.3333333461787005,0.33333333958185873,0.14285715646667896,0.08333338358477249,0.5000000164714649,0.16666667629186538,0.12500001813660244,0.16666668847763688,0.12500002160994228,0.20000000617876346,0.14285715686863565,0.16666667721145956,0.12500001750832723,0.09090912349315694,0.25000001319801424,0.11111113426476926,0.14285715523488562,0.16666668121177786,0.2000000379164648,0.14285715528140663,0.20000002205069833,0.14285717649816565,0.250000002966305,0.14285718055122665,0.14285716718543018,0.2000000045750694,0.333333340989066,0.09090911971235549,0.16666669043533666,0.16666668302278342,0.16666668283058073,0.16666667499392407,0.12500001901648972,0.20000000880237234,0.2500000187892484,0.16666669844118154,0.20000001630444153,0.16666668131313145,0.16666667837450877,0.12500001832890906,0.3333333734973092,0.25000000166869807,0.2000000048405104,0.11111113317288712,0.3333333662314657,0.33333340905857467,0.5000000087752672,0.25000003539874216,0.11111113545441142,0.20000002064251365,0.16666668638876025,0.20000001583251947,0.2500000043488133,0.1428571562082972,0.2000000051469586,0.1666666788672062,0.1250000169757648,0.20000001793032585,0.1428571731211079,0.25000000595267746,0.14285715662335896,0.1428571589814478,0.3333334110648467,0.07692311526788664,0.12500003039232865,0.25000000224311236,0.2500000044614734,0.12500001833122454,0.25000001049235454,0.10000002458188462,0.2500000312421542,0.33333334281074967,0.14285716884589927,0.1250000190811198,0.2500000022632558,0.14285715891715345,0.12500001650896309,0.1250000228485728,0.16666668105960536,0.250000011735962,0.14285717044308122,0.3333334064137956,0.5000003491122815,0.1666666872637128,0.20000001202191253,0.2500000197674517,0.1000000246334718,0.1250000174917263,0.20000000581163313,0.09090912336364632,0.20000004028454121,0.2500000360997108,0.3333333813559607,0.2500000220935088,0.2500000077090885,0.3333333368075144,0.12500004474238136,0.3333333584784417,0.1666666783966253,0.14285715828043166,0.25000002675017674,0.14285715641123353,0.1666666792901168,0.14285715532253018,0.11111113286641938,0.20000001059650696,0.1250000167888281,0.1666666852097647,0.1428571644381451,0.5000000850947217,0.2000000083205551,0.5000000391984571,0.20000000741953539,0.16666668340487156,0.12500001838434383,0.14285715652496833,0.3333335888580127,0.09090912205870083,0.3333333349073673,0.14285715921412923,1.0000000479180964,0.5000000852274793,0.12500001739385613,0.1666666771013654,0.20000002328919475,0.3333333313022777,0.25000001126197624,0.25000001303856045,0.16666669833394376,0.3333334017052989,0.12500002154073275,0.20000000857469757,0.25000005889135357,0.20000001158697422,0.1666666770180063,0.16666667923494494,0.166666684019261,0.33333337389296513,0.2500000198438159,0.25000001237871583,0.06666671365674759,0.2500000392666384,0.16666668153257103,0.16666667659012369,0.14285715624325768,0.16666667554183423,0.166666701649425,0.2000000195691749,0.16666668054752787,0.25000004132524456,0.2000000086876117,0.10000002844941314,0.1250000252370267,0.5000000102380115,0.20000001068643591,0.2500000469063193,0.2500000030406473,0.1666666803376078,0.16666667759040177,0.16666668743993807,0.33333333664693,0.3333333496691462,0.2000000148648029,0.16666669111146515,0.1666666817667526,0.20000001016292757,0.2000000113110394,0.12500001842362352,0.20000001753637164,0.20000000673511042,0.2500000466010497,0.10000004440772514,0.25000002821769707,0.12500001775400182,0.12500001979307473,0.11111113452041899,0.14285716031000106,0.25000000934126376,0.3333333636315814,0.2500000100676174,0.25000000613681816,0.25000005165785,0.11111113504229664,0.12500002115982944,0.3333333430617813,0.25000001528585303,0.25000001587691223,0.5000000279424361,0.20000000769303572,0.25000000984206316,0.1428571574447277,0.25000001710386677,0.33333333702318635,0.2000000146629466,0.2500000538003979,0.1666666756537234,0.11111113195291189,0.07692311516251138,0.1666666858816468,0.12500001663536775,0.12500003689347583,0.2500000488750742,0.2500000054323963,0.25000001073496003,0.20000000878935698,0.20000001043778237,0.3333333606322104,0.5000000768876718,0.33333334578510465,0.20000001357478858,0.14285715646379593,0.16666668396207474,0.20000002018865182,0.25000000547573986,0.2500000041104884,0.2000000158187456,0.12500001746507117,0.14285715733962245,0.12500001752569112,0.25000002210490724,0.16666668289774567,0.12500002066942173,0.08333336600344587,0.20000000543350804,0.20000001659097766,0.16666667866577356,0.33333338389964373,0.3333333609294522,0.10000002684349063,0.3333333556125013,0.200000036831943,0.20000001382375565,0.5000000118400771,0.14285715844572522,0.5000000113633023,0.10000002781231387,0.07692311813250363,0.20000001422385516,0.33333337629145365,0.5000000056941172,0.20000000821875386,0.3333333586622014,0.20000003873459526,0.5000000051312317,0.16666667913806954,0.1666666760291946,0.33333342305377833,0.5000003964329773,0.1666666761629063,0.3333333590250587,0.12500001888638046,0.2000000129174042,0.1666666775413299,0.1666666769074876,0.1666666747991954,0.1000000258693099,0.25000000242225706,0.25000000856086224,0.1666666808486328,0.20000000476873492,0.5000000709228314,0.1428571567818464,0.1666666755673587,0.2000000120191059,0.14285715600275228,0.2500000082644376,0.12500001855039677,0.2500000195483194,0.16666667640319677,0.20000000697604126,0.3333333468680144,0.3333333568196455,0.16666667776029698,0.0833333679390087,0.25000000297201064,0.16666667966795057,0.11111113289033625,0.2500000010615966,0.12500001751918166,0.2500000029344349,0.14285716542999438,0.16666668496736925,0.20000002180155807,0.33333334141089255,0.12500002063995463,0.2000000085535607,0.09090912325657463,0.3333335413531531,0.3333333360377515,0.11111113278587581,0.33333335116265506,0.20000000770164394,0.16666667839076954,0.2500000151619486,0.12500003948039762,0.3333333817823565,0.12500001744750566,0.11111113756553337,0.20000001408141888,0.33333338395088585,0.2000000143975118,0.20000001638494957,0.33333334323686037,0.33333340158257796,0.14285715572164648,0.12500003934990556,0.10000002725188217,0.20000001557452052,0.14285715810593214,0.16666667669904456,0.20000003192087767,0.1428571564472012,0.3333334074404979,0.11111114014547496,0.20000001162998515,0.2500000090136578,0.14285715677788957,0.20000000932490103,0.14285715766123364,0.333333473163703,0.1111111405398102,0.5000000707076235,0.1250000181947808,0.20000001798549505,0.11111113226101033,0.500000007566415,0.25000000372606346,0.125000019514097,0.125000017515827,0.2500000451057356,0.5000000471882919,0.1666666765773357,0.1666666822299172,0.20000001378842747,0.2000000056287483,0.5000000561074724,0.16666667900936272,0.1666666783301176,0.500000036830911,0.2500000071766886,0.12500001789061788,0.3333333524876605,0.3333333540783645,0.33333334965549266,0.2500000032807299,0.25000001638072566,0.20000000989719613,0.20000001409469448,0.20000001471413942,0.14285716085018318,0.16666668015739194,0.1000000259793179,0.16666667687426884,0.14285715625734952,0.3333333524343747,0.3333333416658313,0.3333333438938033,0.33333334258643843,0.25000004737368897,0.2500000101886015,0.16666670862868482,0.16666667999931928,0.08333337068822999,0.12500002111644726,0.2000000069127923,0.11111113681500306,0.14285715524697373,0.2500000050623843,0.2500000164537721,0.11111114790057286,0.20000002507789105,0.14285716073943444,0.08333336582450634,0.2000000070344221,5.0,0.20000002734206213,1.41421356,3.0,0.3333333865319972,1.41421356,6.0,0.166666679295421,1.41421356,9.0,0.11111113310383303,1.41421356,6.0,0.16666668692716513,1.41421356,7.0,0.1428571571738786,1.41421356,9.0,0.1111111346243252,1.41421356,3.0,0.33333333272456533,1.41421356,2.0,0.5000000643962976,1.41421356,7.0,0.1428571851141438,1.41421356,4.0,0.25000000344910545,1.41421356,4.0,0.25000001301243824,1.41421356,7.0,0.14285716292856954,1.41421356,3.0,0.3333333511334642,1.41421356,4.0,0.25000002314703407,1.41421356,4.0,0.25000000449772175,1.41421356,2.0,0.5000000575890875,1.41421356,10.0,0.1000000358826405,1.41421356,7.0,0.14285715829704948,1.41421356,4.0,0.2500000028271807,1.41421356,8.0,0.12500001862592214,1.41421356,7.0,0.14285716020527595,1.41421356,5.0,0.20000001676580403,1.41421356,3.0,0.3333334274624118,1.41421356,4.0,0.25000000671023725,1.41421356,5.0,0.20000001235285758,1.41421356,4.0,0.2500000065749899,1.41421356,2.0,0.5000000167105771,1.41421356,5.0,0.20000001089940955,1.41421356,4.0,0.25000000457864857,1.41421356,8.0,0.1250000175570234,1.41421356,8.0,0.12500002189486548,1.41421356,3.0,0.3333335978815368,1.41421356,5.0,0.2000000078032098,1.41421356,3.0,0.3333333453916021,1.41421356,5.0,0.20000000789225503,1.41421356,3.0,0.3333333428683187,1.41421356,8.0,0.12500002060246018,1.41421356,4.0,0.25000001233213576,1.41421356,3.0,0.33333343726254583,1.41421356,4.0,0.2500000201735899,1.41421356,3.0,0.33333336007929537,1.41421356,4.0,0.2500000021932567,1.41421356,7.0,0.14285715622739037,1.41421356,4.0,0.250000002608326,1.41421356,5.0,0.20000000906585136,1.41421356,4.0,0.25000001007740513,1.41421356,4.0,0.2500000793929744,1.41421356,4.0,0.2500000091215284,1.41421356,5.0,0.20000001468027673,1.41421356,4.0,0.2500000036372447,1.41421356,6.0,0.1666667129095023,1.41421356,9.0,0.11111113210723289,1.41421356,2.0,0.5000000078253122,1.41421356,2.0,0.5000000768472095,1.41421356,4.0,0.25000000329667316,1.41421356,6.0,0.16666667686106518,1.41421356,3.0,0.33333335702113587,1.41421356,5.0,0.20000000707112697,1.41421356,4.0,0.2500000062897465,1.41421356,4.0,0.25000001132446403,1.41421356,7.0,0.14285715611453398,1.41421356,7.0,0.142857158990223,1.41421356,3.0,0.3333333758629631,1.41421356,7.0,0.14285715521785303,1.41421356,7.0,0.1428571561094616,1.41421356,15.0,0.0666667124796998,1.41421356,5.0,0.200000076103807,1.41421356,7.0,0.14285715748086147,1.41421356,9.0,0.11111113280766105,1.41421356,8.0,0.12500001748854217,1.41421356,5.0,0.2000000120443941,1.41421356,7.0,0.14285715863920068,1.41421356,3.0,0.33333344949227683,1.41421356,6.0,0.16666667599675833,1.41421356,4.0,0.2500000090022305,1.41421356,7.0,0.14285716036542517,1.41421356,7.0,0.14285715630226647,1.41421356,5.0,0.20000004380997183,1.41421356,8.0,0.12500001772917013,1.41421356,3.0,0.3333333454990548,1.41421356,9.0,0.11111113196982458,1.41421356,6.0,0.16666667635887844,1.41421356,6.0,0.16666667745678687,1.41421356,1.0,1.0000000285367296,1.41421356,6.0,0.16666667492047882,1.41421356,7.0,0.14285715709828484,1.41421356,2.0,0.5000000137529341,1.41421356,13.0,0.07692311907571181,1.41421356,10.0,0.10000002764116722,1.41421356,8.0,0.12500001667444938,1.41421356,12.0,0.08333336578687067,1.41421356,4.0,0.2500000448767019,1.41421356,11.0,0.09090912031451381,1.41421356,7.0,0.14285715850803538,1.41421356,8.0,0.12500002781029007,1.41421356,8.0,0.12500001838446106,1.41421356,10.0,0.10000002536672348,1.41421356,7.0,0.14285715657743125,1.41421356,3.0,0.3333333654592656,1.41421356,9.0,0.11111113170546538,1.41421356,4.0,0.25000000326582184,1.41421356,9.0,0.11111113301696562,1.41421356,10.0,0.10000002479731585,1.41421356,4.0,0.25000001554088946,1.41421356,7.0,0.14285716204439325,1.41421356,7.0,0.14285716480979183,1.41421356,15.0,0.06666671597042928,1.41421356,4.0,0.2500000015422068,1.41421356,7.0,0.14285716528003345,1.41421356,2.0,0.5000000781044271,1.41421356,6.0,0.16666667651474576,1.41421356,6.0,0.16666667803859259,1.41421356,3.0,0.33333335560972976,1.41421356,4.0,0.25000001118611825,1.41421356,9.0,0.11111113319621069,1.41421356,2.0,0.5000000195008212,1.41421356,7.0,0.14285715661342557,1.41421356,6.0,0.16666668975458077,1.41421356,4.0,0.2500000558211548,1.41421356,4.0,0.25000001131866734,1.41421356,5.0,0.20000000928374373,1.41421356,9.0,0.11111113282439256,1.41421356,7.0,0.14285715610854055,1.41421356,5.0,0.20000001669321676,1.41421356,7.0,0.14285715694656975,1.41421356,7.0,0.14285715966062007,1.41421356,4.0,0.2500000087335281,1.41421356,4.0,0.2500000061160663,1.41421356,7.0,0.1428571560969889,1.41421356,3.0,0.33333335265854824,1.41421356,7.0,0.14285715704517177,1.41421356,5.0,0.2000000115947902,1.41421356,6.0,0.16666667918358513,1.41421356,4.0,0.2500000130469462,1.41421356,5.0,0.20000001271521572,1.41421356,5.0,0.20000000740879464,1.41421356,5.0,0.20000000534135864,1.41421356,6.0,0.16666667769921073,1.41421356,6.0,0.16666667665139645,1.41421356,4.0,0.2500000069143402,1.41421356,4.0,0.2500000086158267,1.41421356,2.0,0.5000000053337306,1.41421356,3.0,0.3333333400136054,1.41421356,7.0,0.1428571606152369,1.41421356,2.0,0.5000000742619775,1.41421356,10.0,0.10000002630238569,1.41421356,3.0,0.3333333768361024,1.41421356,9.0,0.11111113279251583,1.41421356,3.0,0.3333333390018054,1.41421356,3.0,0.3333333355641459,1.41421356,4.0,0.2500000651709797,1.41421356,4.0,0.25000004538314213,1.41421356,3.0,0.3333333936074383,1.41421356,12.0,0.08333338049111205,1.41421356,9.0,0.11111113176962206,1.41421356,3.0,0.333333349842714,1.41421356,9.0,0.11111113178861842,1.41421356,8.0,0.1250000191191587,1.41421356,10.0,0.10000002595383428,1.41421356,3.0,0.3333333453480729,1.41421356,4.0,0.2500000035604093,1.41421356,5.0,0.20000000595323364,1.41421356,3.0,0.33333334884918076,1.41421356,4.0,0.25000000767689157,1.41421356,9.0,0.11111113166546538,1.41421356,2.0,0.5000000432186018,1.41421356,10.0,0.1000000253435438,1.41421356,5.0,0.20000000786819605,1.41421356,6.0,0.16666667635001264,1.41421356,10.0,0.10000002606003733,1.41421356,8.0,0.12500001868538035,1.41421356,4.0,0.2500000092913668,1.41421356,6.0,0.16666667558799197,1.41421356,9.0,0.11111113174044718,1.41421356,4.0,0.25000000512326626,1.41421356,4.0,0.25000000246631604,1.41421356,9.0,0.11111113313209842,1.41421356,9.0,0.111111148937999,1.41421356,7.0,0.14285716819942262,1.41421356,2.0,0.5000003812893186,1.41421356,5.0,0.20000002168364706,1.41421356,6.0,0.16666667639274646,1.41421356,5.0,0.20000000483730762,1.41421356,8.0,0.12500001861077692,1.41421356,2.0,0.5000000191517511,1.41421356,2.0,0.5000000146774806,1.41421356,5.0,0.20000003955478984,1.41421356,3.0,0.33333334371495793,1.41421356,3.0,0.33333343981642694,1.41421356,7.0,0.1428571561422043,1.41421356,6.0,0.16666668267642581,1.41421356,6.0,0.1666666753759385,1.41421356,6.0,0.1666666979327518,1.41421356,2.0,0.5000000176704571,1.41421356,5.0,0.20000002267505756,1.41421356,6.0,0.1666667001749964,1.41421356,5.0,0.20000001122582667,1.41421356,2.0,0.5000001001913852,1.41421356,8.0,0.1250000177976105,1.41421356,3.0,0.33333334964940686,1.41421356,10.0,0.10000002473226388,1.41421356,7.0,0.14285715995030746,1.41421356,9.0,0.11111114202528682,1.41421356,10.0,0.10000002460397894,1.41421356,3.0,0.3333333602420754,1.41421356,3.0,0.3333333467255408,1.41421356,10.0,0.10000003207715658,1.41421356,3.0,0.3333333441362156,1.41421356,8.0,0.12500001807026706,1.41421356,2.0,0.5000000612222395,1.41421356,6.0,0.16666668553602282,1.41421356,13.0,0.07692311518808204,1.41421356,4.0,0.25000000860760574,1.41421356,5.0,0.2000000163258795,1.41421356,6.0,0.16666667658340906,1.41421356,2.0,0.500000018470657,1.41421356,5.0,0.20000000651877592,1.41421356,7.0,0.14285715633525164,1.41421356,5.0,0.20000003293391266,1.41421356,7.0,0.14285715638503493,1.41421356,4.0,0.2500000194426444,1.41421356,4.0,0.250000008734633,1.41421356,3.0,0.33333336193859875,1.41421356,4.0,0.2500000027589784,1.41421356,5.0,0.2000000275284064,1.41421356,8.0,0.12500002051171233,1.41421356,4.0,0.2500000484941598,1.41421356,7.0,0.1428571571727515,1.41421356,6.0,0.1666666878613272,1.41421356,6.0,0.16666667783417033,1.41421356,10.0,0.10000002676737374,1.41421356,6.0,0.16666667848082195,1.41421356,4.0,0.2500000035917367,1.41421356,8.0,0.12500001861383314,1.41421356,9.0,0.11111113759254465,1.41421356,3.0,0.3333334167571347,1.41421356,3.0,0.3333333571113175,1.41421356,3.0,0.3333333367467026,1.41421356,2.0,0.5000001825330187,1.41421356,5.0,0.20000001133612333,1.41421356,3.0,0.3333333775295739,1.41421356,5.0,0.20000001661617883,1.41421356,10.0,0.10000003355825804,1.41421356,2.0,0.500000038508027,1.41421356,5.0,0.20000000902562665,1.41421356,4.0,0.2500000134119431,1.41421356,1.0,1.0000001234612106,1.41421356,8.0,0.1250000241350806,1.41421356,7.0,0.14285715522544162,1.41421356,4.0,0.25000000312218473,1.41421356,7.0,0.1428571751870935,1.41421356,10.0,0.1000000261863292,1.41421356,9.0,0.11111113245572746,1.41421356,5.0,0.20000001327512962,1.41421356,5.0,0.20000000639449045,1.41421356,4.0,0.2500000198104204,1.41421356,7.0,0.142857157728292,1.41421356,7.0,0.14285715795429432,1.41421356,7.0,0.14285715798701748,1.41421356,7.0,0.14285715983362923,1.41421356,4.0,0.2500000155336397,1.41421356,5.0,0.20000001439481174,1.41421356,7.0,0.14285716017026218,1.41421356,8.0,0.12500001772255587,1.41421356,3.0,0.33333334277315485,1.41421356,4.0,0.25000001914006464,1.41421356,7.0,0.14285717667885844,1.41421356,3.0,0.3333334808599462,1.41421356,9.0,0.11111113610770751,1.41421356,6.0,0.16666668911742377,1.41421356,2.0,0.5000002310575677,1.41421356,5.0,0.20000002737558908,1.41421356,8.0,0.12500001794137727,1.41421356,4.0,0.2500000058774008,1.41421356,5.0,0.20000000984680266,1.41421356,10.0,0.10000003349873055,1.41421356,3.0,0.33333336464732977,1.41421356,3.0,0.3333333665305833,1.41421356,4.0,0.25000000415095425,1.41421356,3.0,0.3333333368174789,1.41421356,3.0,0.33333339943922846,1.41421356,6.0,0.16666668978733679,1.41421356,6.0,0.16666668307409438,1.41421356,11.0,0.09090914056798205,1.41421356,7.0,0.1428571552380946,1.41421356,7.0,0.14285715810468957,1.41421356,6.0,0.16666667662835533,1.41421356,2.0,0.5000000312056272,1.41421356,5.0,0.20000000644939941,1.41421356,7.0,0.14285715611152927,1.41421356,4.0,0.2500000034889749,1.41421356,12.0,0.08333336811855574,1.41421356,4.0,0.2500000073407769,1.41421356,7.0,0.1428571561188443,1.41421356,4.0,0.2500000316805302,1.41421356,6.0,0.16666670956012197,1.41421356,2.0,0.5000000133960774,1.41421356,5.0,0.20000000618123615,1.41421356,2.0,0.5000000153149404,1.41421356,3.0,0.33333334005086845,1.41421356,6.0,0.16666669034809,1.41421356,3.0,0.33333333400459164,1.41421356,3.0,0.3333333401080205,1.41421356,3.0,0.33333334875330145,1.41421356,4.0,0.250000020660087,1.41421356,4.0,0.25000001262848315,1.41421356,12.0,0.08333337545672848,1.41421356,6.0,0.16666667535359814,1.41421356,5.0,0.2000000404358051,1.41421356,6.0,0.16666667979923488,1.41421356,8.0,0.1250000166527956,1.41421356,6.0,0.16666668277217855,1.41421356,8.0,0.12500002682839728,1.41421356,8.0,0.12500002727364024,1.41421356,5.0,0.20000003595754823,1.41421356,4.0,0.250000026182033,1.41421356,3.0,0.33333338608373575,1.41421356,6.0,0.16666668457580602,1.41421356,3.0,0.3333333936891272,1.41421356,8.0,0.12500001757119694,1.41421356,4.0,0.25000000222421104,1.41421356,3.0,0.3333333873691373,1.41421356,6.0,0.166666676726706,1.41421356,3.0,0.3333333455247085,1.41421356,5.0,0.2000000049340409,1.41421356,7.0,0.1428571647816792,1.41421356,5.0,0.20000004395148618,1.41421356,8.0,0.12500002276492594,1.41421356,6.0,0.16666668195083378,1.41421356,6.0,0.1666666797717129,1.41421356,3.0,0.3333333458525556,1.41421356,4.0,0.2500000036883967,1.41421356,6.0,0.16666667576463645,1.41421356,5.0,0.20000001100594922,1.41421356,9.0,0.11111113515750048,1.41421356,5.0,0.20000001475539264,1.41421356,9.0,0.11111114631354724,1.41421356,3.0,0.3333333568951571,1.41421356,3.0,0.3333333438501187,1.41421356,8.0,0.12500001661471138,1.41421356,5.0,0.20000001798970324,1.41421356,9.0,0.11111113632984981,1.41421356,8.0,0.1250000176108843,1.41421356,6.0,0.16666668669384954,1.41421356,11.0,0.09090912111986249,1.41421356,7.0,0.14285715883204375,1.41421356,7.0,0.14285715841545432,1.41421356,10.0,0.10000002598078517,1.41421356,2.0,0.500000075467439,1.41421356,4.0,0.2500000131968565,1.41421356,4.0,0.2500000346700535,1.41421356,7.0,0.14285715836881252,1.41421356,6.0,0.1666666778530459,1.41421356,3.0,0.3333333524193747,1.41421356,9.0,0.11111113191014965,1.41421356,8.0,0.12500001761745239,1.41421356,5.0,0.20000001161222247,1.41421356,4.0,0.2500000484844449,1.41421356,8.0,0.12500001820476747,1.41421356,10.0,0.10000002746183867,1.41421356,2.0,0.5000000049131212,1.41421356,8.0,0.12500002151339817,1.41421356,3.0,0.33333337907923255,1.41421356,2.0,0.5000000444480617,1.41421356,12.0,0.08333336602124142,1.41421356,4.0,0.2500000179311228,1.41421356,5.0,0.20000000928311046,1.41421356,7.0,0.14285716012632488,1.41421356,9.0,0.11111114417677825,1.41421356,6.0,0.16666667814967528,1.41421356,5.0,0.20000006842957063,1.41421356,7.0,0.14285715612068906,1.41421356,2.0,0.5000000786895171,1.41421356,3.0,0.3333335265942243,1.41421356,5.0,0.20000000847054888,1.41421356,8.0,0.1250000212739124,1.41421356,6.0,0.16666668477126745,1.41421356,8.0,0.12500003569592888,1.41421356,9.0,0.11111113273168804,1.41421356,7.0,0.1428571598981616,1.41421356,5.0,0.20000000778588145,1.41421356,6.0,0.16666668485925307,1.41421356,2.0,0.5000000818561903,1.41421356,6.0,0.1666666771563694,1.41421356,4.0,0.25000007051696915,1.41421356,5.0,0.2000000102906334,1.41421356,5.0,0.2000000064944789,1.41421356,4.0,0.2500000124420554,1.41421356,11.0,0.09090912654108507,1.41421356,3.0,0.33333333302122936,1.41421356,5.0,0.20000001091139818,1.41421356,12.0,0.08333336750998299,1.41421356,9.0,0.11111113236471937,1.41421356,2.0,0.5000000099114492,1.41421356,9.0,0.11111113307988596,1.41421356,7.0,0.1428571555393452,1.41421356,7.0,0.14285715629569307,1.41421356,3.0,0.3333333656461752,1.41421356,9.0,0.11111113190531618,1.41421356,3.0,0.33333334420540073,1.41421356,4.0,0.25000000592976646,1.41421356,3.0,0.3333333432580634,1.41421356,9.0,0.1111111318839697,1.41421356,2.0,0.5000000274687337,1.41421356,8.0,0.12500003293135187,1.41421356,6.0,0.16666668087920922,1.41421356,7.0,0.1428571561007903,1.41421356,5.0,0.2000000280618046,1.41421356,3.0,0.3333333370548561,1.41421356,3.0,0.3333333583044298,1.41421356,8.0,0.1250000255064707,1.41421356,4.0,0.2500000033435632,1.41421356,8.0,0.12500002052407488,1.41421356,7.0,0.14285717132114328,1.41421356,7.0,0.14285716152589423,1.41421356,11.0,0.09090912562357722,1.41421356,3.0,0.3333333486162342,1.41421356,4.0,0.25000001158574836,1.41421356,4.0,0.25000000166028746,1.41421356,6.0,0.16666667638424304,1.41421356,6.0,0.16666667562583104,1.41421356,13.0,0.07692311338235847,1.41421356,6.0,0.16666667626938292,1.41421356,5.0,0.20000000579205057,1.41421356,4.0,0.25000003400460935,1.41421356,3.0,0.33333334033153683,1.41421356,5.0,0.20000000711781318,1.41421356,5.0,0.20000001044794224,1.41421356,6.0,0.16666667617325892,1.41421356,4.0,0.25000001062364685,1.41421356,7.0,0.1428571560314138,1.41421356,3.0,0.33333334149135707,1.41421356,4.0,0.25000001572561903,1.41421356,3.0,0.3333333368264788,1.41421356,6.0,0.16666667614868835,1.41421356,8.0,0.12500001990483334,1.41421356,4.0,0.2500000041950048,1.41421356,3.0,0.33333336116515966,1.41421356,7.0,0.14285715655518683,1.41421356,3.0,0.33333333560304323,1.41421356,7.0,0.1428571561592209,1.41421356,9.0,0.11111113170260545,1.41421356,3.0,0.33333334197505193,1.41421356,2.0,0.5000000124414992,1.41421356,6.0,0.16666669276188184,1.41421356,2.0,0.5000000270173954,1.41421356,6.0,0.16666667585564632,1.41421356,3.0,0.3333333439108297,1.41421356,4.0,0.25000001399927685,1.41421356,4.0,0.2500000168561418,1.41421356,4.0,0.25000000267653055,1.41421356,6.0,0.16666667602720775,1.41421356,2.0,0.5000000301221581,1.41421356,6.0,0.16666667833016025,1.41421356,5.0,0.2000000057472704,1.41421356,5.0,0.20000000676904062,1.41421356,6.0,0.16666667850460204,1.41421356,5.0,0.2000000049662365,1.41421356,5.0,0.20000000670423557,1.41421356,7.0,0.14285716336041343,1.41421356,5.0,0.2000000054035942,1.41421356,8.0,0.1250000175932593,1.41421356,2.0,0.5000000435145691,1.41421356,2.0,0.5000000211126283,1.41421356,4.0,0.25000000577106185,1.41421356,5.0,0.2000000135027289,1.41421356,9.0,0.1111111333342425,1.41421356,12.0,0.08333336830477833,1.41421356,2.0,0.5000000242697966,1.41421356,3.0,0.33333336006060277,1.41421356,5.0,0.20000001031942105,1.41421356,5.0,0.200000005299529,1.41421356,6.0,0.16666670756230495,1.41421356,7.0,0.14285718138215042,1.41421356,4.0,0.2500000022300535,1.41421356,5.0,0.20000004927826165,1.41421356,5.0,0.2000000166234006,1.41421356,10.0,0.10000002657013596,1.41421356,4.0,0.2500000145564396,1.41421356,8.0,0.12500002102644014,1.41421356,3.0,0.33333334398946146,1.41421356,6.0,0.16666668284819153,1.41421356,4.0,0.25000001531761384,1.41421356,9.0,0.11111113294829167,1.41421356,3.0,0.3333333360880295,1.41421356,3.0,0.33333334481589993,1.41421356,3.0,0.33333334285886096,1.41421356,13.0,0.07692311543003072,1.41421356,8.0,0.12500001793532967,1.41421356,9.0,0.11111113280535179,1.41421356,4.0,0.25000001508123226,1.41421356,8.0,0.12500001652712367,1.41421356,8.0,0.12500001750369272,1.41421356,4.0,0.250000020873415,1.41421356,6.0,0.16666667747522457,1.41421356,8.0,0.12500001750990286,1.41421356,4.0,0.25000001265055616,1.41421356,4.0,0.2500000059833529,1.41421356,2.0,0.5000000030551419,1.41421356,4.0,0.2500000131566438,1.41421356,7.0,0.1428571552180049,1.41421356,5.0,0.2000000051638784,1.41421356,5.0,0.20000001430393066,1.41421356,3.0,0.33333348963860265,1.41421356,4.0,0.25000000221646346,1.41421356,5.0,0.2000000420217667,1.41421356,7.0,0.14285715964290002,1.41421356,3.0,0.333333348504925,1.41421356,2.0,0.50000005010071,1.41421356,2.0,0.5000001364789384,1.41421356,5.0,0.20000001113469423,1.41421356,8.0,0.12500001693436325,1.41421356,5.0,0.20000003917532094,1.41421356,7.0,0.1428571571868007,1.41421356,7.0,0.14285715891961281,1.41421356,9.0,0.11111113491560154,1.41421356,5.0,0.200000006246996,1.41421356,3.0,0.33333335568254974,1.41421356,3.0,0.3333333828563734,1.41421356,8.0,0.12500001962272478,1.41421356,7.0,0.14285715728126025,1.41421356,4.0,0.2500000052819735,1.41421356,8.0,0.1250000191392786,1.41421356,6.0,0.1666666853812373,1.41421356,3.0,0.33333335200432135,1.41421356,6.0,0.16666670083211876,1.41421356,5.0,0.20000000868714896,1.41421356,7.0,0.1428571626967008,1.41421356,8.0,0.12500002404756572,1.41421356,5.0,0.20000001233061493,1.41421356,2.0,0.5000000320378144,1.41421356,3.0,0.33333337207205194,1.41421356,6.0,0.16666668106462446,1.41421356,7.0,0.1428571592221699,1.41421356,6.0,0.16666667686004022,1.41421356,5.0,0.20000001455611116,1.41421356,5.0,0.20000001068841566,1.41421356,2.0,0.5000000553407249,1.41421356,10.0,0.10000002623408122,1.41421356,3.0,0.33333334181082064,1.41421356,2.0,0.5000000785048024,1.41421356,4.0,0.250000008969959,1.41421356,12.0,0.08333336582910356,1.41421356,8.0,0.12500001761620538,1.41421356,7.0,0.14285715530662113,1.41421356,5.0,0.2000000138943152,1.41421356,7.0,0.14285718231607447,1.41421356,5.0,0.20000002663606598,1.41421356,7.0,0.1428571561121741,1.41421356,5.0,0.20000000534744,1.41421356,8.0,0.12500001691546636,1.41421356,5.0,0.2000000082710054,1.41421356,8.0,0.1250000303277643,1.41421356,3.0,0.33333334915578927,1.41421356,5.0,0.20000000567876697,1.41421356,3.0,0.3333333859402985,1.41421356,2.0,0.49999999846597065,1.41421356,4.0,0.25000000396384925,1.41421356,7.0,0.14285716787079927,1.41421356,2.0,0.5000000143924004,1.41421356,7.0,0.1428571573695896,1.41421356,4.0,0.2500000033902472,1.41421356,6.0,0.16666668482024516,1.41421356,9.0,0.11111113282143137,1.41421356,12.0,0.08333336763908328,1.41421356,3.0,0.33333338677165836,1.41421356,5.0,0.20000000577631472,1.41421356,6.0,0.16666667618330333,1.41421356,4.0,0.25000000794366883,1.41421356,6.0,0.16666667717185657,1.41421356,3.0,0.3333333485610148,1.41421356,4.0,0.25000004772955986,1.41421356,8.0,0.12500003627964773,1.41421356,3.0,0.3333333463585402,1.41421356,9.0,0.11111113894176938,1.41421356,2.0,0.5000000234755526,1.41421356,4.0,0.2500000039035397,1.41421356,5.0,0.2000000101990631,1.41421356,11.0,0.09090912598379752,1.41421356,4.0,0.25000000432775993,1.41421356,3.0,0.33333337631377935,1.41421356,2.0,0.5000000533738742,1.41421356,4.0,0.25000003942807014,1.41421356,5.0,0.20000003707027592,1.41421356,10.0,0.10000003743591712,1.41421356,5.0,0.20000001084603714,1.41421356,12.0,0.08333337007455732,1.41421356,5.0,0.2000000194668976,1.41421356,5.0,0.20000002082899115,1.41421356,4.0,0.2500000089439043,1.41421356,10.0,0.10000002692308918,1.41421356,5.0,0.2000000184510098,1.41421356,8.0,0.12500001754979628,1.41421356,4.0,0.25000000543782264,1.41421356,7.0,0.1428571575822648,1.41421356,7.0,0.14285715619052208,1.41421356,3.0,0.33333333884942906,1.41421356,5.0,0.2000000126095065,1.41421356,6.0,0.16666667560050552,1.41421356,9.0,0.11111114469403205,1.41421356,8.0,0.12500001833115437,1.41421356,6.0,0.16666668150942243,1.41421356,8.0,0.12500002923997844,1.41421356,4.0,0.2500000040267203,1.41421356,5.0,0.20000001294985115,1.41421356,6.0,0.1666666757546844,1.41421356,2.0,0.500000100431097,1.41421356,5.0,0.20000004115347814,1.41421356,2.0,0.5000000361507804,1.41421356,7.0,0.14285715994062187,1.41421356,7.0,0.14285716621393085,1.41421356,5.0,0.20000001248242683,1.41421356,9.0,0.11111113763301539,1.41421356,7.0,0.14285715683341405,1.41421356,4.0,0.2500000098841433,1.41421356,10.0,0.10000003028734739,1.41421356,8.0,0.12500001759992063,1.41421356,8.0,0.1250000245109133,1.41421356,10.0,0.10000003142995695,1.41421356,8.0,0.1250000235006592,1.41421356,5.0,0.20000000721535383,1.41421356,2.0,0.5000000586530278,1.41421356,6.0,0.1666666758049864,1.41421356,4.0,0.25000003647311564,1.41421356,7.0,0.14285716137658078,1.41421356,3.0,0.3333333461787005,1.41421356,3.0,0.33333333958185873,1.41421356,7.0,0.14285715646667896,1.41421356,12.0,0.08333338358477249,1.41421356,2.0,0.5000000164714649,1.41421356,6.0,0.16666667629186538,1.41421356,8.0,0.12500001813660244,1.41421356,6.0,0.16666668847763688,1.41421356,8.0,0.12500002160994228,1.41421356,5.0,0.20000000617876346,1.41421356,7.0,0.14285715686863565,1.41421356,6.0,0.16666667721145956,1.41421356,8.0,0.12500001750832723,1.41421356,11.0,0.09090912349315694,1.41421356,4.0,0.25000001319801424,1.41421356,9.0,0.11111113426476926,1.41421356,7.0,0.14285715523488562,1.41421356,6.0,0.16666668121177786,1.41421356,5.0,0.2000000379164648,1.41421356,7.0,0.14285715528140663,1.41421356,5.0,0.20000002205069833,1.41421356,7.0,0.14285717649816565,1.41421356,4.0,0.250000002966305,1.41421356,7.0,0.14285718055122665,1.41421356,7.0,0.14285716718543018,1.41421356,5.0,0.2000000045750694,1.41421356,3.0,0.333333340989066,1.41421356,11.0,0.09090911971235549,1.41421356,6.0,0.16666669043533666,1.41421356,6.0,0.16666668302278342,1.41421356,6.0,0.16666668283058073,1.41421356,6.0,0.16666667499392407,1.41421356,8.0,0.12500001901648972,1.41421356,5.0,0.20000000880237234,1.41421356,4.0,0.2500000187892484,1.41421356,6.0,0.16666669844118154,1.41421356,5.0,0.20000001630444153,1.41421356,6.0,0.16666668131313145,1.41421356,6.0,0.16666667837450877,1.41421356,8.0,0.12500001832890906,1.41421356,3.0,0.3333333734973092,1.41421356,4.0,0.25000000166869807,1.41421356,5.0,0.2000000048405104,1.41421356,9.0,0.11111113317288712,1.41421356,3.0,0.3333333662314657,1.41421356,3.0,0.33333340905857467,1.41421356,2.0,0.5000000087752672,1.41421356,4.0,0.25000003539874216,1.41421356,9.0,0.11111113545441142,1.41421356,5.0,0.20000002064251365,1.41421356,6.0,0.16666668638876025,1.41421356,5.0,0.20000001583251947,1.41421356,4.0,0.2500000043488133,1.41421356,7.0,0.1428571562082972,1.41421356,5.0,0.2000000051469586,1.41421356,6.0,0.1666666788672062,1.41421356,8.0,0.1250000169757648,1.41421356,5.0,0.20000001793032585,1.41421356,7.0,0.1428571731211079,1.41421356,4.0,0.25000000595267746,1.41421356,7.0,0.14285715662335896,1.41421356,7.0,0.1428571589814478,1.41421356,3.0,0.3333334110648467,1.41421356,13.0,0.07692311526788664,1.41421356,8.0,0.12500003039232865,1.41421356,4.0,0.25000000224311236,1.41421356,4.0,0.2500000044614734,1.41421356,8.0,0.12500001833122454,1.41421356,4.0,0.25000001049235454,1.41421356,10.0,0.10000002458188462,1.41421356,4.0,0.2500000312421542,1.41421356,3.0,0.33333334281074967,1.41421356,7.0,0.14285716884589927,1.41421356,8.0,0.1250000190811198,1.41421356,4.0,0.2500000022632558,1.41421356,7.0,0.14285715891715345,1.41421356,8.0,0.12500001650896309,1.41421356,8.0,0.1250000228485728,1.41421356,6.0,0.16666668105960536,1.41421356,4.0,0.250000011735962,1.41421356,7.0,0.14285717044308122,1.41421356,3.0,0.3333334064137956,1.41421356,2.0,0.5000003491122815,1.41421356,6.0,0.1666666872637128,1.41421356,5.0,0.20000001202191253,1.41421356,4.0,0.2500000197674517,1.41421356,10.0,0.1000000246334718,1.41421356,8.0,0.1250000174917263,1.41421356,5.0,0.20000000581163313,1.41421356,11.0,0.09090912336364632,1.41421356,5.0,0.20000004028454121,1.41421356,4.0,0.2500000360997108,1.41421356,3.0,0.3333333813559607,1.41421356,4.0,0.2500000220935088,1.41421356,4.0,0.2500000077090885,1.41421356,3.0,0.3333333368075144,1.41421356,8.0,0.12500004474238136,1.41421356,3.0,0.3333333584784417,1.41421356,6.0,0.1666666783966253,1.41421356,7.0,0.14285715828043166,1.41421356,4.0,0.25000002675017674,1.41421356,7.0,0.14285715641123353,1.41421356,6.0,0.1666666792901168,1.41421356,7.0,0.14285715532253018,1.41421356,9.0,0.11111113286641938,1.41421356,5.0,0.20000001059650696,1.41421356,8.0,0.1250000167888281,1.41421356,6.0,0.1666666852097647,1.41421356,7.0,0.1428571644381451,1.41421356,2.0,0.5000000850947217,1.41421356,5.0,0.2000000083205551,1.41421356,2.0,0.5000000391984571,1.41421356,5.0,0.20000000741953539,1.41421356,6.0,0.16666668340487156,1.41421356,8.0,0.12500001838434383,1.41421356,7.0,0.14285715652496833,1.41421356,3.0,0.3333335888580127,1.41421356,11.0,0.09090912205870083,1.41421356,3.0,0.3333333349073673,1.41421356,7.0,0.14285715921412923,1.41421356,1.0,1.0000000479180964,1.41421356,2.0,0.5000000852274793,1.41421356,8.0,0.12500001739385613,1.41421356,6.0,0.1666666771013654,1.41421356,5.0,0.20000002328919475,1.41421356,3.0,0.3333333313022777,1.41421356,4.0,0.25000001126197624,1.41421356,4.0,0.25000001303856045,1.41421356,6.0,0.16666669833394376,1.41421356,3.0,0.3333334017052989,1.41421356,8.0,0.12500002154073275,1.41421356,5.0,0.20000000857469757,1.41421356,4.0,0.25000005889135357,1.41421356,5.0,0.20000001158697422,1.41421356,6.0,0.1666666770180063,1.41421356,6.0,0.16666667923494494,1.41421356,6.0,0.166666684019261,1.41421356,3.0,0.33333337389296513,1.41421356,4.0,0.2500000198438159,1.41421356,4.0,0.25000001237871583,1.41421356,15.0,0.06666671365674759,1.41421356,4.0,0.2500000392666384,1.41421356,6.0,0.16666668153257103,1.41421356,6.0,0.16666667659012369,1.41421356,7.0,0.14285715624325768,1.41421356,6.0,0.16666667554183423,1.41421356,6.0,0.166666701649425,1.41421356,5.0,0.2000000195691749,1.41421356,6.0,0.16666668054752787,1.41421356,4.0,0.25000004132524456,1.41421356,5.0,0.2000000086876117,1.41421356,10.0,0.10000002844941314,1.41421356,8.0,0.1250000252370267,1.41421356,2.0,0.5000000102380115,1.41421356,5.0,0.20000001068643591,1.41421356,4.0,0.2500000469063193,1.41421356,4.0,0.2500000030406473,1.41421356,6.0,0.1666666803376078,1.41421356,6.0,0.16666667759040177,1.41421356,6.0,0.16666668743993807,1.41421356,3.0,0.33333333664693,1.41421356,3.0,0.3333333496691462,1.41421356,5.0,0.2000000148648029,1.41421356,6.0,0.16666669111146515,1.41421356,6.0,0.1666666817667526,1.41421356,5.0,0.20000001016292757,1.41421356,5.0,0.2000000113110394,1.41421356,8.0,0.12500001842362352,1.41421356,5.0,0.20000001753637164,1.41421356,5.0,0.20000000673511042,1.41421356,4.0,0.2500000466010497,1.41421356,10.0,0.10000004440772514,1.41421356,4.0,0.25000002821769707,1.41421356,8.0,0.12500001775400182,1.41421356,8.0,0.12500001979307473,1.41421356,9.0,0.11111113452041899,1.41421356,7.0,0.14285716031000106,1.41421356,4.0,0.25000000934126376,1.41421356,3.0,0.3333333636315814,1.41421356,4.0,0.2500000100676174,1.41421356,4.0,0.25000000613681816,1.41421356,4.0,0.25000005165785,1.41421356,9.0,0.11111113504229664,1.41421356,8.0,0.12500002115982944,1.41421356,3.0,0.3333333430617813,1.41421356,4.0,0.25000001528585303,1.41421356,4.0,0.25000001587691223,1.41421356,2.0,0.5000000279424361,1.41421356,5.0,0.20000000769303572,1.41421356,4.0,0.25000000984206316,1.41421356,7.0,0.1428571574447277,1.41421356,4.0,0.25000001710386677,1.41421356,3.0,0.33333333702318635,1.41421356,5.0,0.2000000146629466,1.41421356,4.0,0.2500000538003979,1.41421356,6.0,0.1666666756537234,1.41421356,9.0,0.11111113195291189,1.41421356,13.0,0.07692311516251138,1.41421356,6.0,0.1666666858816468,1.41421356,8.0,0.12500001663536775,1.41421356,8.0,0.12500003689347583,1.41421356,4.0,0.2500000488750742,1.41421356,4.0,0.2500000054323963,1.41421356,4.0,0.25000001073496003,1.41421356,5.0,0.20000000878935698,1.41421356,5.0,0.20000001043778237,1.41421356,3.0,0.3333333606322104,1.41421356,2.0,0.5000000768876718,1.41421356,3.0,0.33333334578510465,1.41421356,5.0,0.20000001357478858,1.41421356,7.0,0.14285715646379593,1.41421356,6.0,0.16666668396207474,1.41421356,5.0,0.20000002018865182,1.41421356,4.0,0.25000000547573986,1.41421356,4.0,0.2500000041104884,1.41421356,5.0,0.2000000158187456,1.41421356,8.0,0.12500001746507117,1.41421356,7.0,0.14285715733962245,1.41421356,8.0,0.12500001752569112,1.41421356,4.0,0.25000002210490724,1.41421356,6.0,0.16666668289774567,1.41421356,8.0,0.12500002066942173,1.41421356,12.0,0.08333336600344587,1.41421356,5.0,0.20000000543350804,1.41421356,5.0,0.20000001659097766,1.41421356,6.0,0.16666667866577356,1.41421356,3.0,0.33333338389964373,1.41421356,3.0,0.3333333609294522,1.41421356,10.0,0.10000002684349063,1.41421356,3.0,0.3333333556125013,1.41421356,5.0,0.200000036831943,1.41421356,5.0,0.20000001382375565,1.41421356,2.0,0.5000000118400771,1.41421356,7.0,0.14285715844572522,1.41421356,2.0,0.5000000113633023,1.41421356,10.0,0.10000002781231387,1.41421356,13.0,0.07692311813250363,1.41421356,5.0,0.20000001422385516,1.41421356,3.0,0.33333337629145365,1.41421356,2.0,0.5000000056941172,1.41421356,5.0,0.20000000821875386,1.41421356,3.0,0.3333333586622014,1.41421356,5.0,0.20000003873459526,1.41421356,2.0,0.5000000051312317,1.41421356,6.0,0.16666667913806954,1.41421356,6.0,0.1666666760291946,1.41421356,3.0,0.33333342305377833,1.41421356,2.0,0.5000003964329773,1.41421356,6.0,0.1666666761629063,1.41421356,3.0,0.3333333590250587,1.41421356,8.0,0.12500001888638046,1.41421356,5.0,0.2000000129174042,1.41421356,6.0,0.1666666775413299,1.41421356,6.0,0.1666666769074876,1.41421356,6.0,0.1666666747991954,1.41421356,10.0,0.1000000258693099,1.41421356,4.0,0.25000000242225706,1.41421356,4.0,0.25000000856086224,1.41421356,6.0,0.1666666808486328,1.41421356,5.0,0.20000000476873492,1.41421356,2.0,0.5000000709228314,1.41421356,7.0,0.1428571567818464,1.41421356,6.0,0.1666666755673587,1.41421356,5.0,0.2000000120191059,1.41421356,7.0,0.14285715600275228,1.41421356,4.0,0.2500000082644376,1.41421356,8.0,0.12500001855039677,1.41421356,4.0,0.2500000195483194,1.41421356,6.0,0.16666667640319677,1.41421356,5.0,0.20000000697604126,1.41421356,3.0,0.3333333468680144,1.41421356,3.0,0.3333333568196455,1.41421356,6.0,0.16666667776029698,1.41421356,12.0,0.0833333679390087,1.41421356,4.0,0.25000000297201064,1.41421356,6.0,0.16666667966795057,1.41421356,9.0,0.11111113289033625,1.41421356,4.0,0.2500000010615966,1.41421356,8.0,0.12500001751918166,1.41421356,4.0,0.2500000029344349,1.41421356,7.0,0.14285716542999438,1.41421356,6.0,0.16666668496736925,1.41421356,5.0,0.20000002180155807,1.41421356,3.0,0.33333334141089255,1.41421356,8.0,0.12500002063995463,1.41421356,5.0,0.2000000085535607,1.41421356,11.0,0.09090912325657463,1.41421356,3.0,0.3333335413531531,1.41421356,3.0,0.3333333360377515,1.41421356,9.0,0.11111113278587581,1.41421356,3.0,0.33333335116265506,1.41421356,5.0,0.20000000770164394,1.41421356,6.0,0.16666667839076954,1.41421356,4.0,0.2500000151619486,1.41421356,8.0,0.12500003948039762,1.41421356,3.0,0.3333333817823565,1.41421356,8.0,0.12500001744750566,1.41421356,9.0,0.11111113756553337,1.41421356,5.0,0.20000001408141888,1.41421356,3.0,0.33333338395088585,1.41421356,5.0,0.2000000143975118,1.41421356,5.0,0.20000001638494957,1.41421356,3.0,0.33333334323686037,1.41421356,3.0,0.33333340158257796,1.41421356,7.0,0.14285715572164648,1.41421356,8.0,0.12500003934990556,1.41421356,10.0,0.10000002725188217,1.41421356,5.0,0.20000001557452052,1.41421356,7.0,0.14285715810593214,1.41421356,6.0,0.16666667669904456,1.41421356,5.0,0.20000003192087767,1.41421356,7.0,0.1428571564472012,1.41421356,3.0,0.3333334074404979,1.41421356,9.0,0.11111114014547496,1.41421356,5.0,0.20000001162998515,1.41421356,4.0,0.2500000090136578,1.41421356,7.0,0.14285715677788957,1.41421356,5.0,0.20000000932490103,1.41421356,7.0,0.14285715766123364,1.41421356,3.0,0.333333473163703,1.41421356,9.0,0.1111111405398102,1.41421356,2.0,0.5000000707076235,1.41421356,8.0,0.1250000181947808,1.41421356,5.0,0.20000001798549505,1.41421356,9.0,0.11111113226101033,1.41421356,2.0,0.500000007566415,1.41421356,4.0,0.25000000372606346,1.41421356,8.0,0.125000019514097,1.41421356,8.0,0.125000017515827,1.41421356,4.0,0.2500000451057356,1.41421356,2.0,0.5000000471882919,1.41421356,6.0,0.1666666765773357,1.41421356,6.0,0.1666666822299172,1.41421356,5.0,0.20000001378842747,1.41421356,5.0,0.2000000056287483,1.41421356,2.0,0.5000000561074724,1.41421356,6.0,0.16666667900936272,1.41421356,6.0,0.1666666783301176,1.41421356,2.0,0.500000036830911,1.41421356,4.0,0.2500000071766886,1.41421356,8.0,0.12500001789061788,1.41421356,3.0,0.3333333524876605,1.41421356,3.0,0.3333333540783645,1.41421356,3.0,0.33333334965549266,1.41421356,4.0,0.2500000032807299,1.41421356,4.0,0.25000001638072566,1.41421356,5.0,0.20000000989719613,1.41421356,5.0,0.20000001409469448,1.41421356,5.0,0.20000001471413942,1.41421356,7.0,0.14285716085018318,1.41421356,6.0,0.16666668015739194,1.41421356,10.0,0.1000000259793179,1.41421356,6.0,0.16666667687426884,1.41421356,7.0,0.14285715625734952,1.41421356,3.0,0.3333333524343747,1.41421356,3.0,0.3333333416658313,1.41421356,3.0,0.3333333438938033,1.41421356,3.0,0.33333334258643843,1.41421356,4.0,0.25000004737368897,1.41421356,4.0,0.2500000101886015,1.41421356,6.0,0.16666670862868482,1.41421356,6.0,0.16666667999931928,1.41421356,12.0,0.08333337068822999,1.41421356,8.0,0.12500002111644726,1.41421356,5.0,0.2000000069127923,1.41421356,9.0,0.11111113681500306,1.41421356,7.0,0.14285715524697373,1.41421356,4.0,0.2500000050623843,1.41421356,4.0,0.2500000164537721,1.41421356,9.0,0.11111114790057286,1.41421356,5.0,0.20000002507789105,1.41421356,7.0,0.14285716073943444,1.41421356,12.0,0.08333336582450634,1.41421356,5.0,0.2000000070344221,1.41421356]
WARNING: Not solved to optimality, status: UserLimit
