WARNING: Method definition require(Symbol) in module Base at loading.jl:345 overwritten in module ConicBenchmarkUtilities at /home/ubuntu/.julia/v0.5/Requires/src/require.jl:12.
#SOLVERNAME# PAJ_MSD_CPLEX_MOSEK_violonly
#SOLVER# Pajarito.PajaritoSolver(3,3600.0,1.0e-5,true,CPLEX.CplexSolver(Any[(:CPX_PARAM_THREADS,1),(:CPX_PARAM_TILIM,3600.0),(:CPX_PARAM_EPINT,1.0e-8),(:CPX_PARAM_EPRHS,1.0e-6),(:CPX_PARAM_SCRIND,0),(:CPX_PARAM_EPGAP,1.0e-5)]),MathProgBase.DefaultMIPSolver(),0,false,true,Mosek.MosekMathProgSolverInterface.MosekSolver(Any[(:LOG,0),(:NUM_THREADS,1),(:OPTIMIZER_MAX_TIME,120.0)]),true,false,false,true,true,false,true,false,true,true,true,true,false,true,true,false,false,true,1.0e-10,1.0e-6)
#INSTANCE# 50_0_5_w.cbf.gz
#TIMELIMIT# 3600.0

Cone types summary:
Cone                   | Count    | Min dim  | Max dim 
     Rot. second order |     1200 |        3 |        3

Transforming original data......Done     0.02s

Creating conic model data......Done     0.00s

Creating MIP model......Done     0.09s

Solving conic relaxation......Done     0.75s
 - Relaxation status    =        Optimal
 - Relaxation objective = 9874080.846576

Creating conic subproblem model......Done     0.05s

Starting MIP-solver-driven outer approximation algorithm

Pajarito MICP solve summary:
 - Total time (s)       =       3.60e+03
 - Status               =      UserLimit
 - Best feasible obj.   =  +9.966078e+06
 - OA obj. bound        =  +9.961431e+06
 - Relative opt. gap    =      4.663e-04

Timers (s):
 - Setup                =   9.20e-01
 -- Transform data      =   1.82e-02
 -- Create conic data   =   3.23e-03
 -- Create MIP data     =   9.20e-02
 -- Load/solve relax    =   7.49e-01
 - MIP-driven algorithm =   3.60e+03
 -- Solve conic model   =   2.28e+00

Counters:
 - Lazy callback        =     0
 -- Feasible soln       =     0
 -- Integer repeat      =    84
 -- Conic statuses      =    19
 --- Infeasible         =     1
 --- Optimal            =    18
 --- Suboptimal         =     0
 --- UserLimit          =     0
 --- ConicFailure       =     0
 --- Other status       =     0
 -- No viol. subp. cut  =     0
 -- No viol. prim. cut  =     0
 - Heuristic callback   =     0
 -- Feasible added      =     0
 - Incumbent callback   =     0
 -- Feasible accepted   =     0

Max absolute primal infeasibilities
 - Constraint cones:
 -- Linear              =   5.05e-07
 -- Second order        =   0.00e+00
 -- Rot. second order   =   2.88e-09
 -- Primal exponential  =   0.00e+00
 -- Positive semidef.   =   0.00e+00
 - Variable cones:
 -- Linear              =   1.33e-09
 -- Second order        =   0.00e+00
 -- Rot. second order   =   0.00e+00
 -- Primal exponential  =   0.00e+00
 -- Positive semidef.   =   0.00e+00
#STATUS# UserLimit
#OBJVAL# 9.966077830125626e6
#OBJBOUND# 9.961430960000508e6
#TIMESOLVER# 3600.052924156189
#TIMEALL# 3600.108606815338
#SOLUTION# [1.0,1.0,1.0,1.0,1.0,1.0,1.0,1.0,1.0,1.0,1.0,1.0,1.0,1.0,1.0,1.0,1.0,1.0,1.0,1.0,1.0,1.0,1.0,1.0,1.0,1.0,1.0,1.0,1.0,1.0,1.0,1.0,1.0,1.0,1.0,1.0,1.0,1.0,1.0,1.0,1.0,1.0,1.0,1.0,1.0,1.0,1.0,1.0,1.0,1.0,1.0,1.0,1.0,1.0,1.0,1.0,1.0,1.0,1.0,1.0,1.0,1.0,1.0,1.0,1.0,1.0,1.0,1.0,1.0,1.0,1.0,0.0,1.0,1.0,1.0,1.0,1.0,1.0,1.0,1.0,1.0,1.0,1.0,1.0,1.0,1.0,1.0,1.0,1.0,1.0,1.0,1.0,1.0,1.0,1.0,1.0,1.0,1.0,1.0,1.0,1.0,1.0,1.0,1.0,1.0,1.0,1.0,1.0,1.0,1.0,1.0,1.0,1.0,1.0,1.0,1.0,1.0,1.0,1.0,1.0,1.0,1.0,1.0,1.0,1.0,1.0,1.0,1.0,1.0,1.0,1.0,1.0,1.0,1.0,1.0,1.0,1.0,1.0,1.0,1.0,1.0,1.0,1.0,1.0,0.0,0.0,0.0,0.0,0.0,0.0,0.0,0.0,0.0,0.0,0.0,0.0,0.0,0.0,0.0,0.0,0.0,0.0,-0.0,-0.0,0.0,0.0,0.0,0.0,1.0,1.0,1.0,1.0,1.0,1.0,1.0,1.0,1.0,1.0,1.0,1.0,1.0,1.0,1.0,1.0,1.0,1.0,1.0,1.0,1.0,1.0,1.0,1.0,1.0,1.0,1.0,1.0,1.0,1.0,1.0,1.0,1.0,1.0,1.0,1.0,1.0,1.0,1.0,1.0,1.0,1.0,1.0,1.0,1.0,1.0,1.0,1.0,1.0,1.0,1.0,1.0,1.0,1.0,1.0,1.0,1.0,1.0,1.0,1.0,1.0,1.0,1.0,1.0,1.0,1.0,1.0,1.0,1.0,1.0,1.0,0.0,0.0,0.0,0.0,-0.0,-0.0,-0.0,0.0,1.0,1.0,1.0,1.0,1.0,1.0,1.0,1.0,1.0,1.0,1.0,1.0,1.0,1.0,1.0,1.0,0.0,1.0,1.0,1.0,1.0,1.0,1.0,1.0,1.0,1.0,1.0,1.0,1.0,1.0,1.0,1.0,1.0,1.0,1.0,1.0,1.0,1.0,1.0,1.0,1.0,1.0,1.0,1.0,1.0,1.0,1.0,1.0,1.0,1.0,1.0,1.0,1.0,1.0,1.0,1.0,1.0,1.0,1.0,1.0,1.0,1.0,1.0,1.0,1.0,0.0,0.0,0.0,0.0,0.0,-0.0,1.0,1.0,1.0,1.0,1.0,1.0,1.0,1.0,0.0,0.0,-0.0,0.0,0.0,0.0,-0.0,0.0,0.0,0.0,1.0,1.0,1.0,1.0,1.0,1.0,1.0,1.0,1.0,1.0,1.0,1.0,1.0,1.0,1.0,1.0,1.0,1.0,1.0,1.0,1.0,1.0,1.0,1.0,1.0,1.0,0.0,0.0,0.0,0.0,0.0,0.0,-0.0,1.0,1.0,1.0,1.0,1.0,1.0,1.0,1.0,1.0,1.0,1.0,1.0,1.0,1.0,0.0,1.0,1.0,1.0,0.0,0.0,0.0,0.0,0.0,0.0,-0.0,0.0,0.0,-0.0,0.0,0.0,0.0,0.0,0.0,0.0,0.0,0.0,0.0,0.0,0.0,1.0,1.0,1.0,1.0,1.0,1.0,1.0,1.0,1.0,1.0,1.0,1.0,1.0,1.0,1.0,1.0,1.0,1.0,1.0,1.0,1.0,1.0,1.0,0.0,1.0,1.0,1.0,1.0,1.0,1.0,1.0,1.0,1.0,1.0,1.0,1.0,1.0,1.0,1.0,1.0,1.0,1.0,1.0,1.0,1.0,1.0,1.0,1.0,0.0,0.0,0.0,0.0,0.0,0.0,0.0,1.0,1.0,1.0,1.0,1.0,1.0,1.0,1.0,0.0,0.0,0.0,0.0,0.0,0.0,0.0,0.0,0.0,1.0,1.0,1.0,0.0,0.0,0.0,0.0,0.0,0.0,0.0,0.0,0.0,0.0,0.0,0.0,0.0,0.0,0.0,0.0,0.0,0.0,0.0,0.0,0.0,1.0,1.0,1.0,1.0,0.0,0.0,0.0,0.0,0.0,0.0,0.0,0.0,0.0,-0.0,-0.0,0.0,0.0,-0.0,0.0,0.0,0.0,0.0,-0.0,0.0,0.0,0.0,0.0,-0.0,-0.0,0.0,0.0,1.0,1.0,1.0,1.0,1.0,1.0,1.0,1.0,1.0,1.0,1.0,0.0,0.0,0.0,0.0,0.0,-0.0,0.0,0.0,0.0,0.0,0.0,0.0,0.0,1.0,1.0,1.0,1.0,1.0,1.0,1.0,1.0,1.0,1.0,0.0,0.0,0.0,0.0,0.0,0.0,0.0,0.0,0.0,0.0,0.0,0.0,0.0,1.0,1.0,1.0,1.0,1.0,1.0,1.0,1.0,1.0,1.0,1.0,1.0,1.0,1.0,1.0,1.0,1.0,1.0,1.0,0.0,0.0,0.0,0.0,0.0,1.0,1.0,1.0,1.0,1.0,1.0,1.0,1.0,1.0,1.0,1.0,1.0,1.0,1.0,1.0,1.0,1.0,1.0,1.0,1.0,1.0,1.0,1.0,1.0,1.0,1.0,1.0,1.0,1.0,1.0,1.0,1.0,1.0,1.0,1.0,1.0,1.0,1.0,1.0,1.0,1.0,1.0,1.0,1.0,1.0,1.0,1.0,1.0,1.0,1.0,1.0,1.0,1.0,1.0,1.0,1.0,1.0,1.0,1.0,1.0,1.0,1.0,1.0,1.0,1.0,1.0,1.0,0.0,0.0,0.0,0.0,0.0,1.0,1.0,1.0,1.0,1.0,1.0,1.0,1.0,1.0,1.0,1.0,1.0,1.0,1.0,1.0,1.0,1.0,1.0,1.0,1.0,1.0,1.0,1.0,1.0,1.0,1.0,1.0,1.0,1.0,1.0,1.0,1.0,1.0,1.0,1.0,1.0,1.0,1.0,1.0,1.0,1.0,1.0,1.0,0.0,0.0,0.0,0.0,0.0,1.0,1.0,1.0,1.0,1.0,1.0,1.0,1.0,1.0,1.0,1.0,1.0,1.0,1.0,1.0,1.0,1.0,1.0,1.0,1.0,1.0,0.0,0.0,0.0,1.0,1.0,1.0,1.0,1.0,1.0,1.0,1.0,1.0,1.0,1.0,1.0,1.0,1.0,1.0,1.0,1.0,1.0,1.0,0.0,0.0,0.0,0.0,1.0,1.0,1.0,1.0,1.0,1.0,1.0,1.0,1.0,1.0,1.0,1.0,1.0,1.0,1.0,1.0,1.0,1.0,1.0,1.0,1.0,1.0,1.0,1.0,1.0,1.0,1.0,1.0,1.0,1.0,1.0,1.0,1.0,1.0,1.0,1.0,1.0,1.0,1.0,1.0,1.0,1.0,1.0,1.0,0.0,0.0,0.0,0.0,0.0,1.0,1.0,1.0,1.0,1.0,1.0,1.0,1.0,1.0,1.0,1.0,1.0,1.0,1.0,1.0,1.0,1.0,1.0,1.0,0.0,0.0,0.0,0.0,0.0,1.0,1.0,1.0,1.0,1.0,1.0,1.0,1.0,1.0,1.0,1.0,1.0,1.0,1.0,1.0,1.0,1.0,1.0,1.0,0.0,0.0,0.0,0.0,1.0,1.0,1.0,1.0,1.0,1.0,1.0,1.0,1.0,1.0,1.0,1.0,1.0,1.0,1.0,1.0,1.0,1.0,1.0,1.0,1.0,1.000000000000838,1.0,1.0,1.0,1.0,1.0,1.0,1.0,1.0,1.0,1.0,1.0,1.0,1.0,1.0,1.0,1.0,1.0,1.0,1.0,1.0,1.0,1.0,1.0,1.0,1.0,1.0,1.0,1.0,1.0,1.0,1.0,1.0,1.0,1.0,1.0,1.0,1.0,1.0,1.0,1.0,1.0,1.0,1.0,1.0,1.0,1.0,1.0,1.0,1.0,1.0,1.0,1.0,1.0,1.0,1.0,1.0,1.0,1.0,1.0,1.0,1.0,1.0,1.0,1.0,1.0,1.0,1.0,1.0,1.0,1.0,1.0,1.0,1.0,1.0,1.0,1.0,1.0,1.0,1.0,1.0,1.0,1.0,1.0,1.0,1.0,1.0,1.0,1.0,1.0,1.0,1.0,1.0,1.0,1.0,1.0,1.0,1.0,1.0,1.0,1.0,1.0,1.0,1.0,1.0,1.0,1.0,1.0,1.0,1.0,1.0,1.0,1.0,1.0,1.0,1.0,1.0,1.0,1.0,1.0,1.0,1.0,1.0,1.0,1.0,1.0,1.0,1.0,1.0,1.0,1.0,1.0,1.0,1.0,1.0,1.0,1.0,1.0,1.0,1.0,1.0,1.0,1.0,1.0,1.0,1.0,1.0,1.0,1.0,1.0,1.0,1.0,1.0,1.0,1.0,1.0,1.0,1.0,1.0,1.0,1.0,1.0,1.0,1.0,1.0,1.0,1.0,1.0,1.0,1.0,1.0,1.0,1.0,1.0,1.0,1.0,1.0,1.0,1.0,1.0,1.0,1.0,1.0,1.0,1.0,1.0,1.0,1.0,1.0,1.0,1.0,1.0,1.0,1.0,1.0,1.0,1.0,1.0,1.0,1.0,1.0,1.0,1.0,1.0,1.0,1.0,1.0,1.0,1.0,1.0,1.0,1.0,1.0,1.0,1.0,1.0,1.0,1.0,1.0,1.0,1.0,1.0,1.0,1.0,1.0,1.0,1.0,1.0,1.0,1.0,1.0,1.0,1.0,1.0,1.0,1.0,1.0,1.0,1.0,1.0,1.0,1.0,1.0,1.0,1.0,1.0,1.0,1.0,1.0,1.0,1.0,1.0,1.0,1.0,1.0,1.0,1.0,1.0,1.0,1.0,1.0,1.0,1.0,0.0,0.0,0.0,0.0,1.0,1.0,1.0,1.0,1.0,1.0,1.0,1.0,1.0,1.0,1.0,1.0,1.0,1.0,1.0,1.0,1.0,1.0,1.0,1.0,0.0,0.0,0.0,0.0,1.0,1.0,1.0,1.0,1.0,1.0,1.0,1.0,1.0,1.0,1.0,1.0,1.0,1.0,1.0,1.0,1.0,1.0,1.0,1.0,0.0,0.0,0.0,0.0,0.0,0.0,0.0,0.0,0.0,0.0,0.0,0.0,0.0,0.0,0.0,0.0,0.0,0.0,0.0,0.0,0.0,0.0,0.0,0.0,0.0,0.0,0.0,0.0,0.0,0.0,0.0,0.0,0.0,0.0,0.0,0.0,0.0,0.0,0.0,0.0,0.0,0.0,0.0,0.0,0.0,0.0,0.0,0.0,0.0,0.0,0.0,0.0,0.0,0.0,0.0,0.0,0.0,0.0,0.0,0.0,0.0,0.0,0.0,0.0,0.0,0.0,0.0,0.0,0.0,0.0,0.0,1.0,0.0,0.0,0.0,0.0,0.0,0.0,0.0,0.0,0.0,0.0,0.0,0.0,0.0,0.0,0.0,0.0,0.0,0.0,0.0,0.0,0.0,0.0,0.0,0.0,0.0,0.0,0.0,0.0,0.0,0.0,0.0,0.0,0.0,0.0,0.0,0.0,0.0,0.0,0.0,0.0,0.0,0.0,0.0,0.0,0.0,0.0,0.0,0.0,0.0,0.0,0.0,0.0,0.0,0.0,0.0,0.0,0.0,0.0,0.0,0.0,0.0,0.0,0.0,0.0,0.0,0.0,0.0,0.0,0.0,0.0,0.0,0.0,0.0,0.0,0.0,0.0,0.0,0.0,0.0,0.0,0.0,0.0,0.0,0.0,0.0,0.0,0.0,0.0,0.0,0.0,0.0,0.0,0.0,0.0,0.0,0.0,0.0,0.0,0.0,0.0,0.0,0.0,0.0,0.0,0.0,0.0,0.0,0.0,0.0,0.0,0.0,0.0,0.0,0.0,0.0,0.0,0.0,0.0,0.0,0.0,0.0,0.0,0.0,0.0,0.0,0.0,0.0,0.0,0.0,0.0,0.0,0.0,0.0,0.0,0.0,0.0,0.0,0.0,0.0,0.0,0.0,0.0,0.0,0.0,0.0,0.0,0.0,0.0,0.0,0.0,0.0,0.0,0.0,0.0,0.0,0.0,0.0,0.0,0.0,0.0,0.0,0.0,0.0,0.0,0.0,0.0,0.0,0.0,0.0,0.0,0.0,0.0,0.0,0.0,1.0,0.0,0.0,0.0,0.0,0.0,0.0,0.0,0.0,0.0,0.0,0.0,0.0,0.0,0.0,0.0,0.0,0.0,0.0,0.0,0.0,0.0,0.0,0.0,0.0,0.0,0.0,0.0,0.0,0.0,0.0,0.0,0.0,0.0,0.0,0.0,0.0,0.0,0.0,0.0,0.0,0.0,0.0,0.0,0.0,0.0,0.0,0.0,0.0,0.0,0.0,0.0,0.0,0.0,0.0,0.0,0.0,0.0,0.0,0.0,0.0,0.0,0.0,0.0,0.0,0.0,0.0,0.0,0.0,0.0,0.0,1.0,0.0,0.0,0.0,0.0,0.0,0.0,0.0,0.0,0.0,0.0,0.0,0.0,0.0,0.0,0.0,0.0,0.0,1.0,0.0,0.0,0.0,0.0,0.0,0.0,0.0,0.0,0.0,0.0,0.0,0.0,0.0,0.0,0.0,0.0,0.0,0.0,0.0,0.0,0.0,0.0,0.0,0.0,0.0,0.0,0.0,0.0,0.0,0.0,0.0,0.0,1.0,0.0,0.0,0.0,0.0,0.0,0.0,0.0,0.0,0.0,0.0,0.0,0.0,0.0,0.0,0.0,0.0,0.0,0.0,0.0,0.0,0.0,0.0,0.0,0.0,0.0,0.0,0.0,0.0,0.0,0.0,0.0,0.0,0.0,0.0,0.0,0.0,0.0,0.0,0.0,0.0,0.0,0.0,0.0,0.0,0.0,0.0,0.0,0.0,0.0,0.0,0.0,0.0,0.0,0.0,0.0,0.0,0.0,0.0,0.0,0.0,0.0,0.0,0.0,0.0,0.0,0.0,0.0,0.0,0.0,0.0,0.0,0.0,0.0,0.0,0.0,0.0,0.0,0.0,0.0,0.0,0.0,0.0,0.0,0.0,0.0,0.0,0.0,0.0,0.0,0.0,0.0,0.0,0.0,1.0,0.0,0.0,0.0,0.0,0.0,0.0,0.0,0.0,0.0,0.0,0.0,0.0,0.0,0.0,0.0,0.0,0.0,0.0,0.0,0.0,0.0,0.0,0.0,0.0,0.0,0.0,0.0,0.0,0.0,0.0,0.0,0.0,0.0,0.0,0.0,0.0,0.0,0.0,0.0,0.0,0.0,0.0,0.0,0.0,0.0,0.0,0.0,0.0,0.0,0.0,0.0,0.0,0.0,0.0,0.0,0.0,0.0,0.0,0.0,0.0,0.0,0.0,0.0,0.0,0.0,0.0,0.0,0.0,0.0,0.0,0.0,1.0,0.0,0.0,0.0,0.0,0.0,0.0,0.0,0.0,0.0,0.0,0.0,0.0,0.0,0.0,0.0,0.0,0.0,0.0,0.0,0.0,0.0,0.0,0.0,1.0,0.0,0.0,0.0,0.0,0.0,0.0,0.0,0.0,0.0,0.0,0.0,0.0,0.0,0.0,0.0,0.0,0.0,0.0,0.0,0.0,0.0,0.0,1.0,0.0,0.0,0.0,0.0,0.0,0.0,0.0,0.0,0.0,0.0,0.0,0.0,0.0,0.0,0.0,0.0,0.0,1.0,0.0,0.0,0.0,0.0,0.0,1.0,0.0,0.0,0.0,0.0,0.0,0.0,0.0,0.0,0.0,0.0,0.0,0.0,0.0,0.0,0.0,0.0,0.0,0.0,0.0,0.0,0.0,0.0,0.0,0.0,0.0,0.0,0.0,0.0,0.0,0.0,0.0,0.0,0.0,0.0,0.0,0.0,0.0,0.0,0.0,0.0,0.0,0.0,0.0,0.0,0.0,0.0,0.0,0.0,0.0,0.0,0.0,0.0,0.0,0.0,0.0,0.0,0.0,0.0,0.0,0.0,0.0,0.0,0.0,0.0,0.0,1.0,0.0,0.0,0.0,0.0,0.0,1.0,0.0,0.0,0.0,0.0,0.0,0.0,0.0,0.0,0.0,0.0,0.0,0.0,0.0,0.0,0.0,0.0,0.0,1.0,0.0,0.0,0.0,0.0,0.0,0.0,0.0,0.0,0.0,0.0,0.0,0.0,0.0,0.0,0.0,0.0,0.0,0.0,0.0,0.0,0.0,0.0,0.0,1.0,0.0,0.0,0.0,0.0,0.0,1.0,0.0,0.0,0.0,0.0,0.0,0.0,0.0,0.0,0.0,0.0,0.0,0.0,0.0,0.0,0.0,0.0,0.0,0.0,0.0,0.0,0.0,0.0,0.0,1.0,0.0,0.0,0.0,0.0,0.0,0.0,0.0,0.0,0.0,0.0,0.0,0.0,0.0,0.0,0.0,0.0,0.0,1.0,0.0,0.0,0.0,0.0,1.0,0.0,0.0,0.0,0.0,0.0,0.0,0.0,0.0,0.0,0.0,0.0,0.0,0.0,0.0,0.0,0.0,0.0,0.0,0.0,0.0,0.0,0.0,0.0,0.0,0.0,0.0,0.0,0.0,0.0,0.0,0.0,0.0,0.0,0.0,0.0,0.0,0.0,0.0,0.0,0.0,0.0,0.0,1.0,0.0,0.0,0.0,0.0,0.0,1.0,0.0,0.0,0.0,0.0,0.0,0.0,0.0,0.0,0.0,0.0,0.0,0.0,0.0,0.0,0.0,0.0,0.0,1.0,0.0,0.0,0.0,0.0,0.0,1.0,0.0,0.0,0.0,0.0,0.0,0.0,0.0,0.0,0.0,0.0,0.0,0.0,0.0,0.0,0.0,0.0,0.0,1.0,0.0,0.0,0.0,0.0,1.0,0.0,0.0,0.0,0.0,0.0,0.0,0.0,0.0,0.0,0.0,0.0,0.0,0.0,0.0,0.0,0.0,0.0,0.0,0.0,0.0,0.0,0.0,0.0,0.0,0.0,0.0,0.0,0.0,0.0,0.0,0.0,0.0,0.0,0.0,0.0,0.0,0.0,0.0,0.0,0.0,0.0,0.0,0.0,0.0,0.0,0.0,0.0,0.0,0.0,0.0,0.0,0.0,0.0,0.0,0.0,0.0,0.0,0.0,0.0,0.0,0.0,0.0,0.0,0.0,0.0,0.0,0.0,0.0,0.0,0.0,0.0,0.0,0.0,0.0,0.0,0.0,0.0,0.0,0.0,0.0,0.0,0.0,0.0,0.0,0.0,0.0,0.0,0.0,0.0,0.0,0.0,0.0,0.0,0.0,0.0,0.0,0.0,0.0,0.0,0.0,0.0,0.0,0.0,0.0,0.0,0.0,0.0,0.0,0.0,0.0,0.0,0.0,0.0,0.0,1.0,0.0,0.0,0.0,0.0,0.0,0.0,0.0,0.0,0.0,0.0,0.0,0.0,0.0,0.0,0.0,0.0,0.0,0.0,0.0,0.0,0.0,0.0,0.0,0.0,0.0,0.0,0.0,0.0,0.0,0.0,0.0,0.0,0.0,0.0,0.0,0.0,0.0,0.0,0.0,0.0,0.0,0.0,0.0,0.0,0.0,0.0,0.0,0.0,0.0,0.0,0.0,0.0,0.0,0.0,0.0,0.0,0.0,0.0,0.0,0.0,0.0,0.0,0.0,0.0,0.0,0.0,0.0,0.0,0.0,0.0,0.0,1.0,0.0,0.0,0.0,0.0,0.0,0.0,0.0,0.0,0.0,0.0,0.0,0.0,0.0,0.0,0.0,0.0,0.0,0.0,0.0,0.0,0.0,0.0,0.0,0.0,0.0,0.0,0.0,0.0,0.0,0.0,0.0,0.0,0.0,0.0,0.0,0.0,0.0,0.0,0.0,0.0,0.0,0.0,0.0,0.0,0.0,0.0,0.0,0.0,0.0,0.0,0.0,0.0,0.0,0.0,0.0,0.0,0.0,0.0,0.0,0.0,0.0,0.0,0.0,0.0,0.0,0.0,0.0,0.0,0.0,0.0,0.0,1.0,0.0,0.0,0.0,0.0,0.0,0.0,0.0,0.0,0.0,0.0,0.0,0.0,0.0,0.0,0.0,0.0,0.0,0.0,0.0,0.0,0.0,0.0,0.0,1.0,0.0,0.0,0.0,0.0,1.0,0.0,0.0,0.0,0.0,0.0,0.0,0.0,0.0,0.0,0.0,0.0,0.0,0.0,0.0,0.0,0.0,0.0,0.0,1.0,0.0,0.0,0.0,0.0,1.0,0.0,0.0,0.0,0.0,0.0,0.0,0.0,0.0,0.0,0.0,0.0,0.0,0.0,0.0,0.0,0.0,0.0,0.0,0.0,0.3872756835408014,0.774551364815466,0.9999999991929976,0.9999999993602589,0.9999999993960084,0.9999999995823428,0.9999999995784713,0.9999999998409392,0.9999999997964141,0.9999999997711115,0.9999999998200128,0.999999999738449,0.9999999996178387,0.999999999686986,0.9999999997773846,0.9999999998010904,0.9999999997126666,0.9999999996754472,0.9999999996782981,0.9999999998337538,0.9999999998342766,0.999999999598376,0.9999999995661568,0.43312863662187545,0.6410749664899293,0.20398425262539094,1.5753669174229306e-9,4.243817850473138e-9,0.3418729150355542,0.6837476884275754,0.9753720515023627,0.9999999998300804,0.9999999997489464,0.9999999996897644,0.9999999997942277,0.9999999995764369,0.9999999979619996,0.999999999294133,0.9999999997095602,0.9999999997590038,0.9999999994360753,0.9999999992052694,0.9999999992385934,0.9999999998171298,0.9999999998209379,0.9999999948912556,0.9149690950398964,0.6669435238939533,0.48232973702465676,3.955899974902556e-10,4.861822935843115e-10,5.670677346736609e-10,6.113175822575081e-10,0.012677360256900378,0.5063386795829603,0.9999999997489004,0.9999999996171364,0.9999999994636599,0.9999999997180956,0.9999999975549082,0.517670261432707,0.999999983958803,0.9999999995226098,0.999999999637813,0.9999999969922664,0.8106217891367472,0.8931132777775098,0.9646594756426148,0.4823297378612383,0.0,0.0,0.0,0.45699284774918475,0.10417001218952703,0.026908466668319756,0.2113783866248403,0.3129247148143164,0.7699175552713907,0.7551179967255917,0.9999999998228534,0.9999999997248584,0.9999999996491619,0.9999999997803256,0.9999999994827586,0.985661411576396,0.9999999989560309,0.9999999996764547,0.9999999997339153,0.9999999992214139,0.9999999987244501,0.9999999988016671,0.9999999998072138,0.9999999998128122,0.8501943294293527,0.7271438378658852,0.7068804256122411,0.9999999996745585,0.7130629558906428,0.9999999988883121,0.9999999991573063,0.9999999992167423,0.9999999995064468,0.9999999995008039,0.999999999833787,0.9999999997809026,0.9999999997500583,0.9999999998087699,0.9999999997114875,0.9999999995551202,0.9999999996477896,0.9999999997608899,0.9999999997853093,0.999999999678413,0.9999999996317843,0.9999999996359851,0.9999999998251964,0.999999999826087,0.9999999995275516,0.9999999994828147,0.9999999998475663,0.9999999997507214,0.9999999991643399,0.9999999995561459,0.9999999995948966,0.9999999996060118,0.9999999996805783,0.9999999996804336,0.9999999998460504,0.9999999998089619,0.9999999997910635,0.9999999998289619,0.9999999997698249,0.9999999996986354,0.9999999997367451,0.99999999979747,0.9999999998120843,0.9999999997533513,0.9999999997299761,0.9999999997316884,0.9999999998399537,0.9999999998398887,0.9999999996898837,0.999999999674164,0.0,0.0,0.0,0.0,0.0,0.0,0.0,0.0,0.0,0.0,0.0,0.0,0.0,0.0,0.0,0.0,0.0,0.0,0.0,0.0,0.0,0.0,0.0,0.0,0.9999999998447697,0.9999999996793415,0.6633291667688131,0.9999999987138746,0.9999999991068883,0.9999999991845576,0.9999999995204654,0.9999999995142377,0.9999999998427826,0.9999999997936085,0.9999999997634205,0.9999999998198505,0.9999999997282069,0.9999999995721436,0.9999999996665373,0.9999999997755692,0.9999999997975006,0.9999999996956439,0.9999999996507624,0.9999999996574825,0.999999999835076,0.9999999998357633,0.9999999995429265,0.9999999994944447,0.9999999997592325,0.9999999987795761,0.5062586669414787,0.6416359127413218,0.9717220647040936,0.9999999756040919,0.9999999982575778,0.9999999981566564,0.999999999752911,0.9999999996155279,0.9999999995309244,0.9999999996877497,0.9999999993899498,0.9999999986403245,0.9999999991367523,0.9999999995541303,0.9999999996326053,0.9999999992536046,0.9999999990678731,0.9999999990879618,0.9999999997313662,0.9999999997360373,0.9999999984063943,0.9999999980014718,0.9999999997698954,0.8733333047004178,0.3763176315569075,5.8873997992276225e-8,0.23195204005801676,0.47910045549998387,0.8862142613441454,0.9744894981248404,0.9999999997638407,0.9999999996181231,0.9999999995182287,0.9999999996990844,0.9999999993150352,0.9999999964329763,0.9999999988130869,0.9999999995481818,0.9999999996370218,0.999999999056589,0.9999999986465086,0.9999999986945804,0.9940313475168622,0.49701567380042105,0.0,0.0,0.0,0.0,0.0,0.0,0.0,0.0,0.0,0.0,0.46254230133404256,0.9250846024135314,0.9999999993561567,0.9999999996542734,0.9999999988417261,0.5802365082187896,0.9999999948979468,0.9999999994128477,0.9999999995594178,0.9999999974832339,0.9999999890215286,0.9999999912422395,0.8786940290734955,0.43934701458953335,0.0,0.0,0.8905143458468895,0.46653811592639016,0.042561885694150495,9.844864701020004e-10,1.2458248781981884e-9,1.3846228061273919e-9,0.025195491923559375,0.5125977397894877,0.9999999996931332,0.9999999994412064,0.9999999991800022,0.9999999996120192,0.9999999919477749,0.57602376411144,0.8283122088192836,0.9999999992708043,0.9999999994831467,0.9999999508516217,0.7198396766633522,0.7446421524456722,0.9999999996745078,0.9999999996529928,0.5760237702938754,0.1520475429966441,0.634727302113261,0.3634449687037444,9.777765548722374e-10,1.0089334475542869e-9,1.2858314303396228e-9,1.4358140611046053e-9,0.010240338709956878,0.5051201565853238,0.9999999996976574,0.9999999994490245,0.9999999992002627,0.9999999996143739,0.9999999936936131,0.6365550274811556,0.8777122312933148,0.999999999285936,0.9999999994896701,0.9999999851827709,0.7657231051372403,0.7913298796518378,0.9999999996762521,0.9999999996474207,0.6365550318984037,0.27311006566669177,0.0,0.0,0.0,0.0,0.0,0.0,0.0,0.46841526517397963,0.9368305333261021,0.8178817979638017,0.43442605383590116,0.7669114990595175,0.38345574803452115,0.0,0.0,0.0,0.0,0.0,0.0,0.0,0.0,0.0,0.0,0.0,0.0,0.4164185110997091,0.5835814933415829,0.999999996874047,0.9999999984380431,0.999999998594155,0.999999999209463,0.9999999991952907,0.9999999997860044,0.9999999997006275,0.999999999651927,0.9999999997453449,0.9999999995835803,0.9999999993019815,0.9999999994693204,0.9999999996651884,0.9999999997106759,0.9999999995251341,0.9999999994425649,0.9999999994505463,0.9999999997722756,0.9999999997744885,0.9999999992503227,0.9999999991594964,0.49956348042085286,0.0,0.0,0.0,0.0,0.0,0.0,0.0,0.0,0.0,0.3795636277178758,0.7591272553471737,0.9999999987505875,0.620436369779699,0.9999999865207259,0.9999999993798319,0.9999999995370532,0.999999997189601,0.9999999846399185,0.9999999885297332,0.9991269608968149,0.4995634804920327,0.0,0.0,0.4848645667262276,0.3715907698302643,0.0,0.0,0.0,0.0,0.0,0.0,0.0,0.0,0.0,0.0,0.0,0.0,0.0,0.0,0.0,0.0,0.0,0.0,0.0,0.0,0.0,0.0,0.999999999596393,0.5479457568180532,0.09589151387923087,9.177973006008379e-10,1.1094016699444713e-9,1.222409319867071e-9,0.12710269949853403,0.5635513485394495,0.9999999996374939,0.9999999993637926,0.9999999990323737,0.9999999995703192,0.9510376886320105,0.49898344793395083,0.6935864238882637,0.9999999991477201,0.9999999994185559,0.9320573487408508,0.5658472457710523,0.5950545500036784,0.9041084865230512,0.4520542433337109,0.0,0.0,0.8269192704008785,0.46620124579320055,0.10548322122692591,3.769420919999388e-10,4.149200851640065e-10,4.445365883241439e-10,0.16990093421877323,0.5683799646550887,0.9668589954285672,0.9999999983945722,0.9384651724768557,0.9443907188003917,0.5836726951067904,0.22295467093411514,0.17733577618465637,0.5758148057254355,0.8716788409604692,0.5109608173333094,0.1971445786684526,0.5956236082851745,0.9941026387164958,0.8556313023358172,0.4949132778122721,0.1341952535733867,0.0,0.0,0.0,0.0,0.0,0.0,0.0,0.0,0.3863850648814042,0.7727701294147415,0.9999999990250804,0.9999999995850365,0.7496841195478062,0.3748420564078337,0.0,0.0,0.0,0.0,0.0,0.0,0.0,0.0,0.0,0.0,0.9899037398471577,0.4949518698916711,0.0,0.0,0.0,0.0,0.0,0.0,0.0,0.0,0.0,0.0,0.0,0.0,0.0,0.0,0.0,0.0,0.0,0.0,0.0,0.0,0.0,0.0,0.9999999993030557,0.6172347660594837,0.23446953282889504,0.0,0.0,0.0,0.0,0.0,0.0,0.0,0.0,0.0,0.0,0.0,0.0,0.0,0.0,0.0,0.0,0.0,0.0,0.0,0.0,0.0,0.0,0.0,0.0,0.0,0.0,0.0,0.0,0.0,0.47522947601401316,0.950458951669425,0.9999999991328606,0.9999999995709183,0.9999999972529399,0.5920349260225942,0.9999999705324594,0.8159301514132765,0.4079650758766938,0.0,0.0,0.0,0.0,0.0,0.0,0.0,0.0,0.0,0.0,0.0,0.0,0.0,0.0,0.0,0.43818774513465686,0.8763754900054253,0.9999999993581936,0.9999999996282684,0.9999999990145944,0.9999999840220382,0.6735832246868914,0.33679161285574066,0.0,0.0,0.0,0.0,0.0,0.0,0.0,0.0,0.0,0.0,0.0,0.0,0.0,0.0,0.0,0.4653747888781237,0.9307495777463771,0.9999999995982864,0.9999999994923897,0.9999999996840195,0.9999999992796779,0.9999999965401318,0.9999999987687144,0.9999999995235241,0.9999999996178052,0.9999999990132334,0.9999999986014658,0.9999999986469728,0.9999999997276662,0.9999999997362908,0.9999999919412496,0.9664718995993234,0.0,0.0,0.0,0.0,0.0,0.0,0.0,0.338510828369987,0.677021656679093,0.9999999990852889,0.9999999987002752,0.9999999993841422,0.999999997219007,0.8728189992901675,0.9999997795486618,0.9999999988375982,0.9999999991799499,0.9999999900262757,0.9809718855787232,0.9860351176308135,0.9999999994999728,0.999999999540692,0.8340591388043688,0.7988531453050592,0.9999999996528558,0.9272116285220268,0.5698721969555522,0.6613212962681542,0.6953973756775148,0.7061061010923882,0.8066262617912828,0.795844150593706,0.9999999996373158,0.9999999990994065,0.9999999985192334,0.9999999994421856,0.9999999844556244,0.8384336791936156,0.9225616330094473,0.9999999987554549,0.9999999991825025,0.9492558209601332,0.9082627525736472,0.9115322890506444,0.9999999995444075,0.9999999995981956,0.8134080107374604,0.790676682441113,0.9258301849054986,0.9999999987742868,0.6818349061384855,0.858050651695087,0.9028703135736326,0.9169566234836151,0.9999999940581675,0.9999999913053381,0.9999999996753137,0.9999999994450094,0.9999999992976087,0.9999999995722347,0.9999999990157012,0.9999999966527683,0.9999999984260061,0.9999999993417661,0.9999999994789245,0.9999999986833011,0.999999998265076,0.999999998310139,0.9999999996389265,0.9999999996527066,0.9999999947941525,0.999999989159767,0.0,0.0,0.0,0.0,0.0,0.0,0.0,0.35495164874957613,0.7099032974428435,0.9999999974979167,0.9927666080255149,0.9999999991507752,0.8644275715589514,0.6841361547373926,0.770663354016121,0.9999999894254976,0.9999999980295542,0.7981183218610127,0.7559579995853406,0.7593201219928251,0.9999999992405862,0.9999999994931363,0.6583953635159999,0.6350168561084122,0.0,0.34220501542938075,0.6844100305313547,0.9999999994049397,0.9999999994738641,0.99999999948294,0.9999999995383339,0.9999999995382657,0.9999999997539478,0.9999999996914113,0.9999999996592762,0.9999999997224052,0.9999999996324638,0.9999999995548164,0.999999999592437,0.9999999996679028,0.999999999699755,0.999999999613574,0.999999999585705,0.9999999995879246,0.9999999997429926,0.9999999997427235,0.9999999995488724,0.9999999995333845,0.0,0.0,0.0,0.0,0.0,0.0,0.0,0.4906184695279602,0.9812369389937962,0.999999999569307,0.9999999995046704,0.9999999996363155,0.9999999994249764,0.9999999991598313,0.9999999993050137,0.9999999995234987,0.9999999995899245,0.9999999993629323,0.9999999992803653,0.9999999992892057,0.9999999996779384,0.9999999996815827,0.9999999991240712,0.9999999990590266,0.7880909471060076,0.45742428903364685,0.0,0.0,0.0,0.0,0.0,0.47876173664829014,0.9575234732174746,0.9999999993897071,0.9999999992235274,0.9999999995386522,0.9999999988846529,0.9999999952896104,0.9999999981271269,0.9999999992757289,0.9999999994319633,0.9999999984631356,0.9999999979096473,0.9999999979726295,0.9999999996133763,0.9999999996278527,0.9999999906726161,0.9999999262979236,0.0,0.0,0.0,0.0,0.0,0.0,0.35615276362916465,0.7123055269361163,0.9999999997110329,0.9999999995949069,0.9999999995306393,0.999999999655388,0.9999999994532086,0.9999999991940495,0.9999999993368744,0.9999999995483014,0.9999999996117127,0.999999999392526,0.9999999993129114,0.999999999321493,0.9999999996949529,0.9999999996989164,0.9999999991586928,0.9999999990903103,0.9999999997690022,0.9999999995996925,0.9999999991633282,0.9999999993806616,0.9999999994142453,0.9999999994251502,0.9999999995053502,0.9999999995052362,0.9999999997636244,0.9999999996949859,0.9999999996604512,0.9999999997301504,0.999999999627236,0.9999999995276788,0.9999999995776482,0.9999999996692084,0.9999999997047472,0.9999999996030176,0.9999999995687452,0.9999999995721092,0.9999999997516713,0.9999999997531316,0.9999999995193046,0.9999999994978769,0.0,0.0,0.0,0.0,0.0,0.0,0.0,0.4601449724353236,0.9202899447976277,0.9999999994963971,0.9999999993945118,0.9999999995945023,0.9999999992363404,0.9999999985426421,0.9999999989727458,0.9999999994254164,0.9999999995256176,0.9999999990902452,0.9999999989123893,0.9999999989312852,0.9999999996516552,0.9999999996600353,0.9999999983631176,0.9999999981019813,0.0,0.0,0.0,0.0,0.0,0.0,0.0,0.4956366445554743,0.9912732890350718,0.9999999994777162,0.9999999993627549,0.9999999995879278,0.9999999991694495,0.9999999981715454,0.9999999988243968,0.999999999397556,0.9999999995093274,0.999999998975745,0.9999999987406866,0.9999999987647402,0.9999999996490946,0.9999999996568424,0.9999999978298143,0.9999999973231368,0.0,0.0,0.0,0.0,0.0,0.0,0.4262526519038693,0.8525053034593928,0.9999999997154684,0.999999999609687,0.9999999995529916,0.9999999996640155,0.9999999994888754,0.9999999992850594,0.9999999993942831,0.9999999995684224,0.999999999624922,0.999999999440337,0.9999999993753813,0.9999999993823853,0.9999999996999194,0.9999999997029825,0.9999999992603624,0.9999999992133721,0.999999999798656,0.9999999996551796,0.9999999992546806,0.9999999994601763,0.9999999994914368,0.9999999995010347,0.9999999995735107,0.9999999995739552,0.9999999997954013,0.9999999997386083,0.9999999997103843,0.999999999766483,0.9999999996790904,0.9999999995928619,0.999999999637165,0.9999999997168703,0.9999999997445916,0.999999999657504,0.9999999996282959,0.9999999996309431,0.999999999785991,0.9999999997852058,0.9999999995835214,0.9999999995664919,0.8940868813411031,0.9999999994202553,0.9999999958792724,0.9999999986194286,0.9999999988065096,0.9999999988559686,0.9999999991661153,0.9999999991569675,0.999999999725907,0.9999999996124435,0.9999999995519602,0.9999999996713418,0.9999999994789555,0.9999999992309246,0.9999999993673879,0.9999999995682058,0.9999999996284001,0.9999999994210146,0.9999999993442982,0.9999999993524631,0.9999999997071823,0.9999999997110414,0.9999999991968728,0.9999999991359497,0.6725144798093287,0.9999999980613438,0.6748639211636265,0.800346634966436,0.8322626538149944,0.8422922396552243,0.9364342812416685,0.9263399590839815,0.9999999996976485,0.9999999994266986,0.9999999992342298,0.9999999995823345,0.9999999986596532,0.9662226695309998,0.9999999962395505,0.9999999992957693,0.9999999994589419,0.9999999975093127,0.9999999947387082,0.9999999951516519,0.9999999996528152,0.9999999996702912,0.9427895083953867,0.9214995242009906,0.6441161247936045,0.9999999994126431,0.9999999975806497,0.999999998834129,0.9999999989610604,0.9999999989959777,0.9999999992295607,0.9999999992231664,0.9999999997231943,0.9999999996155404,0.9999999995586587,0.9999999996698388,0.9999999994934073,0.9999999992822277,0.9999999993961863,0.9999999995741774,0.9999999996307578,0.9999999994435992,0.9999999993766086,0.9999999993837361,0.9999999997055751,0.9999999997087846,0.9999999992566122,0.9999999992042848,0.0,0.47818386648647776,0.9563677324507147,0.9999999994204024,0.9999999994563077,0.9999999994666413,0.9999999995456924,0.9999999995458432,0.9999999997858099,0.9999999997239251,0.9999999996916215,0.9999999997540974,0.9999999996599346,0.9999999995667362,0.9999999996149443,0.9999999997015172,0.9999999997312145,0.9999999996368936,0.9999999996057639,0.9999999996092296,0.9999999997744977,0.9999999997750775,0.9999999995566553,0.9999999995389489,0.9999999997441091,0.9999999994075413,0.9885353984140715,0.999999998191731,0.9999999985384317,0.999999998619629,0.9999999990904365,0.9999999990740968,0.9999999997378345,0.9999999996219036,0.9999999995564128,0.999999999680548,0.9999999994726263,0.9999999991752468,0.9999999993440957,0.9999999995727732,0.999999999635576,0.9999999994038653,0.9999999993172047,0.9999999993270212,0.9999999997182833,0.9999999997215403,0.9999999991237765,0.9999999990459844,0.9999999997616716,0.999999999460124,0.9927980547162915,0.9999999983778673,0.9999999986840383,0.9999999987562224,0.9999999991744726,0.9999999991608858,0.9999999997561702,0.9999999996515194,0.9999999995924763,0.9999999997042605,0.9999999995175235,0.9999999992510189,0.999999999403562,0.9999999996106399,0.9999999996643572,0.9999999994558395,0.9999999993767869,0.9999999993833689,0.9999999997388227,0.9999999997422201,0.9999999992073938,0.9999999991326007,0.0,0.400584356972204,0.8011687135619739,0.9999999994522455,0.9999999994861364,0.9999999994951754,0.999999999561235,0.9999999995610938,0.9999999997820633,0.9999999997227408,0.9999999996922749,0.9999999997522568,0.9999999996636135,0.9999999995795315,0.9999999996215497,0.9999999996994124,0.9999999997300284,0.9999999996427446,0.9999999996136684,0.9999999996158938,0.9999999997722501,0.9999999997725778,0.9999999995724201,0.9999999995546786,0.8760994046021104,0.9999999997337421,0.9999999996181341,0.9999999996649519,0.9999999996736904,0.9999999996763934,0.9999999997003695,0.9999999997017053,0.9999999998126128,0.9999999997775814,0.9999999997600229,0.9999999997949055,0.9999999997466944,0.9999999997082856,0.9999999997266065,0.9999999997637445,0.999999999781959,0.9999999997372204,0.9999999997233229,0.9999999997250805,0.9999999998063518,0.9999999998055837,0.9999999997061997,0.9999999996991462,0.7170052785205595,0.9999999996930669,0.9999999995626514,0.9999999996161165,0.9999999996264878,0.9999999996296848,0.9999999996582024,0.9999999996592331,0.999999999796281,0.9999999997505165,0.9999999997276326,0.999999999772222,0.9999999997121667,0.9999999996663749,0.9999999996880021,0.9999999997334249,0.999999999758588,0.9999999997010552,0.9999999996840931,0.9999999996845955,0.9999999997851071,0.999999999787884,0.9999999996657014,0.9999999996563088,0.0,0.4966159862943175,0.9932319722028661,0.9999999994862827,0.9999999995095135,0.9999999995159778,0.9999999995699088,0.9999999995703086,0.9999999997730985,0.9999999997145457,0.9999999996857387,0.9999999997435158,0.9999999996601969,0.9999999995856259,0.9999999996224173,0.9999999996932685,0.9999999997230281,0.999999999642157,0.9999999996159269,0.9999999996189006,0.9999999997636771,0.9999999997631563,0.9999999995795064,0.9999999995653462,0.0,0.0,0.0,0.0,0.0,0.0,0.395259354640871,0.7905187090370197,0.999999999770606,0.9999999996911321,0.9999999996474505,0.9999999997313193,0.9999999995990376,0.999999999444124,0.9999999995279766,0.99999999966108,0.9999999997012209,0.9999999995620231,0.9999999995127973,0.9999999995182519,0.9999999997580717,0.999999999759547,0.99999999942408,0.9999999993894118,0.0,0.0,0.0,0.0,0.0,0.0,0.39025254909789503,0.780505097143955,0.9999999996869885,0.9999999994410144,0.9999999992668888,0.9999999995790106,0.9999999988767353,0.9999999815373591,0.999999997825473,0.9999999993259895,0.9999999994753859,0.99999999830448,0.9999999974531734,0.9999999975504188,0.9999999996481289,0.9999999996648257,0.9833303799189228,0.9548452969809249,1.0,1.0,1.0,1.0,1.0,1.0,1.0,1.0,1.0,1.0,1.0,1.0,1.0,1.0,1.0,1.0,1.0,1.0,1.0,1.0,1.0,1.0,1.0,1.0,1.0,1.0,1.0,1.0,1.0,1.0,1.0,1.0,1.0,1.0,1.0,1.0,1.0,1.0,1.0,1.0,1.0,1.0,1.0,1.0,1.0,1.0,1.0,1.0,1.0,1.0,1.0,1.0,1.0,1.0,1.0,1.0,1.0,1.0,1.0,1.0,1.0,1.0,1.0,1.0,1.0,1.0,1.0,1.0,1.0,1.0,1.0,0.0,1.0,1.0,1.0,1.0,1.0,1.0,1.0,1.0,1.0,1.0,1.0,1.0,1.0,1.0,1.0,1.0,1.0,1.0,1.0,1.0,1.0,1.0,1.0,1.0,1.0,1.0,1.0,1.0,1.0,1.0,1.0,1.0,1.0,1.0,1.0,1.0,1.0,1.0,1.0,1.0,1.0,1.0,1.0,1.0,1.0,1.0,1.0,1.0,1.0,1.0,1.0,1.0,1.0,1.0,1.0,1.0,1.0,1.0,1.0,1.0,1.0,1.0,1.0,1.0,1.0,1.0,1.0,1.0,1.0,1.0,1.0,1.0,0.0,0.0,0.0,0.0,0.0,0.0,0.0,0.0,0.0,0.0,0.0,0.0,0.0,0.0,0.0,0.0,0.0,0.0,0.0,0.0,0.0,0.0,0.0,0.0,1.0,1.0,1.0,1.0,1.0,1.0,1.0,1.0,1.0,1.0,1.0,1.0,1.0,1.0,1.0,1.0,1.0,1.0,1.0,1.0,1.0,1.0,1.0,1.0,1.0,1.0,1.0,1.0,1.0,1.0,1.0,1.0,1.0,1.0,1.0,1.0,1.0,1.0,1.0,1.0,1.0,1.0,1.0,1.0,1.0,1.0,1.0,1.0,1.0,1.0,1.0,1.0,1.0,1.0,1.0,1.0,1.0,1.0,1.0,1.0,1.0,1.0,1.0,1.0,1.0,1.0,1.0,1.0,1.0,1.0,1.0,0.0,0.0,0.0,0.0,0.0,0.0,0.0,0.0,1.0,1.0,1.0,1.0,1.0,1.0,1.0,1.0,1.0,1.0,1.0,1.0,1.0,1.0,1.0,1.0,0.0,1.0,1.0,1.0,1.0,1.0,1.0,1.0,1.0,1.0,1.0,1.0,1.0,1.0,1.0,1.0,1.0,1.0,1.0,1.0,1.0,1.0,1.0,1.0,1.0,1.0,1.0,1.0,1.0,1.0,1.0,1.0,1.0,1.0,1.0,1.0,1.0,1.0,1.0,1.0,1.0,1.0,1.0,1.0,1.0,1.0,1.0,1.0,1.0,0.0,0.0,0.0,0.0,0.0,0.0,1.0,1.0,1.0,1.0,1.0,1.0,1.0,1.0,0.0,0.0,0.0,0.0,0.0,0.0,0.0,0.0,0.0,0.0,1.0,1.0,1.0,1.0,1.0,1.0,1.0,1.0,1.0,1.0,1.0,1.0,1.0,1.0,1.0,1.0,1.0,1.0,1.0,1.0,1.0,1.0,1.0,1.0,1.0,1.0,0.0,0.0,0.0,0.0,0.0,0.0,0.0,1.0,1.0,1.0,1.0,1.0,1.0,1.0,1.0,1.0,1.0,1.0,1.0,1.0,1.0,0.0,1.0,1.0,1.0,0.0,0.0,0.0,0.0,0.0,0.0,0.0,0.0,0.0,0.0,0.0,0.0,0.0,0.0,0.0,0.0,0.0,0.0,0.0,0.0,0.0,1.0,1.0,1.0,1.0,1.0,1.0,1.0,1.0,1.0,1.0,1.0,1.0,1.0,1.0,1.0,1.0,1.0,1.0,1.0,1.0,1.0,1.0,1.0,0.0,1.0,1.0,1.0,1.0,1.0,1.0,1.0,1.0,1.0,1.0,1.0,1.0,1.0,1.0,1.0,1.0,1.0,1.0,1.0,1.0,1.0,1.0,1.0,1.0,0.0,0.0,0.0,0.0,0.0,0.0,0.0,1.0,1.0,1.0,1.0,1.0,1.0,1.0,1.0,0.0,0.0,0.0,0.0,0.0,0.0,0.0,0.0,0.0,1.0,1.0,1.0,0.0,0.0,0.0,0.0,0.0,0.0,0.0,0.0,0.0,0.0,0.0,0.0,0.0,0.0,0.0,0.0,0.0,0.0,0.0,0.0,0.0,1.0,1.0,1.0,1.0,0.0,0.0,0.0,0.0,0.0,0.0,0.0,0.0,0.0,0.0,0.0,0.0,0.0,0.0,0.0,0.0,0.0,0.0,0.0,0.0,0.0,0.0,0.0,0.0,0.0,0.0,0.0,1.0,1.0,1.0,1.0,1.0,1.0,1.0,1.0,1.0,1.0,1.0,0.0,0.0,0.0,0.0,0.0,0.0,0.0,0.0,0.0,0.0,0.0,0.0,0.0,1.0,1.0,1.0,1.0,1.0,1.0,1.0,1.0,1.0,1.0,0.0,0.0,0.0,0.0,0.0,0.0,0.0,0.0,0.0,0.0,0.0,0.0,0.0,1.0,1.0,1.0,1.0,1.0,1.0,1.0,1.0,1.0,1.0,1.0,1.0,1.0,1.0,1.0,1.0,1.0,1.0,1.0,0.0,0.0,0.0,0.0,0.0,1.0,1.0,1.0,1.0,1.0,1.0,1.0,1.0,1.0,1.0,1.0,1.0,1.0,1.0,1.0,1.0,1.0,1.0,1.0,1.0,1.0,1.0,1.0,1.0,1.0,1.0,1.0,1.0,1.0,1.0,1.0,1.0,1.0,1.0,1.0,1.0,1.0,1.0,1.0,1.0,1.0,1.0,1.0,1.0,1.0,1.0,1.0,1.0,1.0,1.0,1.0,1.0,1.0,1.0,1.0,1.0,1.0,1.0,1.0,1.0,1.0,1.0,1.0,1.0,1.0,1.0,1.0,0.0,0.0,0.0,0.0,0.0,1.0,1.0,1.0,1.0,1.0,1.0,1.0,1.0,1.0,1.0,1.0,1.0,1.0,1.0,1.0,1.0,1.0,1.0,1.0,1.0,1.0,1.0,1.0,1.0,1.0,1.0,1.0,1.0,1.0,1.0,1.0,1.0,1.0,1.0,1.0,1.0,1.0,1.0,1.0,1.0,1.0,1.0,1.0,0.0,0.0,0.0,0.0,0.0,1.0,1.0,1.0,1.0,1.0,1.0,1.0,1.0,1.0,1.0,1.0,1.0,1.0,1.0,1.0,1.0,1.0,1.0,1.0,1.0,1.0,0.0,0.0,0.0,1.0,1.0,1.0,1.0,1.0,1.0,1.0,1.0,1.0,1.0,1.0,1.0,1.0,1.0,1.0,1.0,1.0,1.0,1.0,0.0,0.0,0.0,0.0,1.0,1.0,1.0,1.0,1.0,1.0,1.0,1.0,1.0,1.0,1.0,1.0,1.0,1.0,1.0,1.0,1.0,1.0,1.0,1.0,1.0,1.0,1.0,1.0,1.0,1.0,1.0,1.0,1.0,1.0,1.0,1.0,1.0,1.0,1.0,1.0,1.0,1.0,1.0,1.0,1.0,1.0,1.0,1.0,0.0,0.0,0.0,0.0,0.0,1.0,1.0,1.0,1.0,1.0,1.0,1.0,1.0,1.0,1.0,1.0,1.0,1.0,1.0,1.0,1.0,1.0,1.0,1.0,0.0,0.0,0.0,0.0,0.0,1.0,1.0,1.0,1.0,1.0,1.0,1.0,1.0,1.0,1.0,1.0,1.0,1.0,1.0,1.0,1.0,1.0,1.0,1.0,0.0,0.0,0.0,0.0,1.0,1.0,1.0,1.0,1.0,1.0,1.0,1.0,1.0,1.0,1.0,1.0,1.0,1.0,1.0,1.0,1.0,1.0,1.0,1.0,1.0,1.000000000000838,1.0,1.0,1.0,1.0,1.0,1.0,1.0,1.0,1.0,1.0,1.0,1.0,1.0,1.0,1.0,1.0,1.0,1.0,1.0,1.0,1.0,1.0,1.0,1.0,1.0,1.0,1.0,1.0,1.0,1.0,1.0,1.0,1.0,1.0,1.0,1.0,1.0,1.0,1.0,1.0,1.0,1.0,1.0,1.0,1.0,1.0,1.0,1.0,1.0,1.0,1.0,1.0,1.0,1.0,1.0,1.0,1.0,1.0,1.0,1.0,1.0,1.0,1.0,1.0,1.0,1.0,1.0,1.0,1.0,1.0,1.0,1.0,1.0,1.0,1.0,1.0,1.0,1.0,1.0,1.0,1.0,1.0,1.0,1.0,1.0,1.0,1.0,1.0,1.0,1.0,1.0,1.0,1.0,1.0,1.0,1.0,1.0,1.0,1.0,1.0,1.0,1.0,1.0,1.0,1.0,1.0,1.0,1.0,1.0,1.0,1.0,1.0,1.0,1.0,1.0,1.0,1.0,1.0,1.0,1.0,1.0,1.0,1.0,1.0,1.0,1.0,1.0,1.0,1.0,1.0,1.0,1.0,1.0,1.0,1.0,1.0,1.0,1.0,1.0,1.0,1.0,1.0,1.0,1.0,1.0,1.0,1.0,1.0,1.0,1.0,1.0,1.0,1.0,1.0,1.0,1.0,1.0,1.0,1.0,1.0,1.0,1.0,1.0,1.0,1.0,1.0,1.0,1.0,1.0,1.0,1.0,1.0,1.0,1.0,1.0,1.0,1.0,1.0,1.0,1.0,1.0,1.0,1.0,1.0,1.0,1.0,1.0,1.0,1.0,1.0,1.0,1.0,1.0,1.0,1.0,1.0,1.0,1.0,1.0,1.0,1.0,1.0,1.0,1.0,1.0,1.0,1.0,1.0,1.0,1.0,1.0,1.0,1.0,1.0,1.0,1.0,1.0,1.0,1.0,1.0,1.0,1.0,1.0,1.0,1.0,1.0,1.0,1.0,1.0,1.0,1.0,1.0,1.0,1.0,1.0,1.0,1.0,1.0,1.0,1.0,1.0,1.0,1.0,1.0,1.0,1.0,1.0,1.0,1.0,1.0,1.0,1.0,1.0,1.0,1.0,1.0,1.0,1.0,1.0,1.0,1.0,1.0,0.0,0.0,0.0,0.0,1.0,1.0,1.0,1.0,1.0,1.0,1.0,1.0,1.0,1.0,1.0,1.0,1.0,1.0,1.0,1.0,1.0,1.0,1.0,1.0,0.0,0.0,0.0,0.0,1.0,1.0,1.0,1.0,1.0,1.0,1.0,1.0,1.0,1.0,1.0,1.0,1.0,1.0,1.0,1.0,1.0,1.0,1.0,474.191048,0.0,0.0,0.0,0.0,0.0,0.0,0.0,0.0,0.0,0.0,0.0,0.0,0.0,0.0,0.0,0.0,0.0,0.0,0.0,0.0,0.0,0.0,0.0,0.0,0.0,0.0,0.0,0.0,0.0,0.0,0.0,0.0,0.0,0.0,0.0,0.0,0.0,0.0,0.0,0.0,0.0,0.0,0.0,0.0,0.0,0.0,0.0,0.0,0.0,0.0,0.0,0.0,0.0,0.0,0.0,0.0,0.0,0.0,0.0,0.0,0.0,0.0,0.0,0.0,0.0,0.0,0.0,0.0,0.0,0.0,0.0,456.089138,0.0,0.0,0.0,0.0,0.0,0.0,0.0,0.0,0.0,0.0,0.0,0.0,0.0,0.0,0.0,0.0,0.0,0.0,0.0,0.0,0.0,0.0,0.0,0.0,0.0,0.0,0.0,0.0,0.0,0.0,0.0,0.0,0.0,0.0,0.0,0.0,0.0,0.0,0.0,0.0,0.0,0.0,0.0,0.0,0.0,0.0,0.0,0.0,0.0,0.0,0.0,0.0,0.0,0.0,0.0,0.0,0.0,0.0,0.0,0.0,0.0,0.0,0.0,0.0,0.0,0.0,0.0,0.0,0.0,0.0,0.0,0.0,0.0,0.0,0.0,0.0,0.0,0.0,0.0,0.0,0.0,0.0,0.0,0.0,0.0,0.0,0.0,0.0,0.0,0.0,0.0,0.0,0.0,0.0,0.0,0.0,0.0,0.0,0.0,0.0,0.0,0.0,0.0,0.0,0.0,0.0,0.0,0.0,0.0,0.0,0.0,0.0,0.0,0.0,0.0,0.0,0.0,0.0,0.0,0.0,0.0,0.0,0.0,0.0,0.0,0.0,0.0,0.0,0.0,0.0,0.0,0.0,0.0,0.0,0.0,0.0,0.0,0.0,0.0,0.0,0.0,0.0,0.0,0.0,0.0,0.0,0.0,0.0,0.0,0.0,0.0,0.0,0.0,0.0,0.0,0.0,0.0,0.0,0.0,0.0,0.0,0.0,0.0,0.0,0.0,0.0,0.0,0.0,0.0,0.0,0.0,0.0,0.0,0.0,290.650191,0.0,0.0,0.0,0.0,0.0,0.0,0.0,0.0,0.0,0.0,0.0,0.0,0.0,0.0,0.0,0.0,0.0,0.0,0.0,0.0,0.0,0.0,0.0,0.0,0.0,0.0,0.0,0.0,0.0,0.0,0.0,0.0,0.0,0.0,0.0,0.0,0.0,0.0,0.0,0.0,0.0,0.0,0.0,0.0,0.0,0.0,0.0,0.0,0.0,0.0,0.0,0.0,0.0,0.0,0.0,0.0,0.0,0.0,0.0,0.0,0.0,0.0,0.0,0.0,0.0,0.0,0.0,0.0,0.0,0.0,284.025581,0.0,0.0,0.0,0.0,0.0,0.0,0.0,0.0,0.0,0.0,0.0,0.0,0.0,0.0,0.0,0.0,0.0,287.013107,0.0,0.0,0.0,0.0,0.0,0.0,0.0,0.0,0.0,0.0,0.0,0.0,0.0,0.0,0.0,0.0,0.0,0.0,0.0,0.0,0.0,0.0,0.0,0.0,0.0,0.0,0.0,0.0,0.0,0.0,0.0,0.0,264.132305,0.0,0.0,0.0,0.0,0.0,0.0,0.0,0.0,0.0,0.0,0.0,0.0,0.0,0.0,0.0,0.0,0.0,0.0,0.0,0.0,0.0,0.0,0.0,0.0,0.0,0.0,0.0,0.0,0.0,0.0,0.0,0.0,0.0,0.0,0.0,0.0,0.0,0.0,0.0,0.0,0.0,0.0,0.0,0.0,0.0,0.0,0.0,0.0,0.0,0.0,0.0,0.0,0.0,0.0,0.0,0.0,0.0,0.0,0.0,0.0,0.0,0.0,0.0,0.0,0.0,0.0,0.0,0.0,0.0,0.0,0.0,0.0,0.0,0.0,0.0,0.0,0.0,0.0,0.0,0.0,0.0,0.0,0.0,0.0,0.0,0.0,0.0,0.0,0.0,0.0,0.0,0.0,0.0,277.905529,0.0,0.0,0.0,0.0,0.0,0.0,0.0,0.0,0.0,0.0,0.0,0.0,0.0,0.0,0.0,0.0,0.0,0.0,0.0,0.0,0.0,0.0,0.0,0.0,0.0,0.0,0.0,0.0,0.0,0.0,0.0,0.0,0.0,0.0,0.0,0.0,0.0,0.0,0.0,0.0,0.0,0.0,0.0,0.0,0.0,0.0,0.0,0.0,0.0,0.0,0.0,0.0,0.0,0.0,0.0,0.0,0.0,0.0,0.0,0.0,0.0,0.0,0.0,0.0,0.0,0.0,0.0,0.0,0.0,0.0,0.0,255.65477,0.0,0.0,0.0,0.0,0.0,0.0,0.0,0.0,0.0,0.0,0.0,0.0,0.0,0.0,0.0,0.0,0.0,0.0,0.0,0.0,0.0,0.0,0.0,271.509194,0.0,0.0,0.0,0.0,0.0,0.0,0.0,0.0,0.0,0.0,0.0,0.0,0.0,0.0,0.0,0.0,0.0,0.0,0.0,0.0,0.0,0.0,295.311494,0.0,0.0,0.0,0.0,0.0,0.0,0.0,0.0,0.0,0.0,0.0,0.0,0.0,0.0,0.0,0.0,0.0,151.933691,0.0,0.0,0.0,0.0,0.0,151.933691,0.0,0.0,0.0,0.0,0.0,0.0,0.0,0.0,0.0,0.0,0.0,0.0,0.0,0.0,0.0,0.0,0.0,0.0,0.0,0.0,0.0,0.0,0.0,0.0,0.0,0.0,0.0,0.0,0.0,0.0,0.0,0.0,0.0,0.0,0.0,0.0,0.0,0.0,0.0,0.0,0.0,0.0,0.0,0.0,0.0,0.0,0.0,0.0,0.0,0.0,0.0,0.0,0.0,0.0,0.0,0.0,0.0,0.0,0.0,0.0,0.0,0.0,0.0,0.0,0.0,185.420284,0.0,0.0,0.0,0.0,0.0,185.420284,0.0,0.0,0.0,0.0,0.0,0.0,0.0,0.0,0.0,0.0,0.0,0.0,0.0,0.0,0.0,0.0,0.0,175.772332,0.0,0.0,0.0,0.0,0.0,0.0,0.0,0.0,0.0,0.0,0.0,0.0,0.0,0.0,0.0,0.0,0.0,0.0,0.0,0.0,0.0,0.0,0.0,159.278735,0.0,0.0,0.0,0.0,0.0,159.278735,0.0,0.0,0.0,0.0,0.0,0.0,0.0,0.0,0.0,0.0,0.0,0.0,0.0,0.0,0.0,0.0,0.0,0.0,0.0,0.0,0.0,0.0,0.0,163.170455,0.0,0.0,0.0,0.0,0.0,0.0,0.0,0.0,0.0,0.0,0.0,0.0,0.0,0.0,0.0,0.0,0.0,157.634566,0.0,0.0,0.0,0.0,157.634566,0.0,0.0,0.0,0.0,0.0,0.0,0.0,0.0,0.0,0.0,0.0,0.0,0.0,0.0,0.0,0.0,0.0,0.0,0.0,0.0,0.0,0.0,0.0,0.0,0.0,0.0,0.0,0.0,0.0,0.0,0.0,0.0,0.0,0.0,0.0,0.0,0.0,0.0,0.0,0.0,0.0,0.0,169.887341,0.0,0.0,0.0,0.0,0.0,169.887341,0.0,0.0,0.0,0.0,0.0,0.0,0.0,0.0,0.0,0.0,0.0,0.0,0.0,0.0,0.0,0.0,0.0,181.481869,0.0,0.0,0.0,0.0,0.0,181.481869,0.0,0.0,0.0,0.0,0.0,0.0,0.0,0.0,0.0,0.0,0.0,0.0,0.0,0.0,0.0,0.0,0.0,155.594262,0.0,0.0,0.0,0.0,155.594262,0.0,0.0,0.0,0.0,0.0,0.0,0.0,0.0,0.0,0.0,0.0,0.0,0.0,0.0,0.0,0.0,0.0,0.0,0.0,0.0,1.694786533334991e-10,0.0,0.0,0.0,0.0,0.0,0.0,0.0,0.0,0.0,0.0,0.0,0.0,0.0,0.0,0.0,0.0,0.0,0.0,0.0,0.0,0.0,0.0,0.0,0.0,0.0,0.0,0.0,0.0,0.0,0.0,0.0,0.0,0.0,0.0,0.0,0.0,0.0,0.0,0.0,0.0,0.0,0.0,0.0,0.0,0.0,0.0,0.0,0.0,0.0,0.0,0.0,0.0,0.0,0.0,0.0,0.0,0.0,0.0,0.0,0.0,0.0,0.0,0.0,0.0,0.0,0.0,0.0,0.0,0.0,0.0,0.0,0.0,0.0,0.0,0.0,0.0,0.0,0.0,0.0,0.0,0.0,0.0,0.0,0.0,0.0,0.0,0.0,0.0,0.0,0.0,0.0,0.0,0.0,169.327308,0.0,0.0,0.0,0.0,0.0,0.0,0.0,0.0,0.0,0.0,0.0,0.0,0.0,0.0,0.0,0.0,0.0,0.0,0.0,0.0,0.0,0.0,0.0,0.0,0.0,0.0,0.0,0.0,0.0,0.0,0.0,0.0,0.0,0.0,0.0,0.0,0.0,0.0,0.0,0.0,0.0,0.0,0.0,0.0,0.0,0.0,0.0,0.0,0.0,0.0,0.0,0.0,0.0,0.0,0.0,0.0,0.0,0.0,0.0,0.0,0.0,0.0,0.0,0.0,0.0,0.0,0.0,0.0,0.0,0.0,0.0,156.471825,0.0,0.0,0.0,0.0,0.0,0.0,0.0,0.0,0.0,0.0,0.0,0.0,0.0,0.0,0.0,0.0,0.0,0.0,0.0,0.0,0.0,0.0,0.0,0.0,0.0,0.0,0.0,0.0,0.0,0.0,0.0,0.0,0.0,0.0,0.0,0.0,0.0,0.0,0.0,0.0,0.0,0.0,0.0,0.0,0.0,0.0,0.0,0.0,0.0,0.0,0.0,0.0,0.0,0.0,0.0,0.0,0.0,0.0,0.0,0.0,0.0,0.0,0.0,0.0,0.0,0.0,0.0,0.0,0.0,0.0,0.0,143.529319,0.0,0.0,0.0,0.0,0.0,0.0,0.0,0.0,0.0,0.0,0.0,0.0,0.0,0.0,0.0,0.0,0.0,0.0,0.0,0.0,0.0,0.0,0.0,168.586547,0.0,0.0,0.0,0.0,168.586547,0.0,0.0,0.0,0.0,0.0,0.0,0.0,0.0,0.0,0.0,0.0,0.0,0.0,0.0,0.0,0.0,0.0,0.0,194.511403,0.0,0.0,0.0,0.0,194.511403,0.0,0.0,0.0,0.0,0.0,0.0,0.0,0.0,0.0,0.0,0.0,0.0,0.0,0.0,0.0,0.0,0.0,0.0,-1.1360793235023302e-9,0.07499122619096947,0.29996490672391063,0.4999999972637497,0.4999999974262374,0.4999999974610574,0.49999999764661635,0.49999999764122127,0.4999999979038414,0.49999999785908056,0.4999999978338988,0.49999999788285876,0.4999999978011113,0.4999999976811646,0.4999999977496301,0.4999999978400045,0.4999999978636743,0.49999999777496823,0.4999999977379738,0.49999999774081455,0.49999999789670807,0.4999999978969511,0.4999999976608933,0.4999999976293151,0.09380020679624884,0.2054885550285002,0.020804786622658732,-6.916342612065842e-10,-6.75697766767942e-10,0.05843854351709031,0.23375544893810332,0.47567531769530363,0.49999999812804685,0.4999999980465491,0.49999999798729633,0.49999999809203105,0.4999999978739766,0.49999999625394254,0.49999999759057706,0.49999999800729017,0.49999999805653816,0.4999999977326751,0.4999999975016761,0.4999999975356691,0.49999999811504964,0.4999999981186029,0.499999993157521,0.41858422084009433,0.2224068317847187,0.11632098752623642,1.7790229650147466e-9,1.7773447944400667e-9,1.777130227087399e-9,1.7783494857301805e-9,8.035770703013885e-5,0.12818942911016196,0.4999999990796055,0.49999999894703034,0.4999999987931061,0.49999999904859244,0.4999999968789827,0.13399124965900072,0.49999998306892185,0.49999999885292523,0.4999999989672436,0.4999999963074826,0.32855384203362725,0.39882566290775556,0.4652839513551961,0.11632098793754717,1.7776465350415438e-9,1.7776465384539707e-9,-1.2203429367710318e-9,0.10442123001504579,0.005425694417488638,0.00036203146414421093,0.02234040984030647,0.048960937083399464,0.29638651917512415,0.28510159278585845,0.4999999978307347,0.4999999977321041,0.4999999976561209,0.4999999977879808,0.49999999748967555,0.48576420712644697,0.49999999696166997,0.49999999768384223,0.4999999977404914,0.49999999722631616,0.4999999967298176,0.4999999968068448,0.49999999781517446,0.49999999782030996,0.36141519709640263,0.2643690788105594,0.24983996657529967,0.4999999978430354,0.25422938803347045,0.4999999970600901,0.49999999732859524,0.49999999738734546,0.4999999976759982,0.4999999976685126,0.4999999980014523,0.49999999794816824,0.4999999979172895,0.49999999797627726,0.49999999787884786,0.4999999977229237,0.49999999781517024,0.4999999979284456,0.49999999795230954,0.49999999784525734,0.49999999779872545,0.49999999780309,0.49999999799285194,0.4999999979935006,0.49999999769456116,0.4999999976502399,0.49999999862806727,0.49999999853376265,0.4999999979632018,0.4999999983468766,0.4999999983842252,0.49999999839479686,0.4999999984667363,0.49999999846334175,0.49999999862650146,0.4999999985894014,0.4999999985719883,0.4999999986093292,0.49999999855065547,0.49999999848180526,0.4999999985180329,0.4999999985783549,0.4999999985923722,0.4999999985339491,0.49999999851119914,0.499999998512971,0.49999999862033734,0.49999999862035,0.4999999984717023,0.49999999845720255,0.0,0.0,0.0,0.0,0.0,0.0,0.0,0.0,0.0,0.0,0.0,0.0,0.0,0.0,0.0,0.0,0.0,0.0,0.0,0.0,0.0,0.0,0.0,0.0,0.4999999980270987,0.4999999978623598,0.2200027903049468,0.49999999690088176,0.49999999729312916,0.4999999973698217,0.49999999770467035,0.4999999976966301,0.4999999980251275,0.4999999979755354,0.4999999979450957,0.4999999980020548,0.4999999979102666,0.4999999977546185,0.4999999978486788,0.4999999979578269,0.49999999797914735,0.4999999978771745,0.4999999978325221,0.4999999978396648,0.4999999980174064,0.4999999980178538,0.49999999772462633,0.4999999976765319,0.4999999985455123,0.4999999975694887,0.1281489182502614,0.20584832117766275,0.47212188417269024,0.49999997431257753,0.4999999970570577,0.499999996943889,0.4999999985391546,0.4999999984011978,0.49999999831757574,0.49999999847369725,0.4999999981762209,0.4999999974304418,0.49999999792373345,0.4999999983403192,0.49999999841812004,0.49999999803758444,0.49999999785407817,0.4999999978742141,0.4999999985174547,0.4999999985219511,0.4999999971904687,0.4999999967907978,0.49999999813545215,0.38135552907749964,0.07080747887018841,-5.58158611873657e-10,0.02690087346725609,0.11476862184860966,0.39268785692111396,0.47481488935970606,0.4999999981293841,0.49999999798301187,0.49999999788358584,0.4999999980643434,0.499999997680194,0.49999999478949586,0.4999999971766031,0.499999997913275,0.49999999800187367,0.49999999741968254,0.4999999970089503,0.49999999705721665,0.4940491582967725,0.12351228889426341,-5.507349816447013e-10,-5.507346753389633e-10,-5.28446455890062e-10,-5.28446455890062e-10,-5.28446455890062e-10,-5.28446455890062e-10,-5.28446455890062e-10,-5.28446455890062e-10,-5.28446455890062e-10,-5.284464100989929e-10,0.10697268918820978,0.4278907592864236,0.4999999977308709,0.4999999980295072,0.49999999721558763,0.16833720144222708,0.4999999932442295,0.4999999977872326,0.4999999979340095,0.49999999584894583,0.4999999873363317,0.49999998956437264,0.3860515968986911,0.09651289855604814,-5.284464100989929e-10,-5.28446455890062e-10,0.3965078986446425,0.10882890576680469,0.0009057560548499933,-4.2363036290432565e-10,-4.2253669904473776e-10,-4.212708219150888e-10,0.00031740542357694185,0.1313782203445247,0.4999999981137678,0.49999999786045213,0.4999999975989912,0.4999999980322711,0.499999990342304,0.16590168728897248,0.3430505561847829,0.4999999976894609,0.4999999979025447,0.49999994910567525,0.25908457879129154,0.27724596631520776,0.49999999809509826,0.4999999980728064,0.16590169084959241,0.01155922678897464,0.20143937289068914,0.06604612169183652,-3.5801423197270883e-10,-3.6170126385363836e-10,-3.6056029497229164e-10,-3.5906145603233817e-10,5.24313195203696e-5,0.12757318525337188,0.49999999814555546,0.49999999789559224,0.4999999976467068,0.4999999980618915,0.4999999921217212,0.20260115036016674,0.3851893790097095,0.49999999773203296,0.4999999979363627,0.4999999835573797,0.2931659355913119,0.31310148790906867,0.49999999812408524,0.49999999809445833,0.20260115317117872,0.03729455309002211,-8.083700496472348e-10,-8.083700496472348e-10,-8.083700496472348e-10,-8.083700496472348e-10,-8.083700496472348e-10,-8.083700496472348e-10,-8.083699866777262e-10,0.10970642910986647,0.4388257224101036,0.3344653161202357,0.09436299700785104,0.2940766222089934,0.07351915418097502,-8.083699866777262e-10,-8.083700496472348e-10,-8.083700496472348e-10,-8.083700496472348e-10,-8.083700496472348e-10,-8.083700496472348e-10,-8.083700496472348e-10,-8.083700496472348e-10,-8.083700496472348e-10,-8.083700496472348e-10,-8.083700496472348e-10,-2.5987688434163544e-10,0.08670218727701717,0.17028367865697144,0.4999999953925347,0.4999999969446743,0.4999999970976372,0.49999999771055725,0.499999997692111,0.4999999982800234,0.499999998194425,0.49999999814641377,0.4999999982391804,0.4999999980779424,0.4999999977986611,0.49999999796425065,0.4999999981594597,0.4999999982043517,0.49999999801885786,0.4999999979371657,0.4999999979453073,0.4999999982661596,0.4999999982683904,0.49999999774544035,0.49999999765636705,0.12478183448597531,-3.1341398091126316e-10,-3.134140387454825e-10,-3.134140387454825e-10,-3.134140387454825e-10,-3.134140387454825e-10,-3.134140387454825e-10,-3.134140387454825e-10,-3.134140387454825e-10,-3.1341398091126316e-10,0.0720342728214176,0.2881370936724422,0.4999999972198829,0.19247064336184125,0.49999998491545433,0.49999999784946414,0.4999999980067716,0.499999995649277,0.49999998302285353,0.4999999869269163,0.4991273404673537,0.12478183452118422,-3.1341398091126316e-10,-3.134140387454825e-10,0.11754682304798811,0.06903984920092951,-3.051929706037663e-10,-3.0519303693764084e-10,-3.0519303693764084e-10,-3.0519303693764084e-10,-3.0519303693764084e-10,-3.0519303693764084e-10,-3.0519303693764084e-10,-3.0519303693764084e-10,-3.0519303693764084e-10,-3.0519303693764084e-10,-3.0519303693764084e-10,-3.0519303693764084e-10,-3.0519303693764084e-10,-3.0519303693764084e-10,-3.0519303693764084e-10,-3.0519303693764084e-10,-3.0519303693764084e-10,-3.0519303693764084e-10,-3.0519303693764084e-10,-3.0519303693764084e-10,-3.0519303693764084e-10,-3.0519303693764084e-10,0.49999999824096253,0.15012227534281244,0.004597590520286345,1.00532853344218e-10,1.0131333799784368e-10,1.0237744090036303e-10,0.008077547435768308,0.15879506034160343,0.49999999828218633,0.4999999980064613,0.4999999976741091,0.4999999982145665,0.4522363411337459,0.12449223964287202,0.24053106252140566,0.4999999977888083,0.4999999980615264,0.4343654491569408,0.1600915518692599,0.17704495781872995,0.40870607647449464,0.10217651867636071,0.0,0.0,0.34189773826543396,0.10867179949394369,0.005563353828261217,-9.46429070669232e-10,-9.470313845182492e-10,-9.448792980931757e-10,0.014433162552628715,0.16152789072359514,0.4674081567146755,0.49999999655773675,0.44035843822139725,0.44593691305881844,0.17033690608342594,0.024854391452110974,0.015723987689989515,0.16578134391052726,0.3799119991601341,0.13054047705614522,0.019432991271553738,0.17738373997394505,0.49412002633102464,0.36605246109403455,0.1224695749429315,0.009004181885817647,-1.9342199038389717e-10,-1.9342199038389717e-10,-1.9342199038389717e-10,-1.9342199038389717e-10,-1.9342199038389717e-10,-1.9342199038389717e-10,-1.9342199038389717e-10,-1.934219998740751e-10,0.07464670831096604,0.2985868352616988,0.4999999975435455,0.49999999810657564,0.2810131383340226,0.07025328273279717,-1.934219998740751e-10,-1.9342199038389717e-10,-1.9342199038389717e-10,-1.9342199038389717e-10,-1.9342199038389717e-10,-1.9342199038389717e-10,-1.9342199038389717e-10,-1.9342199038389717e-10,-1.9342199038389717e-10,-1.9342199038389717e-10,0.4899547055228681,0.12248867571373694,-4.1167868931965054e-10,-4.116785590846019e-10,-4.116785590846019e-10,-4.116785590846019e-10,-4.116785590846019e-10,-4.116785590846019e-10,-4.116785590846019e-10,-4.116785590846019e-10,-4.116785590846019e-10,-4.116785590846019e-10,-4.116785590846019e-10,-4.116785590846019e-10,-4.116785590846019e-10,-4.116785590846019e-10,-4.116785590846019e-10,-4.116785590846019e-10,-4.116785590846019e-10,-4.116785590846019e-10,-4.116785590846019e-10,-4.116785590846019e-10,-4.116785590846019e-10,-4.116785590846019e-10,0.4999999974506025,0.19048937679709374,0.0274879797182604,-9.888349859579988e-10,-9.888346979445505e-10,-9.888346979445505e-10,-9.888346979445505e-10,-9.888346979445505e-10,-9.888346979445505e-10,-9.888346979445505e-10,-9.888346979445505e-10,-9.888346979445505e-10,-9.888346979445505e-10,-9.888346979445505e-10,-9.888346979445505e-10,-9.888346979445505e-10,-9.888346979445505e-10,-9.888346979445505e-10,-9.888346979445505e-10,-9.888346979445505e-10,-9.888346979445505e-10,-9.888346979445505e-10,-9.888346979445505e-10,-9.888346979445505e-10,6.087673190085533e-10,6.087673190085533e-10,6.087673190085533e-10,6.087673190085533e-10,6.087673190085533e-10,6.087673190085533e-10,6.087673190085533e-10,6.087675608491265e-10,0.11292152686232847,0.4516861083267251,0.4999999979869985,0.499999998426133,0.4999999960999118,0.17525267611684964,0.49999996917656087,0.33287100508336354,0.08321775103782157,6.087675608491265e-10,6.087673190085533e-10,6.087673190085533e-10,6.087673190085533e-10,6.087673190085533e-10,6.087673190085533e-10,6.087673190085533e-10,5.250153689804465e-10,5.250153689804465e-10,5.250153689804465e-10,5.250153689804465e-10,5.250153689804465e-10,5.250153689804465e-10,5.250153689804465e-10,5.25015540111696e-10,0.09600424940925542,0.38401699872703343,0.499999998179586,0.4999999984494133,0.499999997835225,0.4999999827002031,0.22685717950611914,0.05671429472429591,5.25015540111696e-10,5.250153689804465e-10,5.250153689804465e-10,5.250153689804465e-10,5.250153689804465e-10,5.250153689804465e-10,5.250153689804465e-10,5.250153689804465e-10,-3.467454986500286e-10,-3.467454986500286e-10,-3.467454986500286e-10,-3.467454986500286e-10,-3.467454986500286e-10,-3.467454986500286e-10,-3.467457190262148e-10,0.10828684607124427,0.433147386787711,0.4999999980539687,0.49999999794862965,0.49999999814001733,0.4999999977357051,0.49999999498781317,0.49999999722362926,0.49999999797945793,0.4999999980733772,0.499999997466918,0.4999999970553009,0.4999999971009625,0.4999999981838136,0.4999999981922813,0.4999999903505877,0.46703396481484705,-1.230267277200726e-9,-1.2302676558615997e-9,-1.2302676558615997e-9,-1.2302676558615997e-9,-1.2302676558615997e-9,-1.2302676558615997e-9,-1.230267277200726e-9,0.05729478908629296,0.22917916019146967,0.4999999970799505,0.49999999669734135,0.4999999973830658,0.49999999521249444,0.3809065009380971,0.4999997774177024,0.49999999683404556,0.4999999971777019,0.4999999879951928,0.4811529181638743,0.48613262459378803,0.49999999750041313,0.4999999975404672,0.3478273217293752,0.3190831721428521,0.4999999975541597,0.4298607000333881,0.1623771588392557,0.21867292677156144,0.2417887533367074,0.24929291126007871,0.3253229612645641,0.31668395419307266,0.4999999975384349,0.499999997001042,0.49999999642667586,0.49999999734340594,0.49999998236043175,0.351485515326523,0.4255599813641695,0.4999999966612841,0.49999999708328857,0.4505433047912992,0.41247061188571754,0.415445555017308,0.4999999974448978,0.49999999749979646,0.33081629412057745,0.3125848062592603,0.42858076368248155,0.4999999967207549,0.23244941793445031,0.3681254585654517,0.40758739965357976,0.42040472272504825,0.49999999201088136,0.4999999892439069,0.4999999976167335,0.4999999973854071,0.4999999972397903,0.4999999975132318,0.49999999695769626,0.4999999946019496,0.4999999963705221,0.4999999972832925,0.4999999974195605,0.49999999662340966,0.4999999962110954,0.49999999625509434,0.49999999758013314,0.49999999759422786,0.4999999927353119,0.4999999871005503,-1.314516847760105e-9,-1.314516863870134e-9,-1.314516863870134e-9,-1.314516863870134e-9,-1.314516863870134e-9,-1.314516863870134e-9,-1.314516847760105e-9,0.0629953349705614,0.25198134410597156,0.4999999953999047,0.49279276691712304,0.4999999970524348,0.37361751133769566,0.23402113740769145,0.2969610008124646,0.4999999873338641,0.49999999593037564,0.31849642602358863,0.2857362467854444,0.28828352204679436,0.4999999971418144,0.49999999739542444,0.2167422256749597,0.20162320211524343,6.790742482427827e-10,0.058552135838600534,0.2342085442270275,0.4999999983076857,0.49999999837300674,0.49999999837935805,0.499999998431715,0.4999999984278755,0.49999999863927663,0.49999999857671984,0.49999999854562704,0.4999999986075104,0.49999999851875904,0.499999998443895,0.4999999984796937,0.49999999855411764,0.49999999858494043,0.4999999984992072,0.4999999984729051,0.4999999984750431,0.49999999862798583,0.499999998628191,0.4999999984375045,0.49999999842431103,-2.7991369220140034e-10,-2.7991384954467523e-10,-2.7991384954467523e-10,-2.7991384954467523e-10,-2.7991384954467523e-10,-2.7991384954467523e-10,-2.7991369220140034e-10,0.12035324034285982,0.48141296373292863,0.49999999805415785,0.4999999979904446,0.4999999981214764,0.49999999791075717,0.4999999976482746,0.499999997791506,0.49999999800901695,0.49999999807492196,0.49999999784736204,0.4999999977666189,0.4999999977758895,0.49999999816320767,0.49999999816703694,0.49999999761078445,0.4999999975478061,0.3105436686795209,0.10461848861382417,-1.2912076253600231e-9,-1.291207679210285e-9,-1.291207679210285e-9,-1.291207679210285e-9,-1.2912076253600231e-9,0.11460639873970013,0.45842559889583734,0.49999999734490347,0.49999999718068583,0.49999999749513446,0.49999999684149216,0.4999999932526226,0.49999999608597634,0.49999999723226907,0.4999999973879027,0.4999999964174235,0.49999999587025107,0.49999999593205585,0.4999999975703566,0.49999999758470315,0.4999999886206788,0.499999924216931,-9.343671090737553e-10,-9.343670053241677e-10,-9.343670053241677e-10,-9.343670053241677e-10,-9.343670053241677e-10,-9.343671090737553e-10,0.06342239430876996,0.25368958037825673,0.4999999978904601,0.49999999777305,0.4999999977090364,0.4999999978340937,0.4999999976316588,0.49999999737338235,0.49999999751527463,0.4999999977265733,0.499999997790301,0.49999999756957053,0.4999999974910944,0.49999999750007335,0.49999999787419064,0.49999999787802624,0.4999999973367351,0.4999999972699559,0.4999999991353336,0.49999999897139374,0.499999998546137,0.49999999876143797,0.4999999987952985,0.49999999880497337,0.49999999888201324,0.49999999887758445,0.4999999991299729,0.4999999990613227,0.4999999990283748,0.49999999909624676,0.4999999989949619,0.4999999988992874,0.4999999989469342,0.4999999990366705,0.49999999907097703,0.49999999896993236,0.49999999893793035,0.4999999989414525,0.4999999991177656,0.4999999991198158,0.4999999988894325,0.4999999988707009,-1.2350909704524135e-9,-1.2350912073425466e-9,-1.2350912073425466e-9,-1.2350912073425466e-9,-1.2350912073425466e-9,-1.2350912073425466e-9,-1.2350909704524135e-9,0.10586669638292312,0.4234667893539007,0.4999999974920639,0.49999999739152184,0.4999999975912087,0.4999999972332387,0.4999999965442295,0.49999999697099357,0.4999999974220524,0.49999999752216884,0.499999997085523,0.4999999969114282,0.4999999969298285,0.49999999764907255,0.4999999976574315,0.49999999636123094,0.4999999961039121,-1.2676068061722566e-9,-1.2676073029345691e-9,-1.2676073029345691e-9,-1.2676073029345691e-9,-1.2676073029345691e-9,-1.2676073029345691e-9,-1.2676068061722566e-9,0.12282784022056939,0.49131136476315734,0.4999999974507749,0.4999999973374124,0.4999999975621083,0.49999999714395055,0.4999999961519784,0.49999999680054075,0.49999999737173095,0.49999999748311513,0.49999999694848507,0.4999999967178532,0.4999999967406572,0.4999999976239077,0.49999999763137964,0.49999999580572524,0.499999995303796,-7.99130188754152e-10,-7.991300793079573e-10,-7.991300793079573e-10,-7.991300793079573e-10,-7.991300793079573e-10,-7.99130188754152e-10,0.0908456604478221,0.36338264465468517,0.4999999979641431,0.49999999785740923,0.49999999780112875,0.4999999979121238,0.499999997737066,0.4999999975343679,0.49999999764260733,0.49999999781638405,0.49999999787294314,0.49999999768732367,0.499999997623476,0.49999999763086966,0.4999999979483362,0.4999999979514449,0.4999999975085788,0.4999999974627994,0.49999999786201493,0.4999999977190452,0.4999999973211317,0.499999997525246,0.49999999755626684,0.49999999756590546,0.49999999763830677,0.4999999976379887,0.499999997858726,0.49999999780159166,0.49999999777382115,0.49999999782950505,0.49999999774206466,0.4999999976569622,0.4999999977003848,0.4999999977800008,0.49999999780750815,0.4999999977198379,0.49999999769136305,0.49999999769387393,0.4999999978494067,0.49999999784832894,0.49999999764673414,0.49999999763057984,0.39969567427068203,0.49999999786170557,0.4999999943170245,0.49999999706546494,0.49999999725300887,0.4999999973016015,0.4999999976101068,0.49999999759744745,0.49999999816356566,0.4999999980495691,0.4999999979898166,0.499999998108695,0.4999999979168189,0.49999999767090875,0.49999999780572296,0.4999999980057494,0.49999999806557927,0.49999999785759264,0.49999999778237353,0.4999999977909702,0.49999999814466844,0.4999999981486401,0.49999999763539854,0.49999999757604896,0.2261378610607309,0.4999999959764261,0.22772065438377354,0.32027736624592373,0.34633056062875744,0.354728106622284,0.43845457954128864,0.4290528579354326,0.4999999976002919,0.4999999973302227,0.4999999971415646,0.49999999748516927,0.4999999965672326,0.46679312151649804,0.49999999415579127,0.4999999972022749,0.4999999973617365,0.49999999541793183,0.4999999926591637,0.4999999930698721,0.4999999975548268,0.49999999757352304,0.4444260265759572,0.4245806845902666,0.20744278985178483,0.49999999775277737,0.49999999592104694,0.49999999717516647,0.4999999973022644,0.49999999733634914,0.49999999756858005,0.49999999755945723,0.49999999805752615,0.4999999979492294,0.49999999789289806,0.49999999800380485,0.499999997827667,0.4999999976181178,0.4999999977308009,0.49999999790823824,0.4999999979645953,0.4999999977766769,0.499999997710971,0.4999999977184966,0.49999999803972994,0.4999999980430304,0.49999999759125263,0.4999999975406211,-1.2212647314402213e-9,0.11432990363707086,0.4573196179099522,0.4999999974302204,0.4999999974658554,0.4999999974763722,0.49999999755523117,0.49999999755451385,0.49999999779301724,0.49999999773080644,0.49999999769891823,0.4999999977609644,0.49999999766712544,0.4999999975755031,0.4999999976227283,0.49999999770882886,0.4999999977381234,0.4999999976436022,0.49999999761358943,0.4999999976170861,0.4999999977816159,0.499999997782219,0.4999999975646091,0.4999999975477144,0.4999999977611281,0.4999999974258822,0.48860111497204106,0.49999999621596325,0.4999999965617139,0.49999999664194417,0.49999999711168086,0.49999999709269954,0.4999999977547985,0.49999999763810066,0.49999999757304,0.4999999976969914,0.4999999974890847,0.4999999971944495,0.499999997361254,0.49999999758893665,0.4999999976517756,0.4999999974192079,0.4999999973346921,0.4999999973444696,0.49999999773521586,0.4999999977382492,0.49999999714117543,0.4999999970652514,0.49999999776789833,0.4999999974676404,0.4928239867076515,0.4999999963917435,0.49999999669668366,0.499999996767872,0.4999999971849136,0.49999999716883353,0.4999999977623263,0.4999999976569832,0.499999997598404,0.4999999977099382,0.49999999752331886,0.49999999725955174,0.49999999741020595,0.4999999976165871,0.4999999976698846,0.499999997460627,0.4999999973835143,0.4999999973896066,0.4999999977449581,0.4999999977483415,0.4999999972142726,0.49999999714170323,-8.552007792351455e-10,0.08023391233169658,0.32093565227378684,0.4999999976774671,0.4999999977103912,0.49999999771903464,0.4999999977844926,0.49999999778277826,0.49999999800249123,0.4999999979428768,0.49999999791268496,0.49999999797249206,0.49999999788397975,0.49999999780108023,0.4999999978420181,0.4999999979196406,0.49999999795019384,0.4999999978624226,0.4999999978339986,0.4999999978359821,0.4999999979926575,0.4999999979930627,0.4999999977930698,0.49999999777651916,0.38377508201594207,0.4999999982180372,0.49999999810703255,0.49999999815291474,0.499999998161446,0.49999999816399215,0.4999999981867903,0.4999999981859024,0.49999999829404296,0.4999999982590519,0.4999999982419849,0.49999999827623587,0.49999999822858104,0.4999999981925871,0.49999999820902136,0.4999999982455495,0.4999999982633256,0.49999999821881086,0.49999999820605484,0.49999999820756935,0.49999999828762554,0.4999999982870806,0.4999999981889603,0.4999999981835367,0.2570482841459977,0.49999999877401174,0.49999999864795747,0.49999999870055356,0.4999999987104139,0.4999999987130936,0.4999999987397351,0.4999999987374013,0.499999998870235,0.4999999988243913,0.4999999988023014,0.4999999988459808,0.49999999878683693,0.49999999874401696,0.4999999987635271,0.49999999880797286,0.4999999988323594,0.4999999987749857,0.49999999875968965,0.4999999987599499,0.49999999885899227,0.4999999988618921,0.49999999874258033,0.4999999987357889,1.018521946052711e-9,0.12331371851155744,0.49325487435054105,0.4999999985230653,0.49999999854432137,0.49999999855008415,0.499999998601828,0.4999999985984248,0.4999999987963176,0.4999999987378384,0.4999999987101234,0.49999999876657697,0.49999999868443096,0.49999999861338745,0.49999999864766076,0.49999999871735606,0.4999999987461644,0.4999999986658407,0.49999999864128203,0.4999999986442481,0.4999999987866229,0.4999999987865654,0.49999999860543987,0.49999999859361166,-1.113911331389104e-9,-1.1139114364183387e-9,-1.1139114364183387e-9,-1.1139114364183387e-9,-1.1139114364183387e-9,-1.113911331389104e-9,0.07811497738426065,0.3124599130135038,0.49999999784708055,0.49999999776685783,0.4999999977233077,0.4999999978073219,0.4999999976748583,0.49999999752099283,0.49999999760404357,0.49999999773713516,0.49999999777711784,0.49999999763693864,0.49999999758869834,0.49999999759438774,0.4999999978345205,0.49999999783573834,0.499999997499984,0.4999999974663272,-1.3285226059659021e-9,-1.3285227207189002e-9,-1.3285227207189002e-9,-1.3285227207189002e-9,-1.3285227207189002e-9,-1.3285226059659021e-9,0.07614852455140608,0.3045941015313254,0.49999999760644576,0.49999999736005035,0.4999999971882725,0.4999999974981355,0.49999999679794127,0.4999999794552828,0.49999999575098375,0.4999999972467353,0.4999999973942192,0.4999999962242078,0.4999999953810817,0.4999999954766972,0.4999999975671491,0.4999999975843904,0.4834693159801662,0.4558647685755617]
WARNING: Not solved to optimality, status: UserLimit
