WARNING: Method definition require(Symbol) in module Base at loading.jl:345 overwritten in module ConicBenchmarkUtilities at /home/ubuntu/.julia/v0.5/Requires/src/require.jl:12.
#SOLVERNAME# PAJ_MSD_CPLEX_PRON
#SOLVER# Pajarito.PajaritoSolver(3,3600.0,1.0e-5,true,CPLEX.CplexSolver(Any[(:CPX_PARAM_THREADS,1),(:CPX_PARAM_TILIM,3600.0),(:CPX_PARAM_EPINT,1.0e-8),(:CPX_PARAM_EPRHS,1.0e-6),(:CPX_PARAM_SCRIND,0),(:CPX_PARAM_EPGAP,1.0e-5)]),MathProgBase.DefaultMIPSolver(),0,false,true,Mosek.MosekMathProgSolverInterface.MosekSolver(Any[(:LOG,0),(:NUM_THREADS,1),(:OPTIMIZER_MAX_TIME,120.0)]),true,false,false,true,true,false,true,false,true,true,true,true,false,true,false,true,true,true,1.0e-10,1.0e-6)
#INSTANCE# 75_0_5_w.cbf.gz
#TIMELIMIT# 3600.0

Cone types summary:
Cone                   | Count    | Min dim  | Max dim 
     Rot. second order |     1800 |        3 |        3

Transforming original data......Done     0.02s

Creating conic model data......Done     0.01s

Creating MIP model......Done     0.14s

Solving conic relaxation......Done     1.25s
 - Relaxation status    =        Optimal
 - Relaxation objective = 12132468.480226

Creating conic subproblem model......Done     0.19s

Starting MIP-solver-driven outer approximation algorithm

Pajarito MICP solve summary:
 - Total time (s)       =       3.60e+03
 - Status               =      UserLimit
 - Best feasible obj.   =  +1.225695e+07
 - OA obj. bound        =  +1.224935e+07
 - Relative opt. gap    =      6.201e-04

Timers (s):
 - Setup                =   1.62e+00
 -- Transform data      =   2.40e-02
 -- Create conic data   =   8.14e-03
 -- Create MIP data     =   1.42e-01
 -- Load/solve relax    =   1.25e+00
 - MIP-driven algorithm =   3.60e+03
 -- Solve conic model   =   3.05e+00

Counters:
 - Lazy callback        =     0
 -- Feasible soln       =     0
 -- Integer repeat      =    71
 -- Conic statuses      =    16
 --- Infeasible         =     0
 --- Optimal            =    16
 --- Suboptimal         =     0
 --- UserLimit          =     0
 --- ConicFailure       =     0
 --- Other status       =     0
 -- No viol. subp. cut  =     0
 -- No viol. prim. cut  =     0
 - Heuristic callback   =     0
 -- Feasible added      =     0
 - Incumbent callback   =     0
 -- Feasible accepted   =     0

Max absolute primal infeasibilities
 - Constraint cones:
 -- Linear              =   7.63e-06
 -- Second order        =   0.00e+00
 -- Rot. second order   =   3.46e-08
 -- Primal exponential  =   0.00e+00
 -- Positive semidef.   =   0.00e+00
 - Variable cones:
 -- Linear              =   1.70e-08
 -- Second order        =   0.00e+00
 -- Rot. second order   =   0.00e+00
 -- Primal exponential  =   0.00e+00
 -- Positive semidef.   =   0.00e+00
#STATUS# UserLimit
#OBJVAL# 1.2256951595335636e7
#OBJBOUND# 1.224935061290843e7
#TIMESOLVER# 3600.0412900447845
#TIMEALL# 3600.1123180389404
#SOLUTION# [1.0,1.0,1.0,1.0,1.0,1.0,1.0,1.0,1.0,1.0,1.0,1.0,1.0,1.0,1.0,1.0,1.0,1.0,1.0,1.0,1.0,1.0,1.0,1.0,0.0,0.0,0.0,0.0,0.0,0.0,0.0,0.0,0.0,0.0,1.0,1.0,1.0,1.0,1.0,1.0,1.0,1.0,1.0,1.0,1.0,1.0,1.0,1.0,1.0,1.0,1.0,1.0,1.0,1.0,1.0,1.0,1.0,1.0,1.0,1.0,1.0,1.0,1.0,1.0,1.0,1.0,1.0,1.0,1.0,1.0,1.0,1.0,-0.0,0.0,0.0,0.0,0.0,0.0,1.0,1.0,1.0,1.0,1.0,1.0,1.0,1.0,1.0,1.0,1.0,1.0,1.0,1.0,1.0,1.0,1.0,1.0,1.0,1.0,1.0,1.0,1.0,1.0,1.0,1.0,1.0,1.0,1.0,1.0,1.0,1.0,0.0,0.0,-0.0,0.0,0.0,0.0,0.0,0.0,-0.0,0.0,0.0,0.0,0.0,0.0,0.0,0.0,1.0,1.0,1.0,1.0,1.0,1.0,1.0,1.0,1.0,1.0,1.0,1.0,1.0,1.0,1.0,1.0,1.0,1.0,0.0,0.0,0.0,0.0,0.0,0.0,0.0,1.0,1.0,1.0,1.0,1.0,1.0,1.0,1.0,1.0,1.0,1.0,1.0,1.0,1.0,1.0,1.0,1.0,1.0,1.0,1.0,1.0,1.0,1.0,1.0,1.0,1.0,1.0,1.0,1.0,1.0,1.0,1.0,1.0,1.0,1.0,0.0,0.0,0.0,-0.0,0.0,0.0,0.0,-0.0,0.0,-0.0,-0.0,0.0,-0.0,0.0,0.0,0.0,0.0,0.0,0.0,0.0,0.0,-0.0,-0.0,0.0,0.0,0.0,0.0,0.0,0.0,0.0,1.0,1.0,1.0,1.0,1.0,1.0,1.0,1.0,1.0,1.0,1.0,1.0,1.0,1.0,1.0,1.0,1.0,1.0,1.0,1.0,1.0,1.0,1.0,0.0,1.0,1.0,1.0,1.0,1.0,1.0,1.0,1.0,1.0,1.0,1.0,1.0,1.0,1.0,1.0,0.0,0.0,0.0,0.0,0.0,0.0,0.0,0.0,0.0,1.0,1.0,1.0,1.0,1.0,1.0,1.0,1.0,1.0,1.0,1.0,1.0,1.0,1.0,1.0,1.0,1.0,1.0,1.0,1.0,1.0,1.0,1.0,1.0,1.0,1.0,1.0,1.0,1.0,0.0,0.0,0.0,0.0,-0.0,0.0,0.0,0.0,-0.0,0.0,0.0,-0.0,0.0,0.0,0.0,0.0,0.0,0.0,0.0,1.0,1.0,1.0,1.0,0.0,0.0,0.0,0.0,0.0,-0.0,0.0,0.0,0.0,-0.0,0.0,0.0,0.0,0.0,0.0,0.0,0.0,0.0,0.0,0.0,1.0,1.0,1.0,0.0,0.0,0.0,0.0,-0.0,-0.0,-0.0,-0.0,0.0,0.0,-0.0,0.0,-0.0,-0.0,0.0,0.0,-0.0,0.0,0.0,0.0,0.0,1.0,1.0,1.0,1.0,0.0,0.0,0.0,0.0,0.0,0.0,0.0,0.0,0.0,0.0,0.0,0.0,0.0,-0.0,0.0,0.0,-0.0,-0.0,0.0,0.0,0.0,0.0,0.0,0.0,0.0,0.0,1.0,1.0,1.0,1.0,1.0,1.0,1.0,1.0,1.0,1.0,1.0,1.0,1.0,1.0,1.0,1.0,1.0,1.0,1.0,1.0,1.0,1.0,1.0,1.0,1.0,1.0,1.0,1.0,1.0,1.0,1.0,1.0,1.0,1.0,1.0,1.0,1.0,1.0,1.0,1.0,1.0,1.0,1.0,1.0,1.0,0.0,0.0,0.0,0.0,0.0,0.0,-0.0,0.0,0.0,0.0,0.0,0.0,0.0,-0.0,-0.0,0.0,-0.0,-0.0,0.0,0.0,0.0,1.0,1.0,1.0,1.0,0.0,0.0,0.0,0.0,0.0,-0.0,-0.0,0.0,-0.0,-0.0,-0.0,0.0,0.0,0.0,0.0,0.0,0.0,0.0,0.0,0.0,0.0,-0.0,-0.0,0.0,0.0,0.0,0.0,0.0,0.0,0.0,0.0,-0.0,0.0,0.0,0.0,0.0,0.0,-0.0,0.0,-0.0,-0.0,0.0,0.0,0.0,1.0,1.0,1.0,0.0,0.0,0.0,0.0,0.0,0.0,0.0,0.0,-0.0,-0.0,0.0,0.0,0.0,-0.0,0.0,0.0,0.0,0.0,0.0,0.0,0.0,1.0,1.0,1.0,1.0,1.0,1.0,1.0,1.0,1.0,1.0,1.0,1.0,1.0,1.0,1.0,1.0,1.0,1.0,1.0,1.0,1.0,1.0,1.0,1.0,0.0,0.0,0.0,0.0,0.0,0.0,1.0,1.0,1.0,1.0,1.0,1.0,1.0,1.0,1.0,1.0,1.0,1.0,1.0,1.0,1.0,1.0,1.0,1.0,1.0,1.0,1.0,1.0,1.0,1.0,1.0,1.0,1.0,1.0,1.0,1.0,1.0,1.0,1.0,1.0,1.0,1.0,1.0,1.0,1.0,1.0,1.0,0.0,1.0,1.0,1.0,0.0,0.0,0.0,0.0,0.0,0.0,-0.0,0.0,0.0,0.0,0.0,0.0,0.0,0.0,0.0,0.0,0.0,0.0,0.0,0.0,0.0,-0.0,0.0,0.0,0.0,0.0,0.0,0.0,-0.0,-0.0,-0.0,0.0,0.0,0.0,0.0,0.0,0.0,-0.0,0.0,0.0,0.0,0.0,0.0,0.0,0.0,0.0,0.0,0.0,0.0,0.0,0.0,1.0,1.0,1.0,1.0,1.0,1.0,1.0,1.0,1.0,1.0,1.0,1.0,1.0,1.0,1.0,1.0,1.0,0.0,0.0,0.0,0.0,0.0,0.0,0.0,0.0,0.0,0.0,0.0,0.0,0.0,0.0,0.0,-0.0,-0.0,-0.0,0.0,-0.0,0.0,-0.0,0.0,0.0,0.0,1.0,1.0,1.0,1.0,0.0,0.0,0.0,0.0,0.0,0.0,0.0,0.0,0.0,-0.0,0.0,0.0,-0.0,0.0,0.0,0.0,0.0,0.0,0.0,0.0,0.0,0.0,0.0,0.0,0.0,0.0,0.0,1.0,1.0,1.0,1.0,1.0,1.0,1.0,1.0,1.0,1.0,1.0,1.0,1.0,1.0,1.0,1.0,1.0,0.0,0.0,0.0,0.0,-0.0,-0.0,0.0,0.0,-0.0,0.0,-0.0,-0.0,0.0,0.0,-0.0,0.0,0.0,0.0,0.0,0.0,0.0,0.0,0.0,0.0,0.0,0.0,0.0,0.0,0.0,0.0,1.0,1.0,1.0,1.0,1.0,1.0,1.0,1.0,1.0,1.0,1.0,1.0,1.0,1.0,1.0,1.0,1.0,0.0,0.0,0.0,0.0,0.0,0.0,0.0,1.0,1.0,1.0,1.0,1.0,1.0,1.0,1.0,1.0,1.0,1.0,1.0,1.0,1.0,1.0,1.0,1.0,1.0,0.0,0.0,0.0,0.0,0.0,0.0,0.0,0.0,0.0,0.0,0.0,0.0,0.0,0.0,0.0,0.0,0.0,0.0,0.0,0.0,-0.0,0.0,0.0,0.0,1.0,1.0,1.0,1.0,1.0,1.0,1.0,1.0,1.0,1.0,1.0,1.0,1.0,1.0,1.0,1.0,1.0,1.0,1.0,1.0,1.0,1.0,1.0,1.0,1.0,1.0,1.0,0.0,0.0,0.0,-0.0,0.0,0.0,-0.0,-0.0,-0.0,-0.0,0.0,-0.0,0.0,-0.0,0.0,0.0,-0.0,0.0,0.0,0.0,0.0,1.0,0.0,0.0,0.0,0.0,1.0,1.0,1.0,1.0,1.0,1.0,1.0,1.0,1.0,1.0,1.0,1.0,1.0,1.0,1.0,1.0,1.0,1.0,1.0,1.0,0.0,0.0,0.0,0.0,0.0,1.0,1.0,1.0,1.0,1.0,1.0,1.0,1.0,1.0,1.0,1.0,1.0,1.0,1.0,1.0,1.0,1.0,1.0,1.0,0.0,0.0,0.0,0.0,0.0,1.0,1.0,1.0,1.0,1.0,1.0,1.0,1.0,1.0,1.0,1.0,1.0,1.0,1.0,1.0,1.0,1.0,0.0,1.0,0.0,0.0,0.0,0.0,1.0,1.0,1.0,1.0,1.0,1.0,1.0,1.0,1.0,1.0,1.0,1.0,1.0,1.0,1.0,1.0,1.0,1.0,1.0,1.0,1.0,1.0,1.0,1.0,1.0,1.0,1.0,1.0,1.0,1.0,1.0,1.0,1.0,1.0,1.0,1.0,1.0,1.0,1.0,1.0,1.0,1.0,1.0,1.0,1.0,1.0,1.0,1.0,1.0,1.0,1.0,1.0,1.0,1.0,1.0,1.0,1.0,1.0,1.0,1.0,1.0,1.0,1.0,1.0,1.0,1.0,1.0,1.0,1.0,1.0,1.0,1.0,1.0,1.0,1.0,1.0,1.0,1.0,1.0,1.0,1.0,1.0,1.0,1.0,1.0,1.0,1.0,1.0,1.0,1.0,1.0,1.0,1.0,1.0,1.0,1.0,1.0,1.0,1.0,1.0,1.0,1.0,1.0,1.0,1.0,1.0,1.0,1.0,1.0,1.0,1.0,1.0,1.0,1.0,1.0,1.0,1.0,1.0,1.0,1.0,1.0,1.0,1.0,1.0,1.0,1.0,1.0,1.0,1.0,1.0,1.0,1.0,1.0,1.0,1.0,1.0,1.0,1.0,1.0,1.0,1.0,1.0,1.0,1.0,1.0,1.0,1.0,1.0,1.0,1.0,1.0,1.0,1.0,1.0,1.0,1.0,1.0,1.0,1.0,1.0,1.0,1.0,1.0,1.0,1.0,1.0,1.0,1.0,1.0,1.0,1.0,1.0,1.0,1.0,1.0,1.0,1.0,1.0,1.0,1.0,1.0,1.0,1.0,1.0,1.0,1.0,1.0,1.0,0.0,0.0,0.0,0.0,0.0,0.0,1.0,1.0,1.0,1.0,1.0,1.0,1.0,1.0,1.0,1.0,1.0,0.0,0.0,1.0,0.0,0.0,0.0,1.0,1.0,1.0,1.0,1.0,1.0,1.0,1.0,1.0,1.0,1.0,1.0,1.0,1.0,1.0,1.0,1.0,1.0,1.0,1.0,1.0,1.0,1.0,1.0,1.0,0.0,0.0,0.0,0.0,1.0,1.0,1.0,1.0,1.0,1.0,1.0,1.0,1.0,1.0,1.0,1.0,1.0,1.0,1.0,1.0,1.0,1.0,1.0,1.0,1.0,1.0,1.0,1.0,1.0,1.0,1.0,1.0,1.0,1.0,1.0,1.0,1.0,1.0,1.0,1.0,1.0,1.0,1.0,1.0,1.0,1.0,1.0,1.0,1.0,1.0,1.0,1.0,1.0,1.0,1.0,1.0,1.0,1.0,1.0,1.0,1.0,1.0,1.0,1.0,1.0,1.0,1.0,1.0,1.0,1.0,1.0,1.0,0.0,0.0,0.0,0.0,1.0,1.0,1.0,1.0,1.0,1.0,1.0,1.0,1.0,1.0,1.0,1.0,1.0,1.0,1.0,1.0,1.0,1.0,1.0,1.0,1.0,1.0,0.0,0.0,0.0,1.0,1.0,1.0,1.0,1.0,1.0,1.0,1.0,1.0,1.0,1.0,1.0,1.0,1.0,1.0,1.0,1.0,1.0,1.0,0.0,0.0,0.0,0.0,0.0,1.0,1.0,1.0,1.0,1.0,1.0,1.0,1.0,1.0,1.0,1.0,1.0,1.0,1.0,1.0,1.0,1.0,1.0,1.0,1.0,1.0,1.0,1.0,1.0,1.0,1.0,1.0,1.0,1.0,1.0,1.0,1.0,1.0,1.0,1.0,1.0,1.0,1.0,1.0,1.0,1.0,1.0,1.0,1.0,1.0,1.0,1.0,1.0,1.0,1.0,1.0,1.0,1.0,1.0,1.0,1.0,1.0,1.0,1.0,1.0,1.0,1.0,1.0,1.0,1.0,1.0,1.0,1.0,1.0,1.0,1.0,1.0,1.0,1.0,1.0,1.0,1.0,1.0,1.0,1.0,1.0,1.0,1.0,1.0,1.0,1.0,1.0,1.0,1.0,1.0,1.0,1.0,1.0,1.0,1.0,1.0,1.0,1.0,1.0,1.0,1.0,1.0,1.0,1.0,1.0,1.0,1.0,1.0,1.0,1.0,1.0,1.0,1.0,1.0,1.0,1.0,1.0,1.0,1.0,1.0,1.0,1.0,1.0,1.0,1.0,1.0,1.0,1.0,1.0,1.0,1.0,1.0,1.0,1.0,1.0,1.0,1.0,1.0,1.0,1.0,1.0,1.0,1.0,1.0,1.0,1.0,1.0,1.0,1.0,1.0,1.0,1.0,1.0,1.0,1.0,1.0,1.0,1.0,1.0,1.0,1.0,1.0,1.0,1.0,1.0,0.0,0.0,0.0,1.0,1.0,1.0,1.0,1.0,1.0,1.0,1.0,1.0,1.0,1.0,1.0,1.0,1.0,1.0,1.0,1.0,1.0,1.0,0.0,0.0,0.0,0.0,1.0,1.0,1.0,1.0,1.0,1.0,1.0,1.0,1.0,1.0,1.0,1.0,1.0,1.0,1.0,1.0,1.0,1.0,1.0,1.0,1.0,1.0,1.0,1.0,1.0,1.0,1.0,1.0,1.0,1.0,1.0,1.0,1.0,1.0,1.0,1.0,1.0,1.0,1.0,1.0,1.0,1.0,1.0,1.0,0.0,0.0,0.0,0.0,0.0,1.0,1.0,1.0,1.0,1.0,1.0,1.0,1.0,1.0,1.0,1.0,1.0,1.0,1.0,1.0,1.0,1.0,1.0,1.0,0.0,0.0,0.0,0.0,0.0,1.0,1.0,1.0,1.0,1.0,1.0,1.0,1.0,1.0,1.0,1.0,1.0,1.0,1.0,1.0,1.0,1.0,0.0,1.0,1.0,1.0,1.0,1.0,1.0,1.0,1.0,1.0,1.0,1.0,1.0,1.0,1.0,1.0,1.0,1.0,1.0,1.0,1.0,1.0,1.0,1.0,1.0,1.0,1.0,1.0,1.0,1.0,1.0,1.0,1.0,1.0,1.0,1.0,1.0,1.0,1.0,1.0,1.0,1.0,1.0,1.0,1.0,1.0,1.0,1.0,1.0,1.0,1.0,1.0,1.0,1.0,1.0,1.0,1.0,1.0,1.0,1.0,1.0,1.0,1.0,1.0,1.0,1.0,1.0,1.0,1.0,1.0,1.0,1.0,1.0,1.0,1.0,1.0,1.0,1.0,1.0,1.0,1.0,1.0,1.0,1.0,1.0,1.0,1.0,1.0,1.0,1.0,1.0,1.0,1.0,1.0,1.0,1.0,1.0,1.0,1.0,1.0,1.0,1.0,1.0,1.0,1.0,1.0,1.0,1.0,1.0,1.0,1.0,1.0,1.0,1.0,1.0,1.0,1.0,1.0,1.0,1.0,1.0,1.0,0.0,0.0,0.0,0.0,1.0,1.0,1.0,1.0,1.0,1.0,1.0,1.0,1.0,1.0,1.0,1.0,1.0,1.0,1.0,1.0,1.0,1.0,1.0,1.0,1.0,1.0,1.0,1.0,1.0,1.0,1.0,1.0,1.0,1.0,1.0,1.0,1.0,1.0,1.0,1.0,1.0,1.0,1.0,1.0,1.0,1.0,1.0,1.0,1.0,1.0,0.0,0.0,0.0,1.0,1.0,1.0,1.0,1.0,1.0,1.0,1.0,1.0,1.0,1.0,1.0,1.0,1.0,1.0,1.0,1.0,0.0,1.0,0.0,0.0,0.0,0.0,0.0,0.0,0.0,0.0,0.0,0.0,0.0,0.0,0.0,0.0,0.0,0.0,0.0,0.0,0.0,0.0,0.0,0.0,0.0,0.0,0.0,0.0,0.0,0.0,0.0,0.0,0.0,0.0,0.0,1.0,0.0,0.0,0.0,0.0,0.0,0.0,0.0,0.0,0.0,0.0,0.0,0.0,0.0,0.0,0.0,0.0,0.0,0.0,0.0,0.0,0.0,0.0,0.0,0.0,0.0,0.0,0.0,0.0,0.0,0.0,0.0,0.0,0.0,0.0,0.0,0.0,0.0,0.0,0.0,0.0,0.0,0.0,0.0,1.0,0.0,0.0,0.0,0.0,0.0,0.0,0.0,0.0,0.0,0.0,0.0,0.0,0.0,0.0,0.0,0.0,0.0,0.0,0.0,0.0,0.0,0.0,0.0,0.0,0.0,0.0,0.0,0.0,0.0,0.0,0.0,0.0,0.0,0.0,0.0,0.0,0.0,0.0,0.0,0.0,0.0,0.0,0.0,0.0,0.0,0.0,0.0,1.0,0.0,0.0,0.0,0.0,0.0,0.0,0.0,0.0,0.0,0.0,0.0,0.0,0.0,0.0,0.0,0.0,0.0,0.0,0.0,0.0,0.0,0.0,0.0,0.0,1.0,0.0,0.0,0.0,0.0,0.0,0.0,0.0,0.0,0.0,0.0,0.0,0.0,0.0,0.0,0.0,0.0,1.0,0.0,0.0,0.0,0.0,0.0,0.0,0.0,0.0,0.0,0.0,0.0,0.0,0.0,0.0,0.0,0.0,0.0,0.0,0.0,0.0,0.0,0.0,0.0,0.0,0.0,0.0,0.0,0.0,0.0,0.0,0.0,0.0,0.0,0.0,0.0,0.0,0.0,0.0,0.0,0.0,0.0,0.0,0.0,0.0,0.0,0.0,0.0,0.0,0.0,0.0,0.0,0.0,0.0,0.0,0.0,0.0,0.0,0.0,0.0,0.0,0.0,0.0,0.0,0.0,0.0,0.0,0.0,0.0,0.0,0.0,0.0,0.0,0.0,0.0,0.0,0.0,0.0,0.0,0.0,0.0,0.0,0.0,0.0,0.0,0.0,0.0,0.0,0.0,0.0,0.0,0.0,0.0,0.0,0.0,0.0,0.0,0.0,0.0,0.0,0.0,0.0,0.0,0.0,0.0,0.0,0.0,0.0,0.0,0.0,0.0,0.0,0.0,0.0,0.0,0.0,0.0,0.0,0.0,0.0,0.0,0.0,0.0,0.0,0.0,0.0,0.0,0.0,0.0,0.0,0.0,0.0,0.0,0.0,0.0,0.0,0.0,0.0,0.0,0.0,0.0,0.0,0.0,0.0,0.0,0.0,0.0,0.0,0.0,0.0,0.0,0.0,0.0,0.0,0.0,0.0,0.0,0.0,0.0,0.0,0.0,0.0,0.0,0.0,0.0,0.0,0.0,0.0,0.0,0.0,0.0,0.0,0.0,0.0,0.0,0.0,0.0,0.0,0.0,0.0,0.0,0.0,0.0,0.0,0.0,0.0,0.0,0.0,0.0,0.0,0.0,0.0,0.0,0.0,0.0,0.0,0.0,0.0,0.0,0.0,0.0,0.0,0.0,0.0,0.0,0.0,0.0,0.0,0.0,0.0,0.0,0.0,0.0,0.0,0.0,0.0,0.0,0.0,0.0,0.0,0.0,0.0,1.0,0.0,0.0,0.0,0.0,0.0,0.0,0.0,0.0,0.0,0.0,0.0,0.0,0.0,0.0,0.0,0.0,0.0,0.0,0.0,0.0,0.0,0.0,0.0,0.0,0.0,0.0,0.0,0.0,0.0,0.0,0.0,0.0,0.0,0.0,0.0,0.0,0.0,0.0,0.0,0.0,0.0,0.0,0.0,0.0,0.0,0.0,0.0,0.0,0.0,0.0,0.0,0.0,0.0,0.0,0.0,0.0,0.0,0.0,0.0,0.0,0.0,0.0,0.0,0.0,0.0,0.0,0.0,0.0,0.0,0.0,0.0,0.0,0.0,0.0,0.0,0.0,0.0,0.0,0.0,0.0,0.0,0.0,0.0,0.0,0.0,0.0,0.0,0.0,0.0,0.0,0.0,0.0,0.0,0.0,0.0,0.0,0.0,0.0,0.0,0.0,0.0,0.0,0.0,0.0,0.0,0.0,0.0,0.0,0.0,0.0,0.0,0.0,0.0,0.0,0.0,0.0,0.0,0.0,0.0,0.0,0.0,0.0,0.0,0.0,0.0,0.0,0.0,0.0,0.0,0.0,0.0,0.0,0.0,0.0,0.0,0.0,0.0,0.0,0.0,0.0,0.0,0.0,0.0,0.0,0.0,0.0,0.0,0.0,0.0,0.0,0.0,0.0,0.0,0.0,0.0,0.0,0.0,0.0,0.0,0.0,0.0,0.0,0.0,0.0,0.0,0.0,0.0,1.0,0.0,0.0,0.0,0.0,0.0,0.0,0.0,0.0,0.0,0.0,0.0,0.0,0.0,0.0,0.0,0.0,0.0,0.0,0.0,0.0,0.0,0.0,0.0,0.0,0.0,0.0,0.0,0.0,0.0,0.0,0.0,0.0,0.0,0.0,0.0,0.0,0.0,0.0,0.0,0.0,0.0,0.0,0.0,0.0,0.0,0.0,0.0,0.0,0.0,0.0,0.0,0.0,0.0,0.0,0.0,0.0,0.0,0.0,0.0,0.0,0.0,0.0,0.0,0.0,0.0,0.0,0.0,0.0,0.0,0.0,0.0,0.0,0.0,0.0,0.0,0.0,0.0,0.0,0.0,0.0,0.0,0.0,0.0,0.0,0.0,0.0,0.0,0.0,0.0,0.0,0.0,0.0,0.0,0.0,0.0,1.0,0.0,0.0,0.0,0.0,0.0,0.0,0.0,0.0,0.0,0.0,0.0,0.0,0.0,0.0,0.0,0.0,0.0,0.0,0.0,0.0,0.0,0.0,0.0,0.0,0.0,0.0,0.0,0.0,0.0,0.0,0.0,0.0,0.0,0.0,0.0,0.0,0.0,0.0,0.0,0.0,0.0,0.0,0.0,0.0,0.0,0.0,0.0,0.0,0.0,0.0,0.0,0.0,0.0,0.0,0.0,0.0,0.0,0.0,0.0,0.0,0.0,0.0,0.0,0.0,0.0,0.0,0.0,0.0,0.0,0.0,0.0,0.0,1.0,0.0,0.0,0.0,0.0,0.0,0.0,0.0,0.0,0.0,0.0,0.0,0.0,0.0,0.0,0.0,0.0,0.0,0.0,0.0,0.0,0.0,0.0,0.0,0.0,0.0,0.0,0.0,0.0,0.0,0.0,0.0,0.0,0.0,0.0,0.0,0.0,0.0,0.0,0.0,0.0,0.0,0.0,0.0,0.0,0.0,0.0,1.0,0.0,0.0,0.0,0.0,0.0,0.0,0.0,0.0,0.0,0.0,0.0,0.0,0.0,0.0,0.0,0.0,0.0,0.0,0.0,0.0,0.0,0.0,0.0,1.0,0.0,0.0,0.0,0.0,0.0,0.0,0.0,0.0,0.0,0.0,0.0,0.0,0.0,0.0,0.0,0.0,0.0,0.0,0.0,0.0,0.0,0.0,0.0,0.0,0.0,0.0,0.0,0.0,0.0,0.0,0.0,0.0,0.0,0.0,0.0,0.0,0.0,0.0,0.0,0.0,0.0,0.0,0.0,0.0,0.0,0.0,0.0,0.0,0.0,0.0,0.0,0.0,0.0,0.0,0.0,0.0,0.0,0.0,0.0,0.0,0.0,0.0,0.0,0.0,0.0,0.0,0.0,0.0,0.0,0.0,0.0,0.0,0.0,0.0,0.0,0.0,0.0,0.0,0.0,0.0,0.0,0.0,0.0,0.0,0.0,0.0,0.0,0.0,0.0,1.0,0.0,0.0,0.0,0.0,1.0,0.0,0.0,0.0,0.0,0.0,0.0,0.0,0.0,0.0,0.0,0.0,0.0,0.0,0.0,0.0,0.0,0.0,0.0,1.0,0.0,0.0,0.0,0.0,0.0,1.0,0.0,0.0,0.0,0.0,0.0,0.0,0.0,0.0,0.0,0.0,0.0,0.0,0.0,0.0,0.0,0.0,0.0,1.0,0.0,0.0,0.0,0.0,0.0,1.0,0.0,0.0,0.0,0.0,0.0,0.0,0.0,0.0,0.0,0.0,0.0,0.0,0.0,0.0,0.0,0.0,0.0,1.0,0.0,0.0,0.0,0.0,1.0,0.0,0.0,0.0,0.0,0.0,0.0,0.0,0.0,0.0,0.0,0.0,0.0,0.0,0.0,0.0,0.0,0.0,0.0,1.0,0.0,0.0,0.0,0.0,0.0,0.0,0.0,0.0,0.0,0.0,0.0,0.0,0.0,0.0,0.0,0.0,0.0,0.0,0.0,0.0,0.0,0.0,0.0,0.0,0.0,0.0,0.0,0.0,0.0,0.0,0.0,0.0,0.0,0.0,0.0,0.0,0.0,0.0,0.0,0.0,0.0,0.0,0.0,0.0,0.0,0.0,0.0,0.0,0.0,0.0,0.0,0.0,0.0,0.0,0.0,0.0,0.0,0.0,0.0,0.0,0.0,0.0,0.0,0.0,0.0,0.0,0.0,0.0,0.0,0.0,0.0,0.0,0.0,0.0,0.0,0.0,0.0,0.0,0.0,0.0,0.0,0.0,0.0,0.0,0.0,0.0,0.0,0.0,0.0,0.0,0.0,0.0,0.0,0.0,0.0,1.0,0.0,0.0,0.0,0.0,0.0,0.0,0.0,0.0,0.0,0.0,0.0,0.0,0.0,0.0,0.0,0.0,0.0,0.0,0.0,0.0,0.0,0.0,0.0,0.0,0.0,0.0,0.0,0.0,0.0,0.0,0.0,0.0,0.0,0.0,0.0,0.0,0.0,0.0,0.0,0.0,0.0,0.0,0.0,0.0,0.0,0.0,0.0,1.0,0.0,0.0,0.0,0.0,0.0,0.0,0.0,0.0,0.0,0.0,0.0,0.0,0.0,0.0,0.0,0.0,0.0,0.0,0.0,0.0,0.0,0.0,0.0,1.0,0.0,0.0,0.0,0.0,0.0,0.0,1.0,0.0,0.0,0.0,0.0,0.0,0.0,0.0,0.0,0.0,0.0,0.0,0.0,1.0,0.0,0.0,0.0,1.0,0.0,0.0,0.0,0.0,0.0,0.0,0.0,0.0,0.0,0.0,0.0,0.0,0.0,0.0,0.0,0.0,0.0,0.0,0.0,0.0,0.0,0.0,0.0,1.0,0.0,0.0,0.0,0.0,1.0,0.0,0.0,0.0,0.0,0.0,0.0,0.0,0.0,0.0,0.0,0.0,0.0,0.0,0.0,0.0,0.0,0.0,0.0,0.0,0.0,0.0,0.0,0.0,0.0,0.0,0.0,0.0,0.0,0.0,0.0,0.0,0.0,0.0,0.0,0.0,0.0,0.0,0.0,0.0,0.0,0.0,0.0,1.0,0.0,0.0,0.0,0.0,0.0,0.0,0.0,0.0,0.0,0.0,0.0,0.0,0.0,0.0,0.0,0.0,0.0,0.0,0.0,0.0,0.0,0.0,0.0,1.0,0.0,0.0,0.0,0.0,1.0,0.0,0.0,0.0,0.0,0.0,0.0,0.0,0.0,0.0,0.0,0.0,0.0,0.0,0.0,0.0,0.0,0.0,0.0,0.0,0.0,0.0,0.0,0.0,0.0,1.0,0.0,0.0,0.0,0.0,0.0,0.0,0.0,0.0,0.0,0.0,0.0,0.0,0.0,0.0,0.0,0.0,0.0,1.0,0.0,0.0,0.0,0.0,0.0,1.0,0.0,0.0,0.0,0.0,0.0,0.0,0.0,0.0,0.0,0.0,0.0,0.0,0.0,0.0,0.0,0.0,0.0,0.0,0.0,0.0,0.0,0.0,0.0,0.0,0.0,0.0,0.0,0.0,0.0,0.0,0.0,0.0,0.0,0.0,0.0,0.0,0.0,0.0,0.0,0.0,0.0,0.0,0.0,0.0,0.0,0.0,0.0,0.0,0.0,0.0,0.0,0.0,0.0,0.0,0.0,0.0,0.0,0.0,0.0,0.0,0.0,0.0,0.0,0.0,0.0,1.0,0.0,0.0,0.0,0.0,0.0,0.0,0.0,0.0,0.0,0.0,0.0,0.0,0.0,0.0,0.0,0.0,0.0,0.0,0.0,0.0,0.0,0.0,0.0,1.0,0.0,0.0,0.0,0.0,0.0,0.0,0.0,0.0,0.0,0.0,0.0,0.0,0.0,0.0,0.0,0.0,0.0,0.0,0.0,0.0,0.0,0.0,0.0,0.0,0.0,0.0,0.0,0.0,0.0,0.0,0.0,0.0,0.0,0.0,0.0,0.0,0.0,0.0,0.0,0.0,0.0,0.0,0.0,0.0,0.0,0.0,0.0,1.0,0.0,0.0,0.0,0.0,0.0,0.0,0.0,0.0,0.0,0.0,0.0,0.0,0.0,0.0,0.0,0.0,0.0,0.0,0.0,0.0,0.0,0.0,0.0,0.0,0.0,0.0,0.0,0.0,0.0,1.0,0.0,0.0,0.0,0.0,0.0,0.0,0.0,0.0,0.0,0.0,0.0,0.0,0.0,0.0,0.0,0.0,0.0,1.0,0.0,0.0,0.0,0.0,1.0,0.0,0.0,0.0,0.0,0.0,0.0,0.0,0.0,0.0,0.0,0.0,0.0,0.0,0.0,0.0,0.0,0.0,0.0,0.0,0.0,0.0,0.0,0.0,0.0,0.0,0.0,0.0,0.0,0.0,0.0,0.0,0.0,0.0,0.0,0.0,0.0,0.0,0.0,0.0,0.0,0.0,0.0,1.0,0.0,0.0,0.0,0.0,0.0,1.0,0.0,0.0,0.0,0.0,0.0,0.0,0.0,0.0,0.0,0.0,0.0,0.0,0.0,0.0,0.0,0.0,0.0,1.0,0.0,0.0,0.0,0.0,0.0,1.0,0.0,0.0,0.0,0.0,0.0,0.0,0.0,0.0,0.0,0.0,0.0,0.0,0.0,0.0,0.0,0.0,0.0,0.0,0.0,0.0,0.0,0.0,0.0,0.0,0.0,0.0,0.0,0.0,0.0,0.0,0.0,0.0,0.0,0.0,0.0,0.0,0.0,0.0,0.0,0.0,0.0,1.0,0.0,0.0,0.0,0.0,0.0,0.0,0.0,0.0,0.0,0.0,0.0,0.0,0.0,0.0,0.0,0.0,0.0,0.0,0.0,0.0,0.0,0.0,0.0,1.0,0.0,0.0,0.0,0.0,0.0,0.0,0.0,0.0,0.0,0.0,0.0,0.0,0.0,0.0,0.0,0.0,0.0,0.0,0.0,0.0,0.0,0.0,0.0,1.0,0.0,0.0,0.0,0.0,0.0,0.0,0.0,0.0,0.0,0.0,0.0,0.0,0.0,0.0,0.0,0.0,0.0,0.0,0.0,0.0,0.0,0.0,0.0,0.0,0.0,0.0,0.0,0.0,0.0,0.0,0.0,0.0,0.0,0.0,0.0,0.0,0.0,0.0,0.0,0.0,0.0,0.0,0.0,0.0,0.0,0.0,0.0,1.0,0.0,0.0,0.0,0.0,1.0,0.0,0.0,0.0,0.0,0.0,0.0,0.0,0.0,0.0,0.0,0.0,0.0,0.0,0.0,0.0,0.0,0.0,0.0,0.0,0.0,0.0,0.0,0.0,0.0,0.0,0.0,0.0,0.0,0.0,0.0,0.0,0.0,0.0,0.0,0.0,0.0,0.0,0.0,0.0,0.0,0.0,0.0,0.0,0.0,0.0,0.0,0.0,0.0,1.0,0.0,0.0,0.0,0.0,0.0,0.0,0.0,0.0,0.0,0.0,0.0,0.0,0.0,0.0,0.0,0.0,0.0,0.0,0.34963183362599887,4.0210160040244605e-9,1.3635078105973074e-8,5.128493101067143e-8,0.23969474841004862,0.5893248442004008,0.9389565638877567,0.9999999941649399,0.9999999941468505,0.9999999879044438,0.9999999965716551,0.9999999921104173,0.5848900407849598,0.9345218465072647,0.999999989499592,0.9999999955468387,0.9999999819867122,0.9999998853088566,0.9999999599314755,0.9999999949274984,0.9999999898115149,0.5848898932369117,0.1697798036262038,0.0,0.0,0.0,0.0,0.0,0.0,0.0,0.0,0.0,0.0,0.0,0.44509947857291554,0.8901989533772962,0.9753034824051069,0.9999999828558719,0.9999999915558304,0.9999999957153148,0.9999999880671011,0.9999999769584187,0.9999999825750594,0.9999999952107174,0.9999999944790529,0.9879821981138199,0.7554055387352306,0.8841120687400932,0.9999999971135052,0.999999992092581,0.9999999958605836,0.9999999963167462,0.9999999964811392,0.9999999964845891,0.9999999966339975,0.9999999974370871,0.9999999973996572,0.9999999970299142,0.9999999978020351,0.999999997243609,0.9999999963010293,0.999999996741107,0.999999997088014,0.9999999975916432,0.9999999968957624,0.999999996642266,0.9999999967348561,0.9999999974984083,0.9999999973951795,0.9999999963212941,0.9999999960730193,0.0,0.0,0.0,0.0,0.0,0.0,0.0,0.3473128374582076,0.6946256742522611,0.9999999938718028,0.9999999837904846,0.99999999663985,0.999999987367494,0.6531796181383318,0.9528314687803067,0.9999999869002605,0.9999999955252409,0.9999999666290998,0.7534140995109058,0.9401633844408793,0.9999999948130969,0.9999999877779895,0.6531796087240225,0.30635924073147686,0.635801491783369,0.3630627189714243,7.4092835580964535e-9,1.289967539201844e-8,5.191003122466239e-8,0.11382940340491092,0.12972848008884674,0.5419371489195881,0.9999999936427195,0.9999999936793005,0.9999999829173694,0.7261254347858619,0.3630627177194608,0.0,0.0,0.0,0.0,0.0,0.0,0.0,0.0,0.0,0.0,0.0,0.0,0.0,0.0,0.0,0.0,0.0,0.0,0.4074336635632689,0.8148673262991405,0.999999996641795,0.9999999956808306,0.99999999744443,0.9999999962678433,0.9999999927006716,0.9999999947226078,0.9999999958483707,0.9999999970501005,0.9999999952647508,0.9999999943397725,0.9999999946998245,0.9999999968566684,0.9999999966168021,0.9999999927962275,0.9999999912215558,0.0,0.0,0.0,0.0,0.0,0.0,0.0,0.0,0.4857103068859391,0.9714206123360019,0.9999999952862494,0.9999999972174038,0.9999999959201222,0.9999999922399372,0.999999994280483,0.9999999954680203,0.9999999967784264,0.9999999948483279,0.9999999938850309,0.9999999942571071,0.9999999965644376,0.999999996302147,0.9999999923340246,0.9999999908213836,0.0,0.4566252957896119,0.07198913579625792,0.4439828885896773,0.9006080257336356,0.9999999454315384,0.9999999472825206,0.9999999737849093,0.9999999943073034,0.9999999942573277,0.9999999900027848,0.9999999964212,0.9999999928894212,0.9507505922456891,0.9999999813337215,0.7692723271559541,0.38463616601941364,0.0,0.0,0.0,0.0,0.0,0.0,0.0,0.0,0.0,0.0,0.0,0.0,0.0,0.0,0.0,0.0,0.0,0.0,0.0,0.0,0.0,0.0,0.0,0.0,0.0,0.0,0.0,0.0,0.0,0.0,0.0,0.9146420809414595,0.9999999958992971,0.5617404230707583,0.9999999878538527,0.9999999931560183,0.9999999938606211,0.9999999938776537,0.9999999944347645,0.9999999966338808,0.9999999965810127,0.999999995672013,0.9999999973736047,0.9999999962219965,0.9999999930910854,0.9999999948034948,0.9999999958271445,0.9999999969805298,0.999999995289313,0.9999999944658429,0.9999999947796535,0.9925735718978018,0.49628678647912366,0.0,0.0,0.7587861353322408,0.6170607099031151,0.2796010374963621,0.31459820974655894,0.7250857500577667,0.9999998250664353,0.9999998467741457,0.9999999671258746,0.9999999948863825,0.9999999948535423,0.9999999905896422,0.9999999968152574,0.6749193473258688,0.33745967404704497,0.0,0.0,0.0,0.0,0.0,0.0,0.0,0.0,0.0,0.0,0.7371494524704059,0.6051633595888868,0.19789534334706155,0.25044832825439506,0.655473496769217,0.8393134417427347,0.8461267028593868,0.9999996488830176,0.9999999940470786,0.9999999940367332,0.9999999873669332,0.9999999965380967,0.9999999921976085,0.6408746032212934,0.9999999552949046,0.999999989101437,0.9999999954855132,0.9999999807384747,0.9999997981519543,0.9999999529942588,0.9999999948458653,0.9999999938398124,0.6533868116085025,0.42387604045499616,0.9783350813789901,0.5292660826732927,0.08019708144384856,2.172077718951183e-8,0.0,0.0,0.0,0.0,0.0,0.0,0.0,0.0,0.0,0.0,0.0,0.0,0.0,0.0,0.0,0.0,0.0,0.0,0.0,0.0,0.9530279755784055,0.5247211341502492,0.09641429334707154,0.0,0.0,0.0,0.0,0.0,0.0,0.0,0.0,0.0,0.0,0.0,0.0,0.0,0.0,0.0,0.0,0.0,0.0,0.0,0.0,0.0,0.8875488232948678,0.48319402440253456,0.0,0.0,0.0,0.0,0.0,0.0,0.0,0.0,0.0,0.0,0.0,0.0,0.0,0.0,0.0,0.0,0.0,0.0,0.0,0.0,0.0,0.0,0.9795031463050073,0.6208136273518174,0.2621241090910312,0.0,0.0,0.0,0.0,0.0,0.0,0.0,0.0,0.0,0.0,0.0,0.0,0.0,0.0,0.0,0.0,0.0,0.0,0.0,0.0,0.0,0.0,0.0,0.0,0.0,0.0,0.0,0.0,0.4972310926456871,0.9944621836708236,0.9999999946207894,0.9999999926386522,0.9999999961866358,0.9999999938643293,0.9999999856395682,0.9999999905339131,0.9999999929879356,0.999999995427645,0.9999999917391944,0.9999999896579982,0.9999999904842317,0.9999999950469489,0.9999999945705101,0.999999985874708,0.9999999815901026,0.7373727304510603,0.9999999870750653,0.5725895723222363,0.9531606099437023,0.9999999748719344,0.9999999815588245,0.9999999817105921,0.9999999854115318,0.9999999942096006,0.9999999941220669,0.9999999912202158,0.9999999960703474,0.9999999930785648,0.9999999741027212,0.9999999874563735,0.999999991777483,0.999999995159586,0.9999999897125778,0.9999999856182975,0.9999999873487799,0.9999999946781426,0.9999999940382166,0.9999999748815631,0.9999999522473731,0.6559914567314241,0.43532591625231576,0.0,0.0,0.0,0.0,0.0,0.0,0.0,0.0,0.0,0.0,0.0,0.0,0.0,0.0,0.0,0.0,0.0,0.0,0.0,0.0,0.0,0.0,0.9999999958841984,0.6454464657172013,0.29089293156226204,0.0,0.0,0.0,0.0,0.0,0.0,0.0,0.0,0.0,0.0,0.0,0.0,0.0,0.0,0.0,0.0,0.0,0.0,0.0,0.0,0.0,0.0,0.0,0.0,0.0,0.0,0.0,0.0,0.0,0.0,0.0,0.0,0.0,0.0,0.0,0.0,0.0,0.0,0.0,0.0,0.0,0.0,0.0,0.0,0.0,0.6030997167258383,0.45847721858098267,0.0,0.0,0.0,0.0,0.0,0.0,0.0,0.0,0.0,0.0,0.0,0.0,0.0,0.0,0.0,0.0,0.0,0.0,0.0,0.0,0.0,0.0,0.8497957237077086,0.999999992235521,0.5241573140608549,0.930503011836544,0.9999999828621724,0.999999985820198,0.9999999858963886,0.9999999879151812,0.9999999942318302,0.9999999941298217,0.999999991770001,0.9999999959233181,0.9999999932450602,0.9999999825683744,0.9999999891577611,0.9999999922031804,0.9999999950578756,0.9999999906715786,0.9999999880305733,0.9999999890920153,0.9999999946250268,0.9999999940656494,0.9999999828944276,0.9999999764900565,0.0,0.0,0.0,0.0,0.0,0.0,0.0,0.4118815239159391,0.8237630460165892,0.9999999934241567,0.9999999899104305,0.9999999957380912,0.9999999921671576,0.9999999673269949,0.9999999852147323,0.9999999905762781,0.9999999946590811,0.9999999880411498,0.9999999828732894,0.9999999850808019,0.9999999940768493,0.9999999933247299,0.9999999684016458,0.9999999329289107,0.6869995761320932,0.49455273722986065,1.0477258317308163e-8,2.550952983805439e-8,4.728879890174632e-7,0.16154060384290145,0.1684821807946713,0.5263124474940891,0.9999999821909009,0.9999999863999932,0.9901097132367515,0.9999999944818503,0.960119427027821,0.46556670622426694,0.526312721599668,0.9999998606908025,0.9999999916929483,0.7488923188557405,0.36473381439385555,0.5154183878571152,0.9891054722205136,0.49455273862370425,0.0,0.0,0.8760548932735457,0.4553649083642759,0.0,0.0,0.0,0.0,0.0,0.0,0.0,0.0,0.0,0.0,0.0,0.0,0.0,0.0,0.0,0.0,0.0,0.0,0.0,0.0,0.0,0.0,0.0,0.0,0.0,0.0,0.0,0.0,0.0,0.0,0.0,0.0,0.0,0.0,0.0,0.0,0.0,0.0,0.0,0.0,0.0,0.0,0.0,0.0,0.0,0.0,0.0,0.0,0.0,0.0,0.0,0.0,0.0,0.4425160699121587,0.8850321450015787,0.9999999833452154,0.9802892185952125,0.9999999935054972,0.8350083288389641,0.40224674635346896,0.5163426958572181,0.9588586792997511,0.9999999900038015,0.6314867983832425,0.19872572125570234,0.4230073069929837,0.8655231956343388,0.4327616006831121,0.0,0.0,0.0,0.0,0.0,0.0,0.0,0.0,0.0,0.0,0.0,0.0,0.0,0.0,0.0,0.0,0.0,0.0,0.0,0.0,0.0,0.0,0.0,0.0,0.0,0.0,0.9351771247743035,0.5801758123704063,0.22517449390975483,0.0,0.0,0.0,0.0,0.0,0.0,0.0,0.0,0.0,0.0,0.0,0.0,0.0,0.0,0.0,0.0,0.0,0.0,0.0,0.0,0.0,0.0,0.0,0.0,0.0,0.0,0.0,0.0,0.0,0.4620352496738857,0.9240704971064219,0.9999999929152645,0.999999996230664,0.9999999940375036,0.9999999868830933,0.9999999910309307,0.9999999932313698,0.9999999955048442,0.9999999921007713,0.9999999902655434,0.9999999909873792,0.999999995144571,0.9999999946981171,0.999999987079664,0.9999999836761823,0.0,0.0,0.0,0.0,0.0,0.0,0.0,0.0,0.0,0.0,0.0,0.0,0.0,0.0,0.0,0.0,0.0,0.0,0.0,0.0,0.0,0.0,0.0,0.0,0.0,0.0,0.0,0.0,0.0,0.0,0.0,0.4856260996026272,0.9712521974336503,0.9999999920728702,0.999999982075836,0.9999999956158317,0.9999999893855362,0.6135010823384207,0.999999919662491,0.999999984751361,0.9999999941362394,0.9999999712756429,0.9953155550629571,0.9999999138364242,0.9480680898306155,0.47403404635988844,0.0,0.0,0.0,0.0,0.0,0.0,0.0,0.0,0.0,0.471081605902574,0.9421632100501965,0.9999999939760577,0.9999999914143047,0.9999999958607577,0.9999999930229634,0.9999999806232233,0.9999999884909202,0.9999999918901614,0.9999999949556634,0.9999999901995845,0.9999999871967338,0.9999999884163809,0.9999999944971092,0.9999999939020736,0.9999999810216026,0.9999999726777867,0.0,0.0,0.0,0.0,0.0,0.0,0.0,0.0,0.0,0.0,0.0,0.0,0.0,0.0,0.0,0.0,0.0,0.0,0.0,0.0,0.0,0.0,0.0,0.0,0.7945173258067659,0.999999976889584,0.557968288875693,0.9309842696703471,0.9999999641804183,0.9999999760844799,0.9999999763269417,0.9999999820132522,0.9999999936050621,0.9999999935141559,0.9999999899427882,0.9999999957767272,0.9999999922578591,0.9999999626334471,0.9999999849315051,0.9999999906441629,0.9999999947288973,0.999999987993794,0.9999999823154253,0.999999984789366,0.9999999941669253,0.9999999934067082,0.9999999641205184,0.9999998976006701,0.6460707854805665,0.2346360399750904,0.0,0.0,0.0,0.0,0.0,0.0,0.0,0.0,0.0,0.0,0.0,0.0,0.0,0.0,0.0,0.0,0.0,0.0,0.0,0.0,0.0,0.0,0.0,0.0,0.0,0.0,0.0,0.0,0.34634500922438055,0.6926900101847103,0.9999999860448552,0.9999999859439526,0.9999999720149493,0.9999999922548571,0.999999981724637,0.9649875899052164,0.9999999352621443,0.9999999752610115,0.999999989524388,0.9999999611893594,0.9999998954888879,0.9999999336537193,0.999999987910046,0.99999998552596,0.967421218313774,0.9227775653142598,0.0,0.0,0.0,0.0,0.0,0.0,0.0,0.4674064450715173,0.9348128835670204,0.9999999848115478,0.9999999537263704,0.9999999926967769,0.9999999780237425,0.8424191795667633,0.9806232423926753,0.9999999636888025,0.9999999895743581,0.9999998891161317,0.9455226321730179,0.9783934987473364,0.9999999875278089,0.9999999840860799,0.8456607538226737,0.786186676378318,0.0,0.0,0.0,0.0,0.0,0.0,0.0,0.3582896242370971,0.7007116519641985,0.7068025110188416,0.578423856944308,0.9367130950190908,0.6429177132674587,0.41438329111272293,0.4967869195296023,0.5881783606251413,0.8033935950312238,0.5341170761453397,0.4758582634422358,0.49545745152986703,0.7521468053358819,0.45839187806655946,0.0,0.0,0.0,0.0,0.0,0.0,0.0,0.0,0.3611617011044492,0.7223233981830904,0.9999999933406457,0.9999999932029047,0.9999999915142026,0.9999999948874793,0.9999999925043982,0.9999999877742654,0.9999999900972337,0.9999999917811473,0.9999999940299513,0.9999999908673084,0.999999989597429,0.9999999900697534,0.9999999936278416,0.9999999931804233,0.9999999878708681,0.999999986464579,0.0,0.33683505443758943,0.6736701020858168,0.9999999914711972,0.9999999924266424,0.9999999927526021,0.9999999927586094,0.9999999930581538,0.9999999948528556,0.9999999947525441,0.9999999939050003,0.999999995734618,0.9999999943830725,0.9999999923943043,0.9999999932778636,0.9999999940295411,0.999999995213937,0.9999999936084767,0.9999999930739403,0.9999999932674342,0.9999999949852627,0.9999999947505667,0.999999992435105,0.9999999919616747,0.5778375111798344,0.9999999914774165,0.999999881667877,0.999999983401429,0.9999999867695525,0.9999999878596272,0.9999999878902806,0.9999999887992406,0.999999993100399,0.9999999929602615,0.9999999910687066,0.9999999947838168,0.9999999921838463,0.9999999866658489,0.9999999894387699,0.9999999913710054,0.9999999938593852,0.9999999903295508,0.9999999888527267,0.9999999894061318,0.9999999934208944,0.9999999929279858,0.9999999867790358,0.9999999850463929,0.99999999652212,0.9999999920822016,0.9394050523619076,0.9999999809417921,0.9999999861648677,0.9999999876539055,0.9999999876950088,0.9999999888620632,0.9999999937165478,0.9999999935928016,0.9999999915602298,0.9999999953896284,0.9999999927846244,0.9999999860177332,0.999999989655791,0.9999999918997066,0.9999999944980176,0.9999999907168113,0.999999988930832,0.9999999896146665,0.9999999940594538,0.9999999935518747,0.9999999861655903,0.9999999836236692,0.6139951353818999,0.9999999896862074,0.9690966552567888,0.9999999767877885,0.9999999825783189,0.9999999843122587,0.9999999843603055,0.9999999857496351,0.9999999918129363,0.9999999916371651,0.9999999890624197,0.9999999939977644,0.9999999906047519,0.9999999824132807,0.99999998671023,0.9999999894867558,0.9999999928230244,0.9999999880114082,0.9999999858351891,0.9999999866609215,0.9999999922550785,0.9999999915923631,0.9999999825842902,0.9999999797082386,0.0,0.4721511294218905,0.944302254631402,0.9999999944494908,0.9999999948145113,0.9999999949606813,0.9999999949642127,0.9999999951067097,0.9999999960541882,0.9999999959856908,0.9999999955285218,0.9999999965673112,0.9999999957809902,0.9999999947960883,0.9999999952116393,0.9999999955933292,0.999999996251407,0.9999999953752371,0.9999999951124182,0.999999995206819,0.9999999961176348,0.9999999959921742,0.9999999948176778,0.9999999946084265,0.5893741918192128,0.9999999967274363,0.9999999952672566,0.9999999961022209,0.9999999962929755,0.9999999963718023,0.9999999963737956,0.9999999964506895,0.9999999969941994,0.999999996948013,0.9999999966841923,0.9999999973008902,0.9999999968287558,0.9999999962836282,0.9999999965073278,0.9999999967211114,0.9999999971069568,0.9999999965976695,0.9999999964527676,0.9999999965046702,0.9999999970259084,0.9999999969557825,0.9999999962955983,0.999999996186393,0.0,0.4592884205299,0.9185768373335949,0.9999999946711087,0.999999994983269,0.9999999951095333,0.9999999951125531,0.9999999952369485,0.9999999960895324,0.9999999960237871,0.9999999956107284,0.9999999965596942,0.9999999958369613,0.9999999949667675,0.9999999953289194,0.9999999956685706,0.9999999962674928,0.999999995473691,0.9999999952417435,0.999999995324792,0.9999999961446382,0.9999999960309706,0.9999999949860492,0.999999994806067,0.0,0.0,0.0,0.0,0.0,0.0,0.0,0.0,0.44173663909012484,0.7513723927611375,0.5895668084711718,0.9999998645210173,0.6754238999203704,0.4037309732715043,0.5016965429042889,0.6103470871895561,0.33669525584800564,0.0,0.0,0.0,0.0,0.0,0.0,0.0,0.0,0.3656389368015905,0.6499874469651995,0.8732931419914608,0.9447051048136711,0.9761198710546422,0.9773037020083619,0.9999995298873674,0.999999986533946,0.9999999865143019,0.9999999701294164,0.9999999928438528,0.9999999819268481,0.9416459853160376,0.9999999001008837,0.9999999742808116,0.9999999901720396,0.9999999545073623,0.9999996653747026,0.9999998955283268,0.9999999885373773,0.9999999860242318,0.9438199743343084,0.9039467310201974,0.0,0.0,0.0,0.0,0.0,0.0,0.3446625800155172,0.6893251561273475,0.9999999935831875,0.999999993450411,0.9999999918907646,0.9999999950357189,0.9999999928024318,0.9999999885203246,0.9999999906001132,0.9999999921353464,0.999999994224258,0.9999999912993839,0.9999999901488551,0.9999999905755591,0.9999999938473965,0.9999999934323447,0.999999988609038,0.9999999873665102,0.9878831664726805,0.9999999801443978,0.6750854480293774,0.9184714110647636,0.9963026766255374,0.9999998635350577,0.9999998684346387,0.9999999356590952,0.9999999874010916,0.9999999872865197,0.9999999765916957,0.9999999927151734,0.9999999838594017,0.9929694024367819,0.9999999548182286,0.9999999789335058,0.9999999903137295,0.999999969320855,0.9999999381846045,0.9999999540308668,0.9999999889292197,0.9999999869541735,0.9953379904690282,0.9518808295892099,0.0,0.3413048339001098,0.6826096647222273,0.9999999950114856,0.9999999953189674,0.9999999954275032,0.9999999954290226,0.9999999955378855,0.9999999962949885,0.9999999962341395,0.9999999958669025,0.9999999967190683,0.9999999960676491,0.9999999953018848,0.999999995618337,0.9999999959180276,0.9999999964529326,0.9999999957461081,0.9999999955416696,0.9999999956148139,0.9999999963423712,0.9999999962421056,0.999999995319363,0.9999999951623675,0.0,0.0,0.0,0.0,0.0,0.0,0.33861115110968587,0.6772222988665515,0.9999999940678104,0.9999999939467218,0.9999999925448073,0.9999999953815721,0.9999999933638143,0.999999989543188,0.9999999913907403,0.9999999927641017,0.9999999946465548,0.9999999920149668,0.9999999909884545,0.9999999913688817,0.9999999943048639,0.999999993932521,0.9999999896223243,0.999999988525973,0.8231501768918414,0.4241663238570498,0.0,0.0,0.0,0.0,0.0,0.44691672004837757,0.893833432172606,0.9999999792299332,0.9999999346311753,0.9999999902212722,0.9999999696289058,0.8279559804101941,0.9759764324199992,0.9999999491263131,0.9999999858787194,0.9999998353657267,0.9383826335455491,0.9735883229772037,0.999999983029987,0.999999978178895,0.8314276821651383,0.7677296071178616,0.0,0.0,0.0,0.0,0.0,0.0,0.0,0.4982615252864273,0.9965230486323811,0.9999999946463978,0.9999999937285302,0.9999999956991552,0.9999999942528508,0.9999999920409033,0.9999999930372049,0.9999999938670178,0.9999999951463664,0.9999999934029712,0.9999999928091916,0.9999999930252215,0.9999999949012617,0.9999999946484656,0.9999999920869785,0.9999999915483941,0.9999999966690108,0.999999994404715,0.9999999873702043,0.99999999207205,0.9999999928599438,0.9999999931594564,0.9999999931670641,0.9999999934454495,0.9999999951138602,0.9999999950198077,0.9999999942305374,0.999999995939368,0.9999999946760005,0.9999999928289798,0.9999999936486256,0.9999999943464527,0.9999999954510991,0.9999999939545765,0.999999993459148,0.999999993638795,0.9999999952363595,0.9999999950198241,0.9999999928676959,0.9999999924311952,0.9999999964455001,0.9999999936726018,0.9999999824997194,0.9999999904485992,0.9999999915833059,0.9999999920032963,0.9999999920150118,0.9999999923948606,0.99999999456394,0.9999999944559339,0.9999999934434548,0.9999999955852281,0.9999999940205743,0.9999999915433785,0.9999999926715518,0.999999993595321,0.9999999949917497,0.9999999930809546,0.9999999924152719,0.9999999926579288,0.9999999947268025,0.9999999944499588,0.9999999915926736,0.9999999909756727,0.0,0.42109718249509187,0.8421943558855142,0.9999999911164926,0.9999999920816784,0.9999999924338205,0.9999999924414356,0.9999999927710163,0.9999999947088362,0.9999999946051823,0.9999999936929437,0.9999999956462188,0.9999999942094858,0.9999999920376818,0.9999999930115091,0.9999999938275601,0.9999999950970997,0.9999999933710507,0.9999999927879141,0.9999999929998256,0.9999999948527697,0.9999999946025899,0.9999999920832946,0.9999999915578359,0.0,0.46309094478009577,0.9261818873935529,0.999999996308793,0.9999999964748917,0.9999999965441395,0.9999999965458927,0.9999999966133288,0.999999997100707,0.9999999970574898,0.9999999968205265,0.9999999973786988,0.9999999969500791,0.9999999964666495,0.9999999966632452,0.9999999968536026,0.999999997201398,0.9999999967432995,0.9999999966149115,0.9999999966608926,0.9999999971279893,0.999999997065282,0.9999999964768532,0.9999999963818735,0.9147551565427883,0.9999999917095674,0.9999998465003845,0.9999999834798766,0.9999999869280013,0.9999999880327701,0.9999999880641491,0.9999999889798779,0.9999999932609208,0.9999999931237686,0.9999999912501006,0.9999999949163811,0.999999992357024,0.999999986825216,0.9999999896220035,0.9999999915506392,0.9999999940093879,0.999999990513925,0.9999999890339584,0.999999989589437,0.999999993578072,0.9999999930914044,0.9999999869399973,0.9999999851724268,0.0,0.450686441481503,0.7010985872302169,0.8976586635264706,0.9605165600055309,0.9881696224876446,0.9892117211647292,0.9999998258422981,0.9999999879454119,0.999999987898911,0.9999999744842123,0.9999999934309503,0.9999999840176128,0.9578242999783703,0.9999999286338809,0.999999977768162,0.9999999910724247,0.9999999627652414,0.9999998486229356,0.9999999261595625,0.9999999896461863,0.9999999874995534,0.9597373892744128,0.9246398608223559,0.6606580839044094,0.4069631303053366,0.0,0.0,0.0,0.0,0.0,0.43205140723073904,0.864102808810912,0.9999999840323971,0.9999999578115869,0.9999999920646695,0.9999999776154316,0.8651646241707504,0.9999990115310461,0.9999999653951546,0.9999999888070386,0.9999999212678782,0.9709733783062253,0.9999983011711242,0.9999999867315184,0.9999999833625013,0.8684912095126571,0.8074566389569786,0.0,0.0,0.0,0.0,0.0,0.0,0.37769619197705206,0.7553923788544658,0.9999999926692953,0.9999999925306119,0.9999999896741811,0.9999999948498268,0.9999999914302414,0.9999999802585204,0.9999999867352696,0.9999999901707812,0.9999999937236694,0.9999999884078352,0.9999999855416244,0.9999999866679787,0.9999999931532441,0.9999999924670542,0.999999980538993,0.9999999752159349,0.9999999969711102,0.9999999943280434,0.9999999755982484,0.9999999905591276,0.9999999919852887,0.9999999924857855,0.9999999925005333,0.9999999929371451,0.9999999952145726,0.9999999951191432,0.9999999940834632,0.9999999961972065,0.9999999946861132,0.9999999919378292,0.9999999932486995,0.9999999942444393,0.9999999956411592,0.999999993697768,0.9999999929598324,0.9999999932324963,0.9999999953837313,0.9999999951094861,0.9999999919938743,0.9999999912357793,0.0,0.0,0.0,0.0,0.0,0.0,0.0,0.4686200403051636,0.9372399976243242,0.9883905159229992,0.8257993250970908,0.9999999838526974,0.9120735313380098,0.6390639277076731,0.7375043218536611,0.8466806283182101,0.9999999587732612,0.7820992299636883,0.7125029065716759,0.7359159727704218,0.9999998969944932,0.9699695656052698,0.6413727738465667,0.5990107112806637,0.0,0.0,0.0,0.0,0.0,0.0,0.0,0.372995134134063,0.7459902555185138,0.9550747089019275,0.7511442737574103,0.9999999843901036,0.8593535759568868,0.5169285236249411,0.6403985429792063,0.7773346942047055,0.999999952761187,0.6963323145083684,0.6090400467779468,0.6384064878788621,0.9588555320196251,0.4794277982172811,0.0,0.0,0.93600068436435,0.9999999877211161,0.6923538097722859,0.9999999321463017,0.9999999693023219,0.9999999752726326,0.9999999754224118,0.9999999793086708,0.9999999909633637,0.9999999908031328,0.9999999865494398,0.9999999939392739,0.9999999892121829,0.9999999686652714,0.9999999816817188,0.9999999873209606,0.9999999924442156,0.9999999845198753,0.9999999795412701,0.9999999815618658,0.9999999916661202,0.9999999906886062,0.9999999692641056,0.999999955509033,0.0,0.47493410983694223,0.9498682101667503,0.9999999911448042,0.9999999920518687,0.9999999923987202,0.9999999924098468,0.9999999927309082,0.9999999946741828,0.9999999945487383,0.9999999936342402,0.999999995633505,0.9999999941573704,0.9999999920134565,0.9999999929625373,0.9999999937730013,0.9999999950622689,0.9999999933171635,0.999999992741849,0.9999999929478207,0.9999999948028413,0.9999999945612341,0.9999999920582078,0.9999999915554522,0.0,0.37693851031343484,0.7538770146308683,0.999999992857006,0.999999993535781,0.9999999937836587,0.9999999937886587,0.9999999940254019,0.9999999954694567,0.9999999953838096,0.9999999946980118,0.9999999961963141,0.999999995083845,0.9999999935032725,0.9999999941980953,0.9999999947980094,0.99999999576324,0.9999999944602637,0.999999994036473,0.9999999941898686,0.9999999955737939,0.9999999953858171,0.9999999935372303,0.9999999931699628,0.0,0.4984505285264574,0.9969010542787458,0.9999999954468415,0.9999999956481155,0.9999999957325894,0.9999999957344458,0.9999999958171777,0.9999999964272372,0.9999999963729835,0.9999999960755815,0.9999999967781747,0.9999999962358148,0.9999999956373162,0.9999999958792403,0.9999999961163193,0.9999999965542554,0.9999999959788842,0.9999999958198171,0.9999999958765611,0.9999999964623005,0.9999999963817795,0.9999999956506603,0.9999999955341379,0.9690903522151892,0.9999999858217491,0.7911436212877762,0.9999999508363141,0.9999999700933185,0.9999999745460484,0.9999999746721199,0.9999999778807007,0.9999999893335761,0.9999999890844755,0.9999999845955848,0.9999999927385336,0.9999999873705773,0.9999999696506917,0.9999999799622051,0.9999999853923458,0.9999999909755252,0.999999982610693,0.9999999780700976,0.9999999798476851,0.9999999900663563,0.9999999890043956,0.9999999700880416,0.9999999615449998,0.0,0.0,0.0,0.0,0.0,0.0,0.34811389381439856,0.6962277841559332,0.9999999940765798,0.9999999939549078,0.9999999923482492,0.9999999955002098,0.9999999933004219,0.9999999885495763,0.9999999909511911,0.9999999926066437,0.9999999947203833,0.9999999917160662,0.9999999904460256,0.9999999909231498,0.9999999943480892,0.9999999939328059,0.9999999886519653,0.9999999871336036,0.48279115042838544,0.832904045170372,0.9999999889655009,0.9999999928407736,0.9999999935133571,0.9999999937694962,0.999999993775662,0.9999999940163625,0.9999999954772002,0.9999999953912826,0.9999999946986442,0.9999999962089184,0.9999999950886962,0.9999999934854595,0.9999999941918254,0.9999999947998566,0.9999999957734621,0.9999999944579806,0.9999999940278498,0.9999999941835168,0.9999999955829255,0.9999999953928186,0.9999999935196441,0.9999999931449005,0.8666162250924687,0.433308113363803,0.0,0.0,0.0,0.0,0.0,0.466197825165695,0.9323956411445994,0.9999999787403097,0.9999999405113154,0.9999999898847466,0.9999999697333247,0.8465655930849663,0.9985466842618108,0.9999999519733465,0.9999999854194743,0.999999881601042,0.959971902737154,0.9961230089360882,0.8666162152877017,0.4333081115855927,0.0,0.0,1.0,1.0,1.0,1.0,1.0,1.0,1.0,1.0,1.0,1.0,1.0,1.0,1.0,1.0,1.0,1.0,1.0,1.0,1.0,1.0,1.0,1.0,1.0,1.0,0.0,0.0,0.0,0.0,0.0,0.0,0.0,0.0,0.0,0.0,1.0,1.0,1.0,1.0,1.0,1.0,1.0,1.0,1.0,1.0,1.0,1.0,1.0,1.0,1.0,1.0,1.0,1.0,1.0,1.0,1.0,1.0,1.0,1.0,1.0,1.0,1.0,1.0,1.0,1.0,1.0,1.0,1.0,1.0,1.0,1.0,1.0,1.0,0.0,0.0,0.0,0.0,0.0,0.0,1.0,1.0,1.0,1.0,1.0,1.0,1.0,1.0,1.0,1.0,1.0,1.0,1.0,1.0,1.0,1.0,1.0,1.0,1.0,1.0,1.0,1.0,1.0,1.0,1.0,1.0,1.0,1.0,1.0,1.0,1.0,1.0,0.0,0.0,0.0,0.0,0.0,0.0,0.0,0.0,0.0,0.0,0.0,0.0,0.0,0.0,0.0,0.0,1.0,1.0,1.0,1.0,1.0,1.0,1.0,1.0,1.0,1.0,1.0,1.0,1.0,1.0,1.0,1.0,1.0,1.0,0.0,0.0,0.0,0.0,0.0,0.0,0.0,1.0,1.0,1.0,1.0,1.0,1.0,1.0,1.0,1.0,1.0,1.0,1.0,1.0,1.0,1.0,1.0,1.0,1.0,1.0,1.0,1.0,1.0,1.0,1.0,1.0,1.0,1.0,1.0,1.0,1.0,1.0,1.0,1.0,1.0,1.0,0.0,0.0,0.0,0.0,0.0,0.0,0.0,0.0,0.0,0.0,0.0,0.0,0.0,0.0,0.0,0.0,0.0,0.0,0.0,0.0,0.0,0.0,0.0,0.0,0.0,0.0,0.0,0.0,0.0,0.0,1.0,1.0,1.0,1.0,1.0,1.0,1.0,1.0,1.0,1.0,1.0,1.0,1.0,1.0,1.0,1.0,1.0,1.0,1.0,1.0,1.0,1.0,1.0,0.0,1.0,1.0,1.0,1.0,1.0,1.0,1.0,1.0,1.0,1.0,1.0,1.0,1.0,1.0,1.0,0.0,0.0,0.0,0.0,0.0,0.0,0.0,0.0,0.0,1.0,1.0,1.0,1.0,1.0,1.0,1.0,1.0,1.0,1.0,1.0,1.0,1.0,1.0,1.0,1.0,1.0,1.0,1.0,1.0,1.0,1.0,1.0,1.0,1.0,1.0,1.0,1.0,1.0,0.0,0.0,0.0,0.0,0.0,0.0,0.0,0.0,0.0,0.0,0.0,0.0,0.0,0.0,0.0,0.0,0.0,0.0,0.0,1.0,1.0,1.0,1.0,0.0,0.0,0.0,0.0,0.0,0.0,0.0,0.0,0.0,0.0,0.0,0.0,0.0,0.0,0.0,0.0,0.0,0.0,0.0,0.0,1.0,1.0,1.0,0.0,0.0,0.0,0.0,0.0,0.0,0.0,0.0,0.0,0.0,0.0,0.0,0.0,0.0,0.0,0.0,0.0,0.0,0.0,0.0,0.0,1.0,1.0,1.0,1.0,0.0,0.0,0.0,0.0,0.0,0.0,0.0,0.0,0.0,0.0,0.0,0.0,0.0,0.0,0.0,0.0,0.0,0.0,0.0,0.0,0.0,0.0,0.0,0.0,0.0,0.0,1.0,1.0,1.0,1.0,1.0,1.0,1.0,1.0,1.0,1.0,1.0,1.0,1.0,1.0,1.0,1.0,1.0,1.0,1.0,1.0,1.0,1.0,1.0,1.0,1.0,1.0,1.0,1.0,1.0,1.0,1.0,1.0,1.0,1.0,1.0,1.0,1.0,1.0,1.0,1.0,1.0,1.0,1.0,1.0,1.0,0.0,0.0,0.0,0.0,0.0,0.0,0.0,0.0,0.0,0.0,0.0,0.0,0.0,0.0,0.0,0.0,0.0,0.0,0.0,0.0,0.0,1.0,1.0,1.0,1.0,0.0,0.0,0.0,0.0,0.0,0.0,0.0,0.0,0.0,0.0,0.0,0.0,0.0,0.0,0.0,0.0,0.0,0.0,0.0,0.0,0.0,0.0,0.0,0.0,0.0,0.0,0.0,0.0,0.0,0.0,0.0,0.0,0.0,0.0,0.0,0.0,0.0,0.0,0.0,0.0,0.0,0.0,0.0,0.0,1.0,1.0,1.0,0.0,0.0,0.0,0.0,0.0,0.0,0.0,0.0,0.0,0.0,0.0,0.0,0.0,0.0,0.0,0.0,0.0,0.0,0.0,0.0,0.0,1.0,1.0,1.0,1.0,1.0,1.0,1.0,1.0,1.0,1.0,1.0,1.0,1.0,1.0,1.0,1.0,1.0,1.0,1.0,1.0,1.0,1.0,1.0,1.0,0.0,0.0,0.0,0.0,0.0,0.0,1.0,1.0,1.0,1.0,1.0,1.0,1.0,1.0,1.0,1.0,1.0,1.0,1.0,1.0,1.0,1.0,1.0,1.0,1.0,1.0,1.0,1.0,1.0,1.0,1.0,1.0,1.0,1.0,1.0,1.0,1.0,1.0,1.0,1.0,1.0,1.0,1.0,1.0,1.0,1.0,1.0,0.0,1.0,1.0,1.0,0.0,0.0,0.0,0.0,0.0,0.0,0.0,0.0,0.0,0.0,0.0,0.0,0.0,0.0,0.0,0.0,0.0,0.0,0.0,0.0,0.0,0.0,0.0,0.0,0.0,0.0,0.0,0.0,0.0,0.0,0.0,0.0,0.0,0.0,0.0,0.0,0.0,0.0,0.0,0.0,0.0,0.0,0.0,0.0,0.0,0.0,0.0,0.0,0.0,0.0,0.0,1.0,1.0,1.0,1.0,1.0,1.0,1.0,1.0,1.0,1.0,1.0,1.0,1.0,1.0,1.0,1.0,1.0,0.0,0.0,0.0,0.0,0.0,0.0,0.0,0.0,0.0,0.0,0.0,0.0,0.0,0.0,0.0,0.0,0.0,0.0,0.0,0.0,0.0,0.0,0.0,0.0,0.0,1.0,1.0,1.0,1.0,0.0,0.0,0.0,0.0,0.0,0.0,0.0,0.0,0.0,0.0,0.0,0.0,0.0,0.0,0.0,0.0,0.0,0.0,0.0,0.0,0.0,0.0,0.0,0.0,0.0,0.0,0.0,1.0,1.0,1.0,1.0,1.0,1.0,1.0,1.0,1.0,1.0,1.0,1.0,1.0,1.0,1.0,1.0,1.0,0.0,0.0,0.0,0.0,0.0,0.0,0.0,0.0,0.0,0.0,0.0,0.0,0.0,0.0,0.0,0.0,0.0,0.0,0.0,0.0,0.0,0.0,0.0,0.0,0.0,0.0,0.0,0.0,0.0,0.0,1.0,1.0,1.0,1.0,1.0,1.0,1.0,1.0,1.0,1.0,1.0,1.0,1.0,1.0,1.0,1.0,1.0,0.0,0.0,0.0,0.0,0.0,0.0,0.0,1.0,1.0,1.0,1.0,1.0,1.0,1.0,1.0,1.0,1.0,1.0,1.0,1.0,1.0,1.0,1.0,1.0,1.0,0.0,0.0,0.0,0.0,0.0,0.0,0.0,0.0,0.0,0.0,0.0,0.0,0.0,0.0,0.0,0.0,0.0,0.0,0.0,0.0,0.0,0.0,0.0,0.0,1.0,1.0,1.0,1.0,1.0,1.0,1.0,1.0,1.0,1.0,1.0,1.0,1.0,1.0,1.0,1.0,1.0,1.0,1.0,1.0,1.0,1.0,1.0,1.0,1.0,1.0,1.0,0.0,0.0,0.0,0.0,0.0,0.0,0.0,0.0,0.0,0.0,0.0,0.0,0.0,0.0,0.0,0.0,0.0,0.0,0.0,0.0,0.0,1.0,0.0,0.0,0.0,0.0,1.0,1.0,1.0,1.0,1.0,1.0,1.0,1.0,1.0,1.0,1.0,1.0,1.0,1.0,1.0,1.0,1.0,1.0,1.0,1.0,0.0,0.0,0.0,0.0,0.0,1.0,1.0,1.0,1.0,1.0,1.0,1.0,1.0,1.0,1.0,1.0,1.0,1.0,1.0,1.0,1.0,1.0,1.0,1.0,0.0,0.0,0.0,0.0,0.0,1.0,1.0,1.0,1.0,1.0,1.0,1.0,1.0,1.0,1.0,1.0,1.0,1.0,1.0,1.0,1.0,1.0,0.0,1.0,0.0,0.0,0.0,0.0,1.0,1.0,1.0,1.0,1.0,1.0,1.0,1.0,1.0,1.0,1.0,1.0,1.0,1.0,1.0,1.0,1.0,1.0,1.0,1.0,1.0,1.0,1.0,1.0,1.0,1.0,1.0,1.0,1.0,1.0,1.0,1.0,1.0,1.0,1.0,1.0,1.0,1.0,1.0,1.0,1.0,1.0,1.0,1.0,1.0,1.0,1.0,1.0,1.0,1.0,1.0,1.0,1.0,1.0,1.0,1.0,1.0,1.0,1.0,1.0,1.0,1.0,1.0,1.0,1.0,1.0,1.0,1.0,1.0,1.0,1.0,1.0,1.0,1.0,1.0,1.0,1.0,1.0,1.0,1.0,1.0,1.0,1.0,1.0,1.0,1.0,1.0,1.0,1.0,1.0,1.0,1.0,1.0,1.0,1.0,1.0,1.0,1.0,1.0,1.0,1.0,1.0,1.0,1.0,1.0,1.0,1.0,1.0,1.0,1.0,1.0,1.0,1.0,1.0,1.0,1.0,1.0,1.0,1.0,1.0,1.0,1.0,1.0,1.0,1.0,1.0,1.0,1.0,1.0,1.0,1.0,1.0,1.0,1.0,1.0,1.0,1.0,1.0,1.0,1.0,1.0,1.0,1.0,1.0,1.0,1.0,1.0,1.0,1.0,1.0,1.0,1.0,1.0,1.0,1.0,1.0,1.0,1.0,1.0,1.0,1.0,1.0,1.0,1.0,1.0,1.0,1.0,1.0,1.0,1.0,1.0,1.0,1.0,1.0,1.0,1.0,1.0,1.0,1.0,1.0,1.0,1.0,1.0,1.0,1.0,1.0,1.0,1.0,0.0,0.0,0.0,0.0,0.0,0.0,1.0,1.0,1.0,1.0,1.0,1.0,1.0,1.0,1.0,1.0,1.0,0.0,0.0,1.0,0.0,0.0,0.0,1.0,1.0,1.0,1.0,1.0,1.0,1.0,1.0,1.0,1.0,1.0,1.0,1.0,1.0,1.0,1.0,1.0,1.0,1.0,1.0,1.0,1.0,1.0,1.0,1.0,0.0,0.0,0.0,0.0,1.0,1.0,1.0,1.0,1.0,1.0,1.0,1.0,1.0,1.0,1.0,1.0,1.0,1.0,1.0,1.0,1.0,1.0,1.0,1.0,1.0,1.0,1.0,1.0,1.0,1.0,1.0,1.0,1.0,1.0,1.0,1.0,1.0,1.0,1.0,1.0,1.0,1.0,1.0,1.0,1.0,1.0,1.0,1.0,1.0,1.0,1.0,1.0,1.0,1.0,1.0,1.0,1.0,1.0,1.0,1.0,1.0,1.0,1.0,1.0,1.0,1.0,1.0,1.0,1.0,1.0,1.0,1.0,0.0,0.0,0.0,0.0,1.0,1.0,1.0,1.0,1.0,1.0,1.0,1.0,1.0,1.0,1.0,1.0,1.0,1.0,1.0,1.0,1.0,1.0,1.0,1.0,1.0,1.0,0.0,0.0,0.0,1.0,1.0,1.0,1.0,1.0,1.0,1.0,1.0,1.0,1.0,1.0,1.0,1.0,1.0,1.0,1.0,1.0,1.0,1.0,0.0,0.0,0.0,0.0,0.0,1.0,1.0,1.0,1.0,1.0,1.0,1.0,1.0,1.0,1.0,1.0,1.0,1.0,1.0,1.0,1.0,1.0,1.0,1.0,1.0,1.0,1.0,1.0,1.0,1.0,1.0,1.0,1.0,1.0,1.0,1.0,1.0,1.0,1.0,1.0,1.0,1.0,1.0,1.0,1.0,1.0,1.0,1.0,1.0,1.0,1.0,1.0,1.0,1.0,1.0,1.0,1.0,1.0,1.0,1.0,1.0,1.0,1.0,1.0,1.0,1.0,1.0,1.0,1.0,1.0,1.0,1.0,1.0,1.0,1.0,1.0,1.0,1.0,1.0,1.0,1.0,1.0,1.0,1.0,1.0,1.0,1.0,1.0,1.0,1.0,1.0,1.0,1.0,1.0,1.0,1.0,1.0,1.0,1.0,1.0,1.0,1.0,1.0,1.0,1.0,1.0,1.0,1.0,1.0,1.0,1.0,1.0,1.0,1.0,1.0,1.0,1.0,1.0,1.0,1.0,1.0,1.0,1.0,1.0,1.0,1.0,1.0,1.0,1.0,1.0,1.0,1.0,1.0,1.0,1.0,1.0,1.0,1.0,1.0,1.0,1.0,1.0,1.0,1.0,1.0,1.0,1.0,1.0,1.0,1.0,1.0,1.0,1.0,1.0,1.0,1.0,1.0,1.0,1.0,1.0,1.0,1.0,1.0,1.0,1.0,1.0,1.0,1.0,1.0,1.0,0.0,0.0,0.0,1.0,1.0,1.0,1.0,1.0,1.0,1.0,1.0,1.0,1.0,1.0,1.0,1.0,1.0,1.0,1.0,1.0,1.0,1.0,0.0,0.0,0.0,0.0,1.0,1.0,1.0,1.0,1.0,1.0,1.0,1.0,1.0,1.0,1.0,1.0,1.0,1.0,1.0,1.0,1.0,1.0,1.0,1.0,1.0,1.0,1.0,1.0,1.0,1.0,1.0,1.0,1.0,1.0,1.0,1.0,1.0,1.0,1.0,1.0,1.0,1.0,1.0,1.0,1.0,1.0,1.0,1.0,0.0,0.0,0.0,0.0,0.0,1.0,1.0,1.0,1.0,1.0,1.0,1.0,1.0,1.0,1.0,1.0,1.0,1.0,1.0,1.0,1.0,1.0,1.0,1.0,0.0,0.0,0.0,0.0,0.0,1.0,1.0,1.0,1.0,1.0,1.0,1.0,1.0,1.0,1.0,1.0,1.0,1.0,1.0,1.0,1.0,1.0,0.0,1.0,1.0,1.0,1.0,1.0,1.0,1.0,1.0,1.0,1.0,1.0,1.0,1.0,1.0,1.0,1.0,1.0,1.0,1.0,1.0,1.0,1.0,1.0,1.0,1.0,1.0,1.0,1.0,1.0,1.0,1.0,1.0,1.0,1.0,1.0,1.0,1.0,1.0,1.0,1.0,1.0,1.0,1.0,1.0,1.0,1.0,1.0,1.0,1.0,1.0,1.0,1.0,1.0,1.0,1.0,1.0,1.0,1.0,1.0,1.0,1.0,1.0,1.0,1.0,1.0,1.0,1.0,1.0,1.0,1.0,1.0,1.0,1.0,1.0,1.0,1.0,1.0,1.0,1.0,1.0,1.0,1.0,1.0,1.0,1.0,1.0,1.0,1.0,1.0,1.0,1.0,1.0,1.0,1.0,1.0,1.0,1.0,1.0,1.0,1.0,1.0,1.0,1.0,1.0,1.0,1.0,1.0,1.0,1.0,1.0,1.0,1.0,1.0,1.0,1.0,1.0,1.0,1.0,1.0,1.0,1.0,0.0,0.0,0.0,0.0,1.0,1.0,1.0,1.0,1.0,1.0,1.0,1.0,1.0,1.0,1.0,1.0,1.0,1.0,1.0,1.0,1.0,1.0,1.0,1.0,1.0,1.0,1.0,1.0,1.0,1.0,1.0,1.0,1.0,1.0,1.0,1.0,1.0,1.0,1.0,1.0,1.0,1.0,1.0,1.0,1.0,1.0,1.0,1.0,1.0,1.0,0.0,0.0,0.0,1.0,1.0,1.0,1.0,1.0,1.0,1.0,1.0,1.0,1.0,1.0,1.0,1.0,1.0,1.0,1.0,1.0,0.0,492.59447,0.0,0.0,0.0,0.0,0.0,0.0,0.0,0.0,0.0,0.0,0.0,0.0,0.0,0.0,0.0,0.0,0.0,0.0,0.0,0.0,0.0,0.0,0.0,0.0,0.0,0.0,0.0,0.0,0.0,0.0,0.0,0.0,0.0,416.662212,0.0,0.0,0.0,0.0,0.0,0.0,0.0,0.0,0.0,0.0,0.0,0.0,0.0,0.0,0.0,0.0,0.0,0.0,0.0,0.0,0.0,0.0,0.0,0.0,0.0,0.0,0.0,0.0,0.0,0.0,0.0,0.0,0.0,0.0,0.0,0.0,0.0,0.0,0.0,0.0,0.0,0.0,0.0,428.097857,0.0,0.0,0.0,0.0,0.0,0.0,0.0,0.0,0.0,0.0,0.0,0.0,0.0,0.0,0.0,0.0,0.0,0.0,0.0,0.0,0.0,0.0,0.0,0.0,0.0,0.0,0.0,0.0,0.0,0.0,0.0,0.0,0.0,0.0,0.0,0.0,0.0,0.0,0.0,0.0,0.0,0.0,0.0,0.0,0.0,0.0,0.0,487.063763,0.0,0.0,0.0,0.0,0.0,0.0,0.0,0.0,0.0,0.0,0.0,0.0,0.0,0.0,0.0,0.0,0.0,0.0,0.0,0.0,0.0,0.0,0.0,0.0,410.039447,0.0,0.0,0.0,0.0,0.0,0.0,0.0,0.0,0.0,0.0,0.0,0.0,0.0,0.0,0.0,0.0,428.69252,0.0,0.0,0.0,0.0,0.0,0.0,0.0,0.0,0.0,0.0,0.0,0.0,0.0,0.0,0.0,0.0,0.0,0.0,0.0,0.0,0.0,0.0,0.0,0.0,0.0,0.0,0.0,0.0,0.0,0.0,0.0,0.0,0.0,0.0,0.0,0.0,0.0,0.0,0.0,0.0,0.0,0.0,0.0,0.0,0.0,0.0,0.0,0.0,0.0,0.0,0.0,0.0,0.0,0.0,0.0,0.0,0.0,0.0,0.0,0.0,0.0,0.0,0.0,0.0,0.0,0.0,0.0,0.0,0.0,0.0,0.0,0.0,0.0,0.0,0.0,0.0,0.0,0.0,0.0,0.0,0.0,0.0,0.0,0.0,0.0,0.0,0.0,0.0,0.0,0.0,0.0,0.0,0.0,0.0,0.0,0.0,0.0,0.0,0.0,0.0,0.0,0.0,0.0,0.0,0.0,0.0,0.0,0.0,0.0,0.0,0.0,0.0,0.0,0.0,0.0,0.0,0.0,0.0,0.0,0.0,0.0,0.0,0.0,0.0,0.0,0.0,0.0,0.0,0.0,0.0,0.0,0.0,0.0,0.0,0.0,0.0,0.0,0.0,0.0,0.0,0.0,0.0,0.0,0.0,0.0,0.0,0.0,0.0,0.0,0.0,0.0,0.0,0.0,0.0,0.0,0.0,0.0,0.0,0.0,0.0,0.0,0.0,0.0,0.0,0.0,0.0,0.0,0.0,0.0,0.0,0.0,0.0,0.0,0.0,0.0,0.0,0.0,0.0,0.0,0.0,0.0,0.0,0.0,0.0,0.0,0.0,0.0,0.0,0.0,0.0,0.0,0.0,0.0,0.0,0.0,0.0,0.0,0.0,0.0,0.0,0.0,0.0,0.0,0.0,0.0,0.0,0.0,0.0,0.0,0.0,0.0,0.0,0.0,0.0,0.0,0.0,0.0,0.0,0.0,0.0,0.0,262.475082,0.0,0.0,0.0,0.0,0.0,0.0,0.0,0.0,0.0,0.0,0.0,0.0,0.0,0.0,0.0,0.0,0.0,0.0,0.0,0.0,0.0,0.0,0.0,0.0,0.0,0.0,0.0,0.0,0.0,0.0,0.0,0.0,0.0,0.0,0.0,0.0,0.0,0.0,0.0,0.0,0.0,0.0,0.0,0.0,0.0,0.0,0.0,0.0,0.0,0.0,0.0,0.0,0.0,0.0,0.0,0.0,0.0,0.0,0.0,0.0,0.0,0.0,0.0,0.0,0.0,0.0,0.0,0.0,0.0,0.0,0.0,0.0,0.0,0.0,0.0,0.0,0.0,0.0,0.0,0.0,0.0,0.0,0.0,0.0,0.0,0.0,0.0,0.0,0.0,0.0,0.0,0.0,0.0,0.0,0.0,0.0,0.0,0.0,0.0,0.0,0.0,0.0,0.0,0.0,0.0,0.0,0.0,0.0,0.0,0.0,0.0,0.0,0.0,0.0,0.0,0.0,0.0,0.0,0.0,0.0,0.0,0.0,0.0,0.0,0.0,0.0,0.0,0.0,0.0,0.0,0.0,0.0,0.0,0.0,0.0,0.0,0.0,0.0,0.0,0.0,0.0,0.0,0.0,0.0,0.0,0.0,0.0,0.0,0.0,0.0,0.0,0.0,0.0,0.0,0.0,0.0,0.0,0.0,0.0,0.0,0.0,0.0,0.0,0.0,0.0,0.0,0.0,265.074568,0.0,0.0,0.0,0.0,0.0,0.0,0.0,0.0,0.0,0.0,0.0,0.0,0.0,0.0,0.0,0.0,0.0,0.0,0.0,0.0,0.0,0.0,0.0,0.0,0.0,0.0,0.0,0.0,0.0,0.0,0.0,0.0,0.0,0.0,0.0,0.0,0.0,0.0,0.0,0.0,0.0,0.0,0.0,0.0,0.0,0.0,0.0,0.0,0.0,0.0,0.0,0.0,0.0,0.0,0.0,0.0,0.0,0.0,0.0,0.0,0.0,0.0,0.0,0.0,0.0,0.0,0.0,0.0,0.0,0.0,0.0,0.0,0.0,0.0,0.0,0.0,0.0,0.0,0.0,0.0,0.0,0.0,0.0,0.0,0.0,0.0,0.0,0.0,0.0,0.0,0.0,0.0,0.0,0.0,0.0,262.176014,0.0,0.0,0.0,0.0,0.0,0.0,0.0,0.0,0.0,0.0,0.0,0.0,0.0,0.0,0.0,0.0,0.0,0.0,0.0,0.0,0.0,0.0,0.0,0.0,0.0,0.0,0.0,0.0,0.0,0.0,0.0,0.0,0.0,0.0,0.0,0.0,0.0,0.0,0.0,0.0,0.0,0.0,0.0,0.0,0.0,0.0,0.0,0.0,0.0,0.0,0.0,0.0,0.0,0.0,0.0,0.0,0.0,0.0,0.0,0.0,0.0,0.0,0.0,0.0,0.0,0.0,0.0,0.0,0.0,0.0,0.0,0.0,288.054762,0.0,0.0,0.0,0.0,0.0,0.0,0.0,0.0,0.0,0.0,0.0,0.0,0.0,0.0,0.0,0.0,0.0,0.0,0.0,0.0,0.0,0.0,0.0,0.0,0.0,0.0,0.0,0.0,0.0,0.0,0.0,0.0,0.0,0.0,0.0,0.0,0.0,0.0,0.0,0.0,0.0,0.0,0.0,0.0,0.0,0.0,306.962557,0.0,0.0,0.0,0.0,0.0,0.0,0.0,0.0,0.0,0.0,0.0,0.0,0.0,0.0,0.0,0.0,0.0,0.0,0.0,0.0,0.0,0.0,0.0,293.724498,0.0,0.0,0.0,0.0,0.0,0.0,0.0,0.0,0.0,0.0,0.0,0.0,0.0,0.0,0.0,0.0,0.0,0.0,0.0,0.0,0.0,0.0,0.0,0.0,0.0,0.0,0.0,0.0,0.0,0.0,0.0,0.0,0.0,0.0,0.0,0.0,0.0,0.0,0.0,0.0,0.0,0.0,0.0,0.0,0.0,0.0,0.0,0.0,0.0,0.0,0.0,0.0,0.0,0.0,0.0,0.0,0.0,0.0,0.0,0.0,0.0,0.0,0.0,0.0,0.0,0.0,0.0,0.0,0.0,0.0,0.0,0.0,0.0,0.0,0.0,0.0,0.0,0.0,0.0,0.0,0.0,0.0,0.0,0.0,0.0,0.0,0.0,0.0,0.0,136.991961,0.0,0.0,0.0,0.0,136.991961,0.0,0.0,0.0,0.0,0.0,0.0,0.0,0.0,0.0,0.0,0.0,0.0,0.0,0.0,0.0,0.0,0.0,0.0,175.299737,0.0,0.0,0.0,0.0,0.0,175.299737,0.0,0.0,0.0,0.0,0.0,0.0,0.0,0.0,0.0,0.0,0.0,0.0,0.0,0.0,0.0,0.0,0.0,179.177294,0.0,0.0,0.0,0.0,0.0,179.177294,0.0,0.0,0.0,0.0,0.0,0.0,0.0,0.0,0.0,0.0,0.0,0.0,0.0,0.0,0.0,0.0,0.0,145.970087,0.0,0.0,0.0,0.0,145.970087,0.0,0.0,0.0,0.0,0.0,0.0,0.0,0.0,0.0,0.0,0.0,0.0,0.0,0.0,0.0,0.0,0.0,0.0,150.414154,0.0,0.0,0.0,0.0,0.0,0.0,0.0,0.0,0.0,0.0,0.0,0.0,0.0,0.0,0.0,0.0,0.0,0.0,0.0,0.0,0.0,0.0,0.0,0.0,0.0,0.0,0.0,0.0,0.0,0.0,0.0,0.0,0.0,0.0,0.0,0.0,0.0,0.0,0.0,0.0,0.0,0.0,0.0,0.0,0.0,0.0,0.0,0.0,0.0,0.0,0.0,0.0,0.0,0.0,0.0,0.0,0.0,0.0,0.0,0.0,0.0,0.0,0.0,0.0,0.0,0.0,0.0,0.0,0.0,0.0,0.0,0.0,0.0,0.0,0.0,0.0,0.0,0.0,0.0,0.0,0.0,0.0,0.0,0.0,0.0,0.0,0.0,0.0,0.0,0.0,0.0,0.0,0.0,0.0,0.0,162.108753,0.0,0.0,0.0,0.0,0.0,0.0,0.0,0.0,0.0,0.0,0.0,0.0,0.0,0.0,0.0,0.0,0.0,0.0,0.0,0.0,0.0,0.0,0.0,0.0,0.0,0.0,0.0,0.0,0.0,0.0,0.0,0.0,0.0,0.0,0.0,0.0,0.0,0.0,0.0,0.0,0.0,0.0,0.0,0.0,0.0,0.0,0.0,170.266602,0.0,0.0,0.0,0.0,0.0,0.0,0.0,0.0,0.0,0.0,0.0,0.0,0.0,0.0,0.0,0.0,0.0,0.0,0.0,0.0,0.0,0.0,0.0,147.849046,0.0,0.0,0.0,0.0,0.0,0.0,147.849046,0.0,0.0,0.0,0.0,0.0,0.0,0.0,0.0,0.0,0.0,0.0,0.0,147.849046,0.0,0.0,0.0,173.435143,0.0,0.0,0.0,0.0,0.0,0.0,0.0,0.0,0.0,0.0,0.0,0.0,0.0,0.0,0.0,0.0,0.0,0.0,0.0,0.0,0.0,0.0,0.0,135.125348,0.0,0.0,0.0,0.0,135.125348,0.0,0.0,0.0,0.0,0.0,0.0,0.0,0.0,0.0,0.0,0.0,0.0,0.0,0.0,0.0,0.0,0.0,0.0,0.0,0.0,0.0,0.0,0.0,0.0,0.0,0.0,0.0,0.0,0.0,0.0,0.0,0.0,0.0,0.0,0.0,0.0,0.0,0.0,0.0,0.0,0.0,0.0,156.354145,0.0,0.0,0.0,0.0,0.0,0.0,0.0,0.0,0.0,0.0,0.0,0.0,0.0,0.0,0.0,0.0,0.0,0.0,0.0,0.0,0.0,0.0,0.0,167.249795,0.0,0.0,0.0,0.0,167.249795,0.0,0.0,0.0,0.0,0.0,0.0,0.0,0.0,0.0,0.0,0.0,0.0,0.0,0.0,0.0,0.0,0.0,0.0,0.0,0.0,0.0,0.0,0.0,0.0,148.411013,0.0,0.0,0.0,0.0,0.0,0.0,0.0,0.0,0.0,0.0,0.0,0.0,0.0,0.0,0.0,0.0,0.0,162.248984,0.0,0.0,0.0,0.0,0.0,162.248984,0.0,0.0,0.0,0.0,0.0,0.0,0.0,0.0,0.0,0.0,0.0,0.0,0.0,0.0,0.0,0.0,0.0,0.0,0.0,0.0,0.0,0.0,0.0,0.0,0.0,0.0,0.0,0.0,0.0,0.0,0.0,0.0,0.0,0.0,0.0,0.0,0.0,0.0,0.0,0.0,0.0,0.0,0.0,0.0,0.0,0.0,0.0,0.0,0.0,0.0,0.0,0.0,0.0,0.0,0.0,0.0,0.0,0.0,0.0,0.0,0.0,0.0,0.0,0.0,0.0,153.422895,0.0,0.0,0.0,0.0,0.0,0.0,0.0,0.0,0.0,0.0,0.0,0.0,0.0,0.0,0.0,0.0,0.0,0.0,0.0,0.0,0.0,0.0,0.0,183.971089,0.0,0.0,0.0,0.0,0.0,0.0,0.0,0.0,0.0,0.0,0.0,0.0,0.0,0.0,0.0,0.0,0.0,0.0,0.0,0.0,0.0,0.0,0.0,0.0,0.0,0.0,0.0,0.0,0.0,0.0,0.0,0.0,0.0,0.0,0.0,0.0,0.0,0.0,0.0,0.0,0.0,0.0,0.0,0.0,0.0,0.0,0.0,176.05753,0.0,0.0,0.0,0.0,0.0,0.0,0.0,0.0,0.0,0.0,0.0,0.0,0.0,0.0,0.0,0.0,0.0,0.0,0.0,0.0,0.0,0.0,0.0,0.0,0.0,0.0,0.0,0.0,0.0,179.007095,0.0,0.0,0.0,0.0,0.0,0.0,0.0,0.0,0.0,0.0,0.0,0.0,0.0,0.0,0.0,0.0,0.0,171.351286,0.0,0.0,0.0,0.0,171.351286,0.0,0.0,0.0,0.0,0.0,0.0,0.0,0.0,0.0,0.0,0.0,0.0,0.0,0.0,0.0,0.0,0.0,0.0,0.0,0.0,0.0,0.0,0.0,0.0,0.0,0.0,0.0,0.0,0.0,0.0,0.0,0.0,0.0,0.0,0.0,0.0,0.0,0.0,0.0,0.0,0.0,0.0,148.03739,0.0,0.0,0.0,0.0,0.0,148.03739,0.0,0.0,0.0,0.0,0.0,0.0,0.0,0.0,0.0,0.0,0.0,0.0,0.0,0.0,0.0,0.0,0.0,176.770979,0.0,0.0,0.0,0.0,0.0,176.770979,0.0,0.0,0.0,0.0,0.0,0.0,0.0,0.0,0.0,0.0,0.0,0.0,0.0,0.0,0.0,0.0,0.0,0.0,0.0,0.0,0.0,0.0,0.0,0.0,0.0,0.0,0.0,0.0,0.0,0.0,0.0,0.0,0.0,0.0,0.0,0.0,0.0,0.0,0.0,0.0,0.0,141.234432,0.0,0.0,0.0,0.0,0.0,0.0,0.0,0.0,0.0,0.0,0.0,0.0,0.0,0.0,0.0,0.0,0.0,0.0,0.0,0.0,0.0,0.0,0.0,188.592679,0.0,0.0,0.0,0.0,0.0,0.0,0.0,0.0,0.0,0.0,0.0,0.0,0.0,0.0,0.0,0.0,0.0,0.0,0.0,0.0,0.0,0.0,0.0,149.430764,0.0,0.0,0.0,0.0,0.0,0.0,0.0,0.0,0.0,0.0,0.0,0.0,0.0,0.0,0.0,0.0,0.0,0.0,0.0,0.0,0.0,0.0,0.0,0.0,0.0,0.0,0.0,0.0,0.0,0.0,0.0,0.0,0.0,0.0,0.0,0.0,0.0,0.0,0.0,0.0,0.0,0.0,0.0,0.0,0.0,0.0,0.0,187.822783,0.0,0.0,0.0,0.0,187.822783,0.0,0.0,0.0,0.0,0.0,0.0,0.0,0.0,0.0,0.0,0.0,0.0,0.0,0.0,0.0,0.0,0.0,0.0,0.0,0.0,0.0,0.0,0.0,0.0,0.0,0.0,0.0,0.0,0.0,0.0,0.0,0.0,0.0,0.0,0.0,0.0,0.0,0.0,0.0,0.0,0.0,0.0,0.0,0.0,0.0,0.0,0.0,0.0,147.974311,0.0,0.0,0.0,0.0,0.0,0.0,0.0,0.0,0.0,0.0,0.0,0.0,0.0,0.0,0.0,0.0,0.0,3.8762179350896905e-8,0.0611212131555994,3.876403823554406e-8,3.876660422841714e-8,3.878494267587757e-8,0.028726789418971305,0.17365188670492823,0.44081971032232065,0.49999998993098327,0.49999998991263334,0.49999998366748943,0.499999992338287,0.49999998787579025,0.17104818134727023,0.4366655376325417,0.4999999852648661,0.49999999131324385,0.4999999777495102,0.49999988094485476,0.49999995567402566,0.4999999906938495,0.4999999855772023,0.17104809515330638,0.01441259544732036,-1.2307324540117361e-8,-1.2307324540117361e-8,-1.2307324540117361e-8,-1.2307324540117361e-8,-1.2307324540117361e-8,-1.2307324540117361e-8,-1.2307324540117361e-8,-1.2307324540117361e-8,-1.2307324540117361e-8,-1.2307324540117361e-8,-1.2307324360875333e-8,0.09905675677158075,0.3962270669674704,0.4756084187234377,0.49999995971289657,0.49999996841590694,0.49999997257630524,0.4999999649265552,0.49999995381369594,0.4999999594318294,0.4999999720717076,0.499999971339958,0.48805438887393077,0.2853187445800708,0.3908270598233612,0.49999997998559853,0.49999997498784177,0.499999978731576,0.499999979188064,0.4999999793529071,0.4999999793570447,0.49999997950644015,0.4999999803083185,0.4999999802708883,0.49999997990144296,0.49999998067321255,0.49999998011516983,0.4999999791748237,0.4999999796135721,0.4999999799595694,0.4999999804628679,0.4999999797679846,0.49999997951516395,0.4999999796072438,0.4999999803696662,0.4999999802663605,0.49999997919348477,0.499999978945695,-1.0512667375616138e-8,-1.0512667375616138e-8,-1.0512667375616138e-8,-1.0512667375616138e-8,-1.0512667375616138e-8,-1.0512667375616138e-8,-1.0512667357821052e-8,0.060313088932586766,0.24125239590810815,0.49999997159876053,0.4999999615124687,0.49999997436774507,0.4999999650919617,0.21332178949830022,0.4539438820791681,0.49999996462555174,0.4999999732527816,0.49999994434625283,0.28381638394298575,0.44195357308840527,0.4999999725406063,0.4999999655045199,0.21332178333281754,0.04692797781591384,0.20212175462501347,0.06590725747886939,-2.8421519172080103e-9,-2.8464398497427757e-9,-2.807709546428368e-9,0.006478556238369863,0.008414728868158165,0.14684792406747502,0.4999999745925085,0.49999997462935747,0.4999999638648768,0.2636290585955419,0.06590725703398063,-2.8299247444080683e-9,-2.8299245647753696e-9,-2.8299245647753696e-9,-2.8299245647753696e-9,-2.8299245647753696e-9,-2.8299245647753696e-9,-2.8299245647753696e-9,-2.8299245647753696e-9,-2.8299245647753696e-9,-2.8299245647753696e-9,-2.8299245647753696e-9,-9.381581143890471e-9,-9.381581143890471e-9,-9.381581143890471e-9,-9.381581143890471e-9,-9.381581143890471e-9,-9.381581143890471e-9,-9.381580971233644e-9,0.0830010806206548,0.3320043609105124,0.4999999748852829,0.4999999739241254,0.4999999756882804,0.4999999745113671,0.499999970944904,0.49999997296624654,0.4999999740919792,0.4999999752937965,0.49999997350854775,0.49999997258347545,0.4999999729433273,0.49999997510043553,0.49999997486048225,0.4999999710382223,0.49999996946328845,-1.2734874813126391e-8,-1.2734874813126391e-8,-1.2734874813126391e-8,-1.2734874813126391e-8,-1.2734874813126391e-8,-1.2734874813126391e-8,-1.2734874813126391e-8,-1.2734874746800384e-8,0.11795723441865547,0.4718289801704718,0.49999997192929513,0.4999999738612433,0.49999997256370093,0.4999999688854869,0.4999999709242577,0.49999997211165675,0.4999999734221416,0.49999997149231634,0.4999999705289418,0.4999999709007196,0.4999999732082183,0.4999999729458199,0.4999999689764403,0.4999999674652493,-6.99089255865111e-9,0.10425331656055889,0.002591205819277625,0.0985603888594105,0.40554738900766146,0.49999992468706134,0.4999999265380493,0.49999995305171674,0.49999997358338766,0.49999997353330133,0.49999996927722823,0.49999997569766275,0.49999997216457004,0.4519633245418504,0.49999996060370705,0.2958899395000203,0.07397247681417946,-6.99089255865111e-9,-6.990892889778168e-9,-6.990892889778168e-9,-6.990892889778168e-9,-6.990892889778168e-9,-6.990892889778168e-9,-6.990892889778168e-9,-1.4329599780763668e-8,-1.4329599780763668e-8,-1.4329599780763668e-8,-1.4329599780763668e-8,-1.4329599780763668e-8,-1.4329599780763668e-8,-1.4329599780763668e-8,-1.4329599780763668e-8,-1.4329599780763668e-8,-1.4329599780763668e-8,-1.4329599780763668e-8,-1.4329599780763668e-8,-1.4329599780763668e-8,-1.4329599780763668e-8,-1.4329599780763668e-8,-1.4329599780763668e-8,-1.4329599780763668e-8,-1.4329599780763668e-8,-1.4329599780763668e-8,-1.4329599780763668e-8,-1.4329599780763668e-8,-1.4329599780763668e-8,-1.4329599780763668e-8,-1.4329599780763668e-8,0.41828505499612006,0.4999999813532432,0.15777614289922562,0.4999999733158254,0.4999999786120391,0.4999999793163958,0.49999997933429724,0.499999979888789,0.49999998208680907,0.4999999820339222,0.4999999811251922,0.4999999828265244,0.4999999816752584,0.499999978549311,0.499999980257876,0.49999998128042333,0.4999999824334834,0.49999998074346685,0.49999997992057676,0.4999999802333767,0.49260113339713446,0.12315027927711338,9.302194399621547e-9,9.302194467629046e-9,0.2878781810022254,0.19038194294699162,0.039088355833058114,0.0494860022978004,0.26287465429471457,0.49999980279955003,0.49999982448981256,0.49999994482653676,0.49999997259912715,0.49999997256602946,0.49999996829972077,0.49999997452850564,0.22775804516118664,0.05693950124968709,-1.0544265228364717e-8,-1.0544265220348476e-8,-1.0544265220348476e-8,-1.0544265220348476e-8,-1.0544265220348476e-8,-1.0544265220348476e-8,-1.0544265220348476e-8,-1.0544265220348476e-8,-1.0544265220348476e-8,-1.0544265220348476e-8,0.27169463812574646,0.1831113279168547,0.019581268349735056,0.031362166554970844,0.21482273359358534,0.3522235057962301,0.357965177658107,0.4999996252451105,0.49999997054927614,0.4999999705388628,0.4999999638669084,0.49999997304091515,0.4999999686992592,0.20536011012894423,0.499999931788181,0.4999999656029058,0.49999997198808355,0.49999995723825746,0.4999997745997366,0.4999999294858458,0.4999999713484045,0.49999997034222315,0.2134571442733613,0.08983543252917026,0.47856974824748055,0.14006128155733535,0.003215776831575244,2.976240401980437e-10,2.918356196676424e-10,2.918356359064636e-10,2.918356359064636e-10,2.918356359064636e-10,2.918356359064636e-10,2.918356359064636e-10,2.918356359064636e-10,2.918356359064636e-10,2.918356359064636e-10,2.918356359064636e-10,2.918356359064636e-10,2.918356359064636e-10,2.918356359064636e-10,2.918356359064636e-10,2.918356359064636e-10,2.918356359064636e-10,2.918356359064636e-10,2.918356359064636e-10,2.918356359064636e-10,2.918356359064636e-10,0.45413114269435195,0.13766612140177611,0.00464784746577015,-2.8445100303103078e-9,-2.844509964681863e-9,-2.844509964681863e-9,-2.844509964681863e-9,-2.844509964681863e-9,-2.844509964681863e-9,-2.844509964681863e-9,-2.844509964681863e-9,-2.844509964681863e-9,-2.844509964681863e-9,-2.844509964681863e-9,-2.844509964681863e-9,-2.844509964681863e-9,-2.844509964681863e-9,-2.844509964681863e-9,-2.844509964681863e-9,-2.844509964681863e-9,-2.844509964681863e-9,-2.844509964681863e-9,-2.844509964681863e-9,-2.844509964681863e-9,0.3938714372120141,0.1167382177873517,-8.818561438708501e-9,-8.818561513457704e-9,-8.818561513457704e-9,-8.818561513457704e-9,-8.818561513457704e-9,-8.818561513457704e-9,-8.818561513457704e-9,-8.818561513457704e-9,-8.818561513457704e-9,-8.818561513457704e-9,-8.818561513457704e-9,-8.818561513457704e-9,-8.818561513457704e-9,-8.818561513457704e-9,-8.818561513457704e-9,-8.818561513457704e-9,-8.818561513457704e-9,-8.818561513457704e-9,-8.818561513457704e-9,-8.818561513457704e-9,-8.818561513457704e-9,-8.818561513457704e-9,0.47971319051452954,0.19270476868674402,0.03435451582424538,4.027068908071879e-9,4.027068929556074e-9,4.027068929556074e-9,4.027068929556074e-9,4.027068929556074e-9,4.027068929556074e-9,4.027068929556074e-9,4.027068929556074e-9,4.027068929556074e-9,4.027068929556074e-9,4.027068929556074e-9,4.027068929556074e-9,4.027068929556074e-9,4.027068929556074e-9,4.027068929556074e-9,4.027068929556074e-9,4.027068929556074e-9,4.027068929556074e-9,4.027068929556074e-9,4.027068929556074e-9,4.027068929556074e-9,-5.042700227953949e-9,-5.042700227953949e-9,-5.042700227953949e-9,-5.042700227953949e-9,-5.042700227953949e-9,-5.042700227953949e-9,-5.042700246581673e-9,0.12361936638791966,0.494477497546563,0.4999999746959816,0.49999997271348345,0.49999997626227255,0.49999997393963164,0.4999999657142635,0.49999997060875795,0.4999999730630443,0.4999999755031667,0.49999997181453115,0.49999996973270605,0.4999999705590692,0.4999999751225373,0.4999999746459957,0.49999996594669827,0.4999999616615874,0.27185925458734456,0.49999996587237683,0.1639293938258174,0.45425755377796967,0.49999995366815814,0.49999996035368993,0.4999999605055459,0.4999999642083196,0.49999997301040117,0.49999997292235954,0.49999997001965446,0.49999997487142134,0.4999999718786361,0.49999995289494414,0.4999999662546674,0.49999997057757883,0.499999973960454,0.4999999685116741,0.49999996441516226,0.49999996614586073,0.4999999734790536,0.49999997283907993,0.499999953673257,0.49999993103071716,0.21516238383359532,0.09475431698059138,3.1240489067775224e-9,3.124048734617097e-9,3.124048734617097e-9,3.124048734617097e-9,3.124048734617097e-9,3.124048734617097e-9,3.124048734617097e-9,3.124048734617097e-9,3.124048734617097e-9,3.124048734617097e-9,3.124048734617097e-9,3.124048734617097e-9,3.124048734617097e-9,3.124048734617097e-9,3.124048734617097e-9,3.124048734617097e-9,3.124048734617097e-9,3.124048734617097e-9,3.124048734617097e-9,3.124048734617097e-9,3.124048734617097e-9,3.124048734617097e-9,0.4999999744399628,0.20830055369493813,0.04230933535724486,-8.675971831794234e-9,-8.675972003355751e-9,-8.675972003355751e-9,-8.675972003355751e-9,-8.675972003355751e-9,-8.675972003355751e-9,-8.675972003355751e-9,-8.675972003355751e-9,-8.675972003355751e-9,-8.675972003355751e-9,-8.675972003355751e-9,-8.675972003355751e-9,-8.675972003355751e-9,-8.675972003355751e-9,-8.675972003355751e-9,-8.675972003355751e-9,-8.675972003355751e-9,-8.675972003355751e-9,-8.675972003355751e-9,-8.675972003355751e-9,-8.675972003355751e-9,-7.508998728031985e-9,-7.508998728031985e-9,-7.508998728031985e-9,-7.508998728031985e-9,-7.508998728031985e-9,-7.508998728031985e-9,-7.508998728031985e-9,-7.508998728031985e-9,-7.508998728031985e-9,-7.508998728031985e-9,-7.508998728031985e-9,-7.508998728031985e-9,-7.508998728031985e-9,-7.508998728031985e-9,-7.508998728031985e-9,-7.508998728031985e-9,-7.508998728031985e-9,-7.508998728031985e-9,-7.508998728031985e-9,-7.508998728031985e-9,-7.508998728031985e-9,-7.508998728031985e-9,-7.508998728031985e-9,-7.508998728031985e-9,0.1818646188575369,0.10510066602270346,-7.28697569878781e-9,-7.2869757961782675e-9,-7.2869757961782675e-9,-7.2869757961782675e-9,-7.2869757961782675e-9,-7.2869757961782675e-9,-7.2869757961782675e-9,-7.2869757961782675e-9,-7.2869757961782675e-9,-7.2869757961782675e-9,-7.2869757961782675e-9,-7.2869757961782675e-9,-7.2869757961782675e-9,-7.2869757961782675e-9,-7.2869757961782675e-9,-7.2869757961782675e-9,-7.2869757961782675e-9,-7.2869757961782675e-9,-7.2869757961782675e-9,-7.2869757961782675e-9,-7.2869757961782675e-9,-7.2869757961782675e-9,0.36107636972890744,0.49999997352468245,0.13737043243505187,0.4329179099352246,0.4999999641545878,0.49999996710930256,0.4999999671855232,0.4999999692032069,0.4999999755204032,0.4999999754180963,0.4999999730578327,0.4999999772120436,0.49999997453376166,0.49999996385689266,0.4999999704464042,0.49999997349199155,0.4999999763463885,0.49999997196063084,0.49999996931892066,0.4999999703802641,0.49999997591374273,0.49999997535419405,0.49999996417925235,0.499999957773895,-2.9003303984497855e-9,-2.9003303984497855e-9,-2.9003303984497855e-9,-2.9003303984497855e-9,-2.9003303984497855e-9,-2.9003303984497855e-9,-2.9003301454210806e-9,0.0848231830452749,0.33929276171683087,0.49999997434617144,0.4999999708316047,0.4999999766606856,0.499999973088564,0.49999994823696187,0.49999996613337705,0.49999997149721825,0.4999999755814719,0.4999999689608859,0.49999996379011247,0.49999996599871294,0.49999997499912985,0.49999997424710746,0.4999999493106899,0.4999999138225658,0.23598419175008156,0.12229118987437378,-9.162733094869335e-9,-9.156043900734773e-9,-9.067556216658287e-9,0.013047670242970525,0.014193109401393664,0.13850238082654748,0.49999996052881446,0.4999999647380181,0.49015860048014587,0.49999997282270975,0.46091463610168537,0.10837616412895226,0.1385025253118921,0.4999998389542656,0.4999999700330525,0.28041983477422083,0.06651536350897898,0.13282804201187737,0.4891647961154055,0.12229119056959613,-9.162983343752652e-9,-9.162982953775495e-9,0.38373607074930494,0.10367858751060868,-3.454049749198526e-9,-3.45404940246247e-9,-3.45404940246247e-9,-3.45404940246247e-9,-3.45404940246247e-9,-3.45404940246247e-9,-3.45404940246247e-9,-3.45404940246247e-9,-3.45404940246247e-9,-3.45404940246247e-9,-3.45404940246247e-9,-3.45404940246247e-9,-3.45404940246247e-9,-3.45404940246247e-9,-3.45404940246247e-9,-3.45404940246247e-9,-3.45404940246247e-9,-3.45404940246247e-9,-3.45404940246247e-9,-3.45404940246247e-9,-3.45404940246247e-9,-3.45404940246247e-9,2.1697533622386423e-9,2.1697533622386423e-9,2.1697533622386423e-9,2.1697533622386423e-9,2.1697533622386423e-9,2.1697533622386423e-9,2.1697533622386423e-9,2.1697533622386423e-9,2.1697533622386423e-9,2.1697533622386423e-9,2.1697533622386423e-9,2.1697533622386423e-9,2.1697533622386423e-9,2.1697533622386423e-9,2.1697533622386423e-9,2.1697533622386423e-9,2.1697533622386423e-9,2.1697533622386423e-9,2.1697533622386423e-9,2.1697533622386423e-9,2.1697533622386423e-9,2.1697533622386423e-9,2.1697533622386423e-9,2.1697533622386423e-9,-3.21439932757063e-10,-3.21439932757063e-10,-3.21439932757063e-10,-3.21439932757063e-10,-3.21439932757063e-10,-3.21439932757063e-10,-3.2144016651080314e-10,0.09791022500520177,0.3916409326401023,0.49999996525559315,0.48048345831391764,0.49999997541843855,0.3486194391491017,0.08090121175595154,0.13330487793254256,0.45970496577552067,0.49999997191609186,0.1993877753687219,0.019745946752226497,0.08946758007952169,0.3745651851911911,0.09364129052984194,-3.2144016651080314e-10,-3.21439932757063e-10,-7.443161132873179e-9,-7.443161132873179e-9,-7.443161132873179e-9,-7.443161132873179e-9,-7.443161132873179e-9,-7.443161132873179e-9,-7.443161132873179e-9,-7.443161132873179e-9,-7.443161132873179e-9,-7.443161132873179e-9,-7.443161132873179e-9,-7.443161132873179e-9,-7.443161132873179e-9,-7.443161132873179e-9,-7.443161132873179e-9,-7.443161132873179e-9,-7.443161132873179e-9,-7.443161132873179e-9,-7.443161132873179e-9,-7.443161132873179e-9,-7.443161132873179e-9,-7.443161132873179e-9,-7.443161132873179e-9,-7.443161132873179e-9,0.4372781089907409,0.168301972956646,0.025351765199885145,-3.862499572342558e-9,-3.862499948134521e-9,-3.862499948134521e-9,-3.862499948134521e-9,-3.862499948134521e-9,-3.862499948134521e-9,-3.862499948134521e-9,-3.862499948134521e-9,-3.862499948134521e-9,-3.862499948134521e-9,-3.862499948134521e-9,-3.862499948134521e-9,-3.862499948134521e-9,-3.862499948134521e-9,-3.862499948134521e-9,-3.862499948134521e-9,-3.862499948134521e-9,-3.862499948134521e-9,-3.862499948134521e-9,-3.862499948134521e-9,-3.862499948134521e-9,-3.923938866233668e-9,-3.923938866233668e-9,-3.923938866233668e-9,-3.923938866233668e-9,-3.923938866233668e-9,-3.923938866233668e-9,-3.923938866233668e-9,-3.9239385176693665e-9,0.10673827335518207,0.42695312360650955,0.4999999734366641,0.499999976752402,0.4999999745590609,0.4999999674051505,0.49999997155236214,0.4999999737527621,0.49999997602650204,0.4999999726225292,0.499999970786983,0.49999997150879166,0.49999997566629817,0.4999999752197133,0.499999967598648,0.49999996419549586,-8.16812394787119e-9,-8.16812394787119e-9,-8.16812394787119e-9,-8.16812394787119e-9,-8.16812394787119e-9,-8.16812394787119e-9,-8.16812394787119e-9,-8.16812394787119e-9,-8.16812394787119e-9,-8.16812394787119e-9,-8.16812394787119e-9,-8.16812394787119e-9,-8.16812394787119e-9,-8.16812394787119e-9,-8.16812394787119e-9,-8.16812394787119e-9,-8.16812394787119e-9,-8.16812394787119e-9,-8.16812394787119e-9,-8.16812394787119e-9,-8.16812394787119e-9,-8.16812394787119e-9,-8.16812394787119e-9,-8.16812394787119e-9,-1.0624374981765874e-8,-1.0624374981765874e-8,-1.0624374981765874e-8,-1.0624374981765874e-8,-1.0624374981765874e-8,-1.0624374981765874e-8,-1.0624374581010838e-8,0.11791633864991569,0.4716653936781505,0.49999996974730126,0.4999999597453488,0.49999997329147905,0.49999996705783334,0.18819177212039662,0.4999998973055592,0.4999999624237521,0.4999999718114255,0.4999999489412544,0.495326504033626,0.49999989147258417,0.4494165300352558,0.11235412299373856,-1.0624374581010838e-8,-1.0624374981765874e-8,-2.096524267621045e-9,-2.096524267621045e-9,-2.096524267621045e-9,-2.096524267621045e-9,-2.096524267621045e-9,-2.096524267621045e-9,-2.096524472895599e-9,0.11095892773860784,0.4438357394004484,0.49999997521048756,0.4999999726478461,0.4999999770954914,0.4999999742575608,0.4999999618565648,0.4999999697252597,0.4999999731248303,0.49999997619017666,0.49999997143456165,0.4999999684307322,0.4999999696503806,0.4999999757318038,0.49999997513660527,0.49999996225146964,0.49999995390566215,-7.1343936975676044e-9,-7.1343936975676044e-9,-7.1343936975676044e-9,-7.1343936975676044e-9,-7.1343936975676044e-9,-7.1343936975676044e-9,-7.1343936975676044e-9,-7.1343936975676044e-9,-7.1343936975676044e-9,-7.1343936975676044e-9,-7.1343936975676044e-9,-7.1343936975676044e-9,-7.1343936975676044e-9,-7.1343936975676044e-9,-7.1343936975676044e-9,-7.1343936975676044e-9,-7.1343936975676044e-9,-7.1343936975676044e-9,-7.1343936975676044e-9,-7.1343936975676044e-9,-7.1343936975676044e-9,-7.1343936975676044e-9,-7.1343936975676044e-9,-7.1343936975676044e-9,0.31562887403214207,0.499999957197759,0.15566429201538745,0.4333658349776045,0.49999994448690316,0.49999995639071276,0.4999999566326961,0.49999996232209104,0.49999997391759493,0.49999997382648936,0.4999999702540867,0.49999997608951935,0.4999999725700181,0.49999994293260325,0.4999999652413337,0.4999999709561066,0.49999997504153176,0.4999999683051154,0.49999996262369484,0.49999996509902367,0.49999997447962563,0.4999999737192721,0.49999994441998186,0.4999998778740775,0.20870371516826197,0.02752702404647646,-4.82773328567163e-9,-4.8277333441436924e-9,-4.8277333441436924e-9,-4.8277333441436924e-9,-4.8277333441436924e-9,-4.8277333441436924e-9,-4.8277333441436924e-9,-4.8277333441436924e-9,-4.8277333441436924e-9,-4.8277333441436924e-9,-4.8277333441436924e-9,-4.8277333441436924e-9,-4.8277333441436924e-9,-4.8277333441436924e-9,-4.8277333441436924e-9,-4.8277333441436924e-9,-4.8277333441436924e-9,-4.8277333441436924e-9,-4.8277333441436924e-9,-4.8277333441436924e-9,-4.8277333441436924e-9,-4.8277333441436924e-9,-1.580926816541913e-8,-1.580926790757033e-8,-1.580926790757033e-8,-1.580926790757033e-8,-1.580926790757033e-8,-1.580926816541913e-8,0.05997741526237472,0.23990970451860846,0.49999996092474436,0.4999999608252133,0.4999999468967284,0.49999996713627526,0.4999999566070184,0.46560049984752405,0.49999991015185696,0.49999995014272025,0.49999996440606714,0.49999993607458465,0.4999998703831995,0.49999990854310944,0.49999996279137776,0.49999996040672484,0.4679518822805633,0.4257591937139078,-1.5521974672290265e-8,-1.5521974680811175e-8,-1.5521974680811175e-8,-1.5521974680811175e-8,-1.5521974680811175e-8,-1.5521974680811175e-8,-1.5521974672290265e-8,0.1092343743274076,0.4369375398035778,0.49999995987559903,0.499999928788305,0.4999999677623127,0.49999995308876566,0.3548350146521205,0.48081094717183,0.4999999387518653,0.4999999646399008,0.4999998641784015,0.44700649997842323,0.478626894655005,0.49999996259282153,0.4999999591507485,0.35757103282203767,0.3090447234548202,-1.6936854448512202e-8,-1.6936854386648456e-8,-1.6936854386648456e-8,-1.6936854386648456e-8,-1.6936854386648456e-8,-1.6936854386648456e-8,-1.6936854448512202e-8,0.0641857091031685,0.24549838805078167,0.24978487339746183,0.16728705918203285,0.4387156862960533,0.20667157226457517,0.08585673732185661,0.12339860241431128,0.1729768719380557,0.3227206115773651,0.1426405059485327,0.11322052430954606,0.12273902389351032,0.2828623865399625,0.10506153791370552,-1.6936854448512202e-8,-1.6936854386648456e-8,-1.2247088582717688e-8,-1.2247088303594464e-8,-1.2247088303594464e-8,-1.2247088303594464e-8,-1.2247088303594464e-8,-1.2247088582717688e-8,0.06521887165308958,0.26087552684659343,0.49999997023159826,0.4999999700927681,0.4999999684035522,0.4999999717784279,0.4999999693940701,0.4999999646661542,0.4999999669869799,0.4999999686705834,0.49999997092089954,0.4999999677569486,0.4999999664875658,0.49999996695946164,0.49999997051856804,0.4999999700715261,0.4999999647593161,0.49999996335661345,-6.599728082531363e-9,0.05672891412589253,0.226915687430061,0.49999997091575865,0.4999999718663487,0.4999999721900086,0.4999999721969125,0.4999999724972718,0.4999999742925293,0.49999997419165265,0.4999999733440502,0.49999997517408157,0.4999999738221693,0.4999999718343995,0.4999999727171281,0.4999999734684471,0.49999997465350593,0.499999973047852,0.499999972513395,0.4999999727068459,0.4999999744246998,0.4999999741901741,0.49999997187319967,0.4999999714004195,0.16694807613790424,0.49999996714988393,0.4999998573825178,0.49999995907429595,0.4999999624401381,0.4999999635287993,0.49999996355977505,0.49999996446621514,0.4999999687655616,0.4999999686253957,0.49999996673391056,0.4999999704492085,0.4999999678492287,0.4999999623354696,0.49999996510559835,0.4999999670361019,0.49999996952489006,0.4999999659957604,0.4999999645203774,0.4999999650729075,0.49999996908618205,0.49999996859330575,0.4999999624452148,0.4999999607157623,0.49999997114720257,0.49999996671252583,0.4412409018723125,0.4999999555807272,0.4999999608003405,0.49999996228806576,0.49999996232924715,0.49999996349217685,0.4999999683408255,0.4999999682178572,0.49999996618644454,0.4999999700141132,0.49999996741086145,0.49999996065289065,0.4999999642855732,0.49999996652563844,0.4999999691228974,0.49999996534525937,0.49999996356216686,0.4999999642442847,0.49999996868426677,0.49999996817624354,0.4999999607960976,0.4999999582590621,0.1884949942855197,0.4999999654089495,0.46957413986524577,0.4999999525117613,0.49999995830003124,0.4999999600323891,0.4999999600806641,0.49999996146709175,0.499999967528407,0.49999996735209207,0.4999999647779788,0.49999996971346566,0.49999996632044963,0.4999999581335566,0.49999996242754147,0.4999999652021169,0.49999996853894757,0.49999996372796823,0.49999996155342796,0.4999999623781186,0.49999996797077373,0.4999999673080508,0.49999995830080135,0.4999999554280527,-3.443634891477908e-9,0.11146333200116927,0.4458533557135996,0.4999999751626271,0.4999999755256542,0.4999999756706371,0.4999999756750337,0.49999997581856037,0.49999997676513874,0.4999999766963195,0.49999997623951314,0.49999997727801,0.4999999764920356,0.4999999755083661,0.4999999759232894,0.49999997630413756,0.4999999769622044,0.4999999760868604,0.49999997582434974,0.4999999759185984,0.4999999768283668,0.4999999767028565,0.4999999755287006,0.49999997531924184,0.1736809544767702,0.4999999765231924,0.4999999750660454,0.4999999758986535,0.4999999760874128,0.49999997616488057,0.4999999761673346,0.4999999762458723,0.4999999767889695,0.4999999767424457,0.4999999764788626,0.4999999770954676,0.49999997662351847,0.4999999760778111,0.4999999763022891,0.49999997651571143,0.4999999769015452,0.49999997639274085,0.49999997624770404,0.4999999762997524,0.4999999768204849,0.49999997675035274,0.4999999760901214,0.4999999759795984,-4.285206992065174e-9,0.10547291388103347,0.4218916847905271,0.49999997505319504,0.49999997536295004,0.499999975487562,0.49999997549122555,0.4999999756167747,0.49999997646862676,0.4999999764025841,0.49999997598987994,0.4999999769385618,0.49999997621613473,0.49999997534676516,0.49999997570856586,0.4999999760475131,0.4999999766464577,0.4999999758533595,0.49999997562158915,0.4999999757045805,0.4999999765235146,0.4999999764098436,0.49999997536504764,0.49999997518459893,-1.590480505707746e-8,-1.590480543757651e-8,-1.590480543757651e-8,-1.590480543757651e-8,-1.590480543757651e-8,-1.590480543757651e-8,-1.590480543757651e-8,-1.590480505707746e-8,0.09756561098791945,0.28228021495896477,0.17379449143801767,0.4999998392988513,0.22809870181335698,0.08149933155607378,0.12584969193443496,0.18626176371639452,0.056681830196921724,-1.590480505707746e-8,-1.590480543757651e-8,-1.590480543757651e-8,-1.590480505707746e-8,-1.590480543757651e-8,-1.590480543757651e-8,-1.590480543757651e-8,-1.650069629231807e-8,0.06684589801670582,0.21124182006238265,0.38132043235785945,0.44623384282507983,0.47640497616914396,0.4775612378148579,0.4999995043258639,0.49999996093687243,0.4999999609204776,0.4999999445407778,0.4999999672479298,0.49999995633642397,0.4433485562406822,0.499999874536092,0.49999994869077874,0.499999964576993,0.4999999289276371,0.4999996397983219,0.499999869963725,0.49999996294242116,0.4999999604277155,0.4453980473399725,0.40855982227318444,-7.640189333116045e-9,-7.640189339225906e-9,-7.640189339225906e-9,-7.640189339225906e-9,-7.640189339225906e-9,-7.640189333116045e-9,0.05939613372263539,0.23758456901505742,0.49999997258547746,0.49999997245164757,0.49999997089145787,0.4999999740380609,0.4999999718034717,0.49999996752125025,0.4999999696006514,0.4999999711361815,0.49999997322650214,0.4999999703003158,0.49999996914945494,0.4999999695762802,0.4999999728494609,0.49999997243467653,0.49999996760769305,0.49999996636610533,0.4879565502796874,0.49999995492216776,0.22787016058955537,0.4217948425384059,0.4963094865781346,0.49999983832572,0.4999998432275549,0.4999999104409079,0.49999996216938486,0.49999996205661823,0.49999995136308417,0.4999999674846375,0.4999999586308037,0.4929940919979923,0.49999992959780565,0.4999999537045757,0.49999996508362127,0.4999999440959625,0.4999999129699011,0.4999999288101735,0.499999963698874,0.4999999617231036,0.49534883241444766,0.4530385324794117,5.2315447778479905e-9,0.05824448655305162,0.23297796583942207,0.49999997900162757,0.49999997929706697,0.49999997940678326,0.49999997940937346,0.49999997951832725,0.49999998027303283,0.4999999802120082,0.49999997984556904,0.49999998069678747,0.49999998004635227,0.49999997928352563,0.4999999795984649,0.4999999798964257,0.4999999804308341,0.49999997972570154,0.4999999795223997,0.4999999795949883,0.49999998032024784,0.49999998021977415,0.4999999792989619,0.4999999791420816,-1.2281733827865809e-8,-1.2281734360219854e-8,-1.2281734360219854e-8,-1.2281734360219854e-8,-1.2281734360219854e-8,-1.2281733827865809e-8,0.057328740429140504,0.22931500263880214,0.49999997094169024,0.4999999708193348,0.499999969417046,0.49999997225535137,0.49999997023638626,0.4999999664182174,0.49999996826342635,0.4999999696364362,0.4999999715201947,0.4999999688875356,0.49999996786153167,0.4999999682415626,0.4999999711782791,0.4999999708063174,0.49999996649394157,0.4999999654014276,0.3387880858852337,0.08995851851677067,-1.354972664766672e-8,-1.3549726780224354e-8,-1.3549726780224354e-8,-1.3549726780224354e-8,-1.354972664766672e-8,0.09986726052587404,0.39946908019783084,0.4999999554389277,0.4999999108293881,0.4999999664342469,0.4999999458361662,0.34275553170851314,0.4762649749603484,0.49999992532854687,0.4999999620913361,0.49999981154764345,0.4402809607438414,0.4739370880132009,0.4999999592416095,0.49999995439052264,0.3456359742353257,0.2947043546178942,5.657135750912445e-9,5.657135712710581e-9,5.657135712710581e-9,5.657135712710581e-9,5.657135712710581e-9,5.657135712710581e-9,5.657135750912445e-9,0.1241322645047776,0.49652907742003904,0.4999999787790645,0.4999999778619655,0.4999999798322616,0.4999999783865299,0.49999997618023195,0.4999999771727203,0.49999997800031376,0.49999997927960954,0.4999999775379116,0.49999997694558695,0.499999977160678,0.4999999790344012,0.49999997878149255,0.49999997622146025,0.49999997568645704,0.49999997552967357,0.49999997326423146,0.49999996623078896,0.4999999709340346,0.4999999717201049,0.49999997201832275,0.49999997202623214,0.49999997230495274,0.49999997397423257,0.4999999738795423,0.49999997309004013,0.49999997479962593,0.4999999735356298,0.49999997168865545,0.4999999725081439,0.49999997320589107,0.4999999743113258,0.4999999728143708,0.4999999723187522,0.49999997249852657,0.4999999740964553,0.4999999738801357,0.49999997172611127,0.49999997128968227,0.49999997305872573,0.4999999702877816,0.49999995911720124,0.4999999670667956,0.4999999682000583,0.4999999686188794,0.49999996863060364,0.4999999690077011,0.49999997117662154,0.4999999710680853,0.4999999700554337,0.49999997219794834,0.4999999706326716,0.49999996815867354,0.49999996928441043,0.49999997020718495,0.49999997160442095,0.4999999696934736,0.49999996902872446,0.49999996927076257,0.4999999713393021,0.4999999710627175,0.49999996820492326,0.49999996759046866,-2.6629887762348956e-9,0.08866140675406775,0.35464565010098775,0.49999997213769215,0.4999999730944987,0.4999999734480957,0.49999997345826647,0.49999997378735705,0.49999997572442545,0.499999975620368,0.49999997470834234,0.49999997666161494,0.49999997522497697,0.49999997305598026,0.4999999740278311,0.49999997484280445,0.49999997611256963,0.4999999743872051,0.4999999738047067,0.49999997401624,0.4999999758681644,0.49999997561790555,0.49999997309854355,0.4999999725748277,-4.459116084675637e-10,0.10722660030000145,0.42890642738287565,0.49999997818105535,0.4999999783431129,0.4999999784102169,0.49999997841226734,0.49999997848122757,0.4999999789672606,0.4999999789238788,0.4999999786874062,0.4999999792450581,0.499999978817013,0.49999997833377585,0.4999999785308633,0.4999999787203651,0.49999997906779625,0.49999997861083545,0.49999997848264527,0.49999997852857636,0.49999997899444776,0.49999997893154435,0.499999978344184,0.49999997824800807,0.4183884753526665,0.4999999674305016,0.4999998222747488,0.4999999592052376,0.49999996265134194,0.4999999637547196,0.4999999637864075,0.49999996469957114,0.49999996897901877,0.4999999688417597,0.4999999669681441,0.49999997063469864,0.4999999680752498,0.499999962547428,0.4999999653415693,0.4999999672685901,0.499999969727796,0.4999999662328712,0.49999996475428155,0.49999996530893515,0.4999999692962636,0.4999999688096659,0.4999999626588477,0.49999996089465887,-1.6988044789269347e-8,0.10155911527451557,0.24576959300684617,0.4028955138161438,0.4612960057318691,0.4882395756639933,0.48926988889248296,0.49999979988463045,0.4999999620073782,0.4999999619620588,0.4999999485474653,0.4999999674940129,0.4999999580815297,0.4587136696142457,0.4999999027010221,0.4999999518314185,0.49999996513570494,0.49999993683114646,0.4999998226780828,0.49999990022653423,0.49999996370918187,0.499999961562133,0.460547902942787,0.42747941144405005,0.21823453229637566,0.08280947746010721,-1.486607874184619e-8,-1.4866078701564012e-8,-1.4866078701564012e-8,-1.4866078701564012e-8,-1.486607874184619e-8,0.09333419180774391,0.37333680977158173,0.4999999594979864,0.499999933274308,0.49999996753252096,0.4999999530815226,0.37425489112632654,0.4999989869679963,0.4999999408592108,0.4999999642747766,0.499999896732911,0.4713946266953806,0.4999982763289708,0.4999999621986063,0.4999999588294137,0.37713846810549495,0.32599309040301777,-1.492104870431697e-8,-1.492104891018612e-8,-1.492104891018612e-8,-1.492104891018612e-8,-1.492104891018612e-8,-1.492104870431697e-8,0.07132718963163097,0.28530880219504223,0.4999999681042922,0.49999996796549806,0.49999996510914074,0.4999999702852286,0.49999996686557924,0.4999999556994172,0.4999999621721483,0.49999996560582943,0.4999999691591424,0.49999996384391104,0.49999996097953797,0.4999999621047374,0.4999999685884832,0.4999999679023147,0.49999995597532254,0.4999999506575305,0.49999997179204253,0.49999996915183237,0.4999999504370828,0.49999996538641234,0.4999999668111508,0.4999999673109296,0.4999999673259408,0.4999999677604911,0.4999999700349643,0.49999996993974694,0.4999999689046966,0.4999999710176494,0.4999999695074451,0.4999999667635924,0.49999996807178126,0.4999999690655561,0.4999999704618017,0.49999996852021045,0.4999999677837277,0.4999999680555138,0.49999997020431297,0.4999999699298895,0.49999996681697645,0.499999966061398,-1.5932596899293187e-8,-1.593259673079799e-8,-1.593259673079799e-8,-1.593259673079799e-8,-1.593259673079799e-8,-1.593259673079799e-8,-1.5932596899293187e-8,0.10980235268508168,0.43920938240282786,0.48845788095134335,0.3409722402740735,0.499999958651225,0.4159390395506876,0.2042013318164495,0.2719562911500009,0.35843402049073453,0.4999999335700426,0.3058395809488161,0.2538301750273087,0.2707861382833812,0.49999987176747557,0.47042045427875157,0.20567949746881672,0.17940689651170463,-1.5599620210523255e-8,-1.559962058780837e-8,-1.559962058780837e-8,-1.559962058780837e-8,-1.559962058780837e-8,-1.559962058780837e-8,-1.5599620210523255e-8,0.06956266756679347,0.2782507095382052,0.45608382555387506,0.28210883890729926,0.49999995940534675,0.3692442615563523,0.13360753069048212,0.2050551270846093,0.3021245919636486,0.49999992777164737,0.24243932563647655,0.18546486978736937,0.20378140206035084,0.45970194134139286,0.11492548858157717,-1.5599620210523255e-8,-1.559962058780837e-8,0.43804861781197896,0.49999996388987955,0.23967687965006854,0.49999990832501484,0.4999999454733221,0.49999995144150067,0.49999995159154914,0.4999999554732043,0.499999967128393,0.4999999669678303,0.49999996271300623,0.4999999701049106,0.49999996537637653,0.49999994483380256,0.49999995784626666,0.4999999634847594,0.4999999686097323,0.49999996068400493,0.4999999557067474,0.499999957726262,0.49999996783127354,0.49999996685398573,0.49999994542679055,0.4999999316773162,-1.2232895380906163e-8,0.11278118800075333,0.4511247860976625,0.49999996804935304,0.49999996895371007,0.4999999692993826,0.4999999693106095,0.4999999696286966,0.4999999715721093,0.49999997144433334,0.4999999705300571,0.49999997253095296,0.49999997105373645,0.4999999689134789,0.49999996985979167,0.4999999706692252,0.49999997195962587,0.49999997021392795,0.4999999696396446,0.49999996984467415,0.499999971699632,0.49999997145921277,0.499999968955058,0.4999999684554247,-5.058850480130663e-9,0.07104130783628203,0.2841652604341697,0.4999999729319659,0.4999999736031025,0.49999997385060324,0.49999997385752565,0.49999997409490327,0.49999997553872677,0.49999997545262037,0.4999999747669381,0.4999999762653893,0.4999999751528784,0.4999999735735751,0.4999999742675091,0.49999997486684344,0.49999997583236644,0.4999999745297064,0.4999999741061401,0.4999999742594381,0.49999997564284815,0.49999997545487995,0.49999997360575604,0.49999997323857664,2.6338927663639963e-8,0.12422646278536092,0.4969058475446281,0.4999999869192386,0.4999999871182893,0.4999999872007778,0.4999999872029435,0.4999999872846503,0.499999987890587,0.4999999878362306,0.4999999875401313,0.499999988241202,0.4999999877003564,0.49999998710709004,0.49999998734638607,0.499999987580357,0.49999998801742923,0.4999999874450975,0.49999998728800676,0.4999999873436765,0.4999999879254144,0.49999998784468946,0.49999998711766,0.49999998700256,0.4695680332730366,0.4999999631854167,0.3129540953636212,0.499999928199732,0.4999999474566794,0.499999951907384,0.49999995203215913,0.4999999552379693,0.4999999666953776,0.49999996644153183,0.4999999619510675,0.4999999701003771,0.49999996472796415,0.49999994700709643,0.4999999573186789,0.49999996274953784,0.4999999683367959,0.49999995996715596,0.4999999554267801,0.4999999572036012,0.4999999674263903,0.49999996636657906,0.4999999474412186,0.4999999389008885,-1.389709100197014e-8,-1.3897090958386578e-8,-1.3897090958386578e-8,-1.3897090958386578e-8,-1.3897090958386578e-8,-1.389709100197014e-8,0.06059162522715148,0.24236654423237794,0.49999997010054503,0.4999999699783055,0.4999999683716561,0.4999999715243164,0.49999996932413443,0.4999999645766574,0.4999999669757404,0.49999996863009605,0.49999997074448244,0.4999999677401942,0.49999996647118833,0.4999999669476545,0.49999997037198635,0.4999999699568783,0.49999996467571395,0.49999996316066975,0.11654363359969187,0.34686455634915986,0.4999999684149636,0.4999999722878911,0.4999999729580942,0.4999999732133258,0.4999999732203682,0.4999999734619299,0.49999997492304327,0.49999997483658015,0.4999999741439417,0.49999997565460724,0.4999999745340941,0.49999997293159104,0.49999997363736254,0.49999997424506815,0.49999997521916906,0.4999999739036544,0.49999997347355857,0.4999999736292359,0.4999999750285259,0.49999997483854486,0.4999999729642343,0.499999972589427,0.37551181964484187,0.09387794431826606,-1.2670286429965399e-8,-1.2670286477364097e-8,-1.2670286477364097e-8,-1.2670286477364097e-8,-1.2670286429965399e-8,0.10867018960044511,0.4346807936226285,0.49999995540501047,0.49999991716471426,0.4999999665589804,0.4999999463977516,0.35833663084946804,0.4985477148562925,0.4999999286328118,0.49999996209261766,0.4999998582521466,0.46077300442275115,0.49613050051032387,0.3755118111445104,0.09387794354763226,-1.2670286429965399e-8,-1.2670286477364097e-8]
WARNING: Using primal cuts only may cause convergence issues
WARNING: Using primal cuts only may cause convergence issues
WARNING: Not solved to optimality, status: UserLimit
