WARNING: Method definition require(Symbol) in module Base at loading.jl:345 overwritten in module ConicBenchmarkUtilities at /home/ubuntu/.julia/v0.5/Requires/src/require.jl:12.
#SOLVERNAME# PAJ_MSD_CPLEX_MOSEK_PRAL
#SOLVER# Pajarito.PajaritoSolver(3,3600.0,1.0e-5,true,CPLEX.CplexSolver(Any[(:CPX_PARAM_THREADS,1),(:CPX_PARAM_TILIM,3600.0),(:CPX_PARAM_EPINT,1.0e-8),(:CPX_PARAM_EPRHS,1.0e-6),(:CPX_PARAM_SCRIND,0),(:CPX_PARAM_EPGAP,1.0e-5)]),MathProgBase.DefaultMIPSolver(),0,false,true,Mosek.MosekMathProgSolverInterface.MosekSolver(Any[(:LOG,0),(:NUM_THREADS,1),(:OPTIMIZER_MAX_TIME,120.0)]),true,false,false,true,true,false,true,false,true,true,true,true,false,true,false,false,true,true,1.0e-10,1.0e-6)
#INSTANCE# uflquad-nopsc-30-100.cbf.gz
#TIMELIMIT# 3600.0

Cone types summary:
Cone                   | Count    | Min dim  | Max dim 
     Rot. second order |     3000 |        3 |        3

Transforming original data......Done     0.01s

Creating conic model data......Done     0.00s

Creating MIP model......Done     0.09s

Solving conic relaxation......Done     0.40s
 - Relaxation status    =        Optimal
 - Relaxation objective =     131.298975

Creating conic subproblem model......Done     0.09s

Starting MIP-solver-driven outer approximation algorithm

Pajarito MICP solve summary:
 - Total time (s)       =       1.38e+03
 - Status               =        Optimal
 - Best feasible obj.   =  +3.552334e+02
 - OA obj. bound        =  +3.552334e+02
 - Relative opt. gap    =      0.000e+00

Timers (s):
 - Setup                =   5.97e-01
 -- Transform data      =   7.53e-03
 -- Create conic data   =   3.42e-03
 -- Create MIP data     =   9.07e-02
 -- Load/solve relax    =   3.97e-01
 - MIP-driven algorithm =   1.38e+03
 -- Solve conic model   =   1.33e+00

Counters:
 - Lazy callback        =     0
 -- Feasible soln       =     0
 -- Integer repeat      =    50
 -- Conic statuses      =    15
 --- Infeasible         =     0
 --- Optimal            =    15
 --- Suboptimal         =     0
 --- UserLimit          =     0
 --- ConicFailure       =     0
 --- Other status       =     0
 -- No viol. subp. cut  =     0
 -- No viol. prim. cut  =     0
 - Heuristic callback   =     0
 -- Feasible added      =     0
 - Incumbent callback   =     0
 -- Feasible accepted   =     0

Max absolute primal infeasibilities
 - Constraint cones:
 -- Linear              =   3.32e-07
 -- Second order        =   0.00e+00
 -- Rot. second order   =   1.88e-06
 -- Primal exponential  =   0.00e+00
 -- Positive semidef.   =   0.00e+00
 - Variable cones:
 -- Linear              =   5.00e-07
 -- Second order        =   0.00e+00
 -- Rot. second order   =   0.00e+00
 -- Primal exponential  =   0.00e+00
 -- Positive semidef.   =   0.00e+00
#STATUS# Optimal
#OBJVAL# 355.23338940357235
#OBJBOUND# 355.23338940357235
#TIMESOLVER# 1381.3421430587769
#TIMEALL# 1381.424805879593
#SOLUTION# [0.0,0.0,0.0,0.0,0.0,0.0,0.0,0.0,0.0,0.0,0.0,0.0,0.0,0.0,0.0,0.0,0.0,0.0,0.0,0.0,0.0,0.0,0.0,0.0,0.0,0.0,0.0,0.0,0.0,0.0,0.0,0.0,0.0,0.0,0.0,0.0,0.0,0.0,0.0,0.0,0.0,0.0,0.0,0.0,0.0,0.0,0.0,0.0,0.0,0.0,0.0,0.0,0.0,0.0,0.0,0.0,0.0,0.0,0.0,0.0,0.0,0.0,0.0,0.0,0.0,0.0,0.0,0.0,0.0,0.0,0.0,0.0,0.0,0.0,0.0,0.0,0.0,0.0,0.0,0.0,0.0,0.0,0.0,0.0,0.0,0.0,0.0,0.0,0.0,0.0,0.0,0.0,0.0,0.0,0.0,0.0,0.0,0.0,0.0,0.0,0.0,0.0,0.0,0.0,0.0,0.0,0.0,0.0,0.0,0.0,0.0,0.0,0.0,0.0,0.0,0.0,0.0,0.0,0.0,0.0,0.0,0.0,0.0,0.0,0.0,0.0,0.0,0.0,0.0,0.0,0.0,0.0,0.0,0.0,0.0,0.0,0.0,0.0,0.0,0.0,0.0,0.0,0.0,0.0,0.0,0.0,-1.2697036157492842e-7,0.0,0.0,0.0,0.0,0.0,0.0,0.0,0.0,0.0,0.0,0.0,0.0,0.0,0.0,0.0,0.0,0.0,0.0,0.0,0.0,0.0,0.0,0.0,0.0,0.0,0.0,0.0,0.0,0.0,0.0,0.0,0.0,0.0,0.0,0.0,0.0,0.0,0.0,0.0,0.0,0.0,0.0,0.0,0.0,0.0,0.0,0.0,-1.4292081991603852e-7,0.0,0.0,0.0,0.0,0.0,0.0,0.0,0.0,0.0,0.0,0.0,0.0,0.0,0.0,0.0,0.0,0.0,0.0,0.0,0.0,0.0,0.0,0.0,0.0,0.0,0.0,0.0,0.0,0.0,0.0,0.0,0.0,0.0,0.0,0.0,0.0,0.0,0.0,0.0,0.0,0.0,0.0,0.0,0.0,0.0,0.0,0.0,0.0,0.0,0.0,0.0,0.0,0.0,0.0,0.0,0.0,0.0,0.0,0.0,0.0,0.0,0.0,0.0,0.0,0.0,0.0,0.0,0.0,0.0,0.0,0.0,0.0,0.0,0.0,0.0,0.0,0.0,0.0,0.0,0.0,0.0,0.0,0.0,0.0,0.0,0.0,0.0,0.0,0.0,0.0,0.0,0.0,0.0,0.0,0.0,0.0,0.0,0.0,0.0,0.0,0.0,0.0,0.0,0.0,0.0,0.0,0.0,0.0,0.0,0.0,0.0,0.0,0.0,0.0,0.0,0.0,0.0,0.0,0.0,0.0,0.0,0.0,0.0,0.0,0.0,0.0,0.0,0.0,0.0,0.0,0.0,0.0,0.0,0.0,0.0,0.0,0.0,0.0,0.0,0.0,0.0,0.0,0.0,0.0,0.0,0.0,0.0,0.0,0.0,0.0,0.0,0.0,0.0,0.0,0.0,0.0,0.0,0.0,0.0,0.0,0.0,0.0,0.0,0.0,0.0,0.0,0.0,0.0,0.0,0.0,0.0,0.0,0.0,0.0,0.0,0.0,0.0,0.0,0.0,0.0,0.0,0.0,0.0,0.0,0.0,0.0,0.0,0.0,0.0,0.0,0.0,0.0,0.0,0.0,0.0,0.0,0.0,0.0,0.0,0.0,0.0,0.0,0.0,0.0,0.0,0.0,0.0,0.0,0.0,0.0,0.0,0.0,0.0,0.0,0.0,0.0,0.0,0.0,0.0,0.0,0.0,0.0,0.0,0.0,0.0,0.0,0.0,0.0,0.0,0.0,0.0,0.0,0.0,-1.6291315053242743e-7,0.0,0.0,0.0,0.0,0.0,0.0,0.0,0.0,0.0,0.0,0.0,0.0,0.0,0.0,0.0,0.0,0.0,0.0,0.0,0.0,0.0,0.0,0.0,0.0,0.0,0.0,0.0,0.0,0.0,0.0,0.0,0.0,0.0,-1.560615584322656e-7,0.0,0.0,0.0,0.0,0.0,0.0,0.0,0.0,0.0,0.0,0.0,0.0,0.0,0.0,0.0,0.0,0.0,0.0,0.0,0.0,0.0,0.0,0.0,0.0,0.0,0.0,0.0,0.0,0.0,0.0,0.0,0.0,0.0,0.0,0.0,0.0,0.0,0.0,0.0,0.0,0.0,0.0,0.0,0.0,0.0,0.0,0.0,0.0,0.0,0.0,0.0,0.0,0.0,0.0,0.0,0.0,0.0,0.0,0.0,0.0,0.0,0.0,0.0,0.0,0.0,0.0,0.0,0.0,0.0,0.0,0.0,0.0,0.0,0.0,0.0,0.0,0.0,0.0,0.0,0.0,0.0,0.0,0.0,0.0,0.0,0.0,0.0,0.0,0.0,0.0,0.0,0.0,0.0,0.0,0.0,0.0,0.0,0.0,0.0,0.0,0.0,0.0,0.0,0.0,0.0,0.0,0.0,0.0,0.0,0.0,0.0,0.0,0.0,0.0,0.0,0.0,0.0,0.0,0.0,0.0,0.0,0.0,0.0,0.0,0.0,0.0,0.0,0.0,0.0,0.0,0.0,0.0,0.0,0.0,0.0,0.0,0.0,0.0,0.0,0.0,0.0,0.0,0.0,0.0,0.0,0.0,0.0,0.0,0.0,0.0,0.0,0.0,0.0,0.0,0.0,-7.54242894605054e-8,0.0,0.0,0.0,0.0,0.0,0.0,0.0,0.0,0.0,0.0,-4.861665332740272e-8,0.0,0.0,0.0,0.0,0.0,0.0,0.0,0.0,0.0,0.0,0.0,0.0,0.0,0.0,0.0,0.0,-6.674436175620143e-8,0.0,0.0,0.0,0.0,0.0,0.0,0.0,0.0,0.0,0.0,0.0,0.0,0.0,0.0,0.0,0.0,0.0,0.0,0.0,0.0,0.0,0.0,0.0,0.0,0.0,0.0,0.0,0.0,0.0,0.0,0.0,0.0,0.0,0.0,0.0,0.0,0.0,0.0,0.0,0.0,0.0,0.0,0.0,0.0,0.0,0.0,0.0,-5.882703776234496e-8,0.0,0.0,0.0,0.0,0.0,0.16245567643403186,0.061264470658710046,0.07406272662875049,0.059392402350594745,0.1875509975883348,0.14082534542179653,0.06027184948550725,0.10108514927368828,0.07837121320140442,0.19321496978758596,0.16148120196697444,0.08053579694477943,0.10299850423076402,0.10101141430085268,0.1704844180597894,0.28208900030747464,0.06037120519262279,0.14776159445866216,0.06855689344839155,0.0903834423253789,0.23188384263773804,0.05643429387736872,0.12906986715617558,0.10132239421388248,0.11216828528377967,0.15577079271207758,0.10478541357563807,0.16065029687549612,0.16816137770399295,0.06004808290909363,0.10294866463342527,0.12054927527256047,0.1825932855957895,0.14997797463549561,0.0832784613158402,0.16031301299149467,0.3764262187263448,0.16123996439021895,0.14117146286946486,0.15233687312301977,0.05681755435587073,0.12132468174423422,0.06270047687365232,0.11125802005233298,0.06576070972417963,0.11602600464262552,0.05390370983849533,0.1385183432834463,0.05978172946752851,0.16381988700649752,0.1508912927091994,0.06303495144815942,0.16057713977253965,0.0999537483391589,0.16290625400168146,0.33691240114814214,0.20629759874063192,0.20247732303680532,0.06461788822863525,0.1665354327092861,0.22239943831822137,0.1670187440015225,0.22283480281351759,0.06627515691687565,0.1609591107461156,0.12312916411869464,0.05925071232739831,0.19549022850279515,0.18074510194667295,0.12867399774293908,0.07792354084831721,0.12694603241201816,0.1957492907925298,0.14763164654315813,0.16199509701618456,0.36980655290367626,0.11990984506032384,0.1836013300266633,0.25500763386937175,0.7416469125637185,0.2628704435201488,0.09061593191199774,0.1527796609438449,0.1337706171141105,0.06042785089037111,0.05443654430949334,0.11355093324298161,0.2433391451262303,0.19186618291703575,0.12137546273154888,0.16296084576440642,0.12681333481214654,0.17412048252065587,0.16702474813164003,0.06022578227476193,0.14771082434705754,0.19577983706631377,0.1728689211402639,0.16199695660541663,0.1706066021075267,0.0,0.0,0.0,0.0,0.0,0.0,0.0,0.0,-1.314302352575414e-7,0.0,0.0,0.0,0.0,-1.4398884178958417e-7,0.0,0.0,0.0,0.0,-1.0470994278894372e-7,0.0,0.0,0.0,0.0,-1.4777455106621156e-7,0.0,0.0,-1.591308005078677e-7,0.0,-1.3916425619703015e-7,-9.09718341290715e-8,-1.165479186076577e-7,0.0,-1.2954511881009727e-7,0.0,0.0,0.0,0.0,0.0,0.0,0.0,0.0,-1.287552658898893e-7,0.0,-1.2769898189999476e-7,0.0,-1.4548756621745575e-7,0.0,0.0,0.0,0.0,0.0,0.0,0.0,0.0,0.0,0.0,0.0,0.0,0.0,0.0,0.0,0.0,-1.3301110854020502e-7,-1.3586636052629674e-7,0.0,-1.2910312813672224e-7,0.0,0.0,0.0,0.0,0.0,0.0,0.0,0.0,0.0,0.0,0.0,0.0,0.0,0.0,0.0,0.0,0.0,0.0,0.0,-9.389833706794752e-8,0.0,0.0,-1.1906155239855002e-7,0.0,0.0,0.0,-1.1636489841633832e-7,-1.5663202029210152e-7,-1.0524581805350198e-7,0.0,0.0,0.0,0.0,0.0,0.0,0.0,0.0,0.0,0.0,0.0,0.0,0.0,0.0,0.0,0.0,0.0,0.0,0.0,0.0,0.0,0.0,0.0,0.0,0.0,0.0,0.0,0.0,0.0,0.0,0.0,0.0,0.0,0.0,0.0,0.0,0.0,0.0,0.0,0.0,0.0,0.0,0.0,0.0,0.0,0.0,0.0,0.0,0.0,0.0,0.0,0.0,0.0,0.0,0.0,0.0,0.0,0.0,0.0,0.0,0.0,0.0,0.0,0.0,0.0,0.0,0.0,0.0,0.0,0.0,0.0,0.0,0.0,0.0,0.0,0.0,0.0,0.0,0.0,0.0,0.0,0.0,0.0,0.0,-2.397110291121465e-9,0.0,0.0,0.0,0.0,0.0,0.0,0.0,0.0,0.0,0.0,0.0,0.0,0.0,0.0,0.0,0.0,0.0,0.0,0.0,0.0,-1.7214294703864538e-7,0.0,0.0,0.0,0.0,-1.6030884353896224e-7,0.0,-1.310303619512867e-7,0.0,0.0,-1.5745508308182782e-7,0.0,0.0,0.0,0.0,0.0,-1.6384809815982494e-7,-1.2500209581213828e-7,0.0,0.0,0.0,0.0,-1.3985664275322426e-7,0.0,0.0,0.0,0.0,-1.5507208494798145e-7,0.0,0.0,0.0,-1.2598485793204293e-7,0.0,0.0,-1.2880083729359637e-7,0.0,0.0,-1.7193089882967484e-7,-1.7223649713075445e-7,0.0,-1.4051402230107726e-7,0.0,-1.5417950849315022e-7,0.0,-1.573770512627983e-7,-1.6065611890296516e-7,-1.6919784550711312e-7,0.0,-1.6528370385830624e-7,0.0,0.0,0.0,0.0,0.0,0.0,0.0,0.0,0.0,-1.7579654331898015e-7,0.0,0.0,0.0,0.0,0.0,0.0,0.0,0.0,0.0,0.0,0.0,0.0,0.0,0.0,0.0,0.0,0.0,0.0,0.0,0.0,0.0,0.0,0.0,0.0,-8.530418264441441e-8,-1.660589895293741e-7,-1.5291837303877028e-7,0.0,0.0,0.0,0.0,-1.6129490273943806e-7,-1.6626406102269143e-7,0.0,0.0,0.0,0.0,0.0,0.0,-1.5934440830930363e-7,0.0,0.0,0.0,0.0,0.0,0.0,0.0,0.0,0.0,0.0,0.0,0.0,0.0,0.0,0.0,0.0,0.0,0.0,0.0,0.0,0.0,0.0,0.0,0.0,0.0,0.0,0.0,0.0,0.0,0.0,0.0,0.0,0.0,0.0,0.0,0.0,0.0,0.0,0.0,0.0,0.0,0.0,0.0,0.0,0.0,0.0,0.0,0.0,0.0,0.0,0.0,0.0,0.0,0.0,0.0,0.0,0.0,0.0,0.0,0.0,0.0,0.0,0.0,0.0,0.0,0.0,0.0,0.0,0.0,0.0,0.0,0.0,0.0,0.0,0.0,0.0,0.0,0.0,0.0,0.0,0.0,0.0,0.0,0.0,0.0,0.0,0.0,0.0,0.0,0.0,0.0,0.0,0.0,0.0,0.0,0.0,0.0,0.0,0.0,0.0,0.0,0.0,0.0,0.0,0.0,0.0,0.0,0.0,0.0,-1.4249770717083586e-7,0.0,0.0,0.0,0.0,0.0,0.0,0.0,-1.4851954814253742e-7,0.0,-1.4673249824716633e-7,0.0,0.0,0.0,0.0,0.0,0.0,0.0,0.0,0.0,0.0,-9.278381701418182e-8,0.0,0.0,0.0,0.0,0.0,0.0,0.0,0.0,0.0,0.0,0.0,0.0,0.0,0.0,0.0,0.0,-1.2251625237530767e-7,0.0,0.0,0.0,0.0,0.0,0.0,0.0,0.0,0.0,0.0,0.0,0.0,0.0,0.0,0.0,0.0,0.0,0.0,0.0,0.0,0.0,0.0,0.0,0.0,0.0,0.0,0.0,0.0,0.0,0.0,0.0,0.0,0.0,0.0,0.0,0.0,0.0,-1.3908300315668626e-7,-8.247933165875476e-8,0.0,0.0,0.0,0.0,0.0,0.0,0.0,0.0,-1.1500583811946392e-7,0.0,0.0,0.0,0.0,0.0,0.1106236935299976,0.0548215726513353,0.06246990719282722,0.05146166871617037,0.09614720455268205,0.09367820656562546,0.04579227412162025,0.04950221109478625,0.07191801328905001,0.12668884653642914,0.10715171366096868,0.06961973978173708,0.04896332704779863,0.3706269513470432,0.09785130435367026,0.1325573756575627,0.05449184983367733,0.07451993191791274,0.07352206983469323,0.06798652659617967,0.07734758052911406,0.04270979047352062,0.09225906446380594,0.3689255572457469,0.3019804035388088,0.09907367528784261,0.3447295247138539,0.11384779848001153,0.1908143718780466,0.05921819619887328,0.3831625648331149,0.0851180153597706,0.18916159664737037,0.10037813023197911,0.06208328960509078,0.10393912191171667,0.10300054547731977,0.10253914359657336,0.09573226670736444,0.1000216106112126,0.04751688761700011,0.13331998774101222,0.05500553760133081,0.3351490564111963,0.05174387201761401,0.26392963738531955,0.05115452031219534,0.09156186786798583,0.054202004854207377,0.1129396159022966,0.07711690680455893,0.047401967562747005,0.10936100451997412,0.07564000518500863,0.0922962668233962,0.1043564501232313,0.08996652243038071,0.0962596870477342,0.05812564052435466,0.09838545554037624,0.09021131609997707,0.10848924863605619,0.16414812357569275,0.5468807447364571,0.1175765782374899,0.29107215876716724,0.04829807055767818,0.09684456276485917,0.12327302183231967,0.08066287606822851,0.06629447622274744,0.09344888405392898,0.10229114838539377,0.08744405766483863,0.10070733547733993,0.08972190799388512,0.08093360744147853,0.12875020324073522,0.13462180860782452,0.0472826998214094,0.10073764658526739,0.06918062734500463,0.10290389730944315,0.08955765944663398,0.05393106786710452,0.05352966796721761,0.07560033365899485,0.13032823330851903,0.2122064664419559,0.09036346127585418,0.1022750826942659,0.08267197574344015,0.22927678840577081,0.15418449674937193,0.05965110530388985,0.10610267337361423,0.1292717939552861,0.09833950974707,0.11087028769860154,0.11424199329202167,0.08971498197335048,0.226304826835485,0.2922798945340277,0.26479225786434996,0.13823928181939887,0.15864965718741816,0.25773096324655587,0.03250113610086103,0.17229134859416617,0.0630704102148389,0.08472263599788941,0.22355134347135613,0.03670304918769567,0.05805277758391904,0.12236744711804991,0.08724482228829723,0.22724657189290767,0.05859304306338828,0.09483245788432214,0.2143964094452653,0.05301147210779859,0.31708372333954593,0.16350482642405567,0.05737316567292109,0.06760855976366252,0.13419858589777714,0.06092565738856058,0.09204112949126522,0.05049679209534635,0.12101138205110812,0.053854593584387364,0.17917671993017875,0.046624560709480935,0.13479470784513714,0.2317912523798087,0.11556059234910672,0.07693701742927568,0.07475120311336467,0.15159078017213223,0.13336249666868918,0.23819147027345577,0.11250129090979837,0.22267225097249932,0.06217516432145798,0.21695499179416744,0.045342082560911996,0.13927071851877107,0.16198975025641643,0.21314304113088328,0.08105308525203879,0.047169385588084665,0.31210167451739257,0.0955107369899788,0.26324255325357343,0.15798070956353022,0.053035539061735644,0.08498093822058779,0.11362073881976911,0.21105327558301135,0.09315713331237446,0.08108449645377454,0.06660048719306601,0.0524739812043245,0.029179002418139272,0.09033993840583185,0.06881011634149765,0.2149760615026155,0.13107332423983944,0.06613563201856329,0.21276578602896334,0.24759348696629424,0.16071669363761887,0.1496779212032215,0.1937005611693858,0.08137510359686906,0.05142454996925598,0.1981112953022932,0.06639045479224812,0.09475291248863996,0.02425513114369752,0.05437453320353003,0.20883131806099137,0.1272794869218007,0.1700755654808927,0.21906414471035085,0.12694013479509847,0.22371773473695727,0.1024614713520535,0.06315513764481995,0.16699580580330398,0.08978071726221452,0.19271734234418095,0.061987764449796715,0.10685721497349547,0.1171158608391407,0.16325907296646458,0.06304907161482107,0.10566887780322531,0.09041799791118238,0.06763709131053,-1.268649472452887e-7,-1.2686927940514838e-7,-1.2686510747322408e-7,-1.268717704844041e-7,-1.2684550039694628e-7,-1.2685532446912059e-7,-1.268558251773948e-7,-1.266158048971624e-7,-1.2686670122501353e-7,-1.2673819631746785e-7,-1.2682875910663782e-7,0.0,-1.2667536389959085e-7,-1.2685223823982573e-7,-1.268513519615099e-7,-1.2684729770291306e-7,-1.2687475009848883e-7,-1.267453155805301e-7,-1.26863153574287e-7,-1.268534922236071e-7,-1.2649479683118602e-7,-1.2685675235377523e-7,0.0,0.0,-1.268545626047016e-7,-1.2685853710598735e-7,-1.2685294938238006e-7,-1.2687496661405755e-7,-1.2681407810429904e-7,-1.2687599653545282e-7,-1.2685024997286684e-7,-1.2685427864366736e-7,-1.2683469303557155e-7,-1.268639342176974e-7,-1.2685408113759223e-7,-1.26867026302844e-7,-1.2684147410789134e-7,-1.2678659941571266e-7,-1.2685811706711101e-7,-1.268638618894374e-7,-1.2686239340158693e-7,-1.2685571114665903e-7,-1.2686626672155174e-7,-1.2685116178443605e-7,-1.2685504568289878e-7,-1.2684435239891178e-7,0.0,-1.2685490018310715e-7,0.0,-1.2683586318622868e-7,-1.264848412755188e-7,-1.2685642987641036e-7,-1.2687317365640825e-7,-1.2685816144394962e-7,-1.2684948323260002e-7,-1.2669512511575453e-7,-1.2677096598547537e-7,-1.268350558544995e-7,-1.268656730811331e-7,-1.2682993052496165e-7,-1.2674524812614217e-7,-1.267628512668081e-7,-1.2679328849375396e-7,-1.268505525002444e-7,-1.2688289567562419e-7,-1.268512367857902e-7,-1.2685727856690077e-7,-1.2684338522405643e-7,-1.2675824880571855e-7,-1.268516833373949e-7,0.0,-1.2685957027555243e-7,-1.2684835486389162e-7,-1.2685079664962173e-7,-1.2680156134040083e-7,-1.2664696876609453e-7,-1.26852188618973e-7,-1.2677272720387914e-7,-1.2684842469427762e-7,-1.2682394471689142e-7,-1.2567713860218504e-7,-1.2685338047749916e-7,-1.2686753021420554e-7,-1.2685399043301192e-7,0.0,0.0,-1.2685246316538352e-7,-1.268488469772476e-7,-1.2684357748225362e-7,-1.2685766853660085e-7,-1.268352930464046e-7,-1.2685207737404026e-7,-1.268450143930265e-7,-1.268520254922976e-7,-1.268720835804665e-7,-1.2685423700677795e-7,-1.2676021472829916e-7,-1.2684175153019923e-7,-1.2686619668612982e-7,-1.2676475677026828e-7,0.0,0.0,0.0,0.0,0.0,0.0,0.0,0.0,0.0,-1.6233931914372071e-7,0.0,0.0,0.0,0.0,0.0,0.0,0.0,0.0,0.0,0.0,0.0,0.0,0.0,0.0,0.0,0.0,0.0,0.0,0.0,0.0,0.0,0.0,0.0,0.0,0.0,0.0,0.0,0.0,0.0,0.0,0.0,0.0,0.0,0.0,0.0,0.0,0.0,0.0,0.0,0.0,-1.7663442831142258e-7,0.0,0.0,0.0,0.0,-1.6888243672052575e-7,0.0,0.0,0.0,0.0,0.0,0.0,-1.7326732178256425e-7,0.0,0.0,0.0,0.0,0.0,-1.7123576864544378e-7,0.0,0.0,0.0,0.0,0.0,0.0,0.0,0.0,0.0,0.0,0.0,-1.627489823027975e-7,0.0,0.0,0.0,0.0,0.0,0.0,0.0,0.0,0.0,0.0,0.0,0.0,0.0,0.0,0.0,-1.653679098500418e-7,0.0,0.0,0.0,0.08153416140619879,0.11767952328513621,0.1586705182523371,0.1235873007856455,0.09567725552176128,0.1003708507041043,0.07256881961141334,0.03160496223566988,0.2842282917820208,0.06448998207526876,0.07631755752240756,0.2119423467896368,0.032657548438313394,0.08766163694678109,0.08979444892600139,0.09637164347621209,0.13478226640213692,0.052305340420078714,0.4688116284655557,0.09532727688451739,0.04966907292669832,0.07035825039310992,0.10346711374674641,0.08768593192907545,0.0983956949464631,0.09642446666776082,0.0930636378117374,0.08333360608558357,0.05949569775910375,0.36033934360470227,0.08133036636365505,0.10382561869293394,0.05637206432024422,0.09815849154768659,0.08998549835414425,0.09137607153979166,0.07539671039240833,0.06931664890482443,0.10149990078193438,0.09705468936311558,0.09305538679703419,0.23872436885318515,0.11382212664130245,0.09773386072775728,0.08234975999614491,0.05746079467330076,0.12622787416292444,0.10159912759851052,0.1458816570499179,0.07676827026653707,0.04586016006253627,0.0756288333480874,0.08483492073054573,0.1424384512901504,0.09876414157627195,0.05447693655147427,0.0713336627022129,0.08613439226485732,0.11688685172853987,0.07826206124392183,0.06952321986313346,0.06495233921133228,0.05931045565371391,0.04042409346735944,0.08399809414021253,0.10968480034449596,0.08347647974160131,0.09387174194383116,0.06642139604267891,0.10473459708954018,0.19047412183886803,0.10590750277373624,0.11352050775857912,0.10831741026601517,0.07290583441085761,0.05127520625069728,0.10047512691268619,0.0674675252801948,0.10573233833824612,0.02546942651707871,0.05385342795189629,0.09629352021523083,0.09715041965182898,0.10106626883875351,0.13874255762517962,0.20936399775322775,0.1008880954728003,0.11123472651704079,0.08152729668632894,0.10648043441170656,0.07825795057324844,0.100598141177146,0.0829247638696423,0.15415572499514624,0.4209280326488603,0.1596430280633303,0.06492659257997714,0.08290276413325003,0.08167052426800495,0.06644176868932261,0.12603151587451414,0.053600497925191164,0.061444371106580506,0.05138581448667942,0.10708102206982842,0.10040288757362455,0.04741794307738719,0.06153887140085835,0.07058372731363491,0.1621182413971895,0.1223852756159542,0.06916713997940577,0.05976988988509534,0.20586070835761752,0.1087010157280208,0.15408299767620656,0.05372828080467699,0.08821250044157013,0.06838803004323192,0.06993528922109776,0.096180417042036,0.043112261148835145,0.0982494790642715,0.20718467826823378,0.20975677627343667,0.10870484804628598,0.2069204345291133,0.1276406460972323,0.3242777036209996,0.05767405065530478,0.21710972809607704,0.09021046802922142,0.36006179626705637,0.10993623617641972,0.06480511801723306,0.1138939290795688,0.12381622534029439,0.11832833443741361,0.10342678278359746,0.11008837979667545,0.048111398926368405,0.12469569477842275,0.05508483189595386,0.21175514979370988,0.053992402291819265,0.350015831822979,0.05091216337436252,0.09925561244683248,0.05362995402405437,0.12986679686555597,0.0965067119844682,0.04806731437845378,0.12254513672508113,0.07758587534354222,0.10238603123088788,0.1414470323089965,0.10607325311135495,0.1103205014642615,0.057160238349537214,0.11211048429103375,0.10531786413697951,0.13046968411153453,0.2752565576382838,0.21961468591973832,0.13140247508926806,0.2095304558224536,0.04883727530486762,0.10896003026287854,0.1518376746940492,0.08626433465070255,0.06691400252995243,0.09932647068823705,0.11257779765597442,0.0955297099258674,0.11469274147261552,0.11802658496098804,0.08630806010154454,0.16005570527728713,0.15347433701835805,0.06266971579058002,0.13358034670766472,0.07199747684201313,0.11156998409589394,0.09600173243128907,0.05377849808939306,0.05166019641896853,0.08082330904574571,0.14593001157034935,0.2571726550196596,0.09631472400239471,0.11716472269242581,0.08850097397299408,0.26055391119082166,0.15544946436185267,0.05734983280307529,0.1102707750698722,0.16510413487821451,0.11041608282983953,0.1259232610968245,0.13740317502033153,0.0,0.0,0.0,0.0,0.0,0.0,0.0,0.0,0.0,0.0,0.0,0.0,0.0,0.0,0.0,0.0,0.0,0.0,0.0,0.0,0.0,0.0,0.0,0.0,0.0,0.0,0.0,0.0,0.0,0.0,0.0,0.0,0.0,0.0,0.0,0.0,0.0,0.0,0.0,0.0,0.0,0.0,0.0,0.0,0.0,0.0,0.0,0.0,0.0,0.0,0.0,0.0,0.0,0.0,0.0,0.0,0.0,0.0,0.0,0.0,0.0,0.0,0.0,0.0,0.0,0.0,0.0,0.0,0.0,0.0,0.0,0.0,0.0,0.0,0.0,0.0,0.0,0.0,0.0,0.0,0.0,0.0,0.0,0.0,0.0,0.0,0.0,0.0,0.0,0.0,0.0,0.0,0.0,0.0,0.0,0.0,0.0,0.0,0.0,0.0,0.0,0.0,0.0,0.0,0.0,0.0,0.0,0.0,0.0,0.0,0.0,0.0,0.0,0.0,0.0,0.0,0.0,0.0,0.0,0.0,0.0,0.0,0.0,0.0,0.0,0.0,0.0,0.0,0.0,0.0,0.0,0.0,0.0,0.0,0.0,0.0,0.0,0.0,0.0,0.0,0.0,0.0,0.0,0.0,0.0,0.0,0.0,0.0,0.0,0.0,0.0,0.0,0.0,0.0,0.0,0.0,0.0,0.0,0.0,0.0,0.0,0.0,0.0,0.0,0.0,0.0,0.0,0.0,0.0,0.0,0.0,0.0,0.0,0.0,0.0,0.0,0.0,0.0,0.0,0.0,0.0,0.0,0.0,0.0,0.0,0.0,0.0,0.0,0.0,0.0,0.0,0.0,0.0,0.0,0.0,0.0,0.0,0.0,0.0,0.0,0.08695603975512031,0.23700497940564746,0.16767359750214278,0.21882319405533085,0.12745402269125936,0.16362407681138086,0.39076142309359874,0.030924418773988334,0.12239742593942111,0.05699247886302431,0.07998060027155854,0.1460356884327282,0.03319363747451758,0.05076551727899919,0.11869209798082737,0.07379603084418884,0.19494155774353386,0.05511381531152565,0.07522328359720126,0.28013047557322984,0.048506707576429234,0.3539049221903227,0.17761552301129926,0.05118200991663468,0.05963354061556712,0.13374288659223985,0.05430155990129916,0.08741201897027176,0.045752009232076174,0.09422321812127517,0.045714325313290706,0.20129249240489827,0.04131522238004776,0.13774330833912765,0.3041527651724122,0.11296488766486104,0.06628819197253807,0.07074589868914564,0.15699568200770886,0.13365246102243292,0.3400299313308857,0.09087866925848781,0.2551697603427873,0.05300762246885527,0.3773960649475412,0.041576139203248715,0.13190730805165263,0.16850396064254927,0.17503030997557387,0.07764729322716779,0.0428730002092135,0.3258463292909495,0.09362195877732099,0.16592050920671994,0.14959307459378407,0.047791092679846686,0.07912865319932204,0.1056553247657161,0.2422545548926622,0.08913284776101071,0.07468246409372102,0.06151417620731106,0.04635515085762178,0.025890710568496927,0.08641889966240784,0.058552179635822627,0.38886151371776395,0.1203854370676769,0.061118250025663214,0.1920477705433465,0.1546053646079129,0.17553410960096594,0.12196078769943518,0.16422383007664218,0.0775657214732126,0.04614482124163124,0.20949857705769032,0.06032373827749222,0.07896195125551468,0.02141322275871404,0.048454620105567295,0.2766316449469236,0.12907480538273794,0.17939116792606036,0.18695802172890913,0.10341362421215507,0.2177553630508176,0.08518072304619138,0.05420670595956038,0.1862478284719089,0.0860118103308181,0.1978856564193695,0.05415199663251938,0.08655983602479153,0.0892847522946449,0.12348469767801126,0.05745772565186387,0.1009927306679757,0.08745678027040049,0.06250687962787534,0.0,0.0,0.0,0.0,0.0,0.0,0.0,0.0,0.0,0.0,0.0,0.0,0.0,0.0,0.0,0.0,0.0,0.0,0.0,0.0,0.0,0.0,0.0,0.0,0.0,0.0,0.0,0.0,0.0,0.0,0.0,0.0,0.0,0.0,0.0,0.0,0.0,0.0,0.0,0.0,0.0,0.0,0.0,0.0,0.0,0.0,0.0,0.0,0.0,0.0,0.0,0.0,0.0,0.0,0.0,0.0,0.0,0.0,0.0,0.0,0.0,0.0,0.0,0.0,0.0,0.0,0.0,0.0,0.0,0.0,0.0,0.0,0.0,0.0,0.0,0.0,0.0,0.0,0.0,0.0,0.0,0.0,0.0,0.0,0.0,-1.23009390102012e-7,0.0,0.0,0.0,0.0,0.0,0.0,0.0,0.0,0.0,0.0,0.0,0.0,0.0,0.0,0.2729158727450456,0.05063766752212967,0.05505449912100052,0.047275537775396614,0.16885432776295484,0.14907184534401693,0.049818772339805015,0.6677761493931184,0.056337485969599574,0.28373656016919163,0.3039407886157157,0.058523260322741466,0.6593654491625662,0.06955998065161456,0.2141436861072235,0.11089310978090236,0.048313582252086575,0.4808861568943902,0.04810939333039315,0.08206576546265287,0.4048551377895829,0.0454475682732301,0.1347091251324893,0.06967786300181211,0.08357140483215457,0.18598996703987675,0.07429711386261631,0.26376960955752926,0.11808749647608403,0.0439035267885141,0.0651435347232704,0.11776874391802569,0.08569439515115446,0.17828369805742195,0.072728906281064,0.2207800119397275,0.12495691276827468,0.34503598715139244,0.15434172847513986,0.18422208381063163,0.047101486853627056,0.07608564069597988,0.05203211312857924,0.07039248689679209,0.05820246418629445,0.08446060439525338,0.04443455179813117,0.14358561041558193,0.047865488413651985,0.2937628743762457,0.5041021036500928,0.05175858070056761,0.2602547612463397,0.07158210150563278,0.14998141365156376,0.2224450447749155,0.30447169413034736,0.21449866862083355,0.05375299869299353,0.2957647982215944,0.30182079070631096,0.34906778124773996,0.13624903755465598,0.044827673469674395,0.2580159887731571,0.07505042651712421,0.0508199666705694,0.17730998246387336,0.29847857597719174,0.10482818205539099,0.05689257898309642,0.1311397077571337,0.1213898809676196,0.11445530798227209,0.3295450460826015,0.23557758808210782,0.11022215180088757,0.2807762133457182,0.10946369184533809,0.05977579942289422,0.3053929271902175,0.08315969991366542,0.19108567281972794,0.13380677684315784,0.04742862781892104,0.042826395260691805,0.09663218830757615,0.11006896773538255,0.08864008085572238,0.12400132170949484,0.2976267149877743,0.11645417284547986,0.08413859506403194,0.09094001090770354,0.04470867376687592,0.09121025024759574,0.2741406562837854,0.25794072779666843,0.27157820511223435,0.32766009541848984,0.0,0.0,0.0,0.0,0.0,0.0,0.0,0.0,0.0,0.0,0.0,0.0,0.0,0.0,0.0,0.0,0.0,0.0,0.0,0.0,0.0,0.0,0.0,0.0,0.0,0.0,0.0,0.0,0.0,0.0,0.0,0.0,0.0,0.0,0.0,0.0,0.0,0.0,0.0,0.0,0.0,0.0,0.0,0.0,0.0,0.0,0.0,0.0,0.0,0.0,0.0,0.0,0.0,0.0,0.0,0.0,0.0,0.0,0.0,0.0,0.0,0.0,0.0,0.0,0.0,0.0,0.0,0.0,0.0,0.0,0.0,0.0,0.0,0.0,0.0,0.0,0.0,0.0,0.0,0.0,0.0,0.0,0.0,0.0,0.0,0.0,0.0,0.0,0.0,0.0,0.0,0.0,0.0,0.0,0.0,0.0,0.0,0.0,0.0,0.0,0.0,0.0,0.0,0.0,0.0,0.0,0.0,0.0,0.0,0.0,0.0,0.0,0.0,0.0,0.0,0.0,0.0,0.0,0.0,0.0,0.0,0.0,0.0,0.0,0.0,0.0,0.0,0.0,0.0,0.0,0.0,0.0,0.0,0.0,0.0,0.0,0.0,0.0,0.0,0.0,0.0,0.0,0.0,0.0,0.0,0.0,-1.5270076886635458e-7,0.0,-1.6333219766850482e-7,0.0,0.0,0.0,0.0,0.0,0.0,0.0,0.0,0.0,0.0,0.0,0.0,0.0,0.0,0.0,0.0,0.0,0.0,0.0,0.0,0.0,0.0,0.0,0.0,0.0,0.0,0.0,0.0,0.0,0.0,0.0,0.0,0.0,0.0,0.0,-1.7510938805630907e-7,0.0,0.0,0.0,0.0,0.0,0.0,0.0,0.0,0.0,0.0,0.0,0.0,0.0,0.0,0.0,0.06976835728963564,0.19868658858564464,0.12834461252744114,0.1832819508376035,0.07899601483928079,0.09337741755620102,0.07563808187993813,0.025067359373195014,0.14387300845354667,0.04968880003398739,0.06402051063237282,0.14062479750140666,0.026348721248613018,0.056461375266611415,0.07796570857776927,0.06296514681645331,0.2261251251207539,0.042607869239883626,0.10255678868539508,0.09977494134517072,0.03854589588539991,0.07094931716081929,0.10112514085779908,0.0566486409471751,0.06688558339857548,0.08609490461467707,0.060977045037391465,0.07130517638966224,0.04291526679512566,0.20358263907703805,0.050736568894633766,0.10205891923154765,0.038177448054456796,0.09072758003066618,0.09117496452932529,0.08117249939075909,0.0531783047350184,0.0580431184345651,0.09524169529727211,0.08926153246808453,0.12917615122217363,0.10247003346738379,0.18351318358966978,0.05852900683270773,0.09360001927433607,0.04118942999964038,0.402189909909873,0.09498585434357767,0.2504662593859988,0.06414230393952355,0.03548074211111576,0.07616047561007126,0.07329446811139362,0.10363688273437525,0.08609223540836723,0.03953591507313703,0.05774780423612838,0.07103349081507901,0.19614885466248314,0.06665191375033305,0.054960537073129985,0.05188766615428866,0.0433727515144569,0.026908195220171544,0.07128904182841314,0.06417106814981488,0.10548004703478477,0.0760648195976315,0.0519906454568783,0.09002258267257224,0.1393025514747854,0.10698072593593168,0.0828327923856014,0.08869760322261686,0.06121324727188049,0.038022915244725834,0.09454146317528428,0.052634956532388213,0.06798545342513154,0.017487222171913216,0.04073634316182887,0.10328990761755386,0.08815619974225282,0.09633042407727489,0.23966971152115138,0.35782955931049243,0.09103216933658913,0.0714568481930804,0.051225823536777085,0.10822108845145663,0.06592244382504216,0.09435869580138052,0.05284604213770568,0.08482888250303668,0.15073660114459436,0.09831880510829098,0.0502704800978615,0.07087051272345898,0.07008627324793971,0.05350252129865913,0.0,0.0,0.0,0.0,0.0,0.0,0.0,0.0,-1.1374820021033844e-7,0.0,0.0,-1.132237914022546e-7,0.0,-9.08923585540726e-8,0.0,0.0,0.0,0.0,-9.155929974966633e-8,0.0,0.0,0.0,0.0,-9.34209309913107e-8,-1.217978847896989e-7,0.0,-1.0083646058482467e-7,0.0,-1.2283314121097328e-7,-8.015760843924096e-8,-1.030436850877671e-7,0.0,-1.1274578841377356e-7,0.0,0.0,0.0,0.0,0.0,0.0,0.0,0.0,-1.1183752703460871e-7,0.0,-1.1295466583549935e-7,0.0,-9.169524186366097e-8,-1.1783681511230056e-7,0.0,-1.1568591463017836e-7,0.0,0.0,0.0,0.0,0.0,0.0,-1.1614391707841172e-7,0.0,0.0,0.0,0.0,0.0,0.0,-1.1633572102275199e-7,0.0,0.0,-1.1374270643088422e-7,0.0,0.0,0.0,0.0,-1.234719739169151e-7,0.0,0.0,0.0,0.0,0.0,0.0,0.0,0.0,0.0,0.0,0.0,0.0,0.0,0.0,3.322780869998407e-7,0.0,0.0,-1.0315673032338452e-7,0.0,0.0,0.0,-1.0106103190803218e-7,-9.516299216825572e-8,-9.220424604045893e-8,0.0,0.0,0.0,0.0,0.0,0.0,0.0,0.0,0.0,0.0,0.0,0.0,0.0,0.0,0.0,0.0,0.0,0.0,0.0,0.0,0.0,0.0,0.0,0.0,0.0,0.0,0.0,0.0,0.0,0.0,0.0,0.0,0.0,0.0,0.0,0.0,0.0,0.0,0.0,0.0,0.0,0.0,0.0,0.0,0.0,0.0,0.0,0.0,0.0,0.0,0.0,0.0,0.0,0.0,0.0,0.0,0.0,0.0,0.0,0.0,0.0,0.0,0.0,0.0,0.0,0.0,0.0,0.0,0.0,0.0,0.0,0.0,0.0,0.0,0.0,0.0,0.0,0.0,0.0,0.0,0.0,0.0,0.0,0.0,-9.689505893796e-10,0.0,0.0,0.0,0.0,0.0,0.0,0.0,0.0,0.0,0.0,0.0,0.0,0.0,0.0,0.0,0.0,0.0,0.0,0.0,0.0,0.0,0.0,0.0,0.0,0.0,0.0,0.0,0.0,0.0,0.0,0.0,0.0,0.0,0.0,0.0,0.0,0.0,0.0,0.0,0.0,0.0,0.0,0.0,0.0,0.0,0.0,0.0,0.0,-1.6383614912134504e-7,0.0,0.0,0.0,0.0,0.0,0.0,0.0,0.0,0.0,0.0,0.0,0.0,0.0,0.0,0.0,0.0,0.0,0.0,0.0,0.0,0.0,0.0,0.0,0.0,0.0,0.0,0.0,0.0,0.0,0.0,0.0,0.0,0.0,-1.5534326896120638e-7,0.0,0.0,0.0,0.0,0.0,0.0,0.0,0.0,0.0,0.0,0.0,0.0,0.0,0.0,0.0,0.0,0.0,0.0,0.0,0.0,0.0,0.0,0.0,0.0,0.0,0.0,0.0,0.0,0.0,0.0,0.0,0.0,0.0,0.0,0.0,0.0,0.0,0.0,0.0,0.0,0.0,0.0,0.0,0.0,1.0,0.0,0.0,0.0,0.0,0.0,1.0,1.0,0.0,0.0,1.0,1.0,0.0,0.0,1.0,0.0,1.0,0.0,0.0,1.0,0.0,0.0,0.0,0.0,0.0,0.0,0.0,0.0,0.0,0.0,0.0,0.0,0.0,0.0,0.0,0.0,0.0,0.0,0.0,0.0,0.0,0.0,0.0,0.0,0.0,0.0,0.0,0.0,0.0,0.0,0.0,0.0,0.0,0.0,0.0,0.0,0.0,0.0,0.0,0.0,0.0,0.0,0.0,0.0,0.0,0.0,0.0,0.0,0.0,0.0,0.0,0.0,0.0,0.0,0.0,0.0,0.0,0.0,0.0,0.0,0.0,0.0,0.0,0.0,0.0,0.0,0.0,0.0,0.0,0.0,0.0,0.0,0.0,0.0,0.0,0.0,0.0,0.0,0.0,0.0,0.0,0.0,0.0,0.0,0.0,0.0,0.0,0.0,0.0,0.0,0.0,0.0,0.0,0.0,0.0,0.0,0.0,0.0,0.0,0.0,0.0,0.0,0.0,0.0,0.0,0.0,0.0,0.0,0.0,0.0,0.0,0.0,0.0,0.0,0.0,0.0,0.0,0.0,0.0,0.0,0.0,0.0,0.0,0.0,0.0,0.0,0.0,0.0,0.0,0.0,0.0,0.0,0.0,0.0,0.0,0.0,0.0,0.0,0.0,0.0,0.0,0.0,0.0,0.0,0.0,0.0,0.0,0.0,0.0,-3.5912641471735895e-7,0.0,0.0,0.0,0.0,0.0,0.0,0.0,0.0,0.0,0.0,0.0,0.0,0.0,0.0,0.0,0.0,0.0,0.0,0.0,0.0,0.0,0.0,0.0,0.0,0.0,0.0,0.0,0.0,0.0,0.0,0.0,0.0,0.0,0.0,0.0,0.0,0.0,0.0,0.0,0.0,0.0,0.0,0.0,0.0,0.0,0.0,0.0,-4.042411237414889e-7,0.0,0.0,0.0,0.0,0.0,0.0,0.0,0.0,0.0,0.0,0.0,0.0,0.0,0.0,0.0,0.0,0.0,0.0,0.0,0.0,0.0,0.0,0.0,0.0,0.0,0.0,0.0,0.0,0.0,0.0,0.0,0.0,0.0,0.0,0.0,0.0,0.0,0.0,0.0,0.0,0.0,0.0,0.0,0.0,0.0,0.0,0.0,0.0,0.0,0.0,0.0,0.0,0.0,0.0,0.0,0.0,0.0,0.0,0.0,0.0,0.0,0.0,0.0,0.0,0.0,0.0,0.0,0.0,0.0,0.0,0.0,0.0,0.0,0.0,0.0,0.0,0.0,0.0,0.0,0.0,0.0,0.0,0.0,0.0,0.0,0.0,0.0,0.0,0.0,0.0,0.0,0.0,0.0,0.0,0.0,0.0,0.0,0.0,0.0,0.0,0.0,0.0,0.0,0.0,0.0,0.0,0.0,0.0,0.0,0.0,0.0,0.0,0.0,0.0,0.0,0.0,0.0,0.0,0.0,0.0,0.0,0.0,0.0,0.0,0.0,0.0,0.0,0.0,0.0,0.0,0.0,0.0,0.0,0.0,0.0,0.0,0.0,0.0,0.0,0.0,0.0,0.0,0.0,0.0,0.0,0.0,0.0,0.0,0.0,0.0,0.0,0.0,0.0,0.0,0.0,0.0,0.0,0.0,0.0,0.0,0.0,0.0,0.0,0.0,0.0,0.0,0.0,0.0,0.0,0.0,0.0,0.0,0.0,0.0,0.0,0.0,0.0,0.0,0.0,0.0,0.0,0.0,0.0,0.0,0.0,0.0,0.0,0.0,0.0,0.0,0.0,0.0,0.0,0.0,0.0,0.0,0.0,0.0,0.0,0.0,0.0,0.0,0.0,0.0,0.0,0.0,0.0,0.0,0.0,0.0,0.0,0.0,0.0,0.0,0.0,0.0,0.0,0.0,0.0,0.0,0.0,0.0,0.0,0.0,0.0,0.0,0.0,0.0,0.0,0.0,0.0,0.0,0.0,-4.60787973943777e-7,0.0,0.0,0.0,0.0,0.0,0.0,0.0,0.0,0.0,0.0,0.0,0.0,0.0,0.0,0.0,0.0,0.0,0.0,0.0,0.0,0.0,0.0,0.0,0.0,0.0,0.0,0.0,0.0,0.0,0.0,0.0,0.0,0.0,-4.414087449999826e-7,0.0,0.0,0.0,0.0,0.0,0.0,0.0,0.0,0.0,0.0,0.0,0.0,0.0,0.0,0.0,0.0,0.0,0.0,0.0,0.0,0.0,0.0,0.0,0.0,0.0,0.0,0.0,0.0,0.0,0.0,0.0,0.0,0.0,0.0,0.0,0.0,0.0,0.0,0.0,0.0,0.0,0.0,0.0,0.0,0.0,0.0,0.0,0.0,0.0,0.0,0.0,0.0,0.0,0.0,0.0,0.0,0.0,0.0,0.0,0.0,0.0,0.0,0.0,0.0,0.0,0.0,0.0,0.0,0.0,0.0,0.0,0.0,0.0,0.0,0.0,0.0,0.0,0.0,0.0,0.0,0.0,0.0,0.0,0.0,0.0,0.0,0.0,0.0,0.0,0.0,0.0,0.0,0.0,0.0,0.0,0.0,0.0,0.0,0.0,0.0,0.0,0.0,0.0,0.0,0.0,0.0,0.0,0.0,0.0,0.0,0.0,0.0,0.0,0.0,0.0,0.0,0.0,0.0,0.0,0.0,0.0,0.0,0.0,0.0,0.0,0.0,0.0,0.0,0.0,0.0,0.0,0.0,0.0,0.0,0.0,0.0,0.0,0.0,0.0,0.0,0.0,0.0,0.0,0.0,0.0,0.0,0.0,0.0,0.0,0.0,0.0,0.0,0.0,0.0,0.0,-2.133321061748017e-7,0.0,0.0,0.0,0.0,0.0,0.0,0.0,0.0,0.0,0.0,-1.37508660985608e-7,0.0,0.0,0.0,0.0,0.0,0.0,0.0,0.0,0.0,0.0,0.0,0.0,0.0,0.0,0.0,0.0,-1.8878156321511241e-7,0.0,-1.8179673649809658e-7,0.0,0.0,0.0,0.0,0.0,0.0,0.0,0.0,0.0,0.0,0.0,0.0,0.0,0.0,0.0,0.0,0.0,0.0,0.0,0.0,0.0,0.0,0.0,0.0,0.0,0.0,0.0,0.0,0.0,0.0,0.0,0.0,0.0,0.0,0.0,0.0,-1.2387439352057328e-7,0.0,0.0,0.0,0.0,0.0,0.0,0.0,0.0,-1.6638798927548493e-7,0.0,0.0,0.0,0.0,0.0,0.026390935526240417,0.003752827472757375,0.005484971677785305,0.0035271120180395688,0.03517503184364354,0.019831496886657085,0.0036325773130709282,0.01021780193094507,0.00614195166521006,0.037331593727887746,0.026075508915639922,0.0064857772470216235,0.010608311378729252,0.010203006371961199,0.02906458387960298,0.07957410265057396,0.003644467471359686,0.021833417678895906,0.00469948822525687,0.008168726772240342,0.05377004052951545,0.0031846106818471664,0.016658926786323247,0.010265782884454872,0.012580928697584398,0.024264145656481495,0.010979655988600179,0.02580812924188522,0.028278026420721192,0.003605423397820273,0.010598275176501276,0.014531600666193939,0.03333946906973931,0.022492905764296633,0.0069351247984399955,0.025700122077509407,0.14169634109325402,0.025997800367416224,0.01992897444902364,0.023205951587304485,0.0032275487649293944,0.014719289957719456,0.003931202452298832,0.012377972559027423,0.004323969997418742,0.013462002467337253,0.0029055001524787016,0.019186904614472866,0.0035736464535575663,0.026836653089714724,0.022768011789594977,0.00397246767884521,0.025784802689195058,0.009990247344276282,0.026538047659405345,0.11350996095844867,0.042558354727746994,0.04099690940557943,0.004175013127325045,0.027733702061628007,0.049461079113773176,0.027894603002048046,0.04965507823716758,0.004392130186635146,0.025907567629895323,0.015160251838535366,0.0035105033460932633,0.03821610185045693,0.032668233380305556,0.016556605217715514,0.006071315412204209,0.016114457722042314,0.03831722576456417,0.02179474006067597,0.026241854208176874,0.1367561181461292,0.014377891959430456,0.03370884228621743,0.06502880992196153,0.5500397946871977,0.06910052641776732,0.008210768790949813,0.02334141380109994,0.017894334272855195,0.003650914358695856,0.0029631077341287226,0.012893347374929504,0.059213736062361355,0.036812254973067754,0.014731625875179039,0.026556065966506226,0.016081123090448762,0.03031761353182133,0.027896842864798654,0.003626881414821953,0.0218184219413968,0.038329254963240716,0.029883028477872386,0.02624267038950484,0.029105924983150067,0.0,0.0,0.0,0.0,0.0,0.0,0.0,0.0,-3.7174084241420324e-7,0.0,0.0,0.0,0.0,-4.0726194577844765e-7,0.0,0.0,0.0,0.0,-2.9616444241487017e-7,0.0,0.0,0.0,0.0,-4.1796954858286384e-7,0.0,0.0,-4.500898725390279e-7,0.0,-3.9361595702280816e-7,-2.5730720323857703e-7,-3.296472943226103e-7,0.0,-3.6640892792094704e-7,0.0,0.0,0.0,0.0,0.0,0.0,0.0,0.0,-3.641748864968708e-7,0.0,-3.6118726420841796e-7,0.0,-4.115009786027594e-7,0.0,0.0,0.0,0.0,0.0,0.0,0.0,0.0,0.0,0.0,0.0,0.0,0.0,0.0,0.0,0.0,-3.7621222728767556e-7,-3.842880994531228e-7,0.0,-3.651587895114883e-7,0.0,0.0,0.0,0.0,0.0,0.0,0.0,0.0,0.0,0.0,0.0,0.0,0.0,0.0,0.0,0.0,0.0,0.0,0.0,-2.6558460353154345e-7,0.0,0.0,-3.367569243184487e-7,0.0,0.0,0.0,-3.291296350491063e-7,-4.4302225479797563e-7,-2.976801265486273e-7,0.0,0.0,0.0,0.0,0.0,0.0,0.0,0.0,0.0,0.0,0.0,0.0,0.0,0.0,0.0,0.0,0.0,0.0,0.0,0.0,0.0,0.0,0.0,0.0,0.0,0.0,0.0,0.0,0.0,0.0,0.0,0.0,0.0,0.0,0.0,0.0,0.0,0.0,0.0,0.0,0.0,0.0,0.0,0.0,0.0,0.0,0.0,0.0,0.0,0.0,0.0,0.0,0.0,0.0,0.0,0.0,0.0,0.0,0.0,0.0,0.0,0.0,0.0,0.0,0.0,0.0,0.0,0.0,0.0,0.0,0.0,0.0,0.0,0.0,0.0,0.0,0.0,0.0,0.0,0.0,0.0,0.0,0.0,0.0,-8.375103669920286e-8,0.0,0.0,0.0,0.0,0.0,0.0,0.0,0.0,0.0,0.0,0.0,0.0,0.0,0.0,0.0,0.0,0.0,0.0,0.0,0.0,-4.868937807378515e-7,0.0,0.0,0.0,0.0,-4.534218814022939e-7,0.0,-3.7060982990833047e-7,0.0,0.0,-4.4535022791780676e-7,0.0,0.0,0.0,0.0,0.0,-4.634324051733252e-7,-3.5355931844517406e-7,0.0,0.0,0.0,0.0,-3.955743219391572e-7,0.0,0.0,0.0,0.0,-4.3861009135781615e-7,0.0,0.0,0.0,-3.563389894822855e-7,0.0,0.0,-3.643037818912287e-7,0.0,0.0,-4.862940178318453e-7,-4.871583803558953e-7,0.0,-3.9743367208355806e-7,0.0,-4.360855039020617e-7,0.0,-4.4512952060427047e-7,-4.5440412446159576e-7,-4.785637756809341e-7,0.0,-4.6749291127134995e-7,0.0,0.0,0.0,0.0,0.0,0.0,0.0,0.0,0.0,-4.972277115600221e-7,0.0,0.0,0.0,0.0,0.0,0.0,0.0,0.0,0.0,0.0,0.0,0.0,0.0,0.0,0.0,0.0,0.0,0.0,0.0,0.0,0.0,0.0,0.0,0.0,-2.412766640457649e-7,-4.6968575029282533e-7,-4.325184741749144e-7,0.0,0.0,0.0,0.0,-4.5621087799152527e-7,-4.7026578006703623e-7,0.0,0.0,0.0,0.0,0.0,0.0,-4.5069404663866663e-7,0.0,0.0,0.0,0.0,0.0,0.0,0.0,0.0,0.0,0.0,0.0,0.0,0.0,0.0,0.0,0.0,0.0,0.0,0.0,0.0,0.0,0.0,0.0,0.0,0.0,0.0,0.0,0.0,0.0,0.0,0.0,0.0,0.0,0.0,0.0,0.0,0.0,0.0,0.0,0.0,0.0,0.0,0.0,0.0,0.0,0.0,0.0,0.0,0.0,0.0,0.0,0.0,0.0,0.0,0.0,0.0,0.0,0.0,0.0,0.0,0.0,0.0,0.0,0.0,0.0,0.0,0.0,0.0,0.0,0.0,0.0,0.0,0.0,0.0,0.0,0.0,0.0,0.0,0.0,0.0,0.0,0.0,0.0,0.0,0.0,0.0,0.0,0.0,0.0,0.0,0.0,0.0,0.0,0.0,0.0,0.0,0.0,0.0,0.0,0.0,0.0,0.0,0.0,0.0,0.0,0.0,0.0,0.0,0.0,-4.0304438017613187e-7,0.0,0.0,0.0,0.0,0.0,0.0,0.0,-4.200767185214005e-7,0.0,-4.1502217812405817e-7,0.0,0.0,0.0,0.0,0.0,0.0,0.0,0.0,0.0,0.0,-2.6243226478039894e-7,0.0,0.0,0.0,0.0,0.0,0.0,0.0,0.0,0.0,0.0,0.0,0.0,0.0,0.0,0.0,0.0,-3.4652829144057007e-7,0.0,0.0,0.0,0.0,0.0,0.0,0.0,0.0,0.0,0.0,0.0,0.0,0.0,0.0,0.0,0.0,0.0,0.0,0.0,0.0,0.0,0.0,0.0,0.0,0.0,0.0,0.0,0.0,0.0,0.0,0.0,0.0,0.0,0.0,0.0,0.0,0.0,-3.9338613871953143e-7,-2.3328677889455918e-7,0.0,0.0,0.0,0.0,0.0,0.0,0.0,0.0,-3.2528563204126115e-7,0.0,0.0,0.0,0.0,0.0,0.012237288932829382,0.0030051633496308294,0.0039023200182736195,0.002648089035546586,0.009243887256905309,0.008774916989331999,0.002096643000017284,0.0024502043727309963,0.005171843474673393,0.01604967367489579,0.011480921690089796,0.004846586959867616,0.0023972062761208335,0.13736380360267014,0.009574696541261751,0.01757118624431542,0.0029691269889957073,0.005552759366908948,0.005405490443110728,0.0046218494559330525,0.005982103533965863,0.0018235003823171558,0.008511495951664274,0.136105518321052,0.09119154082389555,0.009815281108837004,0.11883805377189599,0.012960611920399628,0.03640968407055556,0.0035065103515783402,0.14681321012747778,0.007244772540688282,0.035781747763499905,0.010075649368895823,0.003853774049526998,0.010803068074801886,0.01060848978831544,0.0105136098865104,0.009164051870400187,0.010003888766188157,0.0022576400740710323,0.017774054963681063,0.0030247119464206773,0.11232439342557432,0.0026770927564440106,0.06965836696594963,0.0026165759148911354,0.008383411414842196,0.0029374412681060225,0.012755012528068321,0.005946808628404937,0.002246869731996809,0.01195957481000734,0.005721184176820382,0.00851847384717705,0.010890141532322137,0.008093648930971559,0.009265554609038384,0.00337831208493522,0.009679488316252677,0.008137769707371817,0.011769161727993999,0.026944104302735583,0.29907821096370557,0.013824043471444614,0.08472263513540745,0.0023326212429381488,0.009378783932557755,0.015195881739891781,0.006506293553506473,0.004394670861868982,0.008732652300059596,0.01046310333105599,0.007646137628834704,0.010141450387444462,0.008049403297411217,0.006549489166062905,0.016576453146147085,0.018122496160776044,0.0022351693072978395,0.01014749866718398,0.004785823524378424,0.010588799041537839,0.008020243746542116,0.0029083398459962273,0.0028651093682643403,0.00571528941706731,0.0169854483267865,0.04503129992589172,0.008165056636610296,0.01045992759956793,0.006834315585559775,0.052567082786345976,0.023772479160180826,0.0035580437327957792,0.011257349313015586,0.016711025810084462,0.009670323138135956,0.012291732653413323,0.013050880832958217,0.008048488936186926,0.05121364259602035,0.08542716058215066,0.07011407539787104,0.019109834940799486,0.025169674219094773,0.06642473287298195,0.0010557786592838014,0.029684050997455913,0.003977223246521284,0.007177213064514576,0.04997491945270521,0.0013466692911422717,0.003369525348721397,0.014973638623970609,0.007611322385095318,0.05164028322963387,0.003432751599136216,0.00899302002422766,0.04596552773170992,0.0028098717584206802,0.1005414904832736,0.026733190632173665,0.0032916142980286,0.004570363312222742,0.01800923619235556,0.00371190926193965,0.008470918351011936,0.0025494805206930926,0.01464302162429279,0.002899888322008881,0.03210404717332399,0.0021737217594336444,0.018169323921455094,0.05372660295768833,0.013353922751494024,0.005919072704603262,0.005587154639725783,0.022979602172867358,0.017785215583919767,0.0567344629307909,0.012656138592996483,0.049582636313438344,0.00386531479052335,0.04706922512545503,0.002055774130071589,0.019396073086309085,0.02624063392658793,0.045429644642997646,0.0065692212594277155,0.0022245088041110417,0.09740714394689404,0.009122046564489783,0.06929664181043327,0.024957724188555352,0.002812135347879297,0.007221370048395098,0.01290935703130805,0.04454296743048891,0.008677602865590273,0.0065744347247031765,0.0044353622855222985,0.002753296416914536,0.0008511943085074969,0.008161273678985614,0.004734384097412669,0.04621430020177497,0.01717996985358057,0.004373444818504574,0.04526920367009119,0.06130164491437362,0.02582952154442483,0.02240343001726469,0.03751970004108002,0.0066217861454264115,0.0026444427340485133,0.03924789682814922,0.004407307406624222,0.008977657399768248,0.0005878235262205002,0.002956035038000848,0.04361015281157765,0.01619983752526294,0.028925175938488593,0.04798865684693915,0.016113709507552476,0.05004940738883626,0.010498109458855105,0.003988124135730159,0.027887549342756945,0.008059920202009768,0.037139336008660095,0.003841851047844442,0.011417944166719984,0.013715738968822555,0.026653095848365282,0.003974560692510759,0.011165701122139216,0.00817530495126595,0.004574566609133829,-3.5882825796806905e-7,-3.5884051116652493e-7,-3.588287111611077e-7,-3.588475570026617e-7,-3.5877325397472647e-7,-3.5880104064693986e-7,-3.588024568638043e-7,-3.5812357699270576e-7,-3.58833218971899e-7,-3.584697522057339e-7,-3.587259024551148e-7,0.0,-3.582920352906971e-7,-3.5879231147228907e-7,-3.587898046986605e-7,-3.587783375236744e-7,-3.5885598462396027e-7,-3.5848988852248724e-7,-3.58823184700355e-7,-3.5879585827403027e-7,-3.5778131449658505e-7,-3.58805079314628e-7,0.0,0.0,-3.587988857689517e-7,-3.5881012735619573e-7,-3.587943228871793e-7,-3.588565970224678e-7,-3.586843783098814e-7,-3.5885951008007844e-7,-3.587866878040913e-7,-3.587980826058601e-7,-3.587426861406673e-7,-3.5882539269335174e-7,-3.5879752397431995e-7,-3.5883413843085243e-7,-3.587618659095515e-7,-3.586066568417312e-7,-3.5880893930684445e-7,-3.5882518811813924e-7,-3.5882103460727066e-7,-3.588021343361781e-7,-3.588319900105219e-7,-3.5878926679666634e-7,-3.588002521204281e-7,-3.5877000694594665e-7,0.0,-3.5879984058487076e-7,0.0,-3.58745995826526e-7,-3.577531559328939e-7,-3.5880416721090214e-7,-3.5885152577241897e-7,-3.588090648234985e-7,-3.5878451913512295e-7,-3.5834792845051256e-7,-3.585624388235953e-7,-3.587437123475645e-7,-3.588303109418594e-7,-3.5872921572647633e-7,-3.584896977326668e-7,-3.5853948693320703e-7,-3.586255764115028e-7,-3.5878754348073194e-7,-3.5887902379527664e-7,-3.5878947893253077e-7,-3.5880656767010567e-7,-3.5876727136235135e-7,-3.585264692074208e-7,-3.587907419712021e-7,0.0,-3.5881304960101796e-7,-3.587813276264615e-7,-3.5878823403945326e-7,-3.586489755553577e-7,-3.5821172172490533e-7,-3.5879217112332327e-7,-3.585674203015011e-7,-3.587815251366193e-7,-3.587122853045671e-7,-3.5546862778290667e-7,-3.5879554220830746e-7,-3.5883556370741587e-7,-3.5879726742302466e-7,-2.869893382662081e-7,0.0,-3.5879294765783776e-7,-3.58782719533226e-7,-3.5876781515065126e-7,-3.588076706709833e-7,-3.5874438322758273e-7,-3.58791856475138e-7,-3.587718793480571e-7,-3.587917097314097e-7,-3.588484425720573e-7,-3.5879796483895277e-7,-3.585320296761729e-7,-3.587626505783322e-7,-3.588317919204349e-7,-3.5854487651088007e-7,0.0,0.0,0.0,0.0,0.0,0.0,0.0,0.0,0.0,-4.5916493367892824e-7,0.0,0.0,0.0,0.0,0.0,0.0,0.0,0.0,0.0,0.0,0.0,0.0,0.0,0.0,0.0,0.0,0.0,0.0,0.0,0.0,0.0,0.0,0.0,0.0,0.0,0.0,0.0,0.0,0.0,0.0,0.0,0.0,0.0,0.0,0.0,0.0,0.0,0.0,0.0,0.0,-4.995976082000642e-7,0.0,0.0,0.0,0.0,-4.776716649135671e-7,0.0,0.0,0.0,0.0,0.0,0.0,-4.900739927619313e-7,0.0,0.0,0.0,0.0,0.0,-4.843278927635364e-7,0.0,0.0,0.0,0.0,0.0,0.0,0.0,0.0,0.0,0.0,0.0,-4.603236360700702e-7,0.0,0.0,0.0,0.0,0.0,0.0,0.0,0.0,0.0,0.0,0.0,0.0,0.0,0.0,0.0,-4.6773108178244094e-7,0.0,0.0,0.0,0.006647815462191453,0.013848228523099665,0.025176143944983437,0.015273615201233132,0.009153911684980596,0.010074130319773297,0.005265769115275333,0.000998355974170731,0.08078540305290188,0.004158756814778507,0.005823944809954129,0.044919245289318066,0.001065849270432906,0.007684419882654253,0.008062747538862406,0.00928728471196255,0.01816595555784245,0.0027353899562117456,0.21978380212165377,0.009086722924260215,0.002466693298153276,0.004949842743623617,0.010705239253000416,0.007688011125624891,0.00968100315889528,0.00929732802887949,0.008660225494316363,0.006944275290819943,0.003539402156204685,0.12984441382308903,0.006614060010394662,0.010779254748890105,0.003177666499024401,0.009634932792347712,0.008096826294452006,0.008348989948253421,0.005684464092975738,0.004804453174953288,0.010301677880976693,0.009419495609083783,0.008658899826993638,0.05698918113743784,0.012954871252194328,0.00955176919935316,0.006781157179692576,0.003301441291716335,0.015933162038007365,0.010322053764654133,0.021281083015982194,0.005893125754515394,0.002102831562289187,0.005719478060333044,0.007196723421451584,0.020288071228628368,0.009753862770831144,0.002967235437525421,0.0050880259735539834,0.00741866263431612,0.013662027611042505,0.006124252256341123,0.004833062416265049,0.004218490402511765,0.003517269164597188,0.001634107212682312,0.007055500475045122,0.012030506472868269,0.006967950533981948,0.008811653035161512,0.004411758576562896,0.010968637049332094,0.03628039089484181,0.01121629907787505,0.012886680166649438,0.011732494593082315,0.005314619179696992,0.0026288521099672073,0.01009494272704602,0.004551724572782842,0.011178748463684076,0.0006480678133984162,0.002899853647027134,0.009272302549206184,0.009437519348316298,0.010213932015941918,0.019249031229097602,0.04383306571636318,0.010178117590561309,0.012372720439697142,0.006646475765296339,0.011337145178283032,0.006123969528001233,0.01011970213531524,0.006875765850308666,0.023763604975276076,0.1771799320864184,0.025485778597464037,0.004215067753037066,0.00687252723500935,0.006669940629270536,0.004414055442446607,0.015883368524059364,0.0028728328623905397,0.0037749551211341825,0.0026398621460363703,0.011466017261664236,0.010080288073363875,0.0022476597490207486,0.003786157769837949,0.004981992472814639,0.026282030714700876,0.01497766237004719,0.004783985673314053,0.0035717293443069398,0.04237862900576611,0.011815136437749644,0.023741257857649314,0.0028865765575078603,0.0077808485236268415,0.004676457339579564,0.004890841835709814,0.00925050755379477,0.001858442748399719,0.009652529862395674,0.042925245711833496,0.04399751839886404,0.011816299041477246,0.04281561287405802,0.016291842135988936,0.10515581313784,0.0033258926745496496,0.04713615813910646,0.008137810349340024,0.1296442187017094,0.012085109602402751,0.004199002552133869,0.0129711162253896,0.015330057356718857,0.014001155863908127,0.010696461937912809,0.012119222839040098,0.0023145463190697435,0.01554839718999099,0.003033865501581884,0.044839958123234575,0.0029149137904884714,0.1225106658156438,0.0025916632364649896,0.009851407951952945,0.0028759914126366987,0.016865380265939423,0.009312741784009565,0.002309952304371865,0.01501703022799905,0.006019070717454731,0.010482037885132727,0.020007062680002668,0.011250688910450085,0.012170067641771837,0.003266878911566896,0.012568690633186622,0.011091646366670593,0.017021877915530753,0.07576577508088955,0.048230347414942365,0.017266414348914776,0.04390266975844753,0.0023845944030686356,0.011872059124353348,0.02305445891441532,0.007441328564772811,0.004477115591280949,0.009865409251404937,0.012673331016982314,0.009125663791243244,0.013153909571388666,0.013930011138620394,0.007448760929970202,0.02561765253611558,0.023553762593573835,0.003926622384648137,0.017843644043796902,0.0051832412352154356,0.012447696216981413,0.009215727187460535,0.0028918389743125827,0.0026685706896893502,0.006532106427712165,0.02129513978634418,0.06613721925096572,0.009275764300897984,0.013727144252826479,0.007832276903594393,0.06788746691888031,0.024164397508302043,0.003288765020697554,0.012159339833213484,0.027259020078199997,0.012191540054138437,0.015856011060740957,0.018879186460978414,0.0,0.0,0.0,0.0,0.0,0.0,0.0,0.0,0.0,0.0,0.0,0.0,0.0,0.0,0.0,0.0,0.0,0.0,0.0,0.0,0.0,0.0,0.0,0.0,0.0,0.0,0.0,0.0,0.0,0.0,0.0,0.0,0.0,0.0,0.0,0.0,0.0,0.0,0.0,0.0,0.0,0.0,0.0,0.0,0.0,0.0,0.0,0.0,0.0,0.0,0.0,0.0,0.0,0.0,0.0,0.0,0.0,0.0,0.0,0.0,0.0,0.0,0.0,0.0,0.0,0.0,0.0,0.0,0.0,0.0,0.0,0.0,0.0,0.0,0.0,0.0,0.0,0.0,0.0,0.0,0.0,0.0,0.0,0.0,0.0,0.0,0.0,0.0,0.0,0.0,0.0,0.0,0.0,0.0,0.0,0.0,0.0,0.0,0.0,0.0,0.0,0.0,0.0,0.0,0.0,0.0,0.0,0.0,0.0,0.0,0.0,0.0,0.0,0.0,0.0,0.0,0.0,0.0,0.0,0.0,0.0,0.0,0.0,0.0,0.0,0.0,0.0,0.0,0.0,0.0,0.0,0.0,0.0,0.0,0.0,0.0,0.0,0.0,0.0,0.0,0.0,0.0,0.0,0.0,0.0,0.0,0.0,0.0,0.0,0.0,0.0,0.0,0.0,0.0,0.0,0.0,0.0,0.0,0.0,0.0,0.0,0.0,0.0,0.0,0.0,0.0,0.0,0.0,0.0,0.0,0.0,0.0,0.0,0.0,0.0,0.0,0.0,0.0,0.0,0.0,0.0,0.0,0.0,0.0,0.0,0.0,0.0,0.0,0.0,0.0,0.0,0.0,0.0,0.0,0.0,0.0,0.0,0.0,0.0,0.0,0.0075610765558094374,0.05617135171240806,0.02811440378418778,0.04788324357162649,0.016244393027267757,0.026772632610899905,0.1526936645104724,0.0009558356292224785,0.014980811225633162,0.003247591300494945,0.006396702120574582,0.021325817163718373,0.001101115179099027,0.002576789776866532,0.014087543618602332,0.005445588015293183,0.038001383216978706,0.003037014065735159,0.005658082741851042,0.07847216638207909,0.0023525968962017922,0.12524810686604165,0.031547061679890735,0.0026193099583350916,0.0035560229333709004,0.01788667753163764,0.0029481568137744627,0.0076403484797177255,0.002092928035827626,0.008877468113000676,0.002089423871199869,0.04051800153402439,0.0017066456853400617,0.018972555203685876,0.09250869941299844,0.012760483984532667,0.004394031584704916,0.005004635474446295,0.02464725939416343,0.01786241418464596,0.11562035377259083,0.00825859810795541,0.06511151921069863,0.002809664566720882,0.1424277857957561,0.0017278174867570444,0.017399167108788357,0.028393371751760883,0.030635247486966947,0.0060288545864103935,0.001837878157745526,0.1061757130798141,0.008764528846713027,0.027529106596022868,0.022377695657414463,0.00228363652138318,0.006261140594393422,0.011162910527063585,0.05868660040527795,0.00794418753205415,0.005577193068340425,0.003783570492900984,0.0021482985049132665,0.0006701562060006595,0.007467738246421024,0.003428286845259698,0.15121254272231827,0.014492095317328691,0.003735173292709171,0.03688215989337516,0.02390254874752713,0.030812015827075545,0.014874247696215709,0.02696894376766351,0.006016343851246726,0.002129043824392978,0.04388909025639957,0.0036385038132523673,0.006234389023827242,0.0004581365060616364,0.0023475549949527716,0.07652467690443374,0.016659534637346013,0.03218081729814204,0.034952924329889085,0.010694139711096893,0.047417133243797115,0.007255621003146016,0.0029380714846169564,0.03468786225475155,0.007397421201607052,0.03915830939162412,0.0029319367057540333,0.007492576768034609,0.007971366907305044,0.015248117801478472,0.0033013050732365046,0.01019938310176852,0.0076483985827835565,0.003906727824906919,0.0,0.0,0.0,0.0,0.0,0.0,0.0,0.0,0.0,0.0,0.0,0.0,0.0,0.0,0.0,0.0,0.0,0.0,0.0,0.0,0.0,0.0,0.0,0.0,0.0,0.0,0.0,0.0,0.0,0.0,0.0,0.0,0.0,0.0,0.0,0.0,0.0,0.0,0.0,0.0,0.0,0.0,0.0,0.0,0.0,0.0,0.0,0.0,0.0,0.0,0.0,0.0,0.0,0.0,0.0,0.0,0.0,0.0,0.0,0.0,0.0,0.0,0.0,0.0,0.0,0.0,0.0,0.0,0.0,0.0,0.0,0.0,0.0,0.0,0.0,0.0,0.0,0.0,0.0,0.0,0.0,0.0,0.0,0.0,0.0,-4.920375604080481e-7,0.0,0.0,0.0,0.0,0.0,0.0,0.0,0.0,0.0,0.0,0.0,0.0,0.0,0.0,0.07448260521357683,0.0025637013057467004,0.0030304774433810087,0.0022347615151998685,0.028511168733441613,0.022221837139466613,0.0024815292769258426,0.4459245211740812,0.003173414124245045,0.08050546423465725,0.09237966380196416,0.0034245419508131063,0.4347618892608116,0.0048379378575026605,0.04585687144029415,0.012296903604333297,0.0023337045057338092,0.23125079939869558,0.0023139077110673955,0.006734221591295498,0.1639072714365229,0.002065226650223656,0.01814615238119366,0.004854607099786208,0.006983730107849334,0.034591798194700873,0.005519728121435827,0.06957413073884122,0.01394451696483097,0.0019273578434289191,0.00424307695757995,0.013869389777169592,0.007343154655952703,0.03178445682466096,0.005289237045934127,0.04874372014531764,0.015613981443853195,0.1190493228614743,0.02382038308991079,0.03393707204274458,0.002218067498766207,0.005788873505803773,0.0027069260905856116,0.004954645393987628,0.003387436010173176,0.007132785371773451,0.0019741032911861555,0.02061626874583472,0.0022906526606151583,0.08629612530920733,0.2541187463200756,0.0026785744022910824,0.06773232228776738,0.005123537833933694,0.022494141342606928,0.04948135129126946,0.09270281216080045,0.046009170704483016,0.0028890243819389137,0.0874758798790085,0.09109568644940236,0.12184794108496677,0.018563314520540008,0.0020092482800694524,0.06657199364511367,0.005631922558651109,0.002582370623585799,0.03143847146010714,0.08908919948078114,0.01098876876010513,0.003236232302812728,0.017197249925360387,0.014735340548503829,0.013099576084173642,0.10859939550743458,0.05549659668290679,0.012148686742433287,0.0788348030926977,0.011981792955264144,0.0035729068488037884,0.09326441109025567,0.006914962744919782,0.03651322770221849,0.017903678711101587,0.0022492427406856086,0.0018333705398595546,0.0093374277140163,0.012114742469519647,0.007856881766537904,0.015375996492170876,0.08858136142270007,0.013561472282108996,0.007079032280268194,0.008269790069045624,0.0019982329140736943,0.008319017810549214,0.07515249087914587,0.06653310077441878,0.07375431309956865,0.10736064006586965,0.0,0.0,0.0,0.0,0.0,0.0,0.0,0.0,0.0,0.0,0.0,0.0,0.0,0.0,0.0,0.0,0.0,0.0,0.0,0.0,0.0,0.0,0.0,0.0,0.0,0.0,0.0,0.0,0.0,0.0,0.0,0.0,0.0,0.0,0.0,0.0,0.0,0.0,0.0,0.0,0.0,0.0,0.0,0.0,0.0,0.0,0.0,0.0,0.0,0.0,0.0,0.0,0.0,0.0,0.0,0.0,0.0,0.0,0.0,0.0,0.0,0.0,0.0,0.0,0.0,0.0,0.0,0.0,0.0,0.0,0.0,0.0,0.0,0.0,0.0,0.0,0.0,0.0,0.0,0.0,0.0,0.0,0.0,0.0,0.0,0.0,0.0,0.0,0.0,0.0,0.0,0.0,0.0,0.0,0.0,0.0,0.0,0.0,0.0,0.0,0.0,0.0,0.0,0.0,0.0,0.0,0.0,0.0,0.0,0.0,0.0,0.0,0.0,0.0,0.0,0.0,0.0,0.0,0.0,0.0,0.0,0.0,0.0,0.0,0.0,0.0,0.0,0.0,0.0,-3.9869368151368434e-7,0.0,0.0,0.0,0.0,0.0,0.0,0.0,0.0,0.0,0.0,0.0,0.0,0.0,0.0,0.0,0.0,-4.3190299663119594e-7,0.0,-4.6197321823000547e-7,0.0,0.0,0.0,0.0,0.0,0.0,0.0,0.0,0.0,0.0,0.0,0.0,0.0,0.0,0.0,0.0,0.0,0.0,0.0,0.0,0.0,0.0,0.0,0.0,0.0,0.0,0.0,0.0,0.0,0.0,0.0,0.0,0.0,0.0,0.0,-4.952841429761712e-7,-3.3026131920910196e-7,0.0,0.0,0.0,0.0,0.0,0.0,0.0,0.0,0.0,0.0,0.0,0.0,0.0,0.0,0.004867448195329536,0.03947607403017789,0.016471823177319933,0.033591985219909304,0.006239906540173411,0.008719126330692568,0.005720830991672176,0.0006281131041102444,0.020699086683215406,0.0024685818769197006,0.004098257986362985,0.019775113468372064,0.000693726216831127,0.0031876534422007993,0.0060784414963787285,0.003964275209193043,0.051132170459632274,0.0018147177743461432,0.010517440681053813,0.009954803802084643,0.0014852657484319594,0.005033652554645052,0.010226098928252932,0.003208511074259608,0.004473404408239068,0.007412245315365832,0.003717881875835432,0.0050839690480669756,0.0018414531475857306,0.04144539392201813,0.00257377402435779,0.010415741148987216,0.0014567253599311611,0.008230995740348903,0.008312594145824824,0.006588584377153359,0.0028274187334295293,0.003368262237399142,0.009070488486740405,0.007967091362221325,0.016686171662836456,0.010499899992332992,0.03367686335261787,0.0034255511483438084,0.008760759484483354,0.001695832318725728,0.16175645883835937,0.00902167752014848,0.06273307227964474,0.004113797483399211,0.0012584616336682262,0.0058000302092900725,0.005371846579343505,0.010740061995118509,0.007411304850381387,0.001562620977519906,0.003334250740707993,0.005045399824999101,0.0384738755222406,0.004442056609036237,0.00302004184657639,0.0026920690644618448,0.0018806382347889004,0.0007238643220001455,0.0050814351194271665,0.004117820325553745,0.011125709314816145,0.00578562437957242,0.0027025975211995065,0.008103659945944534,0.019405062044206653,0.011444155443274854,0.006860979214648807,0.007867250748007482,0.0037466176714687415,0.0014455230601632732,0.008937819600877233,0.002770103529932168,0.004621865891924267,0.00030533555088308736,0.0016592674747775756,0.010668046785787203,0.007771351869837034,0.00927893908565942,0.05744138643276292,0.12804168873429267,0.008286544817022058,0.005105703389898813,0.002623950779945675,0.011711458208606196,0.004345660678691354,0.008902662193657922,0.0027922250440306396,0.007195793514900595,0.02272131405835645,0.009666012077787394,0.0025266914620115516,0.005021961189956748,0.004911584457093052,0.0028623946540729203,0.0,0.0,0.0,0.0,0.0,0.0,0.0,0.0,-3.2172849486598155e-7,0.0,0.0,-4.528951656090185e-7,0.0,-3.635694342162905e-7,0.0,0.0,0.0,0.0,-2.5896880693472336e-7,0.0,0.0,0.0,0.0,-3.736837239652429e-7,-4.871915391587957e-7,0.0,-4.0334584233929877e-7,0.0,-3.474245884188959e-7,-2.2671995396433324e-7,-2.9145155393604494e-7,0.0,-3.188932461504119e-7,0.0,0.0,0.0,0.0,0.0,0.0,0.0,0.0,-3.163242950292226e-7,0.0,-3.1948404071576824e-7,0.0,-3.6678096745464395e-7,-4.7134726044920233e-7,0.0,-4.6274365852071357e-7,0.0,0.0,0.0,0.0,0.0,0.0,-4.6457566831364693e-7,0.0,0.0,0.0,0.0,0.0,0.0,-3.2904710891765733e-7,-3.4203399618126795e-7,0.0,-3.217129561111559e-7,0.0,0.0,0.0,0.0,-4.938878956676605e-7,0.0,0.0,0.0,0.0,0.0,0.0,0.0,0.0,0.0,0.0,0.0,0.0,0.0,0.0,0.0,0.0,0.0,-2.9177129414678865e-7,0.0,0.0,0.0,-2.8584376390351847e-7,-3.8065196867302295e-7,-2.607929905176055e-7,0.0,0.0,0.0,0.0,0.0,0.0,0.0,0.0,0.0,0.0,0.0,0.0,0.0,0.0,0.0,0.0,0.0,0.0,0.0,0.0,0.0,0.0,0.0,0.0,0.0,0.0,0.0,0.0,0.0,0.0,0.0,0.0,0.0,0.0,0.0,0.0,0.0,0.0,0.0,0.0,0.0,0.0,0.0,0.0,0.0,0.0,0.0,0.0,0.0,0.0,0.0,0.0,0.0,0.0,0.0,0.0,0.0,0.0,0.0,0.0,0.0,0.0,0.0,0.0,0.0,0.0,0.0,0.0,0.0,0.0,0.0,0.0,0.0,0.0,0.0,0.0,0.0,0.0,0.0,0.0,0.0,0.0,0.0,0.0,-3.580130288549585e-8,0.0,0.0,0.0,0.0,0.0,0.0,0.0,0.0,0.0,0.0,0.0,0.0,0.0,0.0,0.0,0.0,0.0,0.0,0.0,0.0,0.0,0.0,0.0,0.0,0.0,0.0,0.0,0.0,0.0,0.0,0.0,0.0,0.0,0.0,0.0,0.0,0.0,0.0,0.0,0.0,0.0,0.0,0.0,0.0,0.0,0.0,0.0,0.0,-4.6339860818877406e-7,0.0,0.0,0.0,0.0,0.0,0.0,0.0,0.0,0.0,0.0,0.0,0.0,0.0,0.0,0.0,0.0,0.0,0.0,0.0,0.0,0.0,0.0,0.0,0.0,0.0,0.0,0.0,0.0,0.0,0.0,0.0,0.0,0.0,-4.3937711557661913e-7,0.0,0.0,0.0,0.0,0.0,0.0,0.0,0.0,0.0,0.0,0.0,0.0,0.0,0.0,0.0,0.0,0.0,0.0,0.0,0.0,0.0,0.0,0.0,0.0,0.0,0.0,0.0,0.0,0.0,0.0,0.0,0.0,0.0,0.0,0.0,0.0,0.0,0.5,0.5,0.5,0.5,0.5,0.5,0.5,0.5,0.5,0.5,0.5,0.5,0.5,0.5,0.5,0.5,0.5,0.5,0.5,0.5,0.5,0.5,0.5,0.5,0.5,0.5,0.5,0.5,0.5,0.5,0.5,0.5,0.5,0.5,0.5,0.5,0.5,0.5,0.5,0.5,0.5,0.5,0.5,0.5,0.5,0.5,0.5,0.5,0.5,0.5,0.5,0.5,0.5,0.5,0.5,0.5,0.5,0.5,0.5,0.5,0.5,0.5,0.5,0.5,0.5,0.5,0.5,0.5,0.5,0.5,0.5,0.5,0.5,0.5,0.5,0.5,0.5,0.5,0.5,0.5,0.5,0.5,0.5,0.5,0.5,0.5,0.5,0.5,0.5,0.5,0.5,0.5,0.5,0.5,0.5,0.5,0.5,0.5,0.5,0.5,0.5,0.5,0.5,0.5,0.5,0.5,0.5,0.5,0.5,0.5,0.5,0.5,0.5,0.5,0.5,0.5,0.5,0.5,0.5,0.5,0.5,0.5,0.5,0.5,0.5,0.5,0.5,0.5,0.5,0.5,0.5,0.5,0.5,0.5,0.5,0.5,0.5,0.5,0.5,0.5,0.5,0.5,0.5,0.5,0.5,0.5,0.5,0.5,0.5,0.5,0.5,0.5,0.5,0.5,0.5,0.5,0.5,0.5,0.5,0.5,0.5,0.5,0.5,0.5,0.5,0.5,0.5,0.5,0.5,0.5,0.5,0.5,0.5,0.5,0.5,0.5,0.5,0.5,0.5,0.5,0.5,0.5,0.5,0.5,0.5,0.5,0.5,0.5,0.5,0.5,0.5,0.5,0.5,0.5,0.5,0.5,0.5,0.5,0.5,0.5,0.5,0.5,0.5,0.5,0.5,0.5,0.5,0.5,0.5,0.5,0.5,0.5,0.5,0.5,0.5,0.5,0.5,0.5,0.5,0.5,0.5,0.5,0.5,0.5,0.5,0.5,0.5,0.5,0.5,0.5,0.5,0.5,0.5,0.5,0.5,0.5,0.5,0.5,0.5,0.5,0.5,0.5,0.5,0.5,0.5,0.5,0.5,0.5,0.5,0.5,0.5,0.5,0.5,0.5,0.5,0.5,0.5,0.5,0.5,0.5,0.5,0.5,0.5,0.5,0.5,0.5,0.5,0.5,0.5,0.5,0.5,0.5,0.5,0.5,0.5,0.5,0.5,0.5,0.5,0.5,0.5,0.5,0.5,0.5,0.5,0.5,0.5,0.5,0.5,0.5,0.5,0.5,0.5,0.5,0.5,0.5,0.5,0.5,0.5,0.5,0.5,0.5,0.5,0.5,0.5,0.5,0.5,0.5,0.5,0.5,0.5,0.5,0.5,0.5,0.5,0.5,0.5,0.5,0.5,0.5,0.5,0.5,0.5,0.5,0.5,0.5,0.5,0.5,0.5,0.5,0.5,0.5,0.5,0.5,0.5,0.5,0.5,0.5,0.5,0.5,0.5,0.5,0.5,0.5,0.5,0.5,0.5,0.5,0.5,0.5,0.5,0.5,0.5,0.5,0.5,0.5,0.5,0.5,0.5,0.5,0.5,0.5,0.5,0.5,0.5,0.5,0.5,0.5,0.5,0.5,0.5,0.5,0.5,0.5,0.5,0.5,0.5,0.5,0.5,0.5,0.5,0.5,0.5,0.5,0.5,0.5,0.5,0.5,0.5,0.5,0.5,0.5,0.5,0.5,0.5,0.5,0.5,0.5,0.5,0.5,0.5,0.5,0.5,0.5,0.5,0.5,0.5,0.5,0.5,0.5,0.5,0.5,0.5,0.5,0.5,0.5,0.5,0.5,0.5,0.5,0.5,0.5,0.5,0.5,0.5,0.5,0.5,0.5,0.5,0.5,0.5,0.5,0.5,0.5,0.5,0.5,0.5,0.5,0.5,0.5,0.5,0.5,0.5,0.5,0.5,0.5,0.5,0.5,0.5,0.5,0.5,0.5,0.5,0.5,0.5,0.5,0.5,0.5,0.5,0.5,0.5,0.5,0.5,0.5,0.5,0.5,0.5,0.5,0.5,0.5,0.5,0.5,0.5,0.5,0.5,0.5,0.5,0.5,0.5,0.5,0.5,0.5,0.5,0.5,0.5,0.5,0.5,0.5,0.5,0.5,0.5,0.5,0.5,0.5,0.5,0.5,0.5,0.5,0.5,0.5,0.5,0.5,0.5,0.5,0.5,0.5,0.5,0.5,0.5,0.5,0.5,0.5,0.5,0.5,0.5,0.5,0.5,0.5,0.5,0.5,0.5,0.5,0.5,0.5,0.5,0.5,0.5,0.5,0.5,0.5,0.5,0.5,0.5,0.5,0.5,0.5,0.5,0.5,0.5,0.5,0.5,0.5,0.5,0.5,0.5,0.5,0.5,0.5,0.5,0.5,0.5,0.5,0.5,0.5,0.5,0.5,0.5,0.5,0.5,0.5,0.5,0.5,0.5,0.5,0.5,0.5,0.5,0.5,0.5,0.5,0.5,0.5,0.5,0.5,0.5,0.5,0.5,0.5,0.5,0.5,0.5,0.5,0.5,0.5,0.5,0.5,0.5,0.5,0.5,0.5,0.5,0.5,0.5,0.5,0.5,0.5,0.5,0.5,0.5,0.5,0.5,0.5,0.5,0.5,0.5,0.5,0.5,0.5,0.5,0.5,0.5,0.5,0.5,0.5,0.5,0.5,0.5,0.5,0.5,0.5,0.5,0.5,0.5,0.5,0.5,0.5,0.5,0.5,0.5,0.5,0.5,0.5,0.5,0.5,0.5,0.5,0.5,0.5,0.5,0.5,0.5,0.5,0.5,0.5,0.5,0.5,0.5,0.5,0.5,0.5,0.5,0.5,0.5,0.5,0.5,0.5,0.5,0.5,0.5,0.5,0.5,0.5,0.5,0.5,0.5,0.5,0.5,0.5,0.5,0.5,0.5,0.5,0.5,0.5,0.5,0.5,0.5,0.5,0.5,0.5,0.5,0.5,0.5,0.5,0.5,0.5,0.5,0.5,0.5,0.5,0.5,0.5,0.5,0.5,0.5,0.5,0.5,0.5,0.5,0.5,0.5,0.5,0.5,0.5,0.5,0.5,0.5,0.5,0.5,0.5,0.5,0.5,0.5,0.5,0.5,0.5,0.5,0.5,0.5,0.5,0.5,0.5,0.5,0.5,0.5,0.5,0.5,0.5,0.5,0.5,0.5,0.5,0.5,0.5,0.5,0.5,0.5,0.5,0.5,0.5,0.5,0.5,0.5,0.5,0.5,0.5,0.5,0.5,0.5,0.5,0.5,0.5,0.5,0.5,0.5,0.5,0.5,0.5,0.5,0.5,0.5,0.5,0.5,0.5,0.5,0.5,0.5,0.5,0.5,0.5,0.5,0.5,0.5,0.5,0.5,0.5,0.5,0.5,0.5,0.5,0.5,0.5,0.5,0.5,0.5,0.5,0.5,0.5,0.5,0.5,0.5,0.5,0.5,0.5,0.5,0.5,0.5,0.5,0.5,0.5,0.5,0.5,0.5,0.5,0.5,0.5,0.5,0.5,0.5,0.5,0.5,0.5,0.5,0.5,0.5,0.5,0.5,0.5,0.5,0.5,0.5,0.5,0.5,0.5,0.5,0.5,0.5,0.5,0.5,0.5,0.5,0.5,0.5,0.5,0.5,0.5,0.5,0.5,0.5,0.5,0.5,0.5,0.5,0.5,0.5,0.5,0.5,0.5,0.5,0.5,0.5,0.5,0.5,0.5,0.5,0.5,0.5,0.5,0.5,0.5,0.5,0.5,0.5,0.5,0.5,0.5,0.5,0.5,0.5,0.5,0.5,0.5,0.5,0.5,0.5,0.5,0.5,0.5,0.5,0.5,0.5,0.5,0.5,0.5,0.5,0.5,0.5,0.5,0.5,0.5,0.5,0.5,0.5,0.5,0.5,0.5,0.5,0.5,0.5,0.5,0.5,0.5,0.5,0.5,0.5,0.5,0.5,0.5,0.5,0.5,0.5,0.5,0.5,0.5,0.5,0.5,0.5,0.5,0.5,0.5,0.5,0.5,0.5,0.5,0.5,0.5,0.5,0.5,0.5,0.5,0.5,0.5,0.5,0.5,0.5,0.5,0.5,0.5,0.5,0.5,0.5,0.5,0.5,0.5,0.5,0.5,0.5,0.5,0.5,0.5,0.5,0.5,0.5,0.5,0.5,0.5,0.5,0.5,0.5,0.5,0.5,0.5,0.5,0.5,0.5,0.5,0.5,0.5,0.5,0.5,0.5,0.5,0.5,0.5,0.5,0.5,0.5,0.5,0.5,0.5,0.5,0.5,0.5,0.5,0.5,0.5,0.5,0.5,0.5,0.5,0.5,0.5,0.5,0.5,0.5,0.5,0.5,0.5,0.5,0.5,0.5,0.5,0.5,0.5,0.5,0.5,0.5,0.5,0.5,0.5,0.5,0.5,0.5,0.5,0.5,0.5,0.5,0.5,0.5,0.5,0.5,0.5,0.5,0.5,0.5,0.5,0.5,0.5,0.5,0.5,0.5,0.5,0.5,0.5,0.5,0.5,0.5,0.5,0.5,0.5,0.5,0.5,0.5,0.5,0.5,0.5,0.5,0.5,0.5,0.5,0.5,0.5,0.5,0.5,0.5,0.5,0.5,0.5,0.5,0.5,0.5,0.5,0.5,0.5,0.5,0.5,0.5,0.5,0.5,0.5,0.5,0.5,0.5,0.5,0.5,0.5,0.5,0.5,0.5,0.5,0.5,0.5,0.5,0.5,0.5,0.5,0.5,0.5,0.5,0.5,0.5,0.5,0.5,0.5,0.5,0.5,0.5,0.5,0.5,0.5,0.5,0.5,0.5,0.5,0.5,0.5,0.5,0.5,0.5,0.5,0.5,0.5,0.5,0.5,0.5,0.5,0.5,0.5,0.5,0.5,0.5,0.5,0.5,0.5,0.5,0.5,0.5,0.5,0.5,0.5,0.5,0.5,0.5,0.5,0.5,0.5,0.5,0.5,0.5,0.5,0.5,0.5,0.5,0.5,0.5,0.5,0.5,0.5,0.5,0.5,0.5,0.5,0.5,0.5,0.5,0.5,0.5,0.5,0.5,0.5,0.5,0.5,0.5,0.5,0.5,0.5,0.5,0.5,0.5,0.5,0.5,0.5,0.5,0.5,0.5,0.5,0.5,0.5,0.5,0.5,0.5,0.5,0.5,0.5,0.5,0.5,0.5,0.5,0.5,0.5,0.5,0.5,0.5,0.5,0.5,0.5,0.5,0.5,0.5,0.5,0.5,0.5,0.5,0.5,0.5,0.5,0.5,0.5,0.5,0.5,0.5,0.5,0.5,0.5,0.5,0.5,0.5,0.5,0.5,0.5,0.5,0.5,0.5,0.5,0.5,0.5,0.5,0.5,0.5,0.5,0.5,0.5,0.5,0.5,0.5,0.5,0.5,0.5,0.5,0.5,0.5,0.5,0.5,0.5,0.5,0.5,0.5,0.5,0.5,0.5,0.5,0.5,0.5,0.5,0.5,0.5,0.5,0.5,0.5,0.5,0.5,0.5,0.5,0.5,0.5,0.5,0.5,0.5,0.5,0.5,0.5,0.5,0.5,0.5,0.5,0.5,0.5,0.5,0.5,0.5,0.5,0.5,0.5,0.5,0.5,0.5,0.5,0.5,0.5,0.5,0.5,0.5,0.5,0.5,0.5,0.5,0.5,0.5,0.5,0.5,0.5,0.5,0.5,0.5,0.5,0.5,0.5,0.5,0.5,0.5,0.5,0.5,0.5,0.5,0.5,0.5,0.5,0.5,0.5,0.5,0.5,0.5,0.5,0.5,0.5,0.5,0.5,0.5,0.5,0.5,0.5,0.5,0.5,0.5,0.5,0.5,0.5,0.5,0.5,0.5,0.5,0.5,0.5,0.5,0.5,0.5,0.5,0.5,0.5,0.5,0.5,0.5,0.5,0.5,0.5,0.5,0.5,0.5,0.5,0.5,0.5,0.5,0.5,0.5,0.5,0.5,0.5,0.5,0.5,0.5,0.5,0.5,0.5,0.5,0.5,0.5,0.5,0.5,0.5,0.5,0.5,0.5,0.5,0.5,0.5,0.5,0.5,0.5,0.5,0.5,0.5,0.5,0.5,0.5,0.5,0.5,0.5,0.5,0.5,0.5,0.5,0.5,0.5,0.5,0.5,0.5,0.5,0.5,0.5,0.5,0.5,0.5,0.5,0.5,0.5,0.5,0.5,0.5,0.5,0.5,0.5,0.5,0.5,0.5,0.5,0.5,0.5,0.5,0.5,0.5,0.5,0.5,0.5,0.5,0.5,0.5,0.5,0.5,0.5,0.5,0.5,0.5,0.5,0.5,0.5,0.5,0.5,0.5,0.5,0.5,0.5,0.5,0.5,0.5,0.5,0.5,0.5,0.5,0.5,0.5,0.5,0.5,0.5,0.5,0.5,0.5,0.5,0.5,0.5,0.5,0.5,0.5,0.5,0.5,0.5,0.5,0.5,0.5,0.5,0.5,0.5,0.5,0.5,0.5,0.5,0.5,0.5,0.5,0.5,0.5,0.5,0.5,0.5,0.5,0.5,0.5,0.5,0.5,0.5,0.5,0.5,0.5,0.5,0.5,0.5,0.5,0.5,0.5,0.5,0.5,0.5,0.5,0.5,0.5,0.5,0.5,0.5,0.5,0.5,0.5,0.5,0.5,0.5,0.5,0.5,0.5,0.5,0.5,0.5,0.5,0.5,0.5,0.5,0.5,0.5,0.5,0.5,0.5,0.5,0.5,0.5,0.5,0.5,0.5,0.5,0.5,0.5,0.5,0.5,0.5,0.5,0.5,0.5,0.5,0.5,0.5,0.5,0.5,0.5,0.5,0.5,0.5,0.5,0.5,0.5,0.5,0.5,0.5,0.5,0.5,0.5,0.5,0.5,0.5,0.5,0.5,0.5,0.5,0.5,0.5,0.5,0.5,0.5,0.5,0.5,0.5,0.5,0.5,0.5,0.5,0.5,0.5,0.5,0.5,0.5,0.5,0.5,0.5,0.5,0.5,0.5,0.5,0.5,0.5,0.5,0.5,0.5,0.5,0.5,0.5,0.5,0.5,0.5,0.5,0.5,0.5,0.5,0.5,0.5,0.5,0.5,0.5,0.5,0.5,0.5,0.5,0.5,0.5,0.5,0.5,0.5,0.5,0.5,0.5,0.5,0.5,0.5,0.5,0.5,0.5,0.5,0.5,0.5,0.5,0.5,0.5,0.5,0.5,0.5,0.5,0.5,0.5,0.5,0.5,0.5,0.5,0.5,0.5,0.5,0.5,0.5,0.5,0.5,0.5,0.5,0.5,0.5,0.5,0.5,0.5,0.5,0.5,0.5,0.5,0.5,0.5,0.5,0.5,0.5,0.5,0.5,0.5,0.5,0.5,0.5,0.5,0.5,0.5,0.5,0.5,0.5,0.5,0.5,0.5,0.5,0.5,0.5,0.5,0.5,0.5,0.5,0.5,0.5,0.5,0.5,0.5,0.5,0.5,0.5,0.5,0.5,0.5,0.5,0.5,0.5,0.5,0.5,0.5,0.5,0.5,0.5,0.5,0.5,0.5,0.5,0.5,0.5,0.5,0.5,0.5,0.5,0.5,0.5,0.5,0.5,0.5,0.5,0.5,0.5,0.5,0.5,0.5,0.5,0.5,0.5,0.5,0.5,0.5,0.5,0.5,0.5,0.5,0.5,0.5,0.5,0.5,0.5,0.5,0.5,0.5,0.5,0.5,0.5,0.5,0.5,0.5,0.5,0.5,0.5,0.5,0.5,0.5,0.5,0.5,0.5,0.5,0.5,0.5,0.5,0.5,0.5,0.5,0.5,0.5,0.5,0.5,0.5,0.5,0.5,0.5,0.5,0.5,0.5,0.5,0.5,0.5,0.5,0.5,0.5,0.5,0.5,0.5,0.5,0.5,0.5,0.5,0.5,0.5,0.5,0.5,0.5,0.5,0.5,0.5,0.5,0.5,0.5,0.5,0.5,0.5,0.5,0.5,0.5,0.5,0.5,0.5,0.5,0.5,0.5,0.5,0.5,0.5,0.5,0.5,0.5,0.5,0.5,0.5,0.5,0.5,0.5,0.5,0.5,0.5,0.5,0.5,0.5,0.5,0.5,0.5,0.5,0.5,0.5,0.5,0.5,0.5,0.5,0.5,0.5,0.5,0.5,0.5,0.5,0.5,0.5,0.5,0.5,0.5,0.5,0.5,0.5,0.5,0.5,0.5,0.5,0.5,0.5,0.5,0.5,0.5,0.5,0.5,0.5,0.5,0.5,0.5,0.5,0.5,0.5,0.5,0.5,0.5,0.5,0.5,0.5,0.5,0.5,0.5,0.5,0.5,0.5,0.5,0.5,0.5,0.5,0.5,0.5,0.5,0.5,0.5,0.5,0.5,0.5,0.5,0.5,0.5,0.5,0.5,0.5,0.5,0.5,0.5,0.5,0.5,0.5,0.5,0.5,0.5,0.5,0.5,0.5,0.5,0.5,0.5,0.5,0.5,0.5,0.5,0.5,0.5,0.5,0.5,0.5,0.5,0.5,0.5,0.5,0.5,0.5,0.5,0.5,0.5,0.5,0.5,0.5,0.5,0.5,0.5,0.5,0.5,0.5,0.5,0.5,0.5,0.5,0.5,0.5,0.5,0.5,0.5,0.5,0.5,0.5,0.5,0.5,0.5,0.5,0.5,0.5,0.5,0.5,0.5,0.5,0.5,0.5,0.5,0.5,0.5,0.5,0.5,0.5,0.5,0.5,0.5,0.5,0.5,0.5,0.5,0.5,0.5,0.5,0.5,0.5,0.5,0.5,0.5,0.5,0.5,0.5,0.5,0.5,0.5,0.5,0.5,0.5,0.5,0.5,0.5,0.5,0.5,0.5,0.5,0.5,0.5,0.5,0.5,0.5,0.5,0.5,0.5,0.5,0.5,0.5,0.5,0.5,0.5,0.5,0.5,0.5,0.5,0.5,0.5,0.5,0.5,0.5,0.5,0.5,0.5,0.5,0.5,0.5,0.5,0.5,0.5,0.5,0.5,0.5,0.5,0.5,0.5,0.5,0.5,0.5,0.5,0.5,0.5,0.5,0.5,0.5,0.5,0.5,0.5,0.5,0.5,0.5,0.5,0.5,0.5,0.5,0.5,0.5,0.5,0.5,0.5,0.5,0.5,0.5,0.5,0.5,0.5,0.5,0.5,0.5,0.5,0.5,0.5,0.5,0.5,0.5,0.5,0.5,0.5,0.5,0.5,0.5,0.5,0.5,0.5,0.5,0.5,0.5,0.5,0.5,0.5,0.5,0.5,0.5,0.5,0.5,0.5,0.5,0.5,0.5,0.5,0.5,0.5,0.5,0.5,0.5,0.5,0.5,0.5,0.5,0.5,0.5,0.5,0.5,0.5,0.5,0.5,0.5,0.5,0.5,0.5,0.5,0.5,0.5,0.5,0.5,0.5,0.5,0.5,0.5,0.5,0.5,0.5,0.5,0.5,0.5,0.5,0.5,0.5,0.5,0.5,0.5,0.5,0.5,0.5,0.5,0.5,0.5,0.5,0.5,0.5,0.5,0.5,0.5,0.5,0.5,0.5,0.5,0.5,0.5,0.5,0.5,0.5,0.5,0.5,0.5,0.5,0.5,0.5,0.5,0.5,0.5,0.5,0.5,0.5,0.5,0.5,0.5,0.5,0.5,0.5,0.5,0.5,0.5,0.5,0.5,0.5,0.5,0.5,0.5,0.5,0.5,0.5,0.5,0.5,0.5,0.5,0.5,0.5,0.5,0.5,0.5,0.5,0.5,0.5,0.5,0.5,0.5,0.5,0.5,0.5,0.5,0.5,0.5,0.5,0.5,0.5,0.5,0.5,0.5,0.5,0.5,0.5,0.5,0.5,0.5,0.5,0.5,0.5,0.5,0.5,0.5,0.5,0.5,0.5,0.5,0.5,0.5,0.5,0.5,0.5,0.5,0.5,0.5,0.5,0.5,0.5,0.5,0.5,0.5,0.5,0.5,0.5,0.5,0.5,0.5,0.5,0.5,0.5,0.5,0.5,0.5,0.5,0.5,0.5,0.5,0.5,0.5,0.5,0.5,0.5,0.5,0.5,0.5,0.5,0.5,0.5,0.5,0.5,0.5,0.5,0.5,0.5,0.5,0.5,0.5,0.5,0.5,0.5,0.5,0.5,0.5,0.5,0.5,0.5,0.5,0.5,0.5,0.5,0.5,0.5,0.5,0.5,0.5,0.5,0.5,0.5,0.5,0.5,0.5,0.5,0.5,0.5,0.5,0.5,0.5,0.5,0.5,0.5,0.5,0.5,0.5,0.5,0.5,0.5,0.5,0.5,0.5,0.5,0.5,0.5,0.5,0.5,0.5,0.5,0.5,0.5,0.5,0.5,0.5,0.5,0.5,0.5,0.5,0.5,0.5,0.5,0.5,0.5,0.5,0.5,0.5,0.5,0.5,0.5,0.5,0.5,0.5,0.5,0.5,0.5,0.5,0.5,0.5,0.5,0.5,0.5,0.5,0.5,0.5,0.5,0.5,0.5,0.5,0.5,0.5,0.5,0.5,0.5,0.5,0.5,0.5,0.5,0.5,0.5,0.5,0.5,0.5,0.5,0.5,0.5,0.5,0.5,0.5,0.5,0.5,0.5,0.5,0.5,0.5,0.5,0.5,0.5,0.5,0.5,0.5,0.5,0.5,0.5,0.5,0.5,0.5,0.5,0.5,0.5,0.5,0.5,0.5,0.5,0.5,0.5,0.5,0.5,0.5,0.5,0.5,0.5,0.5,0.5,0.5,0.5,0.5,0.5,0.5,0.5,0.5,0.5,0.5,0.5,0.5,0.5,0.5,0.5,0.5,0.5,0.5,0.5,0.5,0.5,0.5,0.5,0.5,0.5,0.5,0.5,0.5,0.5,0.5,0.5,0.5,0.5,0.5,0.5,0.5,0.5,0.5,0.5,0.5,0.5,0.5,0.5,0.5,0.5,0.5,0.5,0.5,0.5,0.5,0.5,0.5,0.5,0.5,0.5,0.5,0.5,0.5,0.5,0.5,0.5,0.5,0.5,0.5,0.5,0.5,0.5,0.5,0.5,0.5,0.5,0.5,0.5,0.5,0.5,0.5,0.5,0.5,0.5,0.5,0.5,0.5,0.5,0.5,0.5,0.5,0.5,0.5,0.5,0.5,0.5,0.5,0.5,0.5,0.5,0.5,0.5,0.5,0.5,0.5,0.5,0.5,0.5,0.5,0.5,0.5,0.5,0.5,0.5,0.5,0.5,0.5,0.5,0.5,0.5,0.5,0.5,0.5,0.5,0.5,0.5,0.5,0.5,0.5,0.5,0.5,0.5,0.5,0.5,0.5,0.5,0.5,0.5,0.5,0.5,0.5,0.5,0.5,0.5,0.5,0.5,0.5,0.5,0.5,0.5,0.5,0.5,0.5,0.5,0.5,0.5,0.5,0.5,0.5,0.5,0.5,0.5,0.5,0.5,0.5,0.5,0.5,0.5,0.5,0.5,0.5,0.5,0.5,0.5,0.5,0.5,0.5,0.5,0.5,0.5,0.5,0.5,0.5,0.5,0.5,0.5,0.5,0.5,0.5,0.5,0.5,0.5,0.5,0.5,0.5,0.5,0.5,0.5,0.5,0.5,0.5,0.5,0.5,0.5,0.5,0.5,0.5,0.5,0.5,0.5,0.5,0.5,0.5,0.5,0.5,0.5,0.5,0.5,0.5,0.5,0.5,0.5,0.5,0.5,0.5,0.5,0.5,0.5,0.5,0.5,0.5,0.5,0.5,0.5,0.5,0.5,0.5,0.5,0.5,0.5,0.5,0.5,0.5,0.5,0.5,0.5,0.5,0.5,0.5,0.5,0.5,0.5,0.5,0.5,0.5,0.5,0.5,0.5,0.5,0.5,0.5,0.5,0.5,0.5,0.5,0.5,0.5,0.5,0.5,0.5,0.5,0.5,0.5,0.5,0.5,0.5,0.5,0.5,0.5,0.5,0.5,0.5,0.5,0.5,0.5,0.5,0.5,0.5,0.5,0.5,0.5,0.5,0.5,0.5,0.5,0.5,0.5,0.5,0.5,0.5,0.5,0.5,0.5,0.5,0.5,0.5,0.5,0.5,0.5,0.5,0.5,0.5,0.5,0.5,0.5,0.5,0.5,0.5,0.5,0.5,0.5,0.5,0.5,0.5,0.5,0.5,0.5,0.5,0.5,0.5,0.5,0.5,0.5,0.5,0.5,0.5,0.5,0.5,0.5,0.5,0.5,0.5,0.5,0.5,0.5,0.5,0.5,0.5,0.5,0.5,0.5,0.5,0.5,0.5,0.5,0.5,0.5,0.5,0.5,0.5,0.5,0.5,0.5,0.5,0.5,0.5,0.5,0.5,0.5,0.5,0.5,0.5,0.5,0.5,0.5,0.5,0.5,0.5,0.5,0.5,0.5,0.5,0.5,0.5,0.5,0.5,0.5,0.5,0.5,0.5,0.5,0.5,0.5,0.5,0.5,0.5,0.5,0.5,0.5,0.5,0.5,0.5,0.5,0.5,0.5,0.5,0.5,0.5,0.5,0.5,0.5,0.5,0.5,0.5,0.5,0.5,0.5,0.5,0.5,0.5,0.5,0.5,0.5,0.5,0.5,0.5,0.5,0.5,0.5,0.5,0.5,0.5,0.5,0.5,0.5,0.5,0.5,0.5,0.5,0.5,0.5,0.5,0.5,0.5,0.5,0.5,0.5,0.5,0.5,0.5,0.5,0.5,0.5,0.5,0.5,0.5,0.5,0.5,0.5,0.5,0.5,0.5,0.5,0.5,0.5,0.5,0.5,0.5,0.5,0.5,0.5,0.5,0.5,0.5,0.5,0.5,0.5,0.5,0.5,0.5,0.5,0.5,0.5,0.5,0.5,0.5,0.5,0.5,0.5,0.5,0.5,0.5,0.5,0.5,0.5,0.5,0.5,0.5,0.5,0.5,0.5,0.5,0.5,0.5,0.5,0.5,0.5,0.5,0.5,0.5,0.5,0.5,0.5,0.5,0.5,0.5,0.5,0.5,0.5,0.5,0.5,0.5,0.5,0.5,0.5,0.5,0.5,0.5,0.5,0.5,0.5,0.5,0.5,0.5,0.5,0.5,0.5,0.5,0.5,0.5,0.5,0.5,0.5,0.5,0.5,0.5,0.5,0.5,0.5,0.5,0.5,0.5,0.5,0.5,0.0]
