WARNING: Method definition require(Symbol) in module Base at loading.jl:345 overwritten in module ConicBenchmarkUtilities at /home/ubuntu/.julia/v0.5/Requires/src/require.jl:12.
#SOLVERNAME# PAJ_MSD_CPLEX_MOSEK_noabslift
#SOLVER# Pajarito.PajaritoSolver(3,3600.0,1.0e-5,true,CPLEX.CplexSolver(Any[(:CPX_PARAM_THREADS,1),(:CPX_PARAM_TILIM,3600.0),(:CPX_PARAM_EPINT,1.0e-8),(:CPX_PARAM_EPRHS,1.0e-6),(:CPX_PARAM_SCRIND,0),(:CPX_PARAM_EPGAP,1.0e-5)]),MathProgBase.DefaultMIPSolver(),0,false,true,Mosek.MosekMathProgSolverInterface.MosekSolver(Any[(:LOG,0),(:NUM_THREADS,1),(:OPTIMIZER_MAX_TIME,120.0)]),true,false,false,true,false,false,true,false,true,true,true,true,false,true,false,false,false,true,1.0e-10,1.0e-6)
#INSTANCE# pp-n1000-d10.cbf.gz
#TIMELIMIT# 3600.0

Cone types summary:
Cone                   | Count    | Min dim  | Max dim 
     Rot. second order |     1000 |        3 |        3

Transforming original data......Done     0.00s

Creating conic model data......Done     0.00s

Creating MIP model......Done     0.03s

Solving conic relaxation......Done     0.09s
 - Relaxation status    =        Optimal
 - Relaxation objective =    7330.100925

Creating conic subproblem model......Done     0.03s

Starting MIP-solver-driven outer approximation algorithm

Pajarito MICP solve summary:
 - Total time (s)       =       3.60e+03
 - Status               =      UserLimit
 - Best feasible obj.   =  +7.345189e+03
 - OA obj. bound        =  +7.332211e+03
 - Relative opt. gap    =      1.767e-03

Timers (s):
 - Setup                =   1.58e-01
 -- Transform data      =   3.64e-03
 -- Create conic data   =   1.33e-03
 -- Create MIP data     =   3.13e-02
 -- Load/solve relax    =   8.93e-02
 - MIP-driven algorithm =   3.60e+03
 -- Solve conic model   =   1.56e+00

Counters:
 - Lazy callback        =     0
 -- Feasible soln       =     0
 -- Integer repeat      =    34
 -- Conic statuses      =    48
 --- Infeasible         =     0
 --- Optimal            =    48
 --- Suboptimal         =     0
 --- UserLimit          =     0
 --- ConicFailure       =     0
 --- Other status       =     0
 -- No viol. subp. cut  =     0
 -- No viol. prim. cut  =     0
 - Heuristic callback   =     0
 -- Feasible added      =     0
 - Incumbent callback   =     0
 -- Feasible accepted   =     0

Max absolute primal infeasibilities
 - Constraint cones:
 -- Linear              =   0.00e+00
 -- Second order        =   0.00e+00
 -- Rot. second order   =   0.00e+00
 -- Primal exponential  =   0.00e+00
 -- Positive semidef.   =   0.00e+00
 - Variable cones:
 -- Linear              =   0.00e+00
 -- Second order        =   0.00e+00
 -- Rot. second order   =   0.00e+00
 -- Primal exponential  =   0.00e+00
 -- Positive semidef.   =   0.00e+00
#STATUS# UserLimit
#OBJVAL# 7345.188711373854
#OBJBOUND# 7332.211275802003
#TIMESOLVER# 3600.0732679367065
#TIMEALL# 3600.1321561336517
#SOLUTION# [5.0,4.0,6.0,9.0,6.0,7.0,9.0,3.0,2.0,7.0,4.0,4.0,7.0,3.0,4.0,4.0,2.0,10.0,7.0,4.0,8.0,7.0,5.0,3.0,4.0,5.0,4.0,2.0,5.0,4.0,8.0,8.0,3.0,5.0,3.0,5.0,3.0,8.0,4.0,3.0,4.0,3.0,4.0,7.0,4.0,5.0,4.0,4.0,4.0,5.0,4.0,6.0,9.0,2.0,2.0,4.0,6.0,3.0,5.0,3.0,4.0,7.0,7.0,3.0,7.0,8.0,15.0,5.0,7.0,9.0,8.0,5.0,7.0,3.0,6.0,4.0,7.0,7.0,5.0,8.0,3.0,9.0,6.0,6.0,1.0,6.0,7.0,2.0,13.0,10.0,8.0,12.0,4.0,11.0,8.0,8.0,8.0,10.0,7.0,3.0,9.0,4.0,9.0,10.0,4.0,7.0,7.0,15.0,5.0,7.0,2.0,6.0,6.0,3.0,4.0,9.0,2.0,7.0,6.0,4.0,4.0,5.0,9.0,7.0,5.0,7.0,7.0,4.0,4.0,7.0,3.0,7.0,5.0,6.0,4.0,5.0,5.0,5.0,6.0,6.0,4.0,4.0,2.0,3.0,7.0,2.0,10.0,3.0,9.0,3.0,3.0,4.0,4.0,3.0,12.0,10.0,3.0,9.0,8.0,10.0,3.0,4.0,5.0,3.0,3.0,9.0,2.0,10.0,5.0,6.0,10.0,8.0,4.0,6.0,9.0,4.0,4.0,9.0,9.0,7.0,2.0,5.0,6.0,5.0,8.0,2.0,2.0,5.0,3.0,3.0,6.0,6.0,6.0,6.0,2.0,5.0,6.0,5.0,2.0,8.0,3.0,10.0,7.0,9.0,10.0,3.0,3.0,10.0,3.0,8.0,2.0,6.0,13.0,4.0,5.0,6.0,2.0,5.0,7.0,5.0,7.0,4.0,4.0,3.0,4.0,5.0,8.0,4.0,7.0,6.0,6.0,10.0,6.0,4.0,8.0,9.0,3.0,3.0,3.0,3.0,5.0,3.0,5.0,10.0,2.0,5.0,4.0,1.000000004609181,8.0,7.0,4.0,7.0,10.0,9.0,5.0,5.0,4.0,7.0,7.0,7.0,7.0,4.0,5.0,7.0,8.0,3.0,4.0,7.0,3.0,9.0,6.0,2.0,5.0,8.0,4.0,5.0,10.0,2.0,3.0,4.0,3.0,3.0,6.0,6.0,11.0,7.0,7.0,5.0,2.0,5.0,7.0,4.0,12.0,4.0,7.0,4.0,6.0,2.0,5.0,2.0,3.0,6.0,4.0,3.0,3.0,4.0,4.0,11.0,6.0,5.0,6.0,8.0,6.0,8.0,8.0,5.0,4.0,3.0,6.0,3.0,8.0,4.0,3.0,6.0,3.0,5.0,7.0,5.0,8.0,6.0,6.0,3.0,4.0,6.0,5.0,9.0,5.0,9.0,3.0,3.0,8.0,5.0,9.0,8.0,6.0,11.0,7.0,7.0,10.0,2.0,4.0,4.0,7.0,6.0,3.0,9.0,8.0,5.0,4.0,8.0,10.0,3.0,8.0,2.0,2.0,12.0,4.0,5.0,7.0,9.0,5.0,5.0,7.0,2.0,3.0,5.0,8.0,6.0,8.0,9.0,7.0,5.0,6.0,2.0,6.0,4.0,5.0,5.0,4.0,10.0,3.0,5.0,12.0,9.0,2.0,9.0,7.0,7.0,3.0,9.0,3.0,4.0,3.0,9.0,2.0,8.0,6.0,7.0,5.0,3.0,3.0,8.0,4.0,8.0,7.0,7.0,11.0,3.0,4.0,4.0,6.0,6.0,13.0,6.0,5.0,4.0,3.0,5.0,4.0,6.0,4.0,7.0,3.0,4.0,3.0,6.0,8.0,4.0,3.0,7.0,3.0,7.0,9.0,3.0,2.0,6.0,2.0,6.0,3.0,4.0,4.0,4.0,6.0,2.0,6.0,5.0,5.0,6.0,5.0,5.0,7.0,5.0,8.0,2.0,2.0,4.0,5.0,9.0,12.0,2.0,3.0,5.0,5.0,6.0,7.0,4.0,5.0,5.0,10.0,4.0,8.0,3.0,6.0,4.0,9.0,3.0,2.0,3.0,12.0,8.0,9.0,4.0,8.0,8.0,4.0,6.0,8.0,4.0,4.0,2.0,4.0,7.0,5.0,5.0,3.0,4.0,5.0,7.0,3.0,2.0,2.0,5.0,8.0,5.0,7.0,7.0,9.0,5.0,3.0,3.0,8.0,7.0,4.0,8.0,6.0,3.0,6.0,5.0,7.0,8.0,5.0,2.0,3.0,6.0,8.0,6.0,5.0,5.0,2.0,10.0,3.0,2.0,4.0,12.0,8.0,7.0,5.0,7.0,5.0,6.0,5.0,8.0,5.0,8.0,3.0,5.0,3.0,2.0,4.0,7.0,2.0,7.0,4.0,6.0,9.0,12.0,3.0,5.0,6.0,4.0,6.0,3.0,4.0,8.0,3.0,9.0,2.0,4.0,5.0,11.0,4.0,3.0,2.0,4.0,5.0,10.0,5.0,12.0,5.0,5.0,4.0,10.0,5.0,8.0,4.0,7.0,7.0,3.0,5.0,5.0,8.0,9.0,6.0,8.0,4.0,5.0,6.0,2.0,5.0,2.0,7.0,7.0,5.0,9.0,7.0,4.0,10.0,8.0,8.0,10.0,8.0,5.0,2.0,6.0,4.0,7.0,3.0,3.0,7.0,12.0,2.0,6.0,8.0,6.0,8.0,5.0,7.0,6.0,8.0,11.0,4.0,9.0,7.0,6.0,5.0,7.0,5.0,6.0,4.0,7.0,7.0,5.0,3.0,11.0,6.0,6.0,6.0,6.0,8.0,5.0,4.0,6.0,5.0,6.0,6.0,9.0,3.0,4.0,5.0,9.0,3.0,3.0,2.0,4.0,9.0,5.0,6.0,5.0,4.0,6.0,5.0,6.0,8.0,5.0,7.0,4.0,6.0,7.0,3.0,13.0,8.0,4.0,3.0,8.0,4.0,10.0,4.0,3.0,7.0,8.0,4.0,7.0,8.0,8.0,6.0,4.0,7.0,3.0,2.0,6.0,5.0,4.0,11.0,8.0,5.0,11.0,5.0,4.0,3.0,4.0,4.0,3.0,8.0,3.0,6.0,7.0,4.0,7.0,6.0,7.0,9.0,5.0,8.0,6.0,7.0,2.0,5.0,2.0,5.0,6.0,9.0,7.0,3.0,11.0,3.0,7.0,1.0,2.0,8.0,6.0,5.0,4.0,4.0,4.0,6.0,3.0,8.0,5.0,4.0,5.0,5.0,6.0,6.0,3.0,4.0,4.0,15.0,4.0,6.0,6.0,7.0,6.0,6.0,5.0,6.0,4.0,5.0,10.0,8.0,2.0,5.0,4.0,4.0,6.0,6.0,6.0,3.0,3.0,5.0,6.0,6.0,5.0,5.0,8.0,5.0,5.0,4.0,10.0,4.0,8.0,8.0,9.0,7.0,4.0,3.0,4.0,4.0,4.0,9.0,8.0,3.0,4.0,4.0,2.0,5.0,4.0,7.0,4.0,3.0,5.0,4.0,6.0,9.0,13.0,6.0,8.0,8.0,4.0,4.0,5.0,5.0,5.0,3.0,2.0,3.0,5.0,7.0,6.0,5.0,4.0,4.0,5.0,8.0,7.0,7.0,4.0,6.0,8.0,12.0,5.0,5.0,6.0,3.0,3.0,10.0,3.0,5.0,5.0,2.0,7.0,2.0,10.0,13.0,5.0,3.0,3.0,5.0,3.0,5.0,2.0,6.0,6.0,3.0,2.0,6.0,3.0,8.0,5.0,6.0,6.0,6.0,10.0,4.0,4.0,6.0,5.0,2.0,7.0,6.0,5.0,7.0,3.0,9.0,4.0,6.0,5.0,3.0,3.0,6.0,12.0,4.0,6.0,9.0,5.0,8.0,4.0,7.0,6.0,5.0,3.0,8.0,5.0,11.0,3.0,3.0,9.0,3.0,5.0,6.0,4.0,8.0,3.0,8.0,10.0,5.0,3.0,5.0,5.0,3.0,3.0,7.0,8.0,10.0,5.0,7.0,6.0,5.0,7.0,3.0,9.0,5.0,4.0,6.0,5.0,7.0,3.0,9.0,2.0,8.0,6.0,9.0,3.0,4.0,8.0,8.0,4.0,2.0,6.0,6.0,5.0,5.0,2.0,6.0,6.0,2.0,4.0,8.0,3.0,3.0,3.0,4.0,4.0,5.0,5.0,5.0,7.0,6.0,10.0,6.0,7.0,3.0,3.0,3.0,3.0,4.0,4.0,6.0,6.0,11.0,8.0,5.0,9.0,7.0,4.0,4.0,9.0,5.0,7.0,12.0,5.0,0.20000002771863823,0.25000005047204654,0.16666667939836888,0.11111113336920653,0.1666666871761766,0.14285715731500304,0.11111113486664692,0.333333332675275,0.5000000650891065,0.1428571854927414,0.2500000034398111,0.2500000131853204,0.14285716315084684,0.3333333514525765,0.25000002351524264,0.2500000045062847,0.5000000582880013,0.10000003627149212,0.1428571584489431,0.2500000028092746,0.1250000188059479,0.14285716037807372,0.2000000169772198,0.3333334285781553,0.25000000677600953,0.20000001249341892,0.2500000066335475,0.5000000170524874,0.20000001100809417,0.25000000459019356,0.12500001776069425,0.12500002212119465,0.33333360110008803,0.2000000078436983,0.33333334557112737,0.20000000794724926,0.3333333429960561,0.12500002079586547,0.25000001249171966,0.33333343846639973,0.2500000204935384,0.3333333605521758,0.2500000021680373,0.14285715636366625,0.25000000258959565,0.20000000913345595,0.2500000102109112,0.2500000803137121,0.25000000923634547,0.20000001486272367,0.2500000036314125,0.16666671336247152,0.11111113231488012,0.5000000079251863,0.5000000776392564,0.25000000328543015,0.16666667694114778,0.33333335745245707,0.20000000711039512,0.3333333339602964,0.250000011469103,0.14285715627444784,0.14285715914843333,0.33333337640526084,0.14285715538329224,0.1250000176883841,0.06666671297532645,0.2000000769606487,0.14285715760289097,0.11111113303071285,0.1250000176966699,0.20000001218354857,0.14285715880093264,0.33333345079213483,0.16666667608093721,0.25000000911403353,0.14285716053193553,0.14285715642636454,0.20000004420025963,0.12500001789958493,0.33333334568285267,0.11111113219826763,0.1666666764357423,0.1666666775456207,1.000000029145869,0.16666667499819,0.14285715721034808,0.5000000140191805,0.0769231195374136,0.10000002792379803,0.12500001684730933,0.08333336620381182,0.2500000452951938,0.09090912067598644,0.1250000200736059,0.12500002812384814,0.12500001855387577,0.10000002560493293,0.14285715670378174,0.33333336598258123,0.11111113192547428,0.2500000032565599,0.11111113325619293,0.1000000251067199,0.25000001576580466,0.14285716224721856,0.14285716506405155,0.06666671649679223,0.20000000620689207,0.14285716554311634,0.500000078928138,0.16666667661012458,0.16666667812611813,0.3333333560179641,0.25000001133214544,0.11111113342825973,0.5000000199071553,0.14285715673834432,0.16666669004573276,0.2500000564229965,0.2500000114622982,0.20000000935747408,0.11111113304328946,0.14285715628088802,0.20000001690131697,0.14285715707440527,0.14285715981413638,0.25000000883828877,0.2500000061650156,0.14285715624427997,0.33333335300993605,0.14285715716379155,0.20000001172644577,0.16666667929066037,0.25000001322015164,0.20000001287227942,0.20000000745416013,0.20000000537325402,0.16666667778397581,0.16666667674386204,0.25000000698573555,0.2500000087239296,0.5000000054124667,0.33333334011067395,0.14285716078926125,0.5000000750023419,0.10000002657616491,0.3333333773765417,0.11111113303576303,0.333333339087051,0.33333333557961,0.25000006592564494,0.2500000458034495,0.3333333942201686,0.08333338101687104,0.10000002492711957,0.3333333501325644,0.11111113202407275,0.12500001929808136,0.10000002626891025,0.3333333455276368,0.25000000355554564,0.20000000598269718,0.33333334911525236,0.33333333546910726,0.11111113191827648,0.5000000439008039,0.10000002565453059,0.20000000791841543,0.16666667644678412,0.1000000263489138,0.1250000188621545,0.25000000941435774,0.16666667569074178,0.11111113196177413,0.25000000515292653,0.250000002443556,0.11111113338920653,0.11111114935338051,0.14285716849670838,0.5000003865674112,0.20000002198711186,0.16666667648644573,0.2000000048824795,0.1250000188165048,0.5000000195499263,0.5000000149692081,0.2000000399321582,0.3333333438595427,0.3333334410419577,0.16666667571705052,0.16666668286422937,0.16666667547163616,0.1666666983049625,0.5000000180360293,0.2000000229929677,0.16666670054830224,0.20000001134598833,0.5000001014583038,0.12500001799021287,0.33333334993492825,0.10000002500508565,0.14285716012285388,0.1111111423713389,0.10000002485299575,0.33333336071529107,0.3333333469411728,0.10000003243117561,0.3333333442876052,0.1250000182592652,0.5000000619173319,0.1666666857559358,0.07692311556368736,0.2500000087166625,0.2000000165295548,0.16666667666974355,0.500000018853781,0.20000000655177974,0.14285715646542574,0.20000003333239658,0.1428571565249257,0.25000001974650443,0.250000008844542,0.3333333624309627,0.2500000027409124,0.20000002791052385,0.1250000207126396,0.25000004894074435,0.1428571573016839,0.16666668812499896,0.16666667792310363,0.1000000270650716,0.16666667857572914,0.250000003584268,0.12500001879539724,0.1111111378828209,0.33333341775837866,0.3333333575435993,0.333333336787228,0.33333356065634634,0.2000000114557734,0.3333333780662686,0.20000001682479596,0.10000003394916313,0.5000000391648014,0.20000000908897597,0.2500000135881355,1.0000001202689852,0.12500002439434965,0.1428571553658955,0.2500000031124663,0.14285717555425137,0.10000002648557071,0.11111113269193673,0.20000001343605422,0.20000000642614424,0.25000002012378975,0.14285715785249753,0.1428571580864233,0.14285715813469313,0.14285715998694481,0.250000015755945,0.2000000145730363,0.1428571603354003,0.1250000179089099,0.3333333429006937,0.2500000194389389,0.14285717705589285,0.3333334823719123,0.11111113637481829,0.16666668939747797,0.5000002334160905,0.200000027752127,0.12500001813372297,0.2500000059193721,0.2000000099360273,0.10000003389501622,0.5000000180306314,0.3333333670606473,0.25000000415555057,0.33333333686371347,0.33333340018001545,0.1666666900775029,0.1666666832690904,0.0909091410819034,0.14285715536587684,0.14285715824920509,0.200000005573453,0.5000000317984661,0.200000006477131,0.1428571562568468,0.25000000348084495,0.083333368471461,0.2500000074152724,0.1428571562437968,0.2500000321272222,0.16666670994521482,0.5000000136526732,0.20000000621268477,0.5000000156220299,0.33333334014897664,0.16666669064463768,0.2500000063621446,0.33333334020711103,0.3333333490186523,0.25000002098680696,0.25000001279235073,0.09090912932132156,0.1666666754563879,0.20000004081035705,0.1666666799129075,0.12500001684290396,0.1666666829616288,0.1250000271381282,0.12500002758568307,0.20000003635130614,0.25000002659098897,0.333333386593222,0.1666666847803029,0.3333333943026897,0.1250000177553341,0.25000000221170016,0.33333338788060196,0.16666667681029868,0.3333333457070906,0.2000000049813897,0.14285716504018087,0.20000004434341,0.12500002302310342,0.16666668211067126,0.16666667988771344,0.333333346045249,0.25000000368324304,0.16666667584822825,0.2000000111183997,0.11111113541404549,0.20000001493519992,0.11111114670453581,0.33333335732475877,0.3333333439947661,0.12500001679584472,0.20000001822185975,0.11111113658472149,0.12500001779127512,0.16666668694458942,0.09090912141694396,0.14285715899137497,0.14285715853274272,0.10000002625668891,0.5000000762292489,0.250000013372206,0.25000003512488567,0.14285715850231284,0.1666666779450674,0.33333335276465137,0.11111113212569812,0.12500001777859282,0.20000001174081028,0.25000004893229333,0.12500001838450014,0.10000002776513028,0.3333333435338428,0.12500002173281732,0.5000000351637337,0.5000000451340787,0.0833333664194118,0.25000001820369855,0.20000000935670403,0.14285716029308482,0.11111114455543358,0.2000000070827177,0.20000006921403735,0.1428571562597929,0.5000000795282429,0.33333352844366937,0.2000000085349951,0.1250000214785123,0.16666668498048764,0.1250000360849981,0.11111113295459063,0.1428571600637163,0.20000000783271688,0.16666668507208016,0.5000000827764235,0.166666677235761,0.25000007134298885,0.2000000103891546,0.20000000652887273,0.2500000126041555,0.10000003184871353,0.3333333329753012,0.20000001102945042,0.0833333678712993,0.1111111325908265,0.5000000100660822,0.11111113331604194,0.1428571556848981,0.1428571564292902,0.3333333661684259,0.11111113212955992,0.33333334435935313,0.2500000059713101,0.33333334339248566,0.11111113206546541,0.5000000280135941,0.1250000333115837,0.16666668101659798,0.1428571562462304,0.20000002844785225,0.3333333371048286,0.33333335875287684,0.12500002578818847,0.25000000332895445,0.12500002070681315,0.14285717165992473,0.14285716171718654,0.0909091260165642,0.33333334887655974,0.25000001173362874,0.2500000016358208,0.1666666764818192,0.16666667572083949,0.07692311383249084,0.16666667635257326,0.20000000583050426,0.2500000344566202,0.33333334043298013,0.20000000715011712,0.2500000056827849,0.1666666762589859,0.2500000107601088,0.14285715614858852,0.33333334160358064,0.25000001595233723,0.3333333368714002,0.16666667622928255,0.1250000200900061,0.2500000042028785,0.3333333616524645,0.142857156684995,0.33333333561720213,0.1428571562879961,0.1111111319165925,0.3333333420901283,0.5000000126714967,0.16666669309075832,0.5000000275562411,0.16666667593734008,0.33333334405689596,0.2500000141880312,0.25000001710741016,0.2500000026568663,0.16666667611317898,0.5000000307021193,0.16666667843673721,0.2000000057790734,0.20000000680928665,0.16666667860460382,0.20000000500278592,0.20000000673713902,0.1428571636018896,0.20000000544355512,0.12500001777743375,0.5000000441969858,0.5000000215508966,0.2500000058127365,0.2000000136722937,0.11111113356795776,0.08333336871420549,0.5000000247660032,0.33333336053374163,0.20000001042025417,0.20000000534189333,0.1666667079212898,0.14285718174503526,0.2500000022085178,0.2000000497774721,0.2000000168353271,0.10000002686045306,0.25000001476106704,0.12500002122903187,0.3333333441382731,0.1666666830329877,0.250000015534642,0.11111113319320864,0.3333333361170072,0.5000000062490837,0.3333333429890759,0.0833333675893293,0.12500001812427008,0.11111113306850662,0.2500000152918478,0.12500001673656502,0.12500001769015956,0.2500000212017919,0.16666667755679754,0.1250000177122832,0.25000001281475326,0.25000000602344397,0.5000000031319622,0.2500000133312139,0.14285715536546206,0.2000000052051325,0.200000014477844,0.3333334912081418,0.25000000219550556,0.20000004240120361,0.1428571598012658,0.33333334876351817,0.5000000507992297,0.5000001381491235,0.2000000112550433,0.1250000171297838,0.2000000395556114,0.14285715730937731,0.14285715907535756,0.11111113514041193,0.20000000628014547,0.3333333560904652,0.3333333833718548,0.1250000198218597,0.1428571574108055,0.2500000053107776,0.12500001932390248,0.16666668560220277,0.3333333523437281,0.16666670120797278,0.20000000874938184,0.1428571629276485,0.12500002432706925,0.20000001247735266,0.5000000326391376,0.3333333726168535,0.16666668122189598,0.1250000208004387,0.16666667693758797,0.20000001473656948,0.20000001079101715,0.5000000560411764,0.10000002652083495,0.33333334192607067,0.5000000793386126,0.2500000090847365,0.08333336626833088,0.12500001780545666,0.14285715543445754,0.2000000140607403,0.14285718267956593,0.20000002700655628,0.16666667568177562,0.20000000537589369,0.12500001706255137,0.2000000083293827,0.12500003067421428,0.33333334942996906,0.20000000571704657,0.3333333864503625,0.4999999984834871,0.25000000396622424,0.14285716817327287,0.5000000146753285,0.14285715750333505,0.25000000337991635,0.16666668503292215,0.11111113306512621,0.08333336801495328,0.33333338728115125,0.2000000058025524,0.1666666762658755,0.25000000803740274,0.16666667726865114,0.33333334881979404,0.2500000481661777,0.1250000366711541,0.33333334656312896,0.11111113925339744,0.5000000239579798,0.25000000390000743,0.20000001029467462,0.09090912637938864,0.2500000043355235,0.333333376855379,0.5000000540748257,0.2500000398683233,0.20000003746016404,0.10000003787051526,0.20000001095634,0.08333337045450051,0.2000000197243894,0.200000021119501,0.2500000090602179,0.10000002719608325,0.2000000186962243,0.12500001775504987,0.2500000054706568,0.14285715771942975,0.14285715632043505,0.33333333893344674,0.2000000127577506,0.2000000045146848,0.12500002961922707,0.11111113384946236,0.16666668166593102,0.1250000295765865,0.2500000040291961,0.20000001310743176,0.1666666758593376,0.5000001017014013,0.20000004152698825,0.5000000367906949,0.14285716010115035,0.14285716648222824,0.20000001262685618,0.11111113793277205,0.14285715696760093,0.25000001001198635,0.10000003061227503,0.12500001780362258,0.12500002479008554,0.10000003177189498,0.12500002377046382,0.2000000072581276,0.500000059351386,0.166666675884251,0.250000036922855,0.1428571615767904,0.3333333463787609,0.3333333396772047,0.14285715659451537,0.08333338411813607,0.5000000168078549,0.16666667636705412,0.12500001828871365,0.1666666887438204,0.1250000218243228,0.2000000062068361,0.14285715702692947,0.166666677297167,0.1250000176964159,0.09090912383782168,0.2500000133740339,0.11111113451552512,0.14285715536649146,0.16666668136089768,0.20000003830124324,0.14285715543122812,0.20000002236155545,0.16666669649749188,0.25000000294954017,0.14285718091296218,0.1428571674679544,0.20000000460856437,0.3333333410978083,0.090909119983694,0.1666666907333294,0.1666666832052588,0.16666668301795085,0.1666666750734116,0.12500001920992077,0.20000000887261926,0.25000001907812974,0.16666669881543772,0.20000001651029642,0.166666681463167,0.16666667845844785,0.11111113383955917,0.3333333740413087,0.25000000165097047,0.20000000487545577,0.11111113341343959,0.3333333667605931,0.3333334099590681,0.5000000088979768,0.25000003585361785,0.11111113568632014,0.20000002092475277,0.1666666866279387,0.20000001602319717,0.25000000435394654,0.16666667582453343,0.20000000518160643,0.16666667896654808,0.1250000171659016,0.20000001816940216,0.14285717348228744,0.25000000600132566,0.16666667624274378,0.1428571591379626,0.33333341199332844,0.07692311569877575,0.12500003073237131,0.25000000222415464,0.33333333229711704,0.1250000185057818,0.2500000106305169,0.10000002490242643,0.250000031689789,0.33333334293888184,0.1428571691505658,0.12500001927315108,0.2500000022424236,0.14285715906805319,0.12500001671225291,0.1250000230851782,0.16666668121323536,0.2500000118890302,0.14285717077181115,0.33333340727545435,0.5000003531125647,0.16666668750983593,0.20000001216245789,0.2500000200806065,0.09090911980354477,0.1250000177114181,0.2000000058397262,0.09090912369829773,0.20000004065703791,0.2500000365504911,0.3333333818790529,0.25000002244621244,0.2500000077916398,0.3333333368525766,0.12500004516661267,0.3333333589314207,0.16666667849206895,0.14285715842711344,0.2500000271655245,0.14285715654072018,0.16666667939903057,0.14285715545322386,0.11111113311664411,0.20000001069808704,0.12500001695356122,0.16666668542608676,0.1428571646804695,0.5000000860914164,0.2000000083677529,0.5000000398590321,0.20000000746683266,0.16666668360623849,0.11111113390850136,0.14285715665499765,0.33333359174646615,0.09090912238145243,0.33333333490532446,0.14285715935952936,1.0000000487271128,0.5000000862274019,0.12500001760498414,0.1666666771975578,0.20000002361788294,0.2500000031585765,0.25000001140643846,0.2500000132118325,0.1666666987051535,0.3333334024884391,0.12500002176730707,0.2000000086409095,0.2500000595492726,0.20000001171438697,0.20000000597056822,0.16666667933121015,0.16666668422339104,0.3333333744367679,0.25000002015686107,0.25000001253859994,0.06666671414170722,0.2500000397078983,0.16666668168508547,0.1666666766775009,0.14285715635986307,0.16666667564130666,0.16666670202115874,0.20000001982736038,0.16666668067944723,0.2500000417580033,0.20000000875163426,0.10000002874185299,0.1250000255297241,0.5000000104029927,0.20000001079578844,0.25000004733196146,0.2500000030309204,0.16666668046449562,0.16666667767588184,0.16666668768924442,0.3333333366889102,0.3333333499549833,0.20000001505255582,0.1666666914203203,0.1666666819280973,0.2000000102559749,0.2000000114346996,0.1250000186106499,0.20000001776386522,0.20000000676683793,0.25000004702704315,0.10000004486430036,0.25000002864636706,0.1250000179242967,0.12500001999412014,0.111111134778902,0.14285716047692798,0.2500000094621293,0.33333336414003867,0.2500000101964863,0.2500000061899983,0.2500000521690482,0.11111113530108696,0.12500002135784083,0.3333333431932437,0.25000001550393236,0.2500000161087841,0.5000000284947534,0.2000000077356745,0.2500000099684607,0.142857157593423,0.2500000173593966,0.33333333707203927,0.20000001484105834,0.2500000543593224,0.16666667574183602,0.11111113220008662,0.07692311557376463,0.1666666861086723,0.12500001680576656,0.12500003728041875,0.25000004932920117,0.2500000054667293,0.2000000152360224,0.2000000088537357,0.20000001053613037,0.3333333611120137,0.500000077680963,0.33333334597634323,0.20000001373751441,0.14285715660063492,0.1666666841526192,0.20000002045691545,0.2500000055099387,0.2500000041152277,0.20000001601177964,0.12500001765007784,0.1428571574724149,0.14285715624385098,0.2500000224576784,0.16666668308477384,0.12500002088653872,0.08333336640104072,0.20000000547176455,0.20000001680159762,0.16666667875802244,0.3333333844120938,0.3333333614143741,0.10000002713100287,0.3333333560199869,0.20000003722137105,0.20000001399528688,0.5000000120517352,0.142857158582391,0.5000000115614691,0.10000002807187336,0.0769231185807886,0.2000000143948215,0.33333337683210074,0.3333333443598532,0.200000008270095,0.3333333591157692,0.20000003911208086,0.500000005208781,0.1666666792345124,0.16666667611107489,0.33333342412520217,0.5000004027559297,0.16666667625199239,0.3333333594846768,0.12500001907136138,0.2000000130721551,0.16666667761942566,0.16666667698774784,0.16666667490489395,0.10000002615928061,0.25000000240672904,0.25000000866524363,0.16666668098965776,0.2000000048067916,0.5000000716280211,0.14285715691623224,0.16666667565607174,0.20000001215740237,0.14285715613427996,0.33333333618598804,0.11111113408117212,0.25000001985251474,0.16666667649443045,0.20000000701327547,0.3333333470851487,0.33333335724750857,0.1666666778371111,0.08333336832694194,0.2500000029560594,0.1666666797819909,0.11111113311027054,0.2000000057314626,0.12500001769620805,0.2500000029218601,0.14285716568803775,0.16666668518912875,0.20000002210437895,0.3333333415210946,0.12500002083095296,0.20000000861324274,0.09090912359078551,0.33333354335090526,0.3333333360650683,0.11111113301555697,0.33333335148194143,0.20000000774017135,0.16666667848272443,0.2500000153775752,0.12500003984854846,0.33333338230321186,0.12500001763136037,0.10000003090985565,0.20000001425544323,0.33333338446219285,0.2000000145750338,0.2000000165919289,0.33333334337030784,0.3333334023627992,0.14285715584049807,0.12500003972771356,0.10000002755080928,0.2000000157675892,0.14285715823743939,0.16666667678812797,0.20000003232106955,0.1428571565845873,0.33333340831739644,0.11111114045378478,0.20000001176047544,0.2500000091291623,0.16666667639012633,0.20000000939924067,0.14285715778598718,0.33333347462509577,0.11111114086391005,0.5000000714112822,0.12500001838742136,0.16666668975138954,0.11111113252026428,0.33333334743225596,0.25000000372537734,0.12500001970097774,0.12500001771708735,0.2500000455237501,0.5000000478825679,0.16666667665457968,0.16666668241573124,0.20000001396030953,0.20000000566345033,0.500000056807943,0.16666667909923838,0.16666667842429472,0.5000000374759279,0.2500000072524613,0.12500001806458094,0.3333333528346518,0.33333335445760337,0.33333334994158914,0.2500000032737173,0.250000016619516,0.2000000099888508,0.2000000142674878,0.20000001489418828,0.14285716103644397,0.16666668028226983,0.10000002624176574,0.1666666769486449,0.14285715639513263,0.333333352782192,0.33333334178128915,0.33333334404147363,0.3333333427113341,0.2500000478066049,0.25000001031815566,0.1666667090016638,0.1666666801206098,0.09090912453818234,0.1250000213220499,0.20000000694579878,0.1111111370880824,0.14285715539338462,0.25000000507995424,0.25000001669683636,0.11111114830012347,0.20000002543091533,0.14285716091977463,0.08333336614396458,0.2000000070703818,5.0,0.20000002771863823,1.41421356,4.0,0.25000005047204654,1.41421356,6.0,0.16666667939836888,1.41421356,9.0,0.11111113336920653,1.41421356,6.0,0.1666666871761766,1.41421356,7.0,0.14285715731500304,1.41421356,9.0,0.11111113486664692,1.41421356,3.0,0.333333332675275,1.41421356,2.0,0.5000000650891065,1.41421356,7.0,0.1428571854927414,1.41421356,4.0,0.2500000034398111,1.41421356,4.0,0.2500000131853204,1.41421356,7.0,0.14285716315084684,1.41421356,3.0,0.3333333514525765,1.41421356,4.0,0.25000002351524264,1.41421356,4.0,0.2500000045062847,1.41421356,2.0,0.5000000582880013,1.41421356,10.0,0.10000003627149212,1.41421356,7.0,0.1428571584489431,1.41421356,4.0,0.2500000028092746,1.41421356,8.0,0.1250000188059479,1.41421356,7.0,0.14285716037807372,1.41421356,5.0,0.2000000169772198,1.41421356,3.0,0.3333334285781553,1.41421356,4.0,0.25000000677600953,1.41421356,5.0,0.20000001249341892,1.41421356,4.0,0.2500000066335475,1.41421356,2.0,0.5000000170524874,1.41421356,5.0,0.20000001100809417,1.41421356,4.0,0.25000000459019356,1.41421356,8.0,0.12500001776069425,1.41421356,8.0,0.12500002212119465,1.41421356,3.0,0.33333360110008803,1.41421356,5.0,0.2000000078436983,1.41421356,3.0,0.33333334557112737,1.41421356,5.0,0.20000000794724926,1.41421356,3.0,0.3333333429960561,1.41421356,8.0,0.12500002079586547,1.41421356,4.0,0.25000001249171966,1.41421356,3.0,0.33333343846639973,1.41421356,4.0,0.2500000204935384,1.41421356,3.0,0.3333333605521758,1.41421356,4.0,0.2500000021680373,1.41421356,7.0,0.14285715636366625,1.41421356,4.0,0.25000000258959565,1.41421356,5.0,0.20000000913345595,1.41421356,4.0,0.2500000102109112,1.41421356,4.0,0.2500000803137121,1.41421356,4.0,0.25000000923634547,1.41421356,5.0,0.20000001486272367,1.41421356,4.0,0.2500000036314125,1.41421356,6.0,0.16666671336247152,1.41421356,9.0,0.11111113231488012,1.41421356,2.0,0.5000000079251863,1.41421356,2.0,0.5000000776392564,1.41421356,4.0,0.25000000328543015,1.41421356,6.0,0.16666667694114778,1.41421356,3.0,0.33333335745245707,1.41421356,5.0,0.20000000711039512,1.41421356,3.0,0.3333333339602964,1.41421356,4.0,0.250000011469103,1.41421356,7.0,0.14285715627444784,1.41421356,7.0,0.14285715914843333,1.41421356,3.0,0.33333337640526084,1.41421356,7.0,0.14285715538329224,1.41421356,8.0,0.1250000176883841,1.41421356,15.0,0.06666671297532645,1.41421356,5.0,0.2000000769606487,1.41421356,7.0,0.14285715760289097,1.41421356,9.0,0.11111113303071285,1.41421356,8.0,0.1250000176966699,1.41421356,5.0,0.20000001218354857,1.41421356,7.0,0.14285715880093264,1.41421356,3.0,0.33333345079213483,1.41421356,6.0,0.16666667608093721,1.41421356,4.0,0.25000000911403353,1.41421356,7.0,0.14285716053193553,1.41421356,7.0,0.14285715642636454,1.41421356,5.0,0.20000004420025963,1.41421356,8.0,0.12500001789958493,1.41421356,3.0,0.33333334568285267,1.41421356,9.0,0.11111113219826763,1.41421356,6.0,0.1666666764357423,1.41421356,6.0,0.1666666775456207,1.41421356,1.0,1.000000029145869,1.41421356,6.0,0.16666667499819,1.41421356,7.0,0.14285715721034808,1.41421356,2.0,0.5000000140191805,1.41421356,13.0,0.0769231195374136,1.41421356,10.0,0.10000002792379803,1.41421356,8.0,0.12500001684730933,1.41421356,12.0,0.08333336620381182,1.41421356,4.0,0.2500000452951938,1.41421356,11.0,0.09090912067598644,1.41421356,8.0,0.1250000200736059,1.41421356,8.0,0.12500002812384814,1.41421356,8.0,0.12500001855387577,1.41421356,10.0,0.10000002560493293,1.41421356,7.0,0.14285715670378174,1.41421356,3.0,0.33333336598258123,1.41421356,9.0,0.11111113192547428,1.41421356,4.0,0.2500000032565599,1.41421356,9.0,0.11111113325619293,1.41421356,10.0,0.1000000251067199,1.41421356,4.0,0.25000001576580466,1.41421356,7.0,0.14285716224721856,1.41421356,7.0,0.14285716506405155,1.41421356,15.0,0.06666671649679223,1.41421356,5.0,0.20000000620689207,1.41421356,7.0,0.14285716554311634,1.41421356,2.0,0.500000078928138,1.41421356,6.0,0.16666667661012458,1.41421356,6.0,0.16666667812611813,1.41421356,3.0,0.3333333560179641,1.41421356,4.0,0.25000001133214544,1.41421356,9.0,0.11111113342825973,1.41421356,2.0,0.5000000199071553,1.41421356,7.0,0.14285715673834432,1.41421356,6.0,0.16666669004573276,1.41421356,4.0,0.2500000564229965,1.41421356,4.0,0.2500000114622982,1.41421356,5.0,0.20000000935747408,1.41421356,9.0,0.11111113304328946,1.41421356,7.0,0.14285715628088802,1.41421356,5.0,0.20000001690131697,1.41421356,7.0,0.14285715707440527,1.41421356,7.0,0.14285715981413638,1.41421356,4.0,0.25000000883828877,1.41421356,4.0,0.2500000061650156,1.41421356,7.0,0.14285715624427997,1.41421356,3.0,0.33333335300993605,1.41421356,7.0,0.14285715716379155,1.41421356,5.0,0.20000001172644577,1.41421356,6.0,0.16666667929066037,1.41421356,4.0,0.25000001322015164,1.41421356,5.0,0.20000001287227942,1.41421356,5.0,0.20000000745416013,1.41421356,5.0,0.20000000537325402,1.41421356,6.0,0.16666667778397581,1.41421356,6.0,0.16666667674386204,1.41421356,4.0,0.25000000698573555,1.41421356,4.0,0.2500000087239296,1.41421356,2.0,0.5000000054124667,1.41421356,3.0,0.33333334011067395,1.41421356,7.0,0.14285716078926125,1.41421356,2.0,0.5000000750023419,1.41421356,10.0,0.10000002657616491,1.41421356,3.0,0.3333333773765417,1.41421356,9.0,0.11111113303576303,1.41421356,3.0,0.333333339087051,1.41421356,3.0,0.33333333557961,1.41421356,4.0,0.25000006592564494,1.41421356,4.0,0.2500000458034495,1.41421356,3.0,0.3333333942201686,1.41421356,12.0,0.08333338101687104,1.41421356,10.0,0.10000002492711957,1.41421356,3.0,0.3333333501325644,1.41421356,9.0,0.11111113202407275,1.41421356,8.0,0.12500001929808136,1.41421356,10.0,0.10000002626891025,1.41421356,3.0,0.3333333455276368,1.41421356,4.0,0.25000000355554564,1.41421356,5.0,0.20000000598269718,1.41421356,3.0,0.33333334911525236,1.41421356,3.0,0.33333333546910726,1.41421356,9.0,0.11111113191827648,1.41421356,2.0,0.5000000439008039,1.41421356,10.0,0.10000002565453059,1.41421356,5.0,0.20000000791841543,1.41421356,6.0,0.16666667644678412,1.41421356,10.0,0.1000000263489138,1.41421356,8.0,0.1250000188621545,1.41421356,4.0,0.25000000941435774,1.41421356,6.0,0.16666667569074178,1.41421356,9.0,0.11111113196177413,1.41421356,4.0,0.25000000515292653,1.41421356,4.0,0.250000002443556,1.41421356,9.0,0.11111113338920653,1.41421356,9.0,0.11111114935338051,1.41421356,7.0,0.14285716849670838,1.41421356,2.0,0.5000003865674112,1.41421356,5.0,0.20000002198711186,1.41421356,6.0,0.16666667648644573,1.41421356,5.0,0.2000000048824795,1.41421356,8.0,0.1250000188165048,1.41421356,2.0,0.5000000195499263,1.41421356,2.0,0.5000000149692081,1.41421356,5.0,0.2000000399321582,1.41421356,3.0,0.3333333438595427,1.41421356,3.0,0.3333334410419577,1.41421356,6.0,0.16666667571705052,1.41421356,6.0,0.16666668286422937,1.41421356,6.0,0.16666667547163616,1.41421356,6.0,0.1666666983049625,1.41421356,2.0,0.5000000180360293,1.41421356,5.0,0.2000000229929677,1.41421356,6.0,0.16666670054830224,1.41421356,5.0,0.20000001134598833,1.41421356,2.0,0.5000001014583038,1.41421356,8.0,0.12500001799021287,1.41421356,3.0,0.33333334993492825,1.41421356,10.0,0.10000002500508565,1.41421356,7.0,0.14285716012285388,1.41421356,9.0,0.1111111423713389,1.41421356,10.0,0.10000002485299575,1.41421356,3.0,0.33333336071529107,1.41421356,3.0,0.3333333469411728,1.41421356,10.0,0.10000003243117561,1.41421356,3.0,0.3333333442876052,1.41421356,8.0,0.1250000182592652,1.41421356,2.0,0.5000000619173319,1.41421356,6.0,0.1666666857559358,1.41421356,13.0,0.07692311556368736,1.41421356,4.0,0.2500000087166625,1.41421356,5.0,0.2000000165295548,1.41421356,6.0,0.16666667666974355,1.41421356,2.0,0.500000018853781,1.41421356,5.0,0.20000000655177974,1.41421356,7.0,0.14285715646542574,1.41421356,5.0,0.20000003333239658,1.41421356,7.0,0.1428571565249257,1.41421356,4.0,0.25000001974650443,1.41421356,4.0,0.250000008844542,1.41421356,3.0,0.3333333624309627,1.41421356,4.0,0.2500000027409124,1.41421356,5.0,0.20000002791052385,1.41421356,8.0,0.1250000207126396,1.41421356,4.0,0.25000004894074435,1.41421356,7.0,0.1428571573016839,1.41421356,6.0,0.16666668812499896,1.41421356,6.0,0.16666667792310363,1.41421356,10.0,0.1000000270650716,1.41421356,6.0,0.16666667857572914,1.41421356,4.0,0.250000003584268,1.41421356,8.0,0.12500001879539724,1.41421356,9.0,0.1111111378828209,1.41421356,3.0,0.33333341775837866,1.41421356,3.0,0.3333333575435993,1.41421356,3.0,0.333333336787228,1.41421356,3.0,0.33333356065634634,1.41421356,5.0,0.2000000114557734,1.41421356,3.0,0.3333333780662686,1.41421356,5.0,0.20000001682479596,1.41421356,10.0,0.10000003394916313,1.41421356,2.0,0.5000000391648014,1.41421356,5.0,0.20000000908897597,1.41421356,4.0,0.2500000135881355,1.41421356,1.000000004609181,1.0000001202689852,1.41421356,8.0,0.12500002439434965,1.41421356,7.0,0.1428571553658955,1.41421356,4.0,0.2500000031124663,1.41421356,7.0,0.14285717555425137,1.41421356,10.0,0.10000002648557071,1.41421356,9.0,0.11111113269193673,1.41421356,5.0,0.20000001343605422,1.41421356,5.0,0.20000000642614424,1.41421356,4.0,0.25000002012378975,1.41421356,7.0,0.14285715785249753,1.41421356,7.0,0.1428571580864233,1.41421356,7.0,0.14285715813469313,1.41421356,7.0,0.14285715998694481,1.41421356,4.0,0.250000015755945,1.41421356,5.0,0.2000000145730363,1.41421356,7.0,0.1428571603354003,1.41421356,8.0,0.1250000179089099,1.41421356,3.0,0.3333333429006937,1.41421356,4.0,0.2500000194389389,1.41421356,7.0,0.14285717705589285,1.41421356,3.0,0.3333334823719123,1.41421356,9.0,0.11111113637481829,1.41421356,6.0,0.16666668939747797,1.41421356,2.0,0.5000002334160905,1.41421356,5.0,0.200000027752127,1.41421356,8.0,0.12500001813372297,1.41421356,4.0,0.2500000059193721,1.41421356,5.0,0.2000000099360273,1.41421356,10.0,0.10000003389501622,1.41421356,2.0,0.5000000180306314,1.41421356,3.0,0.3333333670606473,1.41421356,4.0,0.25000000415555057,1.41421356,3.0,0.33333333686371347,1.41421356,3.0,0.33333340018001545,1.41421356,6.0,0.1666666900775029,1.41421356,6.0,0.1666666832690904,1.41421356,11.0,0.0909091410819034,1.41421356,7.0,0.14285715536587684,1.41421356,7.0,0.14285715824920509,1.41421356,5.0,0.200000005573453,1.41421356,2.0,0.5000000317984661,1.41421356,5.0,0.200000006477131,1.41421356,7.0,0.1428571562568468,1.41421356,4.0,0.25000000348084495,1.41421356,12.0,0.083333368471461,1.41421356,4.0,0.2500000074152724,1.41421356,7.0,0.1428571562437968,1.41421356,4.0,0.2500000321272222,1.41421356,6.0,0.16666670994521482,1.41421356,2.0,0.5000000136526732,1.41421356,5.0,0.20000000621268477,1.41421356,2.0,0.5000000156220299,1.41421356,3.0,0.33333334014897664,1.41421356,6.0,0.16666669064463768,1.41421356,4.0,0.2500000063621446,1.41421356,3.0,0.33333334020711103,1.41421356,3.0,0.3333333490186523,1.41421356,4.0,0.25000002098680696,1.41421356,4.0,0.25000001279235073,1.41421356,11.0,0.09090912932132156,1.41421356,6.0,0.1666666754563879,1.41421356,5.0,0.20000004081035705,1.41421356,6.0,0.1666666799129075,1.41421356,8.0,0.12500001684290396,1.41421356,6.0,0.1666666829616288,1.41421356,8.0,0.1250000271381282,1.41421356,8.0,0.12500002758568307,1.41421356,5.0,0.20000003635130614,1.41421356,4.0,0.25000002659098897,1.41421356,3.0,0.333333386593222,1.41421356,6.0,0.1666666847803029,1.41421356,3.0,0.3333333943026897,1.41421356,8.0,0.1250000177553341,1.41421356,4.0,0.25000000221170016,1.41421356,3.0,0.33333338788060196,1.41421356,6.0,0.16666667681029868,1.41421356,3.0,0.3333333457070906,1.41421356,5.0,0.2000000049813897,1.41421356,7.0,0.14285716504018087,1.41421356,5.0,0.20000004434341,1.41421356,8.0,0.12500002302310342,1.41421356,6.0,0.16666668211067126,1.41421356,6.0,0.16666667988771344,1.41421356,3.0,0.333333346045249,1.41421356,4.0,0.25000000368324304,1.41421356,6.0,0.16666667584822825,1.41421356,5.0,0.2000000111183997,1.41421356,9.0,0.11111113541404549,1.41421356,5.0,0.20000001493519992,1.41421356,9.0,0.11111114670453581,1.41421356,3.0,0.33333335732475877,1.41421356,3.0,0.3333333439947661,1.41421356,8.0,0.12500001679584472,1.41421356,5.0,0.20000001822185975,1.41421356,9.0,0.11111113658472149,1.41421356,8.0,0.12500001779127512,1.41421356,6.0,0.16666668694458942,1.41421356,11.0,0.09090912141694396,1.41421356,7.0,0.14285715899137497,1.41421356,7.0,0.14285715853274272,1.41421356,10.0,0.10000002625668891,1.41421356,2.0,0.5000000762292489,1.41421356,4.0,0.250000013372206,1.41421356,4.0,0.25000003512488567,1.41421356,7.0,0.14285715850231284,1.41421356,6.0,0.1666666779450674,1.41421356,3.0,0.33333335276465137,1.41421356,9.0,0.11111113212569812,1.41421356,8.0,0.12500001777859282,1.41421356,5.0,0.20000001174081028,1.41421356,4.0,0.25000004893229333,1.41421356,8.0,0.12500001838450014,1.41421356,10.0,0.10000002776513028,1.41421356,3.0,0.3333333435338428,1.41421356,8.0,0.12500002173281732,1.41421356,2.0,0.5000000351637337,1.41421356,2.0,0.5000000451340787,1.41421356,12.0,0.0833333664194118,1.41421356,4.0,0.25000001820369855,1.41421356,5.0,0.20000000935670403,1.41421356,7.0,0.14285716029308482,1.41421356,9.0,0.11111114455543358,1.41421356,5.0,0.2000000070827177,1.41421356,5.0,0.20000006921403735,1.41421356,7.0,0.1428571562597929,1.41421356,2.0,0.5000000795282429,1.41421356,3.0,0.33333352844366937,1.41421356,5.0,0.2000000085349951,1.41421356,8.0,0.1250000214785123,1.41421356,6.0,0.16666668498048764,1.41421356,8.0,0.1250000360849981,1.41421356,9.0,0.11111113295459063,1.41421356,7.0,0.1428571600637163,1.41421356,5.0,0.20000000783271688,1.41421356,6.0,0.16666668507208016,1.41421356,2.0,0.5000000827764235,1.41421356,6.0,0.166666677235761,1.41421356,4.0,0.25000007134298885,1.41421356,5.0,0.2000000103891546,1.41421356,5.0,0.20000000652887273,1.41421356,4.0,0.2500000126041555,1.41421356,10.0,0.10000003184871353,1.41421356,3.0,0.3333333329753012,1.41421356,5.0,0.20000001102945042,1.41421356,12.0,0.0833333678712993,1.41421356,9.0,0.1111111325908265,1.41421356,2.0,0.5000000100660822,1.41421356,9.0,0.11111113331604194,1.41421356,7.0,0.1428571556848981,1.41421356,7.0,0.1428571564292902,1.41421356,3.0,0.3333333661684259,1.41421356,9.0,0.11111113212955992,1.41421356,3.0,0.33333334435935313,1.41421356,4.0,0.2500000059713101,1.41421356,3.0,0.33333334339248566,1.41421356,9.0,0.11111113206546541,1.41421356,2.0,0.5000000280135941,1.41421356,8.0,0.1250000333115837,1.41421356,6.0,0.16666668101659798,1.41421356,7.0,0.1428571562462304,1.41421356,5.0,0.20000002844785225,1.41421356,3.0,0.3333333371048286,1.41421356,3.0,0.33333335875287684,1.41421356,8.0,0.12500002578818847,1.41421356,4.0,0.25000000332895445,1.41421356,8.0,0.12500002070681315,1.41421356,7.0,0.14285717165992473,1.41421356,7.0,0.14285716171718654,1.41421356,11.0,0.0909091260165642,1.41421356,3.0,0.33333334887655974,1.41421356,4.0,0.25000001173362874,1.41421356,4.0,0.2500000016358208,1.41421356,6.0,0.1666666764818192,1.41421356,6.0,0.16666667572083949,1.41421356,13.0,0.07692311383249084,1.41421356,6.0,0.16666667635257326,1.41421356,5.0,0.20000000583050426,1.41421356,4.0,0.2500000344566202,1.41421356,3.0,0.33333334043298013,1.41421356,5.0,0.20000000715011712,1.41421356,4.0,0.2500000056827849,1.41421356,6.0,0.1666666762589859,1.41421356,4.0,0.2500000107601088,1.41421356,7.0,0.14285715614858852,1.41421356,3.0,0.33333334160358064,1.41421356,4.0,0.25000001595233723,1.41421356,3.0,0.3333333368714002,1.41421356,6.0,0.16666667622928255,1.41421356,8.0,0.1250000200900061,1.41421356,4.0,0.2500000042028785,1.41421356,3.0,0.3333333616524645,1.41421356,7.0,0.142857156684995,1.41421356,3.0,0.33333333561720213,1.41421356,7.0,0.1428571562879961,1.41421356,9.0,0.1111111319165925,1.41421356,3.0,0.3333333420901283,1.41421356,2.0,0.5000000126714967,1.41421356,6.0,0.16666669309075832,1.41421356,2.0,0.5000000275562411,1.41421356,6.0,0.16666667593734008,1.41421356,3.0,0.33333334405689596,1.41421356,4.0,0.2500000141880312,1.41421356,4.0,0.25000001710741016,1.41421356,4.0,0.2500000026568663,1.41421356,6.0,0.16666667611317898,1.41421356,2.0,0.5000000307021193,1.41421356,6.0,0.16666667843673721,1.41421356,5.0,0.2000000057790734,1.41421356,5.0,0.20000000680928665,1.41421356,6.0,0.16666667860460382,1.41421356,5.0,0.20000000500278592,1.41421356,5.0,0.20000000673713902,1.41421356,7.0,0.1428571636018896,1.41421356,5.0,0.20000000544355512,1.41421356,8.0,0.12500001777743375,1.41421356,2.0,0.5000000441969858,1.41421356,2.0,0.5000000215508966,1.41421356,4.0,0.2500000058127365,1.41421356,5.0,0.2000000136722937,1.41421356,9.0,0.11111113356795776,1.41421356,12.0,0.08333336871420549,1.41421356,2.0,0.5000000247660032,1.41421356,3.0,0.33333336053374163,1.41421356,5.0,0.20000001042025417,1.41421356,5.0,0.20000000534189333,1.41421356,6.0,0.1666667079212898,1.41421356,7.0,0.14285718174503526,1.41421356,4.0,0.2500000022085178,1.41421356,5.0,0.2000000497774721,1.41421356,5.0,0.2000000168353271,1.41421356,10.0,0.10000002686045306,1.41421356,4.0,0.25000001476106704,1.41421356,8.0,0.12500002122903187,1.41421356,3.0,0.3333333441382731,1.41421356,6.0,0.1666666830329877,1.41421356,4.0,0.250000015534642,1.41421356,9.0,0.11111113319320864,1.41421356,3.0,0.3333333361170072,1.41421356,2.0,0.5000000062490837,1.41421356,3.0,0.3333333429890759,1.41421356,12.0,0.0833333675893293,1.41421356,8.0,0.12500001812427008,1.41421356,9.0,0.11111113306850662,1.41421356,4.0,0.2500000152918478,1.41421356,8.0,0.12500001673656502,1.41421356,8.0,0.12500001769015956,1.41421356,4.0,0.2500000212017919,1.41421356,6.0,0.16666667755679754,1.41421356,8.0,0.1250000177122832,1.41421356,4.0,0.25000001281475326,1.41421356,4.0,0.25000000602344397,1.41421356,2.0,0.5000000031319622,1.41421356,4.0,0.2500000133312139,1.41421356,7.0,0.14285715536546206,1.41421356,5.0,0.2000000052051325,1.41421356,5.0,0.200000014477844,1.41421356,3.0,0.3333334912081418,1.41421356,4.0,0.25000000219550556,1.41421356,5.0,0.20000004240120361,1.41421356,7.0,0.1428571598012658,1.41421356,3.0,0.33333334876351817,1.41421356,2.0,0.5000000507992297,1.41421356,2.0,0.5000001381491235,1.41421356,5.0,0.2000000112550433,1.41421356,8.0,0.1250000171297838,1.41421356,5.0,0.2000000395556114,1.41421356,7.0,0.14285715730937731,1.41421356,7.0,0.14285715907535756,1.41421356,9.0,0.11111113514041193,1.41421356,5.0,0.20000000628014547,1.41421356,3.0,0.3333333560904652,1.41421356,3.0,0.3333333833718548,1.41421356,8.0,0.1250000198218597,1.41421356,7.0,0.1428571574108055,1.41421356,4.0,0.2500000053107776,1.41421356,8.0,0.12500001932390248,1.41421356,6.0,0.16666668560220277,1.41421356,3.0,0.3333333523437281,1.41421356,6.0,0.16666670120797278,1.41421356,5.0,0.20000000874938184,1.41421356,7.0,0.1428571629276485,1.41421356,8.0,0.12500002432706925,1.41421356,5.0,0.20000001247735266,1.41421356,2.0,0.5000000326391376,1.41421356,3.0,0.3333333726168535,1.41421356,6.0,0.16666668122189598,1.41421356,8.0,0.1250000208004387,1.41421356,6.0,0.16666667693758797,1.41421356,5.0,0.20000001473656948,1.41421356,5.0,0.20000001079101715,1.41421356,2.0,0.5000000560411764,1.41421356,10.0,0.10000002652083495,1.41421356,3.0,0.33333334192607067,1.41421356,2.0,0.5000000793386126,1.41421356,4.0,0.2500000090847365,1.41421356,12.0,0.08333336626833088,1.41421356,8.0,0.12500001780545666,1.41421356,7.0,0.14285715543445754,1.41421356,5.0,0.2000000140607403,1.41421356,7.0,0.14285718267956593,1.41421356,5.0,0.20000002700655628,1.41421356,6.0,0.16666667568177562,1.41421356,5.0,0.20000000537589369,1.41421356,8.0,0.12500001706255137,1.41421356,5.0,0.2000000083293827,1.41421356,8.0,0.12500003067421428,1.41421356,3.0,0.33333334942996906,1.41421356,5.0,0.20000000571704657,1.41421356,3.0,0.3333333864503625,1.41421356,2.0,0.4999999984834871,1.41421356,4.0,0.25000000396622424,1.41421356,7.0,0.14285716817327287,1.41421356,2.0,0.5000000146753285,1.41421356,7.0,0.14285715750333505,1.41421356,4.0,0.25000000337991635,1.41421356,6.0,0.16666668503292215,1.41421356,9.0,0.11111113306512621,1.41421356,12.0,0.08333336801495328,1.41421356,3.0,0.33333338728115125,1.41421356,5.0,0.2000000058025524,1.41421356,6.0,0.1666666762658755,1.41421356,4.0,0.25000000803740274,1.41421356,6.0,0.16666667726865114,1.41421356,3.0,0.33333334881979404,1.41421356,4.0,0.2500000481661777,1.41421356,8.0,0.1250000366711541,1.41421356,3.0,0.33333334656312896,1.41421356,9.0,0.11111113925339744,1.41421356,2.0,0.5000000239579798,1.41421356,4.0,0.25000000390000743,1.41421356,5.0,0.20000001029467462,1.41421356,11.0,0.09090912637938864,1.41421356,4.0,0.2500000043355235,1.41421356,3.0,0.333333376855379,1.41421356,2.0,0.5000000540748257,1.41421356,4.0,0.2500000398683233,1.41421356,5.0,0.20000003746016404,1.41421356,10.0,0.10000003787051526,1.41421356,5.0,0.20000001095634,1.41421356,12.0,0.08333337045450051,1.41421356,5.0,0.2000000197243894,1.41421356,5.0,0.200000021119501,1.41421356,4.0,0.2500000090602179,1.41421356,10.0,0.10000002719608325,1.41421356,5.0,0.2000000186962243,1.41421356,8.0,0.12500001775504987,1.41421356,4.0,0.2500000054706568,1.41421356,7.0,0.14285715771942975,1.41421356,7.0,0.14285715632043505,1.41421356,3.0,0.33333333893344674,1.41421356,5.0,0.2000000127577506,1.41421356,5.0,0.2000000045146848,1.41421356,8.0,0.12500002961922707,1.41421356,9.0,0.11111113384946236,1.41421356,6.0,0.16666668166593102,1.41421356,8.0,0.1250000295765865,1.41421356,4.0,0.2500000040291961,1.41421356,5.0,0.20000001310743176,1.41421356,6.0,0.1666666758593376,1.41421356,2.0,0.5000001017014013,1.41421356,5.0,0.20000004152698825,1.41421356,2.0,0.5000000367906949,1.41421356,7.0,0.14285716010115035,1.41421356,7.0,0.14285716648222824,1.41421356,5.0,0.20000001262685618,1.41421356,9.0,0.11111113793277205,1.41421356,7.0,0.14285715696760093,1.41421356,4.0,0.25000001001198635,1.41421356,10.0,0.10000003061227503,1.41421356,8.0,0.12500001780362258,1.41421356,8.0,0.12500002479008554,1.41421356,10.0,0.10000003177189498,1.41421356,8.0,0.12500002377046382,1.41421356,5.0,0.2000000072581276,1.41421356,2.0,0.500000059351386,1.41421356,6.0,0.166666675884251,1.41421356,4.0,0.250000036922855,1.41421356,7.0,0.1428571615767904,1.41421356,3.0,0.3333333463787609,1.41421356,3.0,0.3333333396772047,1.41421356,7.0,0.14285715659451537,1.41421356,12.0,0.08333338411813607,1.41421356,2.0,0.5000000168078549,1.41421356,6.0,0.16666667636705412,1.41421356,8.0,0.12500001828871365,1.41421356,6.0,0.1666666887438204,1.41421356,8.0,0.1250000218243228,1.41421356,5.0,0.2000000062068361,1.41421356,7.0,0.14285715702692947,1.41421356,6.0,0.166666677297167,1.41421356,8.0,0.1250000176964159,1.41421356,11.0,0.09090912383782168,1.41421356,4.0,0.2500000133740339,1.41421356,9.0,0.11111113451552512,1.41421356,7.0,0.14285715536649146,1.41421356,6.0,0.16666668136089768,1.41421356,5.0,0.20000003830124324,1.41421356,7.0,0.14285715543122812,1.41421356,5.0,0.20000002236155545,1.41421356,6.0,0.16666669649749188,1.41421356,4.0,0.25000000294954017,1.41421356,7.0,0.14285718091296218,1.41421356,7.0,0.1428571674679544,1.41421356,5.0,0.20000000460856437,1.41421356,3.0,0.3333333410978083,1.41421356,11.0,0.090909119983694,1.41421356,6.0,0.1666666907333294,1.41421356,6.0,0.1666666832052588,1.41421356,6.0,0.16666668301795085,1.41421356,6.0,0.1666666750734116,1.41421356,8.0,0.12500001920992077,1.41421356,5.0,0.20000000887261926,1.41421356,4.0,0.25000001907812974,1.41421356,6.0,0.16666669881543772,1.41421356,5.0,0.20000001651029642,1.41421356,6.0,0.166666681463167,1.41421356,6.0,0.16666667845844785,1.41421356,9.0,0.11111113383955917,1.41421356,3.0,0.3333333740413087,1.41421356,4.0,0.25000000165097047,1.41421356,5.0,0.20000000487545577,1.41421356,9.0,0.11111113341343959,1.41421356,3.0,0.3333333667605931,1.41421356,3.0,0.3333334099590681,1.41421356,2.0,0.5000000088979768,1.41421356,4.0,0.25000003585361785,1.41421356,9.0,0.11111113568632014,1.41421356,5.0,0.20000002092475277,1.41421356,6.0,0.1666666866279387,1.41421356,5.0,0.20000001602319717,1.41421356,4.0,0.25000000435394654,1.41421356,6.0,0.16666667582453343,1.41421356,5.0,0.20000000518160643,1.41421356,6.0,0.16666667896654808,1.41421356,8.0,0.1250000171659016,1.41421356,5.0,0.20000001816940216,1.41421356,7.0,0.14285717348228744,1.41421356,4.0,0.25000000600132566,1.41421356,6.0,0.16666667624274378,1.41421356,7.0,0.1428571591379626,1.41421356,3.0,0.33333341199332844,1.41421356,13.0,0.07692311569877575,1.41421356,8.0,0.12500003073237131,1.41421356,4.0,0.25000000222415464,1.41421356,3.0,0.33333333229711704,1.41421356,8.0,0.1250000185057818,1.41421356,4.0,0.2500000106305169,1.41421356,10.0,0.10000002490242643,1.41421356,4.0,0.250000031689789,1.41421356,3.0,0.33333334293888184,1.41421356,7.0,0.1428571691505658,1.41421356,8.0,0.12500001927315108,1.41421356,4.0,0.2500000022424236,1.41421356,7.0,0.14285715906805319,1.41421356,8.0,0.12500001671225291,1.41421356,8.0,0.1250000230851782,1.41421356,6.0,0.16666668121323536,1.41421356,4.0,0.2500000118890302,1.41421356,7.0,0.14285717077181115,1.41421356,3.0,0.33333340727545435,1.41421356,2.0,0.5000003531125647,1.41421356,6.0,0.16666668750983593,1.41421356,5.0,0.20000001216245789,1.41421356,4.0,0.2500000200806065,1.41421356,11.0,0.09090911980354477,1.41421356,8.0,0.1250000177114181,1.41421356,5.0,0.2000000058397262,1.41421356,11.0,0.09090912369829773,1.41421356,5.0,0.20000004065703791,1.41421356,4.0,0.2500000365504911,1.41421356,3.0,0.3333333818790529,1.41421356,4.0,0.25000002244621244,1.41421356,4.0,0.2500000077916398,1.41421356,3.0,0.3333333368525766,1.41421356,8.0,0.12500004516661267,1.41421356,3.0,0.3333333589314207,1.41421356,6.0,0.16666667849206895,1.41421356,7.0,0.14285715842711344,1.41421356,4.0,0.2500000271655245,1.41421356,7.0,0.14285715654072018,1.41421356,6.0,0.16666667939903057,1.41421356,7.0,0.14285715545322386,1.41421356,9.0,0.11111113311664411,1.41421356,5.0,0.20000001069808704,1.41421356,8.0,0.12500001695356122,1.41421356,6.0,0.16666668542608676,1.41421356,7.0,0.1428571646804695,1.41421356,2.0,0.5000000860914164,1.41421356,5.0,0.2000000083677529,1.41421356,2.0,0.5000000398590321,1.41421356,5.0,0.20000000746683266,1.41421356,6.0,0.16666668360623849,1.41421356,9.0,0.11111113390850136,1.41421356,7.0,0.14285715665499765,1.41421356,3.0,0.33333359174646615,1.41421356,11.0,0.09090912238145243,1.41421356,3.0,0.33333333490532446,1.41421356,7.0,0.14285715935952936,1.41421356,1.0,1.0000000487271128,1.41421356,2.0,0.5000000862274019,1.41421356,8.0,0.12500001760498414,1.41421356,6.0,0.1666666771975578,1.41421356,5.0,0.20000002361788294,1.41421356,4.0,0.2500000031585765,1.41421356,4.0,0.25000001140643846,1.41421356,4.0,0.2500000132118325,1.41421356,6.0,0.1666666987051535,1.41421356,3.0,0.3333334024884391,1.41421356,8.0,0.12500002176730707,1.41421356,5.0,0.2000000086409095,1.41421356,4.0,0.2500000595492726,1.41421356,5.0,0.20000001171438697,1.41421356,5.0,0.20000000597056822,1.41421356,6.0,0.16666667933121015,1.41421356,6.0,0.16666668422339104,1.41421356,3.0,0.3333333744367679,1.41421356,4.0,0.25000002015686107,1.41421356,4.0,0.25000001253859994,1.41421356,15.0,0.06666671414170722,1.41421356,4.0,0.2500000397078983,1.41421356,6.0,0.16666668168508547,1.41421356,6.0,0.1666666766775009,1.41421356,7.0,0.14285715635986307,1.41421356,6.0,0.16666667564130666,1.41421356,6.0,0.16666670202115874,1.41421356,5.0,0.20000001982736038,1.41421356,6.0,0.16666668067944723,1.41421356,4.0,0.2500000417580033,1.41421356,5.0,0.20000000875163426,1.41421356,10.0,0.10000002874185299,1.41421356,8.0,0.1250000255297241,1.41421356,2.0,0.5000000104029927,1.41421356,5.0,0.20000001079578844,1.41421356,4.0,0.25000004733196146,1.41421356,4.0,0.2500000030309204,1.41421356,6.0,0.16666668046449562,1.41421356,6.0,0.16666667767588184,1.41421356,6.0,0.16666668768924442,1.41421356,3.0,0.3333333366889102,1.41421356,3.0,0.3333333499549833,1.41421356,5.0,0.20000001505255582,1.41421356,6.0,0.1666666914203203,1.41421356,6.0,0.1666666819280973,1.41421356,5.0,0.2000000102559749,1.41421356,5.0,0.2000000114346996,1.41421356,8.0,0.1250000186106499,1.41421356,5.0,0.20000001776386522,1.41421356,5.0,0.20000000676683793,1.41421356,4.0,0.25000004702704315,1.41421356,10.0,0.10000004486430036,1.41421356,4.0,0.25000002864636706,1.41421356,8.0,0.1250000179242967,1.41421356,8.0,0.12500001999412014,1.41421356,9.0,0.111111134778902,1.41421356,7.0,0.14285716047692798,1.41421356,4.0,0.2500000094621293,1.41421356,3.0,0.33333336414003867,1.41421356,4.0,0.2500000101964863,1.41421356,4.0,0.2500000061899983,1.41421356,4.0,0.2500000521690482,1.41421356,9.0,0.11111113530108696,1.41421356,8.0,0.12500002135784083,1.41421356,3.0,0.3333333431932437,1.41421356,4.0,0.25000001550393236,1.41421356,4.0,0.2500000161087841,1.41421356,2.0,0.5000000284947534,1.41421356,5.0,0.2000000077356745,1.41421356,4.0,0.2500000099684607,1.41421356,7.0,0.142857157593423,1.41421356,4.0,0.2500000173593966,1.41421356,3.0,0.33333333707203927,1.41421356,5.0,0.20000001484105834,1.41421356,4.0,0.2500000543593224,1.41421356,6.0,0.16666667574183602,1.41421356,9.0,0.11111113220008662,1.41421356,13.0,0.07692311557376463,1.41421356,6.0,0.1666666861086723,1.41421356,8.0,0.12500001680576656,1.41421356,8.0,0.12500003728041875,1.41421356,4.0,0.25000004932920117,1.41421356,4.0,0.2500000054667293,1.41421356,5.0,0.2000000152360224,1.41421356,5.0,0.2000000088537357,1.41421356,5.0,0.20000001053613037,1.41421356,3.0,0.3333333611120137,1.41421356,2.0,0.500000077680963,1.41421356,3.0,0.33333334597634323,1.41421356,5.0,0.20000001373751441,1.41421356,7.0,0.14285715660063492,1.41421356,6.0,0.1666666841526192,1.41421356,5.0,0.20000002045691545,1.41421356,4.0,0.2500000055099387,1.41421356,4.0,0.2500000041152277,1.41421356,5.0,0.20000001601177964,1.41421356,8.0,0.12500001765007784,1.41421356,7.0,0.1428571574724149,1.41421356,7.0,0.14285715624385098,1.41421356,4.0,0.2500000224576784,1.41421356,6.0,0.16666668308477384,1.41421356,8.0,0.12500002088653872,1.41421356,12.0,0.08333336640104072,1.41421356,5.0,0.20000000547176455,1.41421356,5.0,0.20000001680159762,1.41421356,6.0,0.16666667875802244,1.41421356,3.0,0.3333333844120938,1.41421356,3.0,0.3333333614143741,1.41421356,10.0,0.10000002713100287,1.41421356,3.0,0.3333333560199869,1.41421356,5.0,0.20000003722137105,1.41421356,5.0,0.20000001399528688,1.41421356,2.0,0.5000000120517352,1.41421356,7.0,0.142857158582391,1.41421356,2.0,0.5000000115614691,1.41421356,10.0,0.10000002807187336,1.41421356,13.0,0.0769231185807886,1.41421356,5.0,0.2000000143948215,1.41421356,3.0,0.33333337683210074,1.41421356,3.0,0.3333333443598532,1.41421356,5.0,0.200000008270095,1.41421356,3.0,0.3333333591157692,1.41421356,5.0,0.20000003911208086,1.41421356,2.0,0.500000005208781,1.41421356,6.0,0.1666666792345124,1.41421356,6.0,0.16666667611107489,1.41421356,3.0,0.33333342412520217,1.41421356,2.0,0.5000004027559297,1.41421356,6.0,0.16666667625199239,1.41421356,3.0,0.3333333594846768,1.41421356,8.0,0.12500001907136138,1.41421356,5.0,0.2000000130721551,1.41421356,6.0,0.16666667761942566,1.41421356,6.0,0.16666667698774784,1.41421356,6.0,0.16666667490489395,1.41421356,10.0,0.10000002615928061,1.41421356,4.0,0.25000000240672904,1.41421356,4.0,0.25000000866524363,1.41421356,6.0,0.16666668098965776,1.41421356,5.0,0.2000000048067916,1.41421356,2.0,0.5000000716280211,1.41421356,7.0,0.14285715691623224,1.41421356,6.0,0.16666667565607174,1.41421356,5.0,0.20000001215740237,1.41421356,7.0,0.14285715613427996,1.41421356,3.0,0.33333333618598804,1.41421356,9.0,0.11111113408117212,1.41421356,4.0,0.25000001985251474,1.41421356,6.0,0.16666667649443045,1.41421356,5.0,0.20000000701327547,1.41421356,3.0,0.3333333470851487,1.41421356,3.0,0.33333335724750857,1.41421356,6.0,0.1666666778371111,1.41421356,12.0,0.08333336832694194,1.41421356,4.0,0.2500000029560594,1.41421356,6.0,0.1666666797819909,1.41421356,9.0,0.11111113311027054,1.41421356,5.0,0.2000000057314626,1.41421356,8.0,0.12500001769620805,1.41421356,4.0,0.2500000029218601,1.41421356,7.0,0.14285716568803775,1.41421356,6.0,0.16666668518912875,1.41421356,5.0,0.20000002210437895,1.41421356,3.0,0.3333333415210946,1.41421356,8.0,0.12500002083095296,1.41421356,5.0,0.20000000861324274,1.41421356,11.0,0.09090912359078551,1.41421356,3.0,0.33333354335090526,1.41421356,3.0,0.3333333360650683,1.41421356,9.0,0.11111113301555697,1.41421356,3.0,0.33333335148194143,1.41421356,5.0,0.20000000774017135,1.41421356,6.0,0.16666667848272443,1.41421356,4.0,0.2500000153775752,1.41421356,8.0,0.12500003984854846,1.41421356,3.0,0.33333338230321186,1.41421356,8.0,0.12500001763136037,1.41421356,10.0,0.10000003090985565,1.41421356,5.0,0.20000001425544323,1.41421356,3.0,0.33333338446219285,1.41421356,5.0,0.2000000145750338,1.41421356,5.0,0.2000000165919289,1.41421356,3.0,0.33333334337030784,1.41421356,3.0,0.3333334023627992,1.41421356,7.0,0.14285715584049807,1.41421356,8.0,0.12500003972771356,1.41421356,10.0,0.10000002755080928,1.41421356,5.0,0.2000000157675892,1.41421356,7.0,0.14285715823743939,1.41421356,6.0,0.16666667678812797,1.41421356,5.0,0.20000003232106955,1.41421356,7.0,0.1428571565845873,1.41421356,3.0,0.33333340831739644,1.41421356,9.0,0.11111114045378478,1.41421356,5.0,0.20000001176047544,1.41421356,4.0,0.2500000091291623,1.41421356,6.0,0.16666667639012633,1.41421356,5.0,0.20000000939924067,1.41421356,7.0,0.14285715778598718,1.41421356,3.0,0.33333347462509577,1.41421356,9.0,0.11111114086391005,1.41421356,2.0,0.5000000714112822,1.41421356,8.0,0.12500001838742136,1.41421356,6.0,0.16666668975138954,1.41421356,9.0,0.11111113252026428,1.41421356,3.0,0.33333334743225596,1.41421356,4.0,0.25000000372537734,1.41421356,8.0,0.12500001970097774,1.41421356,8.0,0.12500001771708735,1.41421356,4.0,0.2500000455237501,1.41421356,2.0,0.5000000478825679,1.41421356,6.0,0.16666667665457968,1.41421356,6.0,0.16666668241573124,1.41421356,5.0,0.20000001396030953,1.41421356,5.0,0.20000000566345033,1.41421356,2.0,0.500000056807943,1.41421356,6.0,0.16666667909923838,1.41421356,6.0,0.16666667842429472,1.41421356,2.0,0.5000000374759279,1.41421356,4.0,0.2500000072524613,1.41421356,8.0,0.12500001806458094,1.41421356,3.0,0.3333333528346518,1.41421356,3.0,0.33333335445760337,1.41421356,3.0,0.33333334994158914,1.41421356,4.0,0.2500000032737173,1.41421356,4.0,0.250000016619516,1.41421356,5.0,0.2000000099888508,1.41421356,5.0,0.2000000142674878,1.41421356,5.0,0.20000001489418828,1.41421356,7.0,0.14285716103644397,1.41421356,6.0,0.16666668028226983,1.41421356,10.0,0.10000002624176574,1.41421356,6.0,0.1666666769486449,1.41421356,7.0,0.14285715639513263,1.41421356,3.0,0.333333352782192,1.41421356,3.0,0.33333334178128915,1.41421356,3.0,0.33333334404147363,1.41421356,3.0,0.3333333427113341,1.41421356,4.0,0.2500000478066049,1.41421356,4.0,0.25000001031815566,1.41421356,6.0,0.1666667090016638,1.41421356,6.0,0.1666666801206098,1.41421356,11.0,0.09090912453818234,1.41421356,8.0,0.1250000213220499,1.41421356,5.0,0.20000000694579878,1.41421356,9.0,0.1111111370880824,1.41421356,7.0,0.14285715539338462,1.41421356,4.0,0.25000000507995424,1.41421356,4.0,0.25000001669683636,1.41421356,9.0,0.11111114830012347,1.41421356,5.0,0.20000002543091533,1.41421356,7.0,0.14285716091977463,1.41421356,12.0,0.08333336614396458,1.41421356,5.0,0.2000000070703818,1.41421356]
WARNING: Not solved to optimality, status: UserLimit
