WARNING: Method definition require(Symbol) in module Base at loading.jl:345 overwritten in module ConicBenchmarkUtilities at /home/ubuntu/.julia/v0.5/Requires/src/require.jl:12.
#SOLVERNAME# PAJ_CPLEX_MOSEK_subopt52
#SOLVER# Pajarito.PajaritoSolver(2,3600.0,1.0e-5,false,CPLEX.CplexSolver(Any[(:CPX_PARAM_THREADS,1),(:CPX_PARAM_TILIM,3600.0),(:CPX_PARAM_EPINT,1.0e-8),(:CPX_PARAM_EPRHS,1.0e-8),(:CPX_PARAM_SCRIND,0),(:CPX_PARAM_EPGAP,0.0)]),CPLEX.CplexSolver(Any[(:CPX_PARAM_THREADS,1),(:CPX_PARAM_TILIM,120.0),(:CPX_PARAM_EPINT,1.0e-8),(:CPX_PARAM_EPRHS,1.0e-8),(:CPX_PARAM_SCRIND,0),(:CPX_PARAM_EPGAP,0.02)]),5,false,true,Mosek.MosekMathProgSolverInterface.MosekSolver(Any[(:LOG,0),(:NUM_THREADS,1),(:OPTIMIZER_MAX_TIME,120.0)]),true,false,false,true,false,true,false,true,true,true,true,false,false,true,false,false,false,true,1.0e-10,0.0001,1.0e-6,0.01,1.0e-6)
#INSTANCE# 75_0_5_w.cbf.gz
#TIMELIMIT# 3600.0

Transforming original data......Done     0.03s

Creating conic model data......Done     0.01s

Creating MIP model......Done     0.33s

Cone types summary:
Cone       | Count    | Min dim  | Max dim 
       SOC |     1800 |        3 |        3

Solving conic relaxation......Done     1.25s
 - Relaxation status    =        Optimal
 - Relaxation objective = 12132468.480226

Creating conic subproblem model......Done     0.00s

Starting iterative outer approximation algorithm

Iter | Best obj       | OA obj         | Rel gap     | Time (s)   
   1 |  +1.230404e+07 |  +1.222573e+07 |   6.364e-03 |   6.441e+00
   2 |  +1.230404e+07 |  +1.222573e+07 |   6.364e-03 |   9.438e+00
   3 |  +1.230404e+07 |  +1.222573e+07 |   6.364e-03 |   1.238e+01

Pajarito MICP solve summary:
 - Total time (s)       =       3.60e+03
 - Status               =      UserLimit
 - Best feasible obj.   =  +1.230404e+07
 - Final OA obj. bound  =  +1.225342e+07
 - Relative opt. gap    =      6.364e-03
 - MIP solve count      =              4
 - Conic solve count    =              2
 - Feas. solution count =              2
 - Integer repeat count =              1

Timers (s):
 - Setup                =       1.72e+00
 -- Transform data      =       3.18e-02
 -- Create conic data   =       5.85e-03
 -- Create MIP data     =       3.28e-01
 -- Load/solve relax    =       1.25e+00
 - Iterative algorithm  =       3.60e+03
 -- Solve MIPs          =       3.60e+03
 -- Solve conic model   =       3.66e-01
 -- Process conic data  =       9.20e-02
 -- Add conic solution  =       2.22e-03
 -- Add dual cuts       =       5.12e-02
 -- Use outer inf/cuts  =       1.87e-02

WARNING: Not solved to optimality, status: UserLimit
#STATUS# UserLimit
#OBJVAL# 1.2304035252698058e7
#OBJBOUND# 1.2253422769287605e7
#TIMESOLVER# 3600.0663719177246
#TIMEALL# 3600.0734870433807
#SOLUTION# [1.0,1.0,1.0,1.0,1.0,1.0,1.0,1.0,1.0,1.0,1.0,1.0,1.0,1.0,1.0,1.0,1.0,1.0,1.0,1.0,1.0,1.0,1.0,1.0,0.0,0.0,0.0,0.0,0.0,0.0,0.0,0.0,0.0,0.0,1.0,1.0,1.0,1.0,1.0,1.0,1.0,1.0,1.0,1.0,1.0,1.0,1.0,1.0,1.0,1.0,1.0,1.0,1.0,1.0,1.0,1.0,1.0,1.0,1.0,1.0,1.0,1.0,1.0,1.0,1.0,1.0,1.0,1.0,1.0,1.0,1.0,1.0,-0.0,0.0,0.0,-0.0,-0.0,-0.0,1.0,1.0,1.0,1.0,1.0,1.0,1.0,1.0,1.0,1.0,1.0,1.0,1.0,1.0,1.0,1.0,1.0,1.0,1.0,1.0,1.0,1.0,1.0,1.0,1.0,1.0,1.0,1.0,1.0,1.0,1.0,1.0,-0.0,0.0,-0.0,0.0,0.0,0.0,0.0,0.0,0.0,-0.0,0.0,0.0,0.0,0.0,0.0,0.0,1.0,1.0,1.0,1.0,1.0,1.0,1.0,1.0,1.0,1.0,1.0,1.0,1.0,1.0,1.0,1.0,1.0,1.0,0.0,0.0,0.0,0.0,0.0,0.0,0.0,1.0,1.0,1.0,1.0,1.0,1.0,1.0,1.0,1.0,1.0,1.0,1.0,1.0,1.0,1.0,1.0,1.0,1.0,1.0,1.0,1.0,1.0,1.0,1.0,1.0,1.0,1.0,1.0,1.0,1.0,1.0,1.0,1.0,1.0,1.0,1.0,1.0,1.0,1.0,-0.0,0.0,0.0,-0.0,-0.0,-0.0,-0.0,-0.0,0.0,0.0,0.0,0.0,0.0,0.0,0.0,0.0,0.0,0.0,0.0,0.0,0.0,0.0,0.0,0.0,0.0,0.0,1.0,1.0,1.0,1.0,1.0,1.0,1.0,1.0,1.0,1.0,1.0,1.0,1.0,1.0,1.0,1.0,1.0,1.0,1.0,1.0,1.0,1.0,1.0,1.0,1.0,1.0,1.0,1.0,1.0,1.0,1.0,1.0,1.0,1.0,1.0,1.0,1.0,1.0,1.0,1.0,1.0,1.0,1.0,1.0,1.0,1.0,-0.0,0.0,1.0,1.0,1.0,1.0,1.0,1.0,1.0,1.0,1.0,1.0,1.0,1.0,1.0,1.0,1.0,1.0,1.0,1.0,1.0,1.0,1.0,1.0,1.0,-0.0,1.0,1.0,1.0,1.0,1.0,1.0,1.0,1.0,1.0,1.0,1.0,1.0,1.0,-0.0,0.0,0.0,0.0,0.0,0.0,0.0,0.0,0.0,0.0,0.0,1.0,1.0,1.0,1.0,0.0,0.0,0.0,0.0,0.0,0.0,0.0,0.0,0.0,0.0,0.0,0.0,0.0,0.0,-0.0,0.0,0.0,0.0,0.0,0.0,1.0,1.0,1.0,0.0,0.0,0.0,0.0,0.0,0.0,0.0,0.0,0.0,0.0,0.0,0.0,0.0,0.0,0.0,0.0,0.0,-0.0,0.0,0.0,0.0,1.0,1.0,1.0,1.0,0.0,0.0,0.0,0.0,0.0,0.0,0.0,-0.0,0.0,0.0,0.0,0.0,0.0,0.0,0.0,0.0,-0.0,0.0,0.0,0.0,0.0,0.0,0.0,0.0,0.0,-0.0,1.0,1.0,1.0,1.0,1.0,1.0,1.0,1.0,1.0,1.0,1.0,1.0,1.0,1.0,1.0,1.0,1.0,-0.0,1.0,1.0,1.0,1.0,1.0,1.0,1.0,1.0,1.0,1.0,1.0,1.0,1.0,1.0,1.0,1.0,1.0,1.0,1.0,1.0,1.0,1.0,1.0,1.0,1.0,1.0,1.0,0.0,0.0,0.0,0.0,0.0,0.0,0.0,0.0,0.0,0.0,0.0,0.0,0.0,0.0,0.0,0.0,0.0,-0.0,0.0,0.0,0.0,1.0,1.0,1.0,1.0,-0.0,0.0,0.0,0.0,0.0,0.0,0.0,0.0,0.0,0.0,0.0,0.0,0.0,0.0,0.0,0.0,0.0,0.0,0.0,0.0,0.0,-0.0,-0.0,-0.0,-0.0,-0.0,-0.0,-0.0,0.0,0.0,0.0,-0.0,0.0,0.0,-0.0,-0.0,0.0,-0.0,-0.0,0.0,0.0,0.0,0.0,0.0,1.0,1.0,1.0,0.0,0.0,0.0,0.0,0.0,0.0,0.0,0.0,-0.0,0.0,0.0,0.0,0.0,-0.0,0.0,0.0,0.0,-0.0,0.0,0.0,0.0,1.0,1.0,1.0,1.0,1.0,1.0,1.0,1.0,1.0,1.0,1.0,1.0,1.0,1.0,1.0,1.0,1.0,1.0,1.0,1.0,1.0,1.0,1.0,1.0,0.0,0.0,-0.0,0.0,-0.0,-0.0,1.0,1.0,1.0,1.0,1.0,1.0,1.0,1.0,1.0,1.0,1.0,1.0,1.0,1.0,1.0,1.0,1.0,1.0,1.0,1.0,1.0,1.0,1.0,1.0,1.0,1.0,1.0,1.0,1.0,1.0,1.0,1.0,1.0,1.0,1.0,1.0,1.0,1.0,1.0,1.0,-0.0,-0.0,1.0,1.0,1.0,0.0,0.0,0.0,0.0,0.0,0.0,0.0,0.0,0.0,0.0,0.0,0.0,0.0,-0.0,0.0,0.0,0.0,0.0,-0.0,0.0,0.0,0.0,0.0,0.0,0.0,0.0,0.0,0.0,0.0,0.0,0.0,0.0,0.0,0.0,0.0,0.0,0.0,0.0,0.0,0.0,-0.0,0.0,-0.0,0.0,-0.0,0.0,0.0,0.0,0.0,0.0,0.0,1.0,1.0,1.0,1.0,1.0,1.0,1.0,1.0,1.0,1.0,1.0,1.0,1.0,1.0,1.0,1.0,-0.0,-0.0,0.0,0.0,0.0,0.0,0.0,0.0,0.0,0.0,-0.0,-0.0,-0.0,0.0,0.0,-0.0,0.0,-0.0,0.0,0.0,0.0,0.0,0.0,-0.0,0.0,0.0,1.0,1.0,1.0,1.0,-0.0,0.0,0.0,0.0,0.0,0.0,0.0,0.0,0.0,0.0,0.0,0.0,0.0,0.0,0.0,0.0,0.0,0.0,0.0,0.0,0.0,0.0,0.0,0.0,0.0,0.0,0.0,1.0,1.0,1.0,1.0,1.0,1.0,1.0,1.0,1.0,1.0,1.0,1.0,1.0,1.0,1.0,1.0,1.0,0.0,0.0,0.0,0.0,-0.0,-0.0,-0.0,0.0,0.0,0.0,0.0,0.0,0.0,0.0,0.0,0.0,-0.0,0.0,0.0,-0.0,0.0,0.0,0.0,0.0,0.0,0.0,0.0,0.0,0.0,0.0,1.0,1.0,1.0,1.0,1.0,1.0,1.0,1.0,1.0,1.0,1.0,1.0,1.0,1.0,1.0,1.0,1.0,1.0,0.0,0.0,0.0,0.0,0.0,0.0,1.0,1.0,1.0,1.0,1.0,1.0,1.0,1.0,1.0,1.0,1.0,1.0,1.0,1.0,1.0,1.0,1.0,1.0,0.0,0.0,0.0,0.0,0.0,0.0,0.0,-0.0,0.0,0.0,0.0,0.0,0.0,0.0,-0.0,0.0,0.0,0.0,0.0,0.0,0.0,0.0,0.0,0.0,1.0,1.0,1.0,1.0,1.0,1.0,1.0,1.0,1.0,1.0,1.0,1.0,1.0,1.0,1.0,1.0,1.0,1.0,1.0,1.0,1.0,1.0,1.0,-0.0,1.0,1.0,1.0,0.0,0.0,0.0,0.0,0.0,0.0,0.0,-0.0,0.0,0.0,-0.0,-0.0,-0.0,-0.0,0.0,-0.0,0.0,-0.0,0.0,-0.0,-0.0,1.0,0.0,0.0,0.0,-0.0,1.0,1.0,1.0,1.0,1.0,1.0,1.0,1.0,1.0,1.0,1.0,1.0,1.0,1.0,1.0,1.0,1.0,1.0,1.0,1.0,0.0,0.0,0.0,0.0,0.0,1.0,1.0,1.0,1.0,1.0,1.0,1.0,1.0,1.0,1.0,1.0,1.0,1.0,1.0,1.0,1.0,1.0,1.0,1.0,0.0,0.0,0.0,-0.0,-0.0,1.0,1.0,1.0,1.0,1.0,1.0,1.0,1.0,1.0,1.0,1.0,1.0,1.0,1.0,1.0,1.0,1.0,-0.0,1.0,0.0,0.0,0.0,-0.0,1.0,1.0,1.0,1.0,1.0,1.0,1.0,1.0,1.0,1.0,1.0,1.0,1.0,1.0,1.0,1.0,1.0,1.0,1.0,1.0,-0.0,0.0,0.0,-0.0,1.0,1.0,1.0,1.0,1.0,1.0,1.0,1.0,1.0,1.0,1.0,1.0,1.0,1.0,1.0,1.0,1.0,1.0,1.0,1.0,1.0,1.0,1.0,1.0,1.0,1.0,1.0,1.0,1.0,1.0,1.0,1.0,1.0,1.0,1.0,1.0,1.0,1.0,1.0,1.0,1.0,1.0,1.0,1.0,1.0,1.0,1.0,1.0,1.0,1.0,1.0,1.0,1.0,1.0,1.0,1.0,1.0,1.0,1.0,1.0,1.0,1.0,1.0,1.0,1.0,1.0,1.0,1.0,1.0,1.0,1.0,1.0,1.0,1.0,1.0,1.0,1.0,1.0,1.0,1.0,1.0,1.0,1.0,1.0,1.0,1.0,1.0,1.0,1.0,1.0,1.0,1.0,1.0,1.0,1.0,1.0,1.0,1.0,1.0,1.0,1.0,1.0,1.0,1.0,1.0,1.0,1.0,1.0,1.0,1.0,1.0,1.0,1.0,1.0,1.0,1.0,1.0,1.0,1.0,1.0,1.0,1.0,1.0,1.0,1.0,1.0,1.0,1.0,1.0,1.0,1.0,1.0,1.0,1.0,1.0,1.0,1.0,1.0,1.0,1.0,1.0,1.0,1.0,1.0,1.0,1.0,1.0,1.0,1.0,1.0,1.0,1.0,1.0,1.0,1.0,1.0,1.0,1.0,1.0,1.0,1.0,1.0,1.0,1.0,0.0,0.0,0.0,0.0,0.0,-0.0,1.0,1.0,1.0,1.0,1.0,1.0,1.0,1.0,1.0,1.0,1.0,-0.0,1.0,1.0,1.0,1.0,-0.0,1.0,-0.0,0.0,0.0,-0.0,1.0,1.0,1.0,1.0,1.0,1.0,1.0,1.0,1.0,1.0,1.0,1.0,1.0,1.0,1.0,1.0,1.0,1.0,1.0,1.0,0.0,0.0,0.0,-0.0,1.0,1.0,1.0,1.0,1.0,1.0,1.0,1.0,1.0,1.0,1.0,1.0,1.0,1.0,1.0,1.0,1.0,1.0,1.0,1.0,1.0,1.0,1.0,1.0,1.0,1.0,1.0,1.0,1.0,1.0,1.0,1.0,1.0,1.0,1.0,1.0,1.0,1.0,1.0,1.0,1.0,1.0,1.0,1.0,1.0,1.0,1.0,1.0,1.0,1.0,1.0,1.0,1.0,1.0,1.0,1.0,1.0,1.0,1.0,1.0,1.0,1.0,1.0,1.0,1.0,1.0,1.0,1.0,0.0,0.0,0.0,-0.0,1.0,1.0,1.0,1.0,1.0,1.0,1.0,1.0,1.0,1.0,1.0,1.0,1.0,1.0,1.0,1.0,1.0,1.0,1.0,1.0,1.0,1.0,0.0,-0.0,-0.0,1.0,1.0,1.0,1.0,1.0,1.0,1.0,1.0,1.0,1.0,1.0,1.0,1.0,1.0,1.0,1.0,1.0,1.0,1.0,-0.0,0.0,0.0,-0.0,1.0,1.0,1.0,1.0,1.0,1.0,1.0,1.0,1.0,1.0,1.0,1.0,1.0,1.0,1.0,1.0,1.0,1.0,1.0,1.0,1.0,1.0,1.0,1.0,1.0,1.0,1.0,1.0,1.0,1.0,1.0,1.0,1.0,1.0,1.0,1.0,1.0,1.0,1.0,1.0,1.0,1.0,1.0,1.0,1.0,1.0,1.0,1.0,1.0,1.0,1.0,1.0,1.0,1.0,1.0,1.0,1.0,1.0,1.0,1.0,1.0,1.0,1.0,1.0,1.0,1.0,1.0,1.0,1.0,1.0,1.0,1.0,1.0,1.0,1.0,1.0,1.0,1.0,1.0,1.0,1.0,1.0,1.0,1.0,1.0,1.0,1.0,1.0,1.0,1.0,1.0,1.0,1.0,1.0,1.0,1.0,1.0,1.0,1.0,1.0,1.0,1.0,1.0,1.0,1.0,1.0,1.0,1.0,1.0,1.0,1.0,1.0,1.0,1.0,1.0,1.0,1.0,1.0,1.0,1.0,1.0,1.0,1.0,1.0,1.0,1.0,1.0,1.0,1.0,1.0,1.0,1.0,1.0,1.0,1.0,1.0,1.0,1.0,1.0,1.0,1.0,1.0,1.0,1.0,1.0,1.0,1.0,1.0,1.0,1.0,1.0,1.0,1.0,1.0,1.0,1.0,1.0,1.0,1.0,1.0,1.0,1.0,1.0,1.0,1.0,1.0,-0.0,-0.0,-0.0,1.0,1.0,1.0,1.0,1.0,1.0,1.0,1.0,1.0,1.0,1.0,1.0,1.0,1.0,1.0,1.0,1.0,1.0,1.0,0.0,0.0,0.0,-0.0,1.0,1.0,1.0,1.0,1.0,1.0,1.0,1.0,1.0,1.0,1.0,1.0,1.0,1.0,1.0,1.0,1.0,1.0,1.0,1.0,1.0,1.0,1.0,1.0,1.0,1.0,1.0,1.0,1.0,1.0,1.0,1.0,1.0,1.0,1.0,1.0,1.0,1.0,1.0,1.0,1.0,1.0,1.0,1.0,0.0,0.0,0.0,0.0,0.0,1.0,1.0,1.0,1.0,1.0,1.0,1.0,1.0,1.0,1.0,1.0,1.0,1.0,1.0,1.0,1.0,1.0,1.0,1.0,0.0,0.0,0.0,0.0,-0.0,1.0,1.0,1.0,1.0,1.0,1.0,1.0,1.0,1.0,1.0,1.0,1.0,1.0,1.0,1.0,1.0,1.0,-0.0,1.0,1.0,1.0,1.0,1.0,1.0,1.0,1.0,1.0,1.0,1.0,1.0,1.0,1.0,1.0,1.0,1.0,1.0,1.0,1.0,1.0,1.0,1.0,1.0,1.0,1.0,1.0,1.0,1.0,1.0,1.0,1.0,1.0,1.0,1.0,1.0,1.0,1.0,1.0,1.0,1.0,1.0,1.0,1.0,1.0,1.0,1.0,1.0,1.0,1.0,1.0,1.0,1.0,1.0,1.0,1.0,1.0,1.0,1.0,1.0,1.0,1.0,1.0,1.0,1.0,1.0,1.0,1.0,1.0,1.0,1.0,1.0,1.0,1.0,1.0,1.0,1.0,1.0,1.0,1.0,1.0,1.0,1.0,1.0,1.0,1.0,1.0,1.0,1.0,1.0,1.0,1.0,1.0,1.0,1.0,1.0,1.0,1.0,1.0,1.0,1.0,1.0,1.0,1.0,1.0,1.0,1.0,1.0,1.0,1.0,1.0,1.0,1.0,1.0,1.0,1.0,1.0,1.0,1.0,1.0,1.0,0.0,0.0,0.0,-0.0,1.0,1.0,1.0,1.0,1.0,1.0,1.0,1.0,1.0,1.0,1.0,1.0,1.0,1.0,1.0,1.0,1.0,1.0,1.0,1.0,1.0,1.0,1.0,1.0,1.0,1.0,1.0,1.0,1.0,1.0,1.0,1.0,1.0,1.0,1.0,1.0,1.0,1.0,1.0,1.0,1.0,1.0,1.0,1.0,1.0,1.0,1.0,-0.0,-0.0,1.0,1.0,1.0,1.0,1.0,1.0,1.0,1.0,1.0,1.0,1.0,1.0,1.0,1.0,1.0,1.0,1.0,-0.0,1.0,0.0,0.0,0.0,0.0,0.0,0.0,0.0,0.0,0.0,0.0,0.0,0.0,0.0,0.0,0.0,0.0,0.0,0.0,0.0,0.0,0.0,0.0,-0.0,-0.0,0.0,0.0,0.0,0.0,0.0,0.0,0.0,0.0,0.0,1.0,0.0,0.0,0.0,0.0,0.0,0.0,0.0,0.0,0.0,0.0,0.0,0.0,-0.0,0.0,0.0,0.0,0.0,0.0,0.0,0.0,0.0,0.0,0.0,0.0,0.0,0.0,0.0,0.0,0.0,0.0,0.0,0.0,0.0,0.0,0.0,0.0,-0.0,-0.0,0.0,0.0,0.0,0.0,0.0,1.0,0.0,0.0,0.0,0.0,0.0,0.0,0.0,0.0,0.0,0.0,0.0,0.0,0.0,0.0,0.0,0.0,-0.0,-0.0,0.0,0.0,0.0,0.0,0.0,0.0,0.0,0.0,0.0,0.0,0.0,0.0,0.0,0.0,0.0,0.0,0.0,0.0,0.0,0.0,0.0,0.0,0.0,-0.0,0.0,0.0,0.0,0.0,0.0,1.0,0.0,0.0,0.0,0.0,0.0,0.0,0.0,0.0,0.0,0.0,0.0,0.0,0.0,0.0,0.0,0.0,-0.0,-0.0,0.0,0.0,0.0,0.0,0.0,0.0,1.0,0.0,0.0,0.0,0.0,0.0,0.0,0.0,0.0,0.0,0.0,0.0,0.0,0.0,0.0,0.0,-0.0,1.0,0.0,0.0,0.0,0.0,0.0,0.0,0.0,0.0,0.0,0.0,0.0,0.0,0.0,0.0,0.0,0.0,0.0,0.0,0.0,0.0,0.0,-0.0,0.0,-0.0,0.0,0.0,0.0,0.0,0.0,0.0,0.0,0.0,0.0,0.0,0.0,0.0,0.0,0.0,0.0,0.0,0.0,0.0,0.0,0.0,0.0,0.0,0.0,-0.0,0.0,0.0,0.0,0.0,0.0,0.0,0.0,0.0,0.0,0.0,0.0,0.0,0.0,0.0,0.0,0.0,0.0,0.0,0.0,0.0,0.0,0.0,-0.0,-0.0,0.0,0.0,0.0,0.0,0.0,0.0,0.0,0.0,0.0,0.0,0.0,0.0,0.0,0.0,0.0,0.0,0.0,0.0,0.0,0.0,0.0,-0.0,0.0,-0.0,0.0,0.0,0.0,0.0,0.0,0.0,0.0,0.0,0.0,0.0,0.0,0.0,0.0,0.0,0.0,0.0,0.0,0.0,0.0,0.0,0.0,0.0,-0.0,-0.0,0.0,0.0,0.0,0.0,0.0,0.0,0.0,0.0,0.0,0.0,0.0,-0.0,-0.0,0.0,0.0,0.0,0.0,0.0,0.0,0.0,0.0,0.0,0.0,0.0,0.0,0.0,-0.0,-0.0,0.0,0.0,0.0,0.0,0.0,0.0,0.0,0.0,0.0,0.0,0.0,0.0,0.0,0.0,0.0,0.0,0.0,0.0,0.0,0.0,0.0,-0.0,-0.0,0.0,0.0,0.0,0.0,0.0,0.0,0.0,0.0,0.0,0.0,0.0,0.0,0.0,0.0,0.0,0.0,0.0,0.0,0.0,0.0,0.0,0.0,0.0,-0.0,-0.0,0.0,0.0,0.0,0.0,0.0,0.0,0.0,0.0,0.0,0.0,0.0,0.0,0.0,0.0,0.0,0.0,0.0,0.0,0.0,-0.0,0.0,0.0,0.0,0.0,0.0,1.0,0.0,0.0,0.0,0.0,0.0,0.0,0.0,0.0,0.0,0.0,0.0,0.0,0.0,0.0,0.0,0.0,-0.0,-0.0,0.0,0.0,0.0,0.0,0.0,0.0,0.0,0.0,0.0,0.0,0.0,0.0,0.0,0.0,0.0,0.0,0.0,0.0,0.0,0.0,0.0,0.0,-0.0,-0.0,0.0,0.0,-0.0,0.0,0.0,0.0,0.0,0.0,0.0,0.0,0.0,0.0,0.0,0.0,0.0,0.0,0.0,0.0,0.0,0.0,0.0,0.0,0.0,-0.0,0.0,0.0,0.0,-0.0,0.0,0.0,0.0,0.0,0.0,0.0,0.0,0.0,0.0,0.0,0.0,0.0,0.0,0.0,0.0,0.0,0.0,0.0,0.0,-0.0,0.0,0.0,0.0,0.0,0.0,0.0,0.0,0.0,0.0,0.0,0.0,0.0,0.0,0.0,0.0,0.0,0.0,0.0,0.0,0.0,0.0,0.0,0.0,0.0,0.0,-0.0,-0.0,0.0,0.0,0.0,0.0,0.0,0.0,0.0,0.0,0.0,0.0,0.0,0.0,0.0,0.0,0.0,0.0,0.0,0.0,0.0,0.0,-0.0,0.0,0.0,0.0,0.0,0.0,0.0,0.0,0.0,0.0,0.0,0.0,0.0,0.0,0.0,0.0,0.0,0.0,0.0,0.0,0.0,0.0,0.0,-0.0,-0.0,0.0,0.0,0.0,0.0,0.0,1.0,0.0,0.0,0.0,0.0,0.0,0.0,0.0,0.0,0.0,0.0,0.0,0.0,0.0,0.0,0.0,0.0,-0.0,0.0,0.0,0.0,0.0,0.0,0.0,0.0,0.0,0.0,0.0,0.0,0.0,0.0,0.0,0.0,0.0,0.0,0.0,0.0,0.0,0.0,0.0,-0.0,0.0,-0.0,0.0,0.0,-0.0,0.0,0.0,0.0,0.0,0.0,0.0,0.0,0.0,0.0,0.0,0.0,0.0,0.0,0.0,0.0,0.0,0.0,0.0,0.0,0.0,-0.0,0.0,0.0,0.0,0.0,0.0,0.0,0.0,0.0,0.0,0.0,0.0,0.0,0.0,0.0,0.0,0.0,0.0,0.0,0.0,0.0,0.0,0.0,0.0,-0.0,0.0,0.0,0.0,0.0,0.0,1.0,0.0,0.0,0.0,0.0,0.0,0.0,0.0,0.0,0.0,0.0,0.0,0.0,0.0,0.0,0.0,-0.0,0.0,-0.0,0.0,0.0,0.0,0.0,0.0,0.0,0.0,0.0,0.0,0.0,0.0,0.0,0.0,0.0,0.0,0.0,0.0,0.0,0.0,0.0,0.0,0.0,0.0,0.0,0.0,0.0,-0.0,-0.0,0.0,0.0,0.0,0.0,0.0,0.0,0.0,0.0,0.0,0.0,0.0,0.0,0.0,0.0,0.0,0.0,0.0,0.0,0.0,-0.0,0.0,0.0,0.0,0.0,0.0,0.0,1.0,0.0,0.0,0.0,0.0,0.0,0.0,0.0,0.0,0.0,0.0,0.0,0.0,0.0,0.0,0.0,-0.0,-0.0,0.0,0.0,0.0,0.0,0.0,0.0,0.0,0.0,0.0,0.0,0.0,0.0,0.0,0.0,0.0,0.0,0.0,0.0,0.0,0.0,0.0,0.0,0.0,-0.0,0.0,0.0,0.0,0.0,0.0,1.0,0.0,0.0,0.0,0.0,0.0,0.0,0.0,0.0,0.0,0.0,0.0,0.0,0.0,0.0,0.0,0.0,-0.0,-0.0,0.0,0.0,0.0,0.0,0.0,1.0,0.0,0.0,0.0,0.0,0.0,0.0,0.0,0.0,0.0,0.0,0.0,0.0,0.0,0.0,0.0,0.0,-0.0,-0.0,0.0,0.0,0.0,0.0,0.0,0.0,0.0,0.0,0.0,0.0,0.0,0.0,0.0,0.0,0.0,0.0,0.0,0.0,0.0,0.0,0.0,0.0,0.0,0.0,0.0,0.0,0.0,0.0,0.0,0.0,0.0,0.0,0.0,0.0,0.0,0.0,0.0,0.0,0.0,0.0,0.0,0.0,0.0,0.0,0.0,0.0,-0.0,0.0,0.0,-0.0,-0.0,0.0,0.0,0.0,0.0,0.0,0.0,0.0,0.0,0.0,0.0,0.0,0.0,0.0,0.0,0.0,0.0,0.0,0.0,0.0,0.0,1.0,-0.0,-0.0,-0.0,-0.0,1.0,0.0,0.0,0.0,0.0,0.0,0.0,0.0,0.0,0.0,0.0,0.0,0.0,0.0,0.0,0.0,0.0,0.0,0.0,1.0,-0.0,-0.0,-0.0,-0.0,-0.0,1.0,0.0,0.0,0.0,0.0,0.0,0.0,0.0,0.0,0.0,0.0,0.0,0.0,0.0,0.0,0.0,0.0,0.0,1.0,-0.0,-0.0,-0.0,-0.0,-0.0,1.0,0.0,0.0,0.0,0.0,0.0,0.0,0.0,0.0,0.0,0.0,0.0,0.0,0.0,0.0,0.0,0.0,-0.0,1.0,-0.0,-0.0,-0.0,-0.0,1.0,0.0,0.0,0.0,0.0,0.0,0.0,0.0,0.0,0.0,0.0,0.0,0.0,0.0,0.0,0.0,0.0,0.0,0.0,1.0,-0.0,-0.0,-0.0,-0.0,1.0,0.0,0.0,0.0,0.0,0.0,0.0,0.0,0.0,0.0,0.0,0.0,0.0,0.0,0.0,0.0,0.0,0.0,0.0,0.0,0.0,0.0,0.0,0.0,0.0,0.0,0.0,0.0,0.0,0.0,0.0,0.0,0.0,0.0,0.0,0.0,0.0,0.0,0.0,0.0,0.0,0.0,0.0,0.0,0.0,0.0,0.0,0.0,0.0,0.0,0.0,0.0,0.0,0.0,0.0,0.0,0.0,0.0,0.0,0.0,0.0,0.0,0.0,0.0,0.0,0.0,0.0,0.0,0.0,0.0,0.0,0.0,0.0,0.0,0.0,0.0,0.0,0.0,0.0,0.0,0.0,0.0,0.0,0.0,0.0,0.0,0.0,0.0,0.0,0.0,0.0,1.0,0.0,0.0,0.0,0.0,0.0,0.0,0.0,0.0,0.0,0.0,0.0,0.0,0.0,0.0,0.0,0.0,0.0,0.0,0.0,0.0,0.0,0.0,0.0,0.0,0.0,0.0,0.0,0.0,0.0,0.0,0.0,0.0,0.0,0.0,0.0,0.0,0.0,0.0,0.0,0.0,0.0,0.0,0.0,0.0,0.0,0.0,0.0,1.0,0.0,0.0,0.0,0.0,0.0,0.0,0.0,0.0,0.0,0.0,0.0,0.0,0.0,0.0,0.0,0.0,0.0,0.0,0.0,0.0,0.0,0.0,0.0,1.0,-0.0,-0.0,-0.0,-0.0,-0.0,-0.0,1.0,0.0,0.0,0.0,0.0,0.0,0.0,0.0,0.0,0.0,0.0,-0.0,1.0,0.0,0.0,0.0,-0.0,1.0,-0.0,-0.0,-0.0,-0.0,1.0,0.0,0.0,0.0,0.0,0.0,0.0,0.0,0.0,0.0,0.0,0.0,0.0,0.0,0.0,0.0,0.0,0.0,0.0,1.0,-0.0,-0.0,-0.0,-0.0,1.0,0.0,0.0,0.0,0.0,0.0,0.0,0.0,0.0,0.0,0.0,0.0,0.0,0.0,0.0,0.0,0.0,0.0,0.0,0.0,0.0,0.0,0.0,0.0,0.0,0.0,0.0,0.0,0.0,0.0,0.0,0.0,0.0,0.0,0.0,0.0,0.0,0.0,0.0,0.0,0.0,0.0,0.0,1.0,0.0,0.0,0.0,0.0,0.0,0.0,0.0,0.0,0.0,0.0,0.0,0.0,0.0,0.0,0.0,0.0,0.0,0.0,0.0,0.0,0.0,0.0,0.0,1.0,-0.0,-0.0,-0.0,-0.0,1.0,0.0,0.0,0.0,0.0,0.0,0.0,0.0,0.0,0.0,0.0,0.0,0.0,0.0,0.0,0.0,0.0,0.0,0.0,0.0,0.0,0.0,-0.0,-0.0,-0.0,1.0,0.0,0.0,0.0,0.0,0.0,0.0,0.0,0.0,0.0,0.0,0.0,0.0,0.0,0.0,0.0,0.0,0.0,1.0,-0.0,-0.0,-0.0,-0.0,1.0,0.0,0.0,0.0,0.0,0.0,0.0,0.0,0.0,0.0,0.0,0.0,0.0,0.0,0.0,0.0,0.0,0.0,0.0,0.0,0.0,0.0,0.0,0.0,0.0,0.0,0.0,0.0,0.0,0.0,0.0,0.0,0.0,0.0,0.0,0.0,0.0,0.0,0.0,0.0,0.0,0.0,0.0,0.0,0.0,0.0,0.0,0.0,0.0,0.0,0.0,0.0,0.0,0.0,0.0,0.0,0.0,0.0,0.0,0.0,0.0,0.0,0.0,0.0,0.0,0.0,0.0,1.0,0.0,0.0,0.0,0.0,0.0,0.0,0.0,0.0,0.0,0.0,0.0,0.0,0.0,0.0,0.0,0.0,0.0,0.0,0.0,0.0,0.0,0.0,0.0,1.0,0.0,0.0,0.0,0.0,0.0,0.0,0.0,0.0,0.0,0.0,0.0,0.0,0.0,0.0,0.0,0.0,0.0,0.0,0.0,0.0,0.0,0.0,0.0,0.0,0.0,0.0,0.0,0.0,0.0,0.0,0.0,0.0,0.0,0.0,0.0,0.0,0.0,0.0,0.0,0.0,0.0,0.0,0.0,0.0,0.0,0.0,0.0,1.0,0.0,0.0,0.0,0.0,0.0,0.0,0.0,0.0,0.0,0.0,0.0,0.0,0.0,0.0,0.0,0.0,0.0,0.0,0.0,0.0,0.0,0.0,0.0,0.0,0.0,0.0,-0.0,-0.0,-0.0,1.0,0.0,0.0,0.0,0.0,0.0,0.0,0.0,0.0,0.0,0.0,0.0,0.0,0.0,0.0,0.0,0.0,0.0,1.0,-0.0,-0.0,-0.0,-0.0,1.0,0.0,0.0,0.0,0.0,0.0,0.0,0.0,0.0,0.0,0.0,0.0,0.0,0.0,0.0,0.0,0.0,0.0,0.0,0.0,0.0,0.0,0.0,0.0,0.0,0.0,0.0,0.0,0.0,0.0,0.0,0.0,0.0,0.0,0.0,0.0,0.0,0.0,0.0,0.0,0.0,0.0,0.0,1.0,-0.0,-0.0,-0.0,-0.0,-0.0,1.0,0.0,0.0,0.0,0.0,0.0,0.0,0.0,0.0,0.0,0.0,0.0,0.0,0.0,0.0,0.0,0.0,0.0,1.0,-0.0,-0.0,-0.0,-0.0,-0.0,1.0,0.0,0.0,0.0,0.0,0.0,0.0,0.0,0.0,0.0,0.0,0.0,0.0,0.0,0.0,0.0,0.0,-0.0,0.0,0.0,0.0,0.0,0.0,0.0,0.0,0.0,0.0,0.0,0.0,0.0,0.0,0.0,0.0,0.0,0.0,0.0,0.0,0.0,0.0,0.0,0.0,0.0,1.0,0.0,0.0,0.0,0.0,0.0,0.0,0.0,0.0,0.0,0.0,0.0,0.0,0.0,0.0,0.0,0.0,0.0,0.0,0.0,0.0,0.0,0.0,0.0,1.0,0.0,0.0,0.0,0.0,0.0,0.0,0.0,0.0,0.0,0.0,0.0,0.0,0.0,0.0,0.0,0.0,0.0,0.0,0.0,0.0,0.0,0.0,0.0,1.0,0.0,0.0,0.0,0.0,0.0,0.0,0.0,0.0,0.0,0.0,0.0,0.0,0.0,0.0,0.0,0.0,0.0,0.0,0.0,0.0,0.0,0.0,0.0,0.0,0.0,0.0,0.0,0.0,0.0,0.0,0.0,0.0,0.0,0.0,0.0,0.0,0.0,0.0,0.0,0.0,0.0,0.0,0.0,0.0,0.0,0.0,0.0,1.0,-0.0,-0.0,-0.0,-0.0,1.0,0.0,0.0,0.0,0.0,0.0,0.0,0.0,0.0,0.0,0.0,0.0,0.0,0.0,0.0,0.0,0.0,0.0,0.0,0.0,0.0,0.0,0.0,0.0,0.0,0.0,0.0,0.0,0.0,0.0,0.0,0.0,0.0,0.0,0.0,0.0,0.0,0.0,0.0,0.0,0.0,0.0,0.0,0.0,0.0,0.0,0.0,-0.0,-0.0,1.0,0.0,0.0,0.0,0.0,0.0,0.0,0.0,0.0,0.0,0.0,0.0,0.0,0.0,0.0,0.0,0.0,-0.0,0.0,0.34963183651868845,3.3517082603347864e-9,1.865398669913149e-8,0.20128512624388475,0.34845324755160884,0.598324262536483,0.9479560080658658,0.999999984423007,0.9999999875391445,0.9999999840737093,0.999999991194603,0.999999979201339,0.5848898916736387,0.9062171317728948,0.9999998121576876,0.9512023837273694,0.5360925231736446,0.1384361322341865,0.48806793054776776,0.8376997521128988,0.9999999933286801,0.7870400070465771,0.3719299180215031,0.0,0.0,0.0,0.0,0.0,0.0,0.0,0.0,0.0,0.0,0.0,0.4450994777519636,0.8901989516399245,0.9714622778119604,0.9999999787561641,0.9999999815085262,0.9999999806659413,0.9999999703396659,0.9999998291087975,0.9999999166588316,0.9999999885437069,0.999999994454994,0.9999999885165306,0.9155621935157742,0.8841120691823149,0.999999997957759,0.9999999952498125,0.9999999972298595,0.9999999974546672,0.9999999974694549,0.9999999974603769,0.9999999975596485,0.9999999977182559,0.9999999977609348,0.999999997714316,0.9999999978458228,0.9999999977895799,0.9999999973230557,0.9999999975243796,0.9999999975494962,0.9999999975410934,0.9999999974751004,0.9999999973661323,0.999999997390805,0.9999999976625816,0.9999999979416287,0.9999999976619341,0.9999999972832476,0.0,0.0,0.0,0.0,0.0,0.0,0.0,0.34731283306616767,0.6946256599973507,0.9999999781322249,0.9999999606203585,0.999999988211747,0.9775777108837304,0.6307573363729935,0.6311496141050923,0.6981348118556469,0.6752130201100706,0.5070845543048056,0.25384965109050556,0.49181138004110186,0.8391241816525136,0.999999992035787,0.7241659550909952,0.3773455895215096,0.6358014922138178,0.36306272374326837,9.203114080903898e-9,1.8070639034472872e-8,0.11050607057235039,0.1678977911050941,0.1335480227917123,0.5335246482687956,0.9999999586090308,0.9999999763574308,0.9999999548918556,0.7261254251713529,0.3630627149139374,0.0,0.0,0.0,0.0,0.0,0.0,0.0,0.0,0.0,0.0,0.0,0.0,0.0,0.0,0.0,0.0,0.0,0.0,0.4074336636851671,0.8148673260714173,0.999999996596802,0.9999999964404275,0.9999999968619733,0.9999999966892477,0.9999999946977708,0.9999999957046778,0.9999999958121774,0.999999995776599,0.9999999954832737,0.9999999949377992,0.9999999950686531,0.999999996256443,0.9999999971263309,0.9999999962540245,0.9999999944619813,0.0,0.0,0.0,0.0,0.0,0.0,0.0,0.0,0.4857103068533612,0.9714206121106835,0.9999999961309918,0.9999999965766971,0.999999996393187,0.9999999943639423,0.9999999953705091,0.9999999954802794,0.9999999954438976,0.9999999951458581,0.9999999946004253,0.9999999947302426,0.9999999959388991,0.9999999968606148,0.9999999959363138,0.9999999941339391,0.0,0.4566253100146942,0.07198915429500899,0.5286144500834788,0.9852397279832242,0.9999999651869104,0.9999999622331515,0.999999980741153,0.9999999896768226,0.9999999909081756,0.9999999895501883,0.9999999927246639,0.9999999915995961,0.9451331284440087,0.9999999765481268,0.9999999796824784,0.9999999787266031,0.9999999667983892,0.9999997530532823,0.7692723017241558,0.38463616281507407,0.0,0.0,0.0,0.0,0.0,0.0,0.0,0.0,0.0,0.0,0.0,0.0,0.0,0.0,0.0,0.0,0.0,0.0,0.0,0.0,0.0,0.0,0.0,0.0,0.0,0.0,0.0,0.9146420814341315,0.9999999971490993,0.6286508833786786,0.9999999945250035,0.9999999955540542,0.9999999956129945,0.9999999955769184,0.9999999959535317,0.999999996483053,0.9999999966124847,0.9999999964708716,0.9999999968553852,0.9999999966965538,0.9999999949857156,0.9999999958240967,0.9999999959167344,0.9999999958860054,0.999999995635251,0.9999999951808908,0.9999999952885039,0.9999999963063003,0.9999999971029709,0.9999999963041623,0.9999999947967244,0.7587861357961305,0.8845855743622988,0.5471259005586709,0.5989681633360934,0.9999998717157442,0.9999999181004907,0.9999998933543581,0.9999999757173864,0.9999999896632823,0.999999991134794,0.9999999895076984,0.99999999315776,0.9999999919217409,0.7758540822576631,0.9999999661706801,0.9999999735416257,0.9999999714573325,0.9999999280339963,0.8625366482386518,0.6749193207146417,0.3374596730710011,0.0,0.0,0.0,0.7371494529429694,0.7975678821842991,0.39029986436657516,0.5098677723742794,0.8378888246848512,0.8624847486662487,0.8477627809070113,0.9999997233574129,0.9999999831180896,0.9999999867251331,0.9999999827045998,0.999999990803797,0.9999999884081858,0.6370849685844401,0.9557030079546432,0.9999830354773755,0.9856317696583806,0.8714335994996183,0.69942760471631,0.737178140876174,0.8145360285396058,0.40726801961580833,0.0,0.0,0.9783350827891675,0.5292660837673494,0.08019708121790946,2.6007554711148167e-8,1.3743357607646241e-7,2.0166514724473662e-7,1.5683103365619544e-7,0.13487608466729134,0.5492794378124531,0.6757537548602474,0.5386118602724197,0.449068981456605,0.0,0.0,0.0,0.0,0.0,0.0,0.0,0.0,0.0,0.0,0.0,0.0,0.9203726087922364,0.4920657666242959,0.06375892484651836,0.0,0.0,0.0,0.0,0.0,0.0,0.0,0.0,0.0,0.0,0.0,0.0,0.0,0.0,0.0,0.0,0.0,0.0,0.0,0.0,0.0,0.8875488239794305,0.48319404193317,0.0,0.0,0.0,0.0,0.0,0.0,0.0,0.0,0.0,0.0,0.0,0.0,0.0,0.0,0.0,0.0,0.0,0.0,0.0,0.0,0.0,0.0,0.942246907356197,0.5835573876316589,0.22486786832697148,0.0,0.0,0.0,0.0,0.0,0.0,0.0,0.0,0.0,0.0,0.0,0.0,0.0,0.0,0.0,0.0,0.0,0.0,0.0,0.0,0.0,0.0,0.0,0.0,0.0,0.0,0.0,0.0,0.4972310927036707,0.9944621825865625,0.9999999940781037,0.9999999937346119,0.9999999946481638,0.9999999942781678,0.9999999895537065,0.9999999920529268,0.9999999923058638,0.9999999922224374,0.9999999915238762,0.9999999901717301,0.9999999904979694,0.7632453748434733,0.3816226890355067,0.0,0.0,0.7373727310068032,0.999999994080688,0.5725896067045976,0.9531607212398315,0.9999999866087204,0.9999999870616987,0.9999999867873348,0.9999999893531691,0.9999999920995192,0.9999999926583304,0.9999999920451405,0.99999999361231,0.9999999930018482,0.999999981065167,0.9999999885404793,0.999999989128552,0.9999999889372815,0.9999999872274565,0.9999999832538826,0.9999999843201672,0.9999999912725736,0.9999999944570851,0.9999999912626724,0.9999999785592836,0.6559914574320256,0.43532592484158983,0.0,0.0,0.0,0.0,0.0,0.0,0.0,0.0,0.0,0.0,0.0,0.0,0.0,0.0,0.0,0.0,0.0,0.0,0.0,0.0,0.0,0.0,0.9999999969479194,0.6454464679115798,0.29089293271580713,0.0,0.0,0.0,0.0,0.0,0.0,0.0,0.0,0.0,0.0,0.0,0.0,0.0,0.0,0.0,0.0,0.0,0.0,0.0,0.0,0.0,0.0,0.0,0.0,0.0,0.0,0.0,0.0,0.0,0.0,0.0,0.0,0.0,0.0,0.0,0.0,0.0,0.0,0.0,0.0,0.0,0.0,0.0,0.0,0.0,0.603099717297449,0.4584772227243367,0.0,0.0,0.0,0.0,0.0,0.0,0.0,0.0,0.0,0.0,0.0,0.0,0.0,0.0,0.0,0.0,0.0,0.0,0.0,0.0,0.0,0.0,0.8497957243729511,0.9999999948096635,0.5936542758526141,0.9999999722182104,0.9999999897168381,0.99999998994517,0.9999999898058848,0.9999999911945171,0.999999992928371,0.9999999933182875,0.9999999928910679,0.9999999940173592,0.9999999935650035,0.9999999873065555,0.999999990733047,0.9999999910648901,0.9999999909557329,0.9999999900303692,0.999999988179707,0.9999999886400526,0.9999999923751892,0.9999999946813871,0.9999999923681301,0.9999999864099117,0.0,0.0,0.0,0.0,0.0,0.0,0.0,0.411881523637007,0.8237630434552197,0.9999999914840099,0.9999999907237687,0.9999999926612416,0.999999991910698,0.9999999760978381,0.99999998626107,0.999999987022773,0.999999986775611,0.9999999845412801,0.9999999791691921,0.9999999806361444,0.9999999897563463,0.9999999936892979,0.9999999897420179,0.99999997248354,0.6869995767222327,0.4945527453996898,1.2072550048760433e-8,4.6792159034753405e-8,0.1600897304108006,0.18514901892344496,0.17015003496571057,0.34477733623882834,0.6736095519776202,0.773967281665251,0.6651445713273584,0.98752496607103,0.6471331901544168,0.15258048823794035,0.28012336535892074,0.3264793384320422,0.3106165784790768,0.19426661255649827,0.019020200516249666,0.05748171033793991,0.4945525965270193,0.0,0.0,0.0,0.8760548940080648,0.45536491637896637,0.0,0.0,0.0,0.0,0.0,0.0,0.0,0.0,0.0,0.0,0.0,0.0,0.0,0.0,0.0,0.0,0.0,0.0,0.0,0.0,0.0,0.0,0.0,0.0,0.0,0.0,0.0,0.0,0.0,0.0,0.0,0.0,0.0,0.0,0.0,0.0,0.0,0.0,0.0,0.0,0.0,0.0,0.0,0.0,0.0,0.0,0.0,0.0,0.0,0.0,0.0,0.0,0.0,0.13853141347471815,0.567451581398385,0.698357880151799,0.5564114551546734,0.898651735936087,0.46589029344723243,0.03312871974949609,0.0541953002349954,0.11466270836502579,0.09396981180263703,2.2566512506719394e-7,4.607487622344042e-8,5.5752652649068355e-8,0.4065633986963033,0.0,0.0,0.0,0.0,0.0,0.0,0.0,0.0,0.0,0.0,0.0,0.0,0.0,0.0,0.0,0.0,0.0,0.0,0.0,0.0,0.0,0.0,0.0,0.0,0.0,0.0,0.0,0.9351771258122161,0.5801758161904347,0.2251744965691215,0.0,0.0,0.0,0.0,0.0,0.0,0.0,0.0,0.0,0.0,0.0,0.0,0.0,0.0,0.0,0.0,0.0,0.0,0.0,0.0,0.0,0.0,0.0,0.0,0.0,0.0,0.0,0.0,0.0,0.46203524943595164,0.9240704963258278,0.9999999940263684,0.9999999948483811,0.9999999945135934,0.999999990464168,0.9999999925557147,0.9999999927735909,0.9999999927015985,0.9999999921037579,0.9999999909712647,0.999999991245471,0.9999999936636668,0.9999999953549531,0.9999999936589051,0.9999999899613355,0.0,0.0,0.0,0.0,0.0,0.0,0.0,0.0,0.0,0.0,0.0,0.0,0.0,0.0,0.0,0.0,0.0,0.0,0.0,0.0,0.0,0.0,0.0,0.0,0.0,0.0,0.0,0.0,0.0,0.0,0.0,0.4856260957672934,0.9712521776288376,0.9999999803710133,0.9999999734086742,0.9999999869530537,0.9999999831496663,0.6098644973095855,0.9156236366262849,0.9592857939160645,0.9443451916950635,0.8347553098678488,0.6696913035332204,0.7059185838580182,0.9999999571062849,0.9999999904582625,0.9999999566238269,0.556927566460723,0.0,0.0,0.0,0.0,0.0,0.0,0.0,0.47108160587483866,0.9421632084483245,0.9999999929851432,0.9999999925070922,0.9999999937597883,0.9999999932598655,0.9999999858797486,0.9999999900307116,0.9999999904181934,0.9999999902910089,0.999999989201984,0.9999999869642158,0.999999987528449,0.9999999919245198,0.9999999944843004,0.9999999919161026,0.9999999847479819,0.0,0.0,0.0,0.0,0.0,0.0,0.0,0.0,0.0,0.0,0.0,0.0,0.0,0.0,0.0,0.0,0.0,0.0,0.0,0.0,0.0,0.0,0.0,0.0,0.7945173264106424,0.9999999898162059,0.5579683013744112,0.9999999558168909,0.9999999826200912,0.9999999833478583,0.9999999829076551,0.9999999868584287,0.999999990709703,0.999999991450291,0.9999999906369456,0.9999999926830595,0.9999999918987166,0.9999999725933111,0.9999999856461437,0.9999999865267766,0.9999999862423795,0.999999983611645,0.9999999768129677,0.9999999787331798,0.8840633894434953,0.44203169766928485,0.0,0.0,0.6460707860417882,0.23463603852634096,0.0,0.0,0.0,0.0,0.0,0.0,0.0,0.0,0.0,0.0,0.0,0.0,0.0,0.0,0.0,0.0,0.0,0.0,0.0,0.0,0.0,0.0,0.0,0.0,0.0,0.0,0.0,0.0,0.3463450104003964,0.6926900147542241,0.9999999677611207,0.9999999729238374,0.9999999674342622,0.9999999796518648,0.9999999755673717,0.9642499482907424,0.9999998790162616,0.9999999092479152,0.9999999009492617,0.9999996383053736,0.9763764203502651,0.983719499529454,0.9999999585714358,0.9999999841619828,0.9999999584586248,0.9535197039897401,0.0,0.0,0.0,0.0,0.0,0.0,0.0,0.467406444293159,0.9348128561700421,0.9999999304249021,0.9999998415354945,0.9999999664102861,0.9999999485499177,0.8414369778164408,0.9240022269664413,0.9357925095737292,0.9317580054891135,0.9021650896617828,0.8575921204437851,0.867374766441988,0.9927102714526631,0.9999999784242697,0.9925608823186068,0.8271422536937058,0.0,0.0,0.0,0.0,0.0,0.0,0.0,0.3582896303556037,0.522700792720764,0.537920364445776,0.5214170242499415,0.5703072443040562,0.5485728299119266,0.4137979716222961,0.4630273782385967,0.470057357346289,0.46765175593533576,0.45000707465727846,0.42343057487637176,0.4292635803771355,0.5039949756153647,0.4583918763350066,0.0,0.0,0.0,0.0,0.0,0.0,0.0,0.0,0.3611617019632623,0.7223234009841517,0.9999999932134781,0.9999999934278241,0.9999999931985865,0.9999999938365423,0.9999999935670538,0.9999999911329731,0.999999992228614,0.9999999923602697,0.9999999923163371,0.9999999919671503,0.9999999913736436,0.9999999915098993,0.9999999929409773,0.9999999942803487,0.9999999929375636,0.9999999909074601,0.0,0.0,0.0,0.0,0.0,0.0,0.3368350554160806,0.6736701088388902,0.9999999952802756,0.9999999953917224,0.9999999952917148,0.9999999955767472,0.9999999954537427,0.9999999944950791,0.9999999948957088,0.9999999949470457,0.9999999949298372,0.9999999947958756,0.9999999945792087,0.999999994627799,0.9999999951824934,0.9999999957916986,0.9999999951810409,0.9999999944181125,0.5778375118180776,0.9999999940833818,0.9999999613562492,0.9999999896690999,0.9999999912024652,0.99999999129765,0.9999999912393422,0.9999999918637491,0.999999992803471,0.9999999930452199,0.9999999927810983,0.9999999935121375,0.9999999932049033,0.9999999903255955,0.9999999916452021,0.9999999918011673,0.999999991749174,0.9999999913338184,0.9999999906187401,0.9999999907840331,0.9999999924820132,0.999999994011791,0.9999999924779778,0.9999999900493907,0.9999999973324479,0.9999999945228515,0.9921456046453047,0.9999999888906432,0.9999999910473102,0.9999999911731442,0.9999999910961197,0.9999999919035354,0.9999999930524276,0.9999999933359834,0.999999993026037,0.9999999938701776,0.9999999935206622,0.9999999898450695,0.9999999916250576,0.9999999918241836,0.9999999917580479,0.9999999912206459,0.9999999902558203,0.9999999904834533,0.9999999926678589,0.9999999944183636,0.9999999926627766,0.9999999894501166,0.6139951360998877,0.9999999928677649,0.9999998407050879,0.9999999861396092,0.9999999886235266,0.9999999887719925,0.9999999886811675,0.9999999896415251,0.9999999910366798,0.999999991386309,0.9999999910041997,0.9999999920509584,0.999999991615194,0.9999999872252375,0.9999999893084525,0.9999999895464503,0.9999999894672901,0.9999999888282136,0.999999987699036,0.9999999879634128,0.9999999905666739,0.9999999927427892,0.9999999905600846,0.9999999867742221,0.0,0.4721511300740891,0.9443022573586182,0.999999996159797,0.9999999963574352,0.9999999963711973,0.9999999963627417,0.9999999964573459,0.9999999966186884,0.9999999966644099,0.9999999966145138,0.9999999967584786,0.9999999966956798,0.9999999962392202,0.999999996423199,0.9999999964474545,0.9999999964393063,0.9999999963764811,0.9999999962770931,0.9999999962991449,0.9999999965607324,0.9999999968721227,0.9999999965599532,0.9999999962050015,0.5893741922523579,0.9999999976717727,0.9999999967239771,0.9999999972744286,0.9999999973787467,0.9999999973861096,0.9999999973815831,0.9999999974325006,0.9999999975207721,0.9999999975461203,0.9999999975184636,0.9999999975987541,0.9999999975635442,0.9999999973160157,0.9999999974140522,0.9999999974271488,0.9999999974227448,0.9999999973889403,0.9999999973360105,0.9999999973476974,0.9999999974888207,0.9999999976636614,0.9999999974884128,0.9999999972980071,0.0,0.4592884211320768,0.9185768397655958,0.9999999962949059,0.9999999964654651,0.9999999964774215,0.9999999964700749,0.9999999965525169,0.9999999966943138,0.9999999967347725,0.9999999966906252,0.9999999968184063,0.9999999967625145,0.9999999963632058,0.9999999965227013,0.9999999965438736,0.9999999965367573,0.9999999964820164,0.9999999963958802,0.999999996414944,0.999999996643224,0.9999999969204489,0.9999999966425366,0.9999999963337561,0.0,0.0,0.0,0.0,0.0,0.0,0.0,0.0,0.4417366187264071,0.5505977472067083,0.5309778571389198,0.5891007329086717,0.5632620052220321,0.4030352026474772,0.46156155385038583,0.4699192125399999,0.3366952402278595,0.0,0.0,0.0,0.4417366078012992,0.3366952536463929,0.0,0.0,0.0,0.0,0.0,0.0,0.0,0.0,0.3656389383806079,0.7312778705615216,0.9999999604164642,0.9999999687020202,0.9999999596035611,0.9999999782765314,0.999999972650942,0.9409870318587892,0.9963420450556225,0.9999991610107803,0.9999959597084906,0.9817007022861799,0.9518177757127018,0.9583762825520198,0.9999999415589964,0.9999999838369109,0.9999999413351897,0.9314033522208804,0.0,0.0,0.0,0.0,0.0,0.0,0.34466258092594004,0.6893251589972069,0.9999999935348809,0.9999999937371395,0.9999999935285324,0.9999999941106495,0.9999999938641252,0.9999999916762787,0.999999992652628,0.9999999927709047,0.9999999927314207,0.9999999924183461,0.9999999918895133,0.9999999920106177,0.9999999932948003,0.9999999945193131,0.9999999932918548,0.9999999914768166,0.9878831674536532,0.9999999870552794,0.7220229788256982,0.96816323304116,0.9999999007805301,0.9999999137976019,0.99999990618759,0.9999999529224367,0.9999999753265651,0.9999999784232466,0.99999997501619,0.9999999829767315,0.9999999801600764,0.9922519977651257,0.9999999423331157,0.9999999502078144,0.9999999478025543,0.9999999177126573,0.9999989235157976,0.9999997182606687,0.9999999700335634,0.9999999863216198,0.9999999699658224,0.9818068697449718,0.0,0.3413048344146197,0.6826096667381917,0.999999996542942,0.9999999966950863,0.9999999967055131,0.9999999966991018,0.9999999967711094,0.9999999968954738,0.9999999969310791,0.9999999968922317,0.9999999970048482,0.9999999969555247,0.999999996606074,0.9999999967450414,0.9999999967635491,0.9999999967573268,0.9999999967095169,0.999999996634479,0.9999999966510639,0.9999999968505372,0.9999999970953146,0.9999999968500382,0.9999999965803685,0.0,0.0,0.0,0.0,0.0,0.0,0.33861115185956686,0.6772223012668941,0.9999999940604383,0.9999999942522827,0.9999999940658604,0.9999999945866073,0.9999999943658832,0.9999999924202466,0.9999999932855386,0.9999999933906606,0.9999999933555556,0.9999999930775089,0.9999999926088726,0.9999999927160254,0.9999999938570866,0.999999994953517,0.9999999938545122,0.9999999922439141,0.8231501779249231,0.42416632679372857,0.0,0.0,0.0,0.0,0.0,0.4469167189869762,0.8938334067176315,0.9999998981252918,0.9999997405770981,0.9999999525645941,0.9999999260815895,0.8269041186547014,0.9153336949001902,0.9279613809488261,0.923640330317065,0.8919455617228642,0.8442067701955999,0.854684259997926,0.9889216853561839,0.9999999699034562,0.9887617686368378,0.8115942044105603,0.0,0.0,0.0,0.0,0.0,0.0,0.49826152553789427,0.9965230486787884,0.9999999951443702,0.9999999952457979,0.9999999951350618,0.9999999954496831,0.9999999953142834,0.9999999942396308,0.9999999946929438,0.9999999947505882,0.9999999947312761,0.9999999945805604,0.9999999943353448,0.9999999943904813,0.9999999950136652,0.999999995684576,0.9999999950118456,0.9999999941521214,0.9999999974821835,0.9999999960465513,0.9999999918333187,0.9999999946458625,0.9999999950516564,0.9999999950791366,0.9999999950622505,0.9999999952489278,0.9999999955569762,0.9999999956419952,0.9999999955491717,0.9999999958138267,0.9999999956995725,0.9999999948113727,0.9999999951820678,0.9999999952296204,0.9999999952136795,0.9999999950896289,0.9999999948891813,0.9999999949340984,0.9999999954477428,0.9999999960139057,0.9999999954463481,0.9999999947402993,0.9999999973037734,0.999999995543725,0.9999999891347258,0.9999999936410268,0.9999999942128601,0.9999999942509487,0.9999999942275362,0.9999999944845346,0.9999999949008871,0.9999999950141832,0.9999999948904861,0.9999999952409483,0.9999999950905091,0.9999999938763874,0.9999999943928817,0.9999999944580897,0.9999999944362529,0.9999999942654494,0.9999999939859983,0.9999999940489902,0.9999999947544445,0.999999995499953,0.9999999947524206,0.9999999937758913,0.0,0.4210971835037774,0.8421943613137387,0.9999999940380178,0.9999999945246952,0.9999999945573962,0.9999999945373076,0.9999999947589822,0.9999999951221922,0.9999999952218828,0.9999999951130311,0.9999999954226325,0.9999999952892618,0.9999999942375786,0.999999994679728,0.999999994736108,0.9999999947172161,0.999999994569911,0.999999994330754,0.9999999943844777,0.9999999949937199,0.9999999956546797,0.9999999949921649,0.9999999941521392,0.0,0.4630909452111258,0.9261818889499187,0.9999999974119277,0.999999997503331,0.999999997509803,0.9999999975058234,0.9999999975506463,0.9999999976286953,0.9999999976511893,0.9999999976266492,0.999999997698012,0.9999999976666724,0.9999999974483124,0.9999999975343891,0.999999997545928,0.9999999975420466,0.9999999975122904,0.9999999974658256,0.9999999974760707,0.9999999976003807,0.9999999977560907,0.999999997600028,0.9999999974325465,0.9147551573469799,0.9999999942312761,0.999999958081408,0.9999999897721917,0.9999999913281414,0.9999999914242399,0.9999999913653846,0.9999999919945569,0.999999992936858,0.9999999931783625,0.9999999929144754,0.9999999936438044,0.9999999933376887,0.9999999904401917,0.9999999917746206,0.999999991931608,0.9999999918792916,0.9999999914607339,0.9999999907375889,0.9999999909050247,0.9999999926151694,0.9999999941398673,0.9999999926113169,0.9999999901590919,0.0,0.45068644271981473,0.7390056873105447,0.9377898858915139,0.9879516204091102,0.9917130033378818,0.9894615839787029,0.9999998725793976,0.9999999684416349,0.9999999742358052,0.9999999678312347,0.9999999814552886,0.9999999771520441,0.9572444389185575,0.9999995863558557,0.9999998391733321,0.9999997986935453,0.9930815081110218,0.9667779837798923,0.972550877800265,0.9999999563176348,0.9999999859164753,0.9999999561582736,0.9488086310503261,0.6606580846883031,0.4069631325198517,0.0,0.0,0.0,0.0,0.0,0.4320514068643545,0.8641027978113552,0.9999999477899059,0.9999999184870213,0.9999999693553423,0.9999999575798589,0.864156583899027,0.948888212774584,0.9609878669286681,0.9568475006381726,0.9264781103406134,0.8807356048259862,0.8907749206101906,0.9999997849803117,0.9999999789308124,0.9999997819544567,0.849486778022579,0.0,0.0,0.0,0.0,0.0,0.0,0.37769619292199763,0.7553923821177314,0.9999999912514601,0.9999999916937329,0.9999999912143394,0.9999999924967986,0.9999999919746214,0.9999999856401549,0.9999999889152372,0.9999999892559874,0.9999999891433474,0.9999999882081484,0.9999999864347144,0.9999999868645953,0.9999999906472027,0.9999999932855393,0.9999999906398986,0.999999984850101,0.9999999976998197,0.9999999960231858,0.9999999866066009,0.99999999387145,0.9999999945609233,0.999999994605479,0.9999999945781428,0.999999994875035,0.9999999953403342,0.9999999954637694,0.9999999953289781,0.9999999957067645,0.9999999955461764,0.9999999941601787,0.9999999947700563,0.9999999948448663,0.9999999948198615,0.9999999946224655,0.9999999942922027,0.9999999943674828,0.9999999951784899,0.999999995975999,0.99999999517644,0.9999999940375646,0.0,0.0,0.0,0.0,0.0,0.0,0.0,0.4686200419703412,0.7684608979513043,0.7866424011091941,0.7669274061383148,0.8253316262928034,0.7993680171418083,0.6383648412456504,0.6971747822951696,0.7055727783717164,0.7026990641872758,0.6816205894171627,0.6498720301475859,0.6568401220796771,0.7461146985676584,0.8625261115246423,0.746008364837395,0.6281830767461174,0.0,0.0,0.0,0.0,0.0,0.0,0.0,0.37299512997189727,0.6792264185334146,0.7020304484147818,0.6773026754168368,0.7505571843504538,0.7179916298683668,0.5160514776396276,0.5898145486187297,0.6003479013169973,0.5967434689978934,0.5703055071261919,0.5304844900789304,0.5392242993517702,0.6511982734797452,0.4794277969052015,0.0,0.0,0.9360006852467981,0.9999999916627823,0.7715329722718632,0.9999999723336583,0.9999999820379732,0.9999999824897692,0.9999999822147596,0.9999999849249099,0.9999999882104458,0.9999999889354587,0.9999999881414097,0.9999999902211802,0.9999999893913145,0.9999999771534898,0.9999999840316715,0.9999999846743399,0.9999999844632557,0.999999982657495,0.9999999789490202,0.9999999798846432,0.9999999871765303,0.9999999914224122,0.9999999871623252,0.9999999752844038,0.0,0.47493411077885855,0.9498682155376023,0.999999994031185,0.9999999945010409,0.9999999945328867,0.9999999945132946,0.9999999947297471,0.9999999950875389,0.9999999951864599,0.9999999950784929,0.9999999953865056,0.9999999952534853,0.999999994222751,0.9999999946521759,0.9999999947073206,0.9999999946888286,0.9999999945450178,0.9999999943128195,0.9999999943648145,0.9999999949606064,0.9999999956195087,0.9999999949589824,0.9999999941405062,0.0,0.37693851108754933,0.7538770183056017,0.9999999951609462,0.9999999955033135,0.9999999955265287,0.999999995512256,0.9999999956704618,0.9999999959331886,0.9999999960060709,0.9999999959265039,0.9999999961538799,0.9999999960555235,0.9999999953008887,0.9999999956137179,0.9999999956540652,0.999999995640534,0.9999999955354277,0.9999999953662857,0.9999999954041228,0.9999999958397442,0.9999999963271793,0.9999999958386289,0.9999999952411447,0.0,0.4984505290534493,0.9969010562156135,0.999999996805108,0.9999999969167427,0.9999999969246778,0.999999996919797,0.9999999969748383,0.9999999970711085,0.9999999970989556,0.9999999970685785,0.9999999971570668,0.9999999971181499,0.9999999968494335,0.9999999969548542,0.9999999969690362,0.9999999969642641,0.9999999969277269,0.99999999687083,0.9999999968833585,0.9999999970361797,0.9999999972294955,0.9999999970357163,0.9999999968302282,0.9690903533066264,0.999999990304027,0.8682962112057905,0.9999999747760164,0.9999999815235632,0.9999999818823788,0.9999999816629563,0.9999999838977068,0.9999999868557614,0.999999987548993,0.9999999867905963,0.9999999888174527,0.9999999879928899,0.999999977913051,0.9999999831420886,0.999999983683884,0.9999999835047865,0.9999999820164279,0.9999999791854419,0.9999999798724786,0.9999999858956494,0.9999999900586418,0.9999999858823807,0.9999999766503476,0.0,0.0,0.0,0.0,0.0,0.0,0.34811389456891295,0.6962277866022318,0.999999993828936,0.9999999940435993,0.9999999938170461,0.9999999944432661,0.9999999941803582,0.9999999916949933,0.9999999928390454,0.9999999929736924,0.9999999929288221,0.9999999925698604,0.9999999919498999,0.9999999920933893,0.9999999935599649,0.9999999948696956,0.9999999935567698,0.999999991453848,0.4827911508114884,0.8329040467278622,0.9999999928069611,0.9999999951459864,0.9999999954936847,0.9999999955173258,0.9999999955027957,0.9999999956637133,0.9999999959305031,0.9999999960044142,0.9999999959237224,0.999999996154177,0.9999999960545397,0.9999999952874826,0.9999999956060186,0.9999999956470444,0.9999999956332873,0.9999999955263734,0.9999999953541395,0.9999999953926872,0.9999999958357171,0.9999999963294097,0.9999999958345707,0.9999999952265809,0.999999995134618,0.8666162017550003,0.43330810099700545,0.0,0.0,0.0,0.0,0.4661978238017157,0.9323956067888384,0.999999922759783,0.9999998699338943,0.9999999569289538,0.9999999386775609,0.8454852797001268,0.9363008786889583,0.9492693160675743,0.9448316729867254,0.9122816846809922,0.8632547647732685,0.8740149282460009,0.8666161876139226,0.4333081104877649,0.0,0.0,1.0,1.0,1.0,1.0,1.0,1.0,1.0,1.0,1.0,1.0,1.0,1.0,1.0,1.0,1.0,1.0,1.0,1.0,1.0,1.0,1.0,1.0,1.0,1.0,-0.0,-0.0,-0.0,-0.0,-0.0,-0.0,-0.0,-0.0,-0.0,-0.0,1.0,1.0,1.0,1.0,1.0,1.0,1.0,1.0,1.0,1.0,1.0,1.0,1.0,1.0,1.0,1.0,1.0,1.0,1.0,1.0,1.0,1.0,1.0,1.0,1.0,1.0,1.0,1.0,1.0,1.0,1.0,1.0,1.0,1.0,1.0,1.0,1.0,1.0,-0.0,-0.0,-0.0,-0.0,-0.0,-0.0,1.0,1.0,1.0,1.0,1.0,1.0,1.0,1.0,1.0,1.0,1.0,1.0,1.0,1.0,1.0,1.0,1.0,1.0,1.0,1.0,1.0,1.0,1.0,1.0,1.0,1.0,1.0,1.0,1.0,1.0,1.0,1.0,-0.0,-0.0,-0.0,-0.0,-0.0,-0.0,-0.0,-0.0,-0.0,-0.0,-0.0,-0.0,-0.0,-0.0,-0.0,-0.0,1.0,1.0,1.0,1.0,1.0,1.0,1.0,1.0,1.0,1.0,1.0,1.0,1.0,1.0,1.0,1.0,1.0,1.0,-0.0,-0.0,-0.0,-0.0,-0.0,-0.0,-0.0,1.0,1.0,1.0,1.0,1.0,1.0,1.0,1.0,1.0,1.0,1.0,1.0,1.0,1.0,1.0,1.0,1.0,1.0,1.0,1.0,1.0,1.0,1.0,1.0,1.0,1.0,1.0,1.0,1.0,1.0,1.0,1.0,1.0,1.0,1.0,1.0,1.0,1.0,1.0,-0.0,-0.0,-0.0,-0.0,-0.0,-0.0,-0.0,-0.0,-0.0,-0.0,-0.0,-0.0,-0.0,-0.0,-0.0,-0.0,-0.0,-0.0,-0.0,-0.0,-0.0,-0.0,-0.0,-0.0,-0.0,-0.0,1.0,1.0,1.0,1.0,1.0,1.0,1.0,1.0,1.0,1.0,1.0,1.0,1.0,1.0,1.0,1.0,1.0,1.0,1.0,1.0,1.0,1.0,1.0,1.0,1.0,1.0,1.0,1.0,1.0,1.0,1.0,1.0,1.0,1.0,1.0,1.0,1.0,1.0,1.0,1.0,1.0,1.0,1.0,1.0,1.0,1.0,-0.0,-0.0,1.0,1.0,1.0,1.0,1.0,1.0,1.0,1.0,1.0,1.0,1.0,1.0,1.0,1.0,1.0,1.0,1.0,1.0,1.0,1.0,1.0,1.0,1.0,-0.0,1.0,1.0,1.0,1.0,1.0,1.0,1.0,1.0,1.0,1.0,1.0,1.0,1.0,-0.0,-0.0,-0.0,-0.0,-0.0,-0.0,-0.0,-0.0,-0.0,-0.0,-0.0,1.0,1.0,1.0,1.0,-0.0,-0.0,-0.0,-0.0,-0.0,-0.0,-0.0,-0.0,-0.0,-0.0,-0.0,-0.0,-0.0,-0.0,-0.0,-0.0,-0.0,-0.0,-0.0,-0.0,1.0,1.0,1.0,-0.0,-0.0,-0.0,-0.0,-0.0,-0.0,-0.0,-0.0,-0.0,-0.0,-0.0,-0.0,-0.0,-0.0,-0.0,-0.0,-0.0,-0.0,-0.0,-0.0,-0.0,1.0,1.0,1.0,1.0,-0.0,-0.0,-0.0,-0.0,-0.0,-0.0,-0.0,-0.0,-0.0,-0.0,-0.0,-0.0,-0.0,-0.0,-0.0,-0.0,-0.0,-0.0,-0.0,-0.0,-0.0,-0.0,-0.0,-0.0,-0.0,-0.0,1.0,1.0,1.0,1.0,1.0,1.0,1.0,1.0,1.0,1.0,1.0,1.0,1.0,1.0,1.0,1.0,1.0,-0.0,1.0,1.0,1.0,1.0,1.0,1.0,1.0,1.0,1.0,1.0,1.0,1.0,1.0,1.0,1.0,1.0,1.0,1.0,1.0,1.0,1.0,1.0,1.0,1.0,1.0,1.0,1.0,-0.0,-0.0,-0.0,-0.0,-0.0,-0.0,-0.0,-0.0,-0.0,-0.0,-0.0,-0.0,-0.0,-0.0,-0.0,-0.0,-0.0,-0.0,-0.0,-0.0,-0.0,1.0,1.0,1.0,1.0,-0.0,-0.0,-0.0,-0.0,-0.0,-0.0,-0.0,-0.0,-0.0,-0.0,-0.0,-0.0,-0.0,-0.0,-0.0,-0.0,-0.0,-0.0,-0.0,-0.0,-0.0,-0.0,-0.0,-0.0,-0.0,-0.0,-0.0,-0.0,-0.0,-0.0,-0.0,-0.0,-0.0,-0.0,-0.0,-0.0,-0.0,-0.0,-0.0,-0.0,-0.0,-0.0,-0.0,-0.0,1.0,1.0,1.0,-0.0,-0.0,-0.0,-0.0,-0.0,-0.0,-0.0,-0.0,-0.0,-0.0,-0.0,-0.0,-0.0,-0.0,-0.0,-0.0,-0.0,-0.0,-0.0,-0.0,-0.0,1.0,1.0,1.0,1.0,1.0,1.0,1.0,1.0,1.0,1.0,1.0,1.0,1.0,1.0,1.0,1.0,1.0,1.0,1.0,1.0,1.0,1.0,1.0,1.0,-0.0,-0.0,-0.0,-0.0,-0.0,-0.0,1.0,1.0,1.0,1.0,1.0,1.0,1.0,1.0,1.0,1.0,1.0,1.0,1.0,1.0,1.0,1.0,1.0,1.0,1.0,1.0,1.0,1.0,1.0,1.0,1.0,1.0,1.0,1.0,1.0,1.0,1.0,1.0,1.0,1.0,1.0,1.0,1.0,1.0,1.0,1.0,-0.0,-0.0,1.0,1.0,1.0,-0.0,-0.0,-0.0,-0.0,-0.0,-0.0,-0.0,-0.0,-0.0,-0.0,-0.0,-0.0,-0.0,-0.0,-0.0,-0.0,-0.0,-0.0,-0.0,-0.0,-0.0,-0.0,-0.0,-0.0,-0.0,-0.0,-0.0,-0.0,-0.0,-0.0,-0.0,-0.0,-0.0,-0.0,-0.0,-0.0,-0.0,-0.0,-0.0,-0.0,-0.0,-0.0,-0.0,-0.0,-0.0,-0.0,-0.0,-0.0,-0.0,-0.0,-0.0,1.0,1.0,1.0,1.0,1.0,1.0,1.0,1.0,1.0,1.0,1.0,1.0,1.0,1.0,1.0,1.0,-0.0,-0.0,-0.0,-0.0,-0.0,-0.0,-0.0,-0.0,-0.0,-0.0,-0.0,-0.0,-0.0,-0.0,-0.0,-0.0,-0.0,-0.0,-0.0,-0.0,-0.0,-0.0,-0.0,-0.0,-0.0,-0.0,1.0,1.0,1.0,1.0,-0.0,-0.0,-0.0,-0.0,-0.0,-0.0,-0.0,-0.0,-0.0,-0.0,-0.0,-0.0,-0.0,-0.0,-0.0,-0.0,-0.0,-0.0,-0.0,-0.0,-0.0,-0.0,-0.0,-0.0,-0.0,-0.0,-0.0,1.0,1.0,1.0,1.0,1.0,1.0,1.0,1.0,1.0,1.0,1.0,1.0,1.0,1.0,1.0,1.0,1.0,-0.0,-0.0,-0.0,-0.0,-0.0,-0.0,-0.0,-0.0,-0.0,-0.0,-0.0,-0.0,-0.0,-0.0,-0.0,-0.0,-0.0,-0.0,-0.0,-0.0,-0.0,-0.0,-0.0,-0.0,-0.0,-0.0,-0.0,-0.0,-0.0,-0.0,1.0,1.0,1.0,1.0,1.0,1.0,1.0,1.0,1.0,1.0,1.0,1.0,1.0,1.0,1.0,1.0,1.0,1.0,-0.0,-0.0,-0.0,-0.0,-0.0,-0.0,1.0,1.0,1.0,1.0,1.0,1.0,1.0,1.0,1.0,1.0,1.0,1.0,1.0,1.0,1.0,1.0,1.0,1.0,-0.0,-0.0,-0.0,-0.0,-0.0,-0.0,-0.0,-0.0,-0.0,-0.0,-0.0,-0.0,-0.0,-0.0,-0.0,-0.0,-0.0,-0.0,-0.0,-0.0,-0.0,-0.0,-0.0,-0.0,1.0,1.0,1.0,1.0,1.0,1.0,1.0,1.0,1.0,1.0,1.0,1.0,1.0,1.0,1.0,1.0,1.0,1.0,1.0,1.0,1.0,1.0,1.0,-0.0,1.0,1.0,1.0,-0.0,-0.0,-0.0,-0.0,-0.0,-0.0,-0.0,-0.0,-0.0,-0.0,-0.0,-0.0,-0.0,-0.0,-0.0,-0.0,-0.0,-0.0,-0.0,-0.0,-0.0,1.0,-0.0,-0.0,-0.0,-0.0,1.0,1.0,1.0,1.0,1.0,1.0,1.0,1.0,1.0,1.0,1.0,1.0,1.0,1.0,1.0,1.0,1.0,1.0,1.0,1.0,-0.0,-0.0,-0.0,-0.0,-0.0,1.0,1.0,1.0,1.0,1.0,1.0,1.0,1.0,1.0,1.0,1.0,1.0,1.0,1.0,1.0,1.0,1.0,1.0,1.0,-0.0,-0.0,-0.0,-0.0,-0.0,1.0,1.0,1.0,1.0,1.0,1.0,1.0,1.0,1.0,1.0,1.0,1.0,1.0,1.0,1.0,1.0,1.0,-0.0,1.0,-0.0,-0.0,-0.0,-0.0,1.0,1.0,1.0,1.0,1.0,1.0,1.0,1.0,1.0,1.0,1.0,1.0,1.0,1.0,1.0,1.0,1.0,1.0,1.0,1.0,-0.0,-0.0,-0.0,-0.0,1.0,1.0,1.0,1.0,1.0,1.0,1.0,1.0,1.0,1.0,1.0,1.0,1.0,1.0,1.0,1.0,1.0,1.0,1.0,1.0,1.0,1.0,1.0,1.0,1.0,1.0,1.0,1.0,1.0,1.0,1.0,1.0,1.0,1.0,1.0,1.0,1.0,1.0,1.0,1.0,1.0,1.0,1.0,1.0,1.0,1.0,1.0,1.0,1.0,1.0,1.0,1.0,1.0,1.0,1.0,1.0,1.0,1.0,1.0,1.0,1.0,1.0,1.0,1.0,1.0,1.0,1.0,1.0,1.0,1.0,1.0,1.0,1.0,1.0,1.0,1.0,1.0,1.0,1.0,1.0,1.0,1.0,1.0,1.0,1.0,1.0,1.0,1.0,1.0,1.0,1.0,1.0,1.0,1.0,1.0,1.0,1.0,1.0,1.0,1.0,1.0,1.0,1.0,1.0,1.0,1.0,1.0,1.0,1.0,1.0,1.0,1.0,1.0,1.0,1.0,1.0,1.0,1.0,1.0,1.0,1.0,1.0,1.0,1.0,1.0,1.0,1.0,1.0,1.0,1.0,1.0,1.0,1.0,1.0,1.0,1.0,1.0,1.0,1.0,1.0,1.0,1.0,1.0,1.0,1.0,1.0,1.0,1.0,1.0,1.0,1.0,1.0,1.0,1.0,1.0,1.0,1.0,1.0,1.0,1.0,1.0,1.0,1.0,1.0,-0.0,-0.0,-0.0,-0.0,-0.0,-0.0,1.0,1.0,1.0,1.0,1.0,1.0,1.0,1.0,1.0,1.0,1.0,-0.0,1.0,1.0,1.0,1.0,-0.0,1.0,-0.0,-0.0,-0.0,-0.0,1.0,1.0,1.0,1.0,1.0,1.0,1.0,1.0,1.0,1.0,1.0,1.0,1.0,1.0,1.0,1.0,1.0,1.0,1.0,1.0,-0.0,-0.0,-0.0,-0.0,1.0,1.0,1.0,1.0,1.0,1.0,1.0,1.0,1.0,1.0,1.0,1.0,1.0,1.0,1.0,1.0,1.0,1.0,1.0,1.0,1.0,1.0,1.0,1.0,1.0,1.0,1.0,1.0,1.0,1.0,1.0,1.0,1.0,1.0,1.0,1.0,1.0,1.0,1.0,1.0,1.0,1.0,1.0,1.0,1.0,1.0,1.0,1.0,1.0,1.0,1.0,1.0,1.0,1.0,1.0,1.0,1.0,1.0,1.0,1.0,1.0,1.0,1.0,1.0,1.0,1.0,1.0,1.0,-0.0,-0.0,-0.0,-0.0,1.0,1.0,1.0,1.0,1.0,1.0,1.0,1.0,1.0,1.0,1.0,1.0,1.0,1.0,1.0,1.0,1.0,1.0,1.0,1.0,1.0,1.0,-0.0,-0.0,-0.0,1.0,1.0,1.0,1.0,1.0,1.0,1.0,1.0,1.0,1.0,1.0,1.0,1.0,1.0,1.0,1.0,1.0,1.0,1.0,-0.0,-0.0,-0.0,-0.0,1.0,1.0,1.0,1.0,1.0,1.0,1.0,1.0,1.0,1.0,1.0,1.0,1.0,1.0,1.0,1.0,1.0,1.0,1.0,1.0,1.0,1.0,1.0,1.0,1.0,1.0,1.0,1.0,1.0,1.0,1.0,1.0,1.0,1.0,1.0,1.0,1.0,1.0,1.0,1.0,1.0,1.0,1.0,1.0,1.0,1.0,1.0,1.0,1.0,1.0,1.0,1.0,1.0,1.0,1.0,1.0,1.0,1.0,1.0,1.0,1.0,1.0,1.0,1.0,1.0,1.0,1.0,1.0,1.0,1.0,1.0,1.0,1.0,1.0,1.0,1.0,1.0,1.0,1.0,1.0,1.0,1.0,1.0,1.0,1.0,1.0,1.0,1.0,1.0,1.0,1.0,1.0,1.0,1.0,1.0,1.0,1.0,1.0,1.0,1.0,1.0,1.0,1.0,1.0,1.0,1.0,1.0,1.0,1.0,1.0,1.0,1.0,1.0,1.0,1.0,1.0,1.0,1.0,1.0,1.0,1.0,1.0,1.0,1.0,1.0,1.0,1.0,1.0,1.0,1.0,1.0,1.0,1.0,1.0,1.0,1.0,1.0,1.0,1.0,1.0,1.0,1.0,1.0,1.0,1.0,1.0,1.0,1.0,1.0,1.0,1.0,1.0,1.0,1.0,1.0,1.0,1.0,1.0,1.0,1.0,1.0,1.0,1.0,1.0,1.0,1.0,-0.0,-0.0,-0.0,1.0,1.0,1.0,1.0,1.0,1.0,1.0,1.0,1.0,1.0,1.0,1.0,1.0,1.0,1.0,1.0,1.0,1.0,1.0,-0.0,-0.0,-0.0,-0.0,1.0,1.0,1.0,1.0,1.0,1.0,1.0,1.0,1.0,1.0,1.0,1.0,1.0,1.0,1.0,1.0,1.0,1.0,1.0,1.0,1.0,1.0,1.0,1.0,1.0,1.0,1.0,1.0,1.0,1.0,1.0,1.0,1.0,1.0,1.0,1.0,1.0,1.0,1.0,1.0,1.0,1.0,1.0,1.0,-0.0,-0.0,-0.0,-0.0,-0.0,1.0,1.0,1.0,1.0,1.0,1.0,1.0,1.0,1.0,1.0,1.0,1.0,1.0,1.0,1.0,1.0,1.0,1.0,1.0,-0.0,-0.0,-0.0,-0.0,-0.0,1.0,1.0,1.0,1.0,1.0,1.0,1.0,1.0,1.0,1.0,1.0,1.0,1.0,1.0,1.0,1.0,1.0,-0.0,1.0,1.0,1.0,1.0,1.0,1.0,1.0,1.0,1.0,1.0,1.0,1.0,1.0,1.0,1.0,1.0,1.0,1.0,1.0,1.0,1.0,1.0,1.0,1.0,1.0,1.0,1.0,1.0,1.0,1.0,1.0,1.0,1.0,1.0,1.0,1.0,1.0,1.0,1.0,1.0,1.0,1.0,1.0,1.0,1.0,1.0,1.0,1.0,1.0,1.0,1.0,1.0,1.0,1.0,1.0,1.0,1.0,1.0,1.0,1.0,1.0,1.0,1.0,1.0,1.0,1.0,1.0,1.0,1.0,1.0,1.0,1.0,1.0,1.0,1.0,1.0,1.0,1.0,1.0,1.0,1.0,1.0,1.0,1.0,1.0,1.0,1.0,1.0,1.0,1.0,1.0,1.0,1.0,1.0,1.0,1.0,1.0,1.0,1.0,1.0,1.0,1.0,1.0,1.0,1.0,1.0,1.0,1.0,1.0,1.0,1.0,1.0,1.0,1.0,1.0,1.0,1.0,1.0,1.0,1.0,1.0,-0.0,-0.0,-0.0,-0.0,1.0,1.0,1.0,1.0,1.0,1.0,1.0,1.0,1.0,1.0,1.0,1.0,1.0,1.0,1.0,1.0,1.0,1.0,1.0,1.0,1.0,1.0,1.0,1.0,1.0,1.0,1.0,1.0,1.0,1.0,1.0,1.0,1.0,1.0,1.0,1.0,1.0,1.0,1.0,1.0,1.0,1.0,1.0,1.0,1.0,1.0,1.0,-0.0,-0.0,1.0,1.0,1.0,1.0,1.0,1.0,1.0,1.0,1.0,1.0,1.0,1.0,1.0,1.0,1.0,1.0,1.0,-0.0,492.59447,-0.0,-0.0,-0.0,-0.0,-0.0,-0.0,-0.0,-0.0,-0.0,-0.0,-0.0,-0.0,-0.0,-0.0,-0.0,-0.0,-0.0,-0.0,-0.0,-0.0,-0.0,-0.0,-0.0,-0.0,-0.0,-0.0,-0.0,-0.0,-0.0,-0.0,-0.0,-0.0,-0.0,416.662212,-0.0,-0.0,-0.0,-0.0,-0.0,-0.0,-0.0,-0.0,-0.0,-0.0,-0.0,-0.0,-0.0,-0.0,-0.0,-0.0,-0.0,-0.0,-0.0,-0.0,-0.0,-0.0,-0.0,-0.0,-0.0,-0.0,-0.0,-0.0,-0.0,-0.0,-0.0,-0.0,-0.0,-0.0,-0.0,-0.0,-0.0,-0.0,-0.0,-0.0,-0.0,-0.0,-0.0,428.097857,-0.0,-0.0,-0.0,-0.0,-0.0,-0.0,-0.0,-0.0,-0.0,-0.0,-0.0,-0.0,-0.0,-0.0,-0.0,-0.0,-0.0,-0.0,-0.0,-0.0,-0.0,-0.0,-0.0,-0.0,-0.0,-0.0,-0.0,-0.0,-0.0,-0.0,-0.0,0.0,-0.0,-0.0,-0.0,-0.0,-0.0,-0.0,-0.0,-0.0,-0.0,-0.0,-0.0,-0.0,-0.0,-0.0,-0.0,487.063763,-0.0,-0.0,-0.0,-0.0,-0.0,-0.0,-0.0,-0.0,-0.0,-0.0,-0.0,-0.0,-0.0,-0.0,-0.0,-0.0,-0.0,-0.0,-0.0,-0.0,-0.0,-0.0,-0.0,-0.0,410.039447,-0.0,-0.0,-0.0,-0.0,-0.0,-0.0,-0.0,-0.0,-0.0,-0.0,-0.0,-0.0,-0.0,-0.0,-0.0,-0.0,428.69252,-0.0,-0.0,-0.0,-0.0,-0.0,-0.0,-0.0,-0.0,-0.0,-0.0,-0.0,-0.0,-0.0,-0.0,-0.0,-0.0,-0.0,-0.0,-0.0,-0.0,-0.0,0.0,-0.0,-0.0,-0.0,-0.0,-0.0,-0.0,-0.0,-0.0,-0.0,-0.0,-0.0,-0.0,-0.0,-0.0,-0.0,-0.0,-0.0,-0.0,-0.0,-0.0,-0.0,-0.0,-0.0,-0.0,-0.0,-0.0,-0.0,-0.0,-0.0,-0.0,-0.0,-0.0,-0.0,-0.0,-0.0,-0.0,-0.0,-0.0,-0.0,-0.0,-0.0,-0.0,-0.0,-0.0,-0.0,-0.0,-0.0,-0.0,-0.0,-0.0,-0.0,-0.0,-0.0,-0.0,-0.0,-0.0,-0.0,-0.0,-0.0,-0.0,-0.0,-0.0,-0.0,-0.0,-0.0,-0.0,-0.0,-0.0,-0.0,-0.0,-0.0,0.0,-0.0,-0.0,-0.0,-0.0,-0.0,-0.0,-0.0,-0.0,-0.0,-0.0,-0.0,-0.0,-0.0,-0.0,-0.0,-0.0,-0.0,-0.0,-0.0,-0.0,-0.0,-0.0,-0.0,-0.0,0.0,-0.0,-0.0,-0.0,-0.0,-0.0,-0.0,-0.0,-0.0,-0.0,-0.0,-0.0,-0.0,-0.0,0.0,-0.0,-0.0,-0.0,-0.0,-0.0,-0.0,-0.0,-0.0,-0.0,-0.0,-0.0,-0.0,-0.0,-0.0,0.0,-0.0,-0.0,-0.0,-0.0,-0.0,-0.0,-0.0,-0.0,-0.0,-0.0,-0.0,-0.0,-0.0,-0.0,-0.0,-0.0,-0.0,-0.0,-0.0,-0.0,-0.0,-0.0,0.0,-0.0,-0.0,-0.0,-0.0,-0.0,-0.0,-0.0,-0.0,-0.0,-0.0,-0.0,-0.0,-0.0,-0.0,-0.0,-0.0,-0.0,-0.0,-0.0,-0.0,-0.0,-0.0,-0.0,-0.0,0.0,-0.0,-0.0,-0.0,-0.0,-0.0,-0.0,-0.0,-0.0,-0.0,-0.0,-0.0,-0.0,-0.0,-0.0,-0.0,-0.0,-0.0,-0.0,-0.0,-0.0,-0.0,-0.0,-0.0,-0.0,-0.0,262.475082,-0.0,-0.0,-0.0,-0.0,-0.0,-0.0,-0.0,-0.0,-0.0,-0.0,-0.0,-0.0,-0.0,-0.0,-0.0,-0.0,0.0,-0.0,-0.0,-0.0,-0.0,-0.0,-0.0,-0.0,-0.0,-0.0,-0.0,-0.0,-0.0,-0.0,-0.0,-0.0,-0.0,-0.0,-0.0,-0.0,-0.0,-0.0,-0.0,-0.0,-0.0,-0.0,-0.0,-0.0,0.0,-0.0,-0.0,-0.0,-0.0,-0.0,-0.0,-0.0,-0.0,-0.0,-0.0,-0.0,-0.0,-0.0,-0.0,-0.0,-0.0,-0.0,-0.0,-0.0,-0.0,-0.0,-0.0,-0.0,-0.0,0.0,-0.0,-0.0,-0.0,-0.0,-0.0,-0.0,-0.0,-0.0,-0.0,-0.0,-0.0,-0.0,-0.0,-0.0,-0.0,-0.0,-0.0,-0.0,-0.0,-0.0,-0.0,-0.0,-0.0,-0.0,-0.0,-0.0,-0.0,-0.0,-0.0,-0.0,-0.0,-0.0,-0.0,-0.0,-0.0,-0.0,-0.0,-0.0,-0.0,-0.0,-0.0,-0.0,-0.0,-0.0,-0.0,-0.0,0.0,-0.0,-0.0,-0.0,-0.0,-0.0,-0.0,-0.0,-0.0,-0.0,-0.0,-0.0,-0.0,-0.0,-0.0,-0.0,-0.0,-0.0,-0.0,-0.0,-0.0,-0.0,-0.0,-0.0,-0.0,-0.0,-0.0,-0.0,-0.0,-0.0,-0.0,-0.0,-0.0,-0.0,-0.0,-0.0,-0.0,-0.0,-0.0,-0.0,-0.0,-0.0,-0.0,-0.0,-0.0,-0.0,-0.0,-0.0,-0.0,-0.0,-0.0,265.074568,-0.0,-0.0,-0.0,-0.0,-0.0,-0.0,-0.0,-0.0,-0.0,-0.0,-0.0,-0.0,-0.0,-0.0,-0.0,-0.0,-0.0,-0.0,-0.0,-0.0,-0.0,-0.0,-0.0,-0.0,-0.0,-0.0,-0.0,-0.0,-0.0,-0.0,-0.0,-0.0,-0.0,-0.0,-0.0,-0.0,-0.0,-0.0,-0.0,0.0,-0.0,-0.0,-0.0,-0.0,0.0,-0.0,-0.0,-0.0,-0.0,-0.0,-0.0,-0.0,-0.0,-0.0,-0.0,-0.0,-0.0,-0.0,-0.0,-0.0,-0.0,-0.0,-0.0,-0.0,-0.0,-0.0,-0.0,-0.0,-0.0,-0.0,-0.0,-0.0,-0.0,-0.0,-0.0,-0.0,-0.0,-0.0,-0.0,-0.0,-0.0,-0.0,-0.0,-0.0,-0.0,-0.0,-0.0,-0.0,-0.0,-0.0,-0.0,-0.0,-0.0,-0.0,-0.0,262.176014,-0.0,-0.0,-0.0,-0.0,-0.0,-0.0,-0.0,-0.0,-0.0,-0.0,-0.0,-0.0,-0.0,-0.0,-0.0,0.0,-0.0,-0.0,-0.0,-0.0,-0.0,-0.0,-0.0,-0.0,-0.0,-0.0,-0.0,-0.0,-0.0,-0.0,-0.0,-0.0,-0.0,-0.0,-0.0,-0.0,-0.0,-0.0,-0.0,-0.0,-0.0,-0.0,-0.0,-0.0,-0.0,0.0,-0.0,-0.0,-0.0,-0.0,-0.0,-0.0,-0.0,-0.0,-0.0,-0.0,-0.0,-0.0,-0.0,-0.0,-0.0,-0.0,-0.0,-0.0,-0.0,-0.0,-0.0,-0.0,-0.0,-0.0,-0.0,-0.0,288.054762,-0.0,-0.0,-0.0,-0.0,-0.0,-0.0,-0.0,-0.0,-0.0,-0.0,-0.0,-0.0,-0.0,-0.0,-0.0,-0.0,-0.0,-0.0,-0.0,-0.0,-0.0,-0.0,-0.0,-0.0,-0.0,-0.0,-0.0,-0.0,-0.0,-0.0,-0.0,-0.0,-0.0,-0.0,-0.0,-0.0,-0.0,-0.0,-0.0,-0.0,-0.0,-0.0,-0.0,-0.0,-0.0,-0.0,306.962557,-0.0,-0.0,-0.0,-0.0,-0.0,-0.0,-0.0,-0.0,-0.0,-0.0,-0.0,-0.0,-0.0,-0.0,-0.0,-0.0,-0.0,-0.0,-0.0,-0.0,-0.0,-0.0,-0.0,293.724498,-0.0,-0.0,-0.0,-0.0,-0.0,-0.0,-0.0,-0.0,-0.0,-0.0,-0.0,-0.0,-0.0,-0.0,-0.0,-0.0,-0.0,-0.0,-0.0,-0.0,-0.0,-0.0,-0.0,-0.0,-0.0,-0.0,-0.0,-0.0,-0.0,-0.0,-0.0,-0.0,-0.0,-0.0,-0.0,-0.0,-0.0,-0.0,-0.0,-0.0,-0.0,-0.0,-0.0,-0.0,-0.0,-0.0,-0.0,-0.0,-0.0,-0.0,-0.0,-0.0,-0.0,-0.0,-0.0,-0.0,-0.0,-0.0,-0.0,-0.0,-0.0,-0.0,-0.0,-0.0,0.0,-0.0,-0.0,-0.0,0.0,-0.0,-0.0,-0.0,-0.0,-0.0,-0.0,-0.0,-0.0,-0.0,-0.0,-0.0,-0.0,-0.0,-0.0,-0.0,-0.0,-0.0,-0.0,-0.0,-0.0,136.991961,0.0,-0.0,-0.0,-0.0,136.991961,-0.0,-0.0,-0.0,-0.0,-0.0,-0.0,-0.0,-0.0,-0.0,-0.0,-0.0,-0.0,-0.0,-0.0,-0.0,-0.0,-0.0,-0.0,175.299737,0.0,-0.0,-0.0,-0.0,-0.0,175.299737,-0.0,-0.0,-0.0,-0.0,-0.0,-0.0,-0.0,-0.0,-0.0,-0.0,-0.0,-0.0,-0.0,-0.0,-0.0,-0.0,-0.0,179.177294,0.0,-0.0,-0.0,-0.0,-0.0,179.177294,-0.0,-0.0,-0.0,-0.0,-0.0,-0.0,-0.0,-0.0,-0.0,-0.0,-0.0,-0.0,-0.0,-0.0,-0.0,-0.0,0.0,145.970087,0.0,-0.0,-0.0,-0.0,145.970087,-0.0,-0.0,-0.0,-0.0,-0.0,-0.0,-0.0,-0.0,-0.0,-0.0,-0.0,-0.0,-0.0,-0.0,-0.0,-0.0,-0.0,-0.0,150.414154,0.0,-0.0,-0.0,-0.0,150.414154,-0.0,-0.0,-0.0,-0.0,-0.0,-0.0,-0.0,-0.0,-0.0,-0.0,-0.0,-0.0,-0.0,-0.0,-0.0,-0.0,-0.0,-0.0,-0.0,-0.0,-0.0,-0.0,-0.0,-0.0,-0.0,-0.0,-0.0,-0.0,-0.0,-0.0,-0.0,-0.0,-0.0,-0.0,-0.0,-0.0,-0.0,-0.0,-0.0,-0.0,-0.0,-0.0,-0.0,-0.0,-0.0,-0.0,-0.0,-0.0,-0.0,-0.0,-0.0,-0.0,-0.0,-0.0,-0.0,-0.0,-0.0,-0.0,-0.0,-0.0,-0.0,-0.0,-0.0,-0.0,-0.0,-0.0,-0.0,-0.0,-0.0,-0.0,-0.0,-0.0,-0.0,-0.0,-0.0,-0.0,-0.0,-0.0,-0.0,-0.0,-0.0,-0.0,-0.0,-0.0,-0.0,-0.0,-0.0,-0.0,-0.0,-0.0,162.108753,-0.0,-0.0,-0.0,-0.0,-0.0,-0.0,-0.0,-0.0,-0.0,-0.0,-0.0,-0.0,-0.0,-0.0,-0.0,-0.0,-0.0,-0.0,-0.0,-0.0,-0.0,-0.0,-0.0,-0.0,-0.0,-0.0,-0.0,-0.0,-0.0,-0.0,-0.0,-0.0,-0.0,-0.0,-0.0,-0.0,-0.0,-0.0,-0.0,-0.0,-0.0,-0.0,-0.0,-0.0,-0.0,-0.0,-0.0,170.266602,-0.0,-0.0,-0.0,-0.0,-0.0,-0.0,-0.0,-0.0,-0.0,-0.0,-0.0,-0.0,-0.0,-0.0,-0.0,-0.0,-0.0,-0.0,-0.0,-0.0,-0.0,-0.0,-0.0,147.849046,0.0,-0.0,-0.0,-0.0,-0.0,-0.0,147.849046,-0.0,-0.0,-0.0,-0.0,-0.0,-0.0,-0.0,-0.0,-0.0,-0.0,0.0,147.849046,-0.0,-0.0,-0.0,0.0,173.435143,0.0,-0.0,-0.0,-0.0,173.435143,-0.0,-0.0,-0.0,-0.0,-0.0,-0.0,-0.0,-0.0,-0.0,-0.0,-0.0,-0.0,-0.0,-0.0,-0.0,-0.0,-0.0,-0.0,135.125348,0.0,-0.0,-0.0,-0.0,135.125348,-0.0,-0.0,-0.0,-0.0,-0.0,-0.0,-0.0,-0.0,-0.0,-0.0,-0.0,-0.0,-0.0,-0.0,-0.0,-0.0,-0.0,-0.0,-0.0,-0.0,-0.0,-0.0,-0.0,-0.0,-0.0,-0.0,-0.0,-0.0,-0.0,-0.0,-0.0,-0.0,-0.0,-0.0,-0.0,-0.0,-0.0,-0.0,-0.0,-0.0,-0.0,-0.0,156.354145,-0.0,-0.0,-0.0,-0.0,-0.0,-0.0,-0.0,-0.0,-0.0,-0.0,-0.0,-0.0,-0.0,-0.0,-0.0,-0.0,-0.0,-0.0,-0.0,-0.0,-0.0,-0.0,-0.0,167.249795,0.0,-0.0,-0.0,-0.0,167.249795,-0.0,-0.0,-0.0,-0.0,-0.0,-0.0,-0.0,-0.0,-0.0,-0.0,-0.0,-0.0,-0.0,-0.0,-0.0,-0.0,-0.0,-0.0,-0.0,-0.0,-0.0,0.0,-0.0,-0.0,148.411013,-0.0,-0.0,-0.0,-0.0,-0.0,-0.0,-0.0,-0.0,-0.0,-0.0,-0.0,-0.0,-0.0,-0.0,-0.0,-0.0,-0.0,162.248984,0.0,-0.0,-0.0,-0.0,162.248984,-0.0,-0.0,-0.0,-0.0,-0.0,-0.0,-0.0,-0.0,-0.0,-0.0,-0.0,-0.0,-0.0,-0.0,-0.0,-0.0,-0.0,-0.0,-0.0,-0.0,-0.0,-0.0,-0.0,-0.0,-0.0,-0.0,-0.0,-0.0,-0.0,-0.0,-0.0,-0.0,-0.0,-0.0,-0.0,-0.0,-0.0,-0.0,-0.0,-0.0,-0.0,-0.0,-0.0,-0.0,-0.0,-0.0,-0.0,-0.0,-0.0,-0.0,-0.0,-0.0,-0.0,-0.0,-0.0,-0.0,-0.0,-0.0,-0.0,-0.0,-0.0,-0.0,-0.0,-0.0,-0.0,-0.0,153.422895,-0.0,-0.0,-0.0,-0.0,-0.0,-0.0,-0.0,-0.0,-0.0,-0.0,-0.0,-0.0,-0.0,-0.0,-0.0,-0.0,-0.0,-0.0,-0.0,-0.0,-0.0,-0.0,-0.0,183.971089,-0.0,-0.0,-0.0,-0.0,-0.0,-0.0,-0.0,-0.0,-0.0,-0.0,-0.0,-0.0,-0.0,-0.0,-0.0,-0.0,-0.0,-0.0,-0.0,-0.0,-0.0,-0.0,-0.0,-0.0,-0.0,-0.0,-0.0,-0.0,-0.0,-0.0,-0.0,-0.0,-0.0,-0.0,-0.0,-0.0,-0.0,-0.0,-0.0,-0.0,-0.0,-0.0,-0.0,-0.0,-0.0,-0.0,-0.0,176.05753,-0.0,-0.0,-0.0,-0.0,-0.0,-0.0,-0.0,-0.0,-0.0,-0.0,-0.0,-0.0,-0.0,-0.0,-0.0,-0.0,-0.0,-0.0,-0.0,-0.0,-0.0,-0.0,-0.0,-0.0,-0.0,-0.0,0.0,-0.0,-0.0,179.007095,-0.0,-0.0,-0.0,-0.0,-0.0,-0.0,-0.0,-0.0,-0.0,-0.0,-0.0,-0.0,-0.0,-0.0,-0.0,-0.0,-0.0,171.351286,0.0,-0.0,-0.0,-0.0,171.351286,-0.0,-0.0,-0.0,-0.0,-0.0,-0.0,-0.0,-0.0,-0.0,-0.0,-0.0,-0.0,-0.0,-0.0,-0.0,-0.0,-0.0,-0.0,-0.0,-0.0,-0.0,-0.0,-0.0,-0.0,-0.0,-0.0,-0.0,-0.0,-0.0,-0.0,-0.0,-0.0,-0.0,-0.0,-0.0,-0.0,-0.0,-0.0,-0.0,-0.0,-0.0,-0.0,148.03739,0.0,-0.0,-0.0,-0.0,-0.0,148.03739,-0.0,-0.0,-0.0,-0.0,-0.0,-0.0,-0.0,-0.0,-0.0,-0.0,-0.0,-0.0,-0.0,-0.0,-0.0,-0.0,-0.0,176.770979,0.0,-0.0,-0.0,-0.0,-0.0,176.770979,-0.0,-0.0,-0.0,-0.0,-0.0,-0.0,-0.0,-0.0,-0.0,-0.0,-0.0,-0.0,-0.0,-0.0,-0.0,-0.0,0.0,-0.0,-0.0,-0.0,-0.0,-0.0,-0.0,-0.0,-0.0,-0.0,-0.0,-0.0,-0.0,-0.0,-0.0,-0.0,-0.0,-0.0,-0.0,-0.0,-0.0,-0.0,-0.0,-0.0,-0.0,141.234432,-0.0,-0.0,-0.0,-0.0,-0.0,-0.0,-0.0,-0.0,-0.0,-0.0,-0.0,-0.0,-0.0,-0.0,-0.0,-0.0,-0.0,-0.0,-0.0,-0.0,-0.0,-0.0,-0.0,188.592679,-0.0,-0.0,-0.0,-0.0,-0.0,-0.0,-0.0,-0.0,-0.0,-0.0,-0.0,-0.0,-0.0,-0.0,-0.0,-0.0,-0.0,-0.0,-0.0,-0.0,-0.0,-0.0,-0.0,149.430764,-0.0,-0.0,-0.0,-0.0,-0.0,-0.0,-0.0,-0.0,-0.0,-0.0,-0.0,-0.0,-0.0,-0.0,-0.0,-0.0,-0.0,-0.0,-0.0,-0.0,-0.0,-0.0,-0.0,-0.0,-0.0,-0.0,-0.0,-0.0,-0.0,-0.0,-0.0,-0.0,-0.0,-0.0,-0.0,-0.0,-0.0,-0.0,-0.0,-0.0,-0.0,-0.0,-0.0,-0.0,-0.0,-0.0,-0.0,187.822783,0.0,-0.0,-0.0,-0.0,187.822783,-0.0,-0.0,-0.0,-0.0,-0.0,-0.0,-0.0,-0.0,-0.0,-0.0,-0.0,-0.0,-0.0,-0.0,-0.0,-0.0,-0.0,-0.0,-0.0,-0.0,-0.0,-0.0,-0.0,-0.0,-0.0,-0.0,-0.0,-0.0,-0.0,-0.0,-0.0,-0.0,-0.0,-0.0,-0.0,-0.0,-0.0,-0.0,-0.0,-0.0,-0.0,-0.0,-0.0,-0.0,-0.0,-0.0,0.0,-0.0,147.974311,-0.0,-0.0,-0.0,-0.0,-0.0,-0.0,-0.0,-0.0,-0.0,-0.0,-0.0,-0.0,-0.0,-0.0,-0.0,-0.0,0.0,2.7985018432113413e-8,0.06112121295577835,2.7985087004173427e-8,2.798609446482444e-8,0.020257854132004195,0.060709835223468074,0.17899595899557819,0.44931029070587364,0.49999998119590616,0.49999998431241055,0.4999999808461992,0.4999999879689666,0.49999997597369905,0.17104809363691606,0.41061474266825304,0.499999808844589,0.4523929844663406,0.1436975979991173,0.009582284066626824,0.11910515413574327,0.3508704362348036,0.49999999010308005,0.30971598529584093,0.06916593393934355,-8.878332668480303e-9,-8.878332668480303e-9,-8.878332668480303e-9,-8.878332668480303e-9,-8.878332668480303e-9,-8.878332668480303e-9,-8.878332668480303e-9,-8.878332668480303e-9,-8.878332668480303e-9,-8.878332668480303e-9,-8.87833282853336e-9,0.09905676088833681,0.39622707134321483,0.4718694623423045,0.49999996204148656,0.49999996479334935,0.49999996395085233,0.4999999536270004,0.49999981246971126,0.49999989999111494,0.4999999718283728,0.49999997773974575,0.4999999718010601,0.4191270494271317,0.39082706439927634,0.4999999855434664,0.4999999828354213,0.4999999848154617,0.4999999850402709,0.49999998505509635,0.49999998504600995,0.4999999851452952,0.4999999853039709,0.4999999853466234,0.49999998530002,0.49999998543155205,0.4999999853752895,0.4999999849087081,0.49999998511004257,0.49999998513517024,0.4999999851267629,0.4999999850607453,0.4999999849517747,0.49999998497642906,0.4999999852483261,0.49999998552738234,0.4999999852476288,0.4999999848688545,-7.576518356646863e-9,-7.576518356646863e-9,-7.576518356646863e-9,-7.576518356646863e-9,-7.576518356646863e-9,-7.576518356646863e-9,-7.576518339134174e-9,0.06031309145884165,0.24125239093126882,0.49999996203555763,0.4999999445239653,0.49999997211638003,0.4778290745678896,0.19892739638701745,0.19917490542802166,0.24369609396429254,0.22795629853068636,0.12856736115205528,0.03221981253890564,0.12093920547898367,0.3520646818901279,0.4999999759402648,0.2622081521435663,0.07119483628509213,0.20212175871885144,0.06590726237809366,-2.0219251503885937e-9,-2.0208831160599853e-9,0.006105788366276707,0.014094826526320579,0.008917528548086731,0.14232426220454064,0.4999999448164876,0.49999996256708124,0.4999999410977416,0.2636290557330542,0.06590725917319645,-2.0225380805702133e-9,-2.022538104541699e-9,-2.022538104541699e-9,-2.022538104541699e-9,-2.022538104541699e-9,-2.022538104541699e-9,-2.022538104541699e-9,-2.022538104541699e-9,-2.022538104541699e-9,-2.022538104541699e-9,-2.022538104541699e-9,-6.756789814479594e-9,-6.756789814479594e-9,-6.756789814479594e-9,-6.756789814479594e-9,-6.756789814479594e-9,-6.756789814479594e-9,-6.756789652805592e-9,0.08300108468618211,0.33200436594229454,0.4999999808708389,0.4999999807143952,0.499999981136073,0.4999999809632586,0.49999997897119947,0.49999997997842566,0.49999998008599555,0.4999999800503944,0.4999999797568697,0.4999999792112218,0.49999997934208323,0.49999998053049816,0.4999999814005351,0.49999998052797057,0.49999997873534013,-9.188706497408145e-9,-9.188706497408145e-9,-9.188706497408145e-9,-9.188706497408145e-9,-9.188706497408145e-9,-9.188706497408145e-9,-9.188706497408145e-9,-9.188706547781072e-9,0.11795723903774481,0.47182898630077247,0.4999999792600203,0.49999997970578425,0.49999997952225467,0.4999999774931832,0.49999997849954336,0.49999997860929146,0.49999997857290074,0.49999997827496073,0.4999999777297308,0.4999999778594279,0.49999997906795757,0.4999999799897172,0.49999997906536175,0.49999997726288814,-5.026140377777746e-9,0.10425332687830875,0.0025912105731593672,0.13971660797622595,0.48534864601534927,0.49999995019830235,0.4999999472449631,0.4999999657513834,0.4999999746890806,0.49999997592026957,0.4999999745619854,0.49999997773740285,0.49999997661194434,0.44663830105468777,0.4999999615581631,0.49999996469306923,0.4999999637372334,0.4999999518082651,0.499999738210895,0.2958899246866015,0.07397247926126993,-5.026140377777746e-9,-5.026140608970858e-9,-5.026140608970858e-9,-1.034673139025203e-8,-1.034673139025203e-8,-1.034673139025203e-8,-1.034673139025203e-8,-1.034673139025203e-8,-1.034673139025203e-8,-1.034673139025203e-8,-1.034673139025203e-8,-1.034673139025203e-8,-1.034673139025203e-8,-1.034673139025203e-8,-1.034673139025203e-8,-1.034673139025203e-8,-1.034673139025203e-8,-1.034673139025203e-8,-1.034673139025203e-8,-1.034673139025203e-8,-1.034673139025203e-8,-1.034673139025203e-8,-1.034673139025203e-8,-1.034673139025203e-8,-1.034673139025203e-8,-1.034673139025203e-8,-1.034673139025203e-8,0.4182850590249815,0.4999999865784656,0.19760095983310696,0.4999999839539412,0.4999999849831586,0.49999998504213045,0.4999999850059815,0.499999985382725,0.4999999859123975,0.4999999860417863,0.49999998590020284,0.49999998628476133,0.49999998612589924,0.4999999844148086,0.49999998525332306,0.49999998534600776,0.4999999853152652,0.49999998506437754,0.49999998460995854,0.49999998471755075,0.49999998573571275,0.4999999865323658,0.499999985733497,0.4999999842257385,0.28787818650836855,0.39124580445254437,0.14967336384227334,0.1793814180398867,0.49999985578085687,0.49999990202690514,0.4999998772904888,0.49999995961128313,0.4999999735572739,0.49999997502885657,0.4999999734016445,0.49999997705228266,0.49999997581599753,0.30097476487918784,0.4999999500647512,0.49999995743492837,0.4999999553508407,0.49999991194303045,0.37198472023003404,0.22775803206752426,0.056939504959349664,-7.599425311839425e-9,-7.5994255883163e-9,-7.5994255883163e-9,0.27169464389309705,0.3180572486688013,0.07616698043610785,0.1299825601883815,0.35102882622362536,0.37193995550650694,0.3593508509806822,0.499999706306201,0.49999996614602427,0.4999999697530829,0.49999996573285693,0.49999997383174744,0.4999999714362247,0.2029386154022151,0.4566841033031564,0.49998301796683786,0.48573497591289244,0.3796982436958701,0.24459947332994803,0.27171579155559134,0.3317344560431655,0.08293360818733428,-9.385990290188123e-9,-9.38599024768153e-9,0.47856975444518524,0.14006128532078016,0.003215779489602368,2.3092957099961364e-10,2.718017654737082e-10,2.9465079942010576e-10,2.9318162636984e-10,0.00909577182130282,0.15085394154101284,0.22832155916720015,0.14505135963372642,0.10083146715574277,2.2813355011584213e-10,2.2813357123827761e-10,2.2813357123827761e-10,2.2813357123827761e-10,2.2813357123827761e-10,2.2813357123827761e-10,2.2813357123827761e-10,2.2813357123827761e-10,2.2813357123827761e-10,2.2813357123827761e-10,2.2813357123827761e-10,2.2813357123827761e-10,0.4235428566497299,0.12106435031403187,0.002032592885449866,-2.033053408976271e-9,-2.0330533828468983e-9,-2.0330533828468983e-9,-2.0330533828468983e-9,-2.0330533828468983e-9,-2.0330533828468983e-9,-2.0330533828468983e-9,-2.0330533828468983e-9,-2.0330533828468983e-9,-2.0330533828468983e-9,-2.0330533828468983e-9,-2.0330533828468983e-9,-2.0330533828468983e-9,-2.0330533828468983e-9,-2.0330533828468983e-9,-2.0330533828468983e-9,-2.0330533828468983e-9,-2.0330533828468983e-9,-2.0330533828468983e-9,-2.0330533828468983e-9,-2.0330533828468983e-9,0.3938714432648727,0.11673823036724795,-6.348923708429764e-9,-6.34892387216506e-9,-6.34892387216506e-9,-6.34892387216506e-9,-6.34892387216506e-9,-6.34892387216506e-9,-6.34892387216506e-9,-6.34892387216506e-9,-6.34892387216506e-9,-6.34892387216506e-9,-6.34892387216506e-9,-6.34892387216506e-9,-6.34892387216506e-9,-6.34892387216506e-9,-6.34892387216506e-9,-6.34892387216506e-9,-6.34892387216506e-9,-6.34892387216506e-9,-6.34892387216506e-9,-6.34892387216506e-9,-6.34892387216506e-9,-6.34892387216506e-9,0.44391460597710397,0.17026960454770318,0.025282773186531285,2.921246585212831e-9,2.9212464603174405e-9,2.9212464603174405e-9,2.9212464603174405e-9,2.9212464603174405e-9,2.9212464603174405e-9,2.9212464603174405e-9,2.9212464603174405e-9,2.9212464603174405e-9,2.9212464603174405e-9,2.9212464603174405e-9,2.9212464603174405e-9,2.9212464603174405e-9,2.9212464603174405e-9,2.9212464603174405e-9,2.9212464603174405e-9,2.9212464603174405e-9,2.9212464603174405e-9,2.9212464603174405e-9,2.9212464603174405e-9,2.9212464603174405e-9,-3.618498253778235e-9,-3.618498253778235e-9,-3.618498253778235e-9,-3.618498253778235e-9,-3.618498253778235e-9,-3.618498253778235e-9,-3.6184983138655494e-9,0.1236193701083727,0.4944775019516744,0.4999999796626228,0.49999997931897217,0.49999998023305064,0.49999997986276706,0.499999975136739,0.4999999776368783,0.4999999778900151,0.49999997780654604,0.4999999771074303,0.49999997575483224,0.4999999760810269,0.29127173932723527,0.07281792936958267,-3.6184983138655494e-9,-3.618498253778235e-9,0.2718592597661381,0.4999999787524643,0.16392941775965192,0.4542576655068417,0.4999999712789406,0.4999999717319591,0.4999999714576109,0.49999997402414736,0.49999997677156766,0.499999977330273,0.49999997671673124,0.4999999782846232,0.499999977673823,0.4999999657352319,0.4999999732115087,0.499999973799839,0.49999997360852977,0.4999999718979736,0.49999996792402734,0.4999999689902821,0.49999997594441187,0.4999999791298203,0.4999999759345318,0.4999999632293802,0.21516238752763722,0.09475432336086315,2.2700318929619715e-9,2.270031628366198e-9,2.270031628366198e-9,2.270031628366198e-9,2.270031628366198e-9,2.270031628366198e-9,2.270031628366198e-9,2.270031628366198e-9,2.270031628366198e-9,2.270031628366198e-9,2.270031628366198e-9,2.270031628366198e-9,2.270031628366198e-9,2.270031628366198e-9,2.270031628366198e-9,2.270031628366198e-9,2.270031628366198e-9,2.270031628366198e-9,2.270031628366198e-9,2.270031628366198e-9,2.270031628366198e-9,2.270031628366198e-9,0.49999998144503766,0.20830055964471234,0.042309339425862194,-6.2456438141924414e-9,-6.245643771091264e-9,-6.245643771091264e-9,-6.245643771091264e-9,-6.245643771091264e-9,-6.245643771091264e-9,-6.245643771091264e-9,-6.245643771091264e-9,-6.245643771091264e-9,-6.245643771091264e-9,-6.245643771091264e-9,-6.245643771091264e-9,-6.245643771091264e-9,-6.245643771091264e-9,-6.245643771091264e-9,-6.245643771091264e-9,-6.245643771091264e-9,-6.245643771091264e-9,-6.245643771091264e-9,-6.245643771091264e-9,-6.245643771091264e-9,-5.400894991399604e-9,-5.400894991399604e-9,-5.400894991399604e-9,-5.400894991399604e-9,-5.400894991399604e-9,-5.400894991399604e-9,-5.400894991399604e-9,-5.400894991399604e-9,-5.400894991399604e-9,-5.400894991399604e-9,-5.400894991399604e-9,-5.400894991399604e-9,-5.400894991399604e-9,-5.400894991399604e-9,-5.400894991399604e-9,-5.400894991399604e-9,-5.400894991399604e-9,-5.400894991399604e-9,-5.400894991399604e-9,-5.400894991399604e-9,-5.400894991399604e-9,-5.400894991399604e-9,-5.400894991399604e-9,-5.400894991399604e-9,0.18186462343812396,0.10510067178407187,-5.240296034620205e-9,-5.2402960061243974e-9,-5.2402960061243974e-9,-5.2402960061243974e-9,-5.2402960061243974e-9,-5.2402960061243974e-9,-5.2402960061243974e-9,-5.2402960061243974e-9,-5.2402960061243974e-9,-5.2402960061243974e-9,-5.2402960061243974e-9,-5.2402960061243974e-9,-5.2402960061243974e-9,-5.2402960061243974e-9,-5.2402960061243974e-9,-5.2402960061243974e-9,-5.2402960061243974e-9,-5.2402960061243974e-9,-5.2402960061243974e-9,-5.2402960061243974e-9,-5.2402960061243974e-9,-5.2402960061243974e-9,0.3610763747868528,0.4999999812630433,0.17621269015613006,0.4999999586682492,0.49999997616895864,0.4999999763972455,0.4999999762578959,0.4999999776472054,0.4999999793819597,0.49999997977169436,0.4999999793441353,0.49999998047102195,0.4999999800184166,0.4999999737582597,0.49999997718574907,0.49999997751782416,0.4999999774086361,0.4999999764826281,0.4999999746315035,0.49999997509198685,0.4999999788285512,0.49999998113511973,0.49999997882150027,0.499999972861404,-2.073296523980541e-9,-2.073296523980541e-9,-2.073296523980541e-9,-2.073296523980541e-9,-2.073296523980541e-9,-2.073296523980541e-9,-2.0732964299791566e-9,0.08482318618890682,0.33929276409919845,0.499999977674573,0.4999999769143108,0.49999997885268144,0.49999997810168606,0.4999999622855878,0.4999999724507446,0.49999997321285117,0.49999997296561055,0.49999997073014985,0.49999996535727603,0.4999999668243961,0.4999999759471559,0.49999997988138123,0.49999997593236806,0.49999995867122876,0.23598419688164968,0.12229119809824937,-6.597405346608286e-9,-6.590660394279229e-9,0.012814351428548159,0.017140070070988087,0.014475507485798214,0.05943569482733734,0.22687490175291314,0.29951266345679234,0.22120863829992693,0.4876027636958741,0.20939067097830807,0.011640393343889135,0.03923454013866587,0.05329436877975162,0.04824131948117602,0.018869748823848165,0.00018087437900503195,0.0016520640861383653,0.12229112444877524,-6.598419504486596e-9,-6.598419651847978e-9,-6.598419651847978e-9,0.3837360761608292,0.10367859457266587,-2.4724626007221435e-9,-2.472462851066496e-9,-2.472462851066496e-9,-2.472462851066496e-9,-2.472462851066496e-9,-2.472462851066496e-9,-2.472462851066496e-9,-2.472462851066496e-9,-2.472462851066496e-9,-2.472462851066496e-9,-2.472462851066496e-9,-2.472462851066496e-9,-2.472462851066496e-9,-2.472462851066496e-9,-2.472462851066496e-9,-2.472462851066496e-9,-2.472462851066496e-9,-2.472462851066496e-9,-2.472462851066496e-9,-2.472462851066496e-9,-2.472462851066496e-9,-2.472462851066496e-9,1.581929061477797e-9,1.581929061477797e-9,1.581929061477797e-9,1.581929061477797e-9,1.581929061477797e-9,1.581929061477797e-9,1.581929061477797e-9,1.581929061477797e-9,1.581929061477797e-9,1.581929061477797e-9,1.581929061477797e-9,1.581929061477797e-9,1.581929061477797e-9,1.581929061477797e-9,1.581929061477797e-9,1.581929061477797e-9,1.581929061477797e-9,1.581929061477797e-9,1.581929061477797e-9,1.581929061477797e-9,1.581929061477797e-9,1.581929061477797e-9,1.581929061477797e-9,1.581929061477797e-9,-2.138875527694462e-10,-2.138875527694462e-10,-2.138875527694462e-10,-2.138875527694462e-10,-2.138875527694462e-10,-2.138875527694462e-10,-2.1388735836292742e-10,0.009595468100027664,0.1610006390379632,0.24385185458046196,0.1547968452307199,0.40378745917109554,0.10852687455472715,0.0005487490210171462,0.0014685578993630156,0.006573760762289335,0.004415155880166024,-6.417516152936719e-11,-2.0632065792424354e-10,-2.0510690571525906e-10,0.08264689075390923,-2.1388735836292742e-10,-2.138875527694462e-10,-2.138875527694462e-10,-5.353270763119709e-9,-5.353270763119709e-9,-5.353270763119709e-9,-5.353270763119709e-9,-5.353270763119709e-9,-5.353270763119709e-9,-5.353270763119709e-9,-5.353270763119709e-9,-5.353270763119709e-9,-5.353270763119709e-9,-5.353270763119709e-9,-5.353270763119709e-9,-5.353270763119709e-9,-5.353270763119709e-9,-5.353270763119709e-9,-5.353270763119709e-9,-5.353270763119709e-9,-5.353270763119709e-9,-5.353270763119709e-9,-5.353270763119709e-9,-5.353270763119709e-9,-5.353270763119709e-9,-5.353270763119709e-9,-5.353270763119709e-9,0.4372781150340981,0.1683019789492151,0.02535176888100443,-2.766867561297785e-9,-2.7668673374159226e-9,-2.7668673374159226e-9,-2.7668673374159226e-9,-2.7668673374159226e-9,-2.7668673374159226e-9,-2.7668673374159226e-9,-2.7668673374159226e-9,-2.7668673374159226e-9,-2.7668673374159226e-9,-2.7668673374159226e-9,-2.7668673374159226e-9,-2.7668673374159226e-9,-2.7668673374159226e-9,-2.7668673374159226e-9,-2.7668673374159226e-9,-2.7668673374159226e-9,-2.7668673374159226e-9,-2.7668673374159226e-9,-2.7668673374159226e-9,-2.7668673374159226e-9,-2.8111482630685066e-9,-2.8111482630685066e-9,-2.8111482630685066e-9,-2.8111482630685066e-9,-2.8111482630685066e-9,-2.8111482630685066e-9,-2.8111482630685066e-9,-2.8111483654315424e-9,0.10673827672673067,0.4269531279153,0.4999999799302117,0.49999998075276997,0.4999999804177508,0.49999997636694915,0.4999999784592962,0.4999999786773515,0.49999997860532147,0.49999997800699764,0.4999999768741369,0.49999997714846267,0.4999999795678294,0.49999998125964895,0.4999999795630975,0.49999997586420397,-5.877846368402891e-9,-5.877846368402891e-9,-5.877846368402891e-9,-5.877846368402891e-9,-5.877846368402891e-9,-5.877846368402891e-9,-5.877846368402891e-9,-5.877846368402891e-9,-5.877846368402891e-9,-5.877846368402891e-9,-5.877846368402891e-9,-5.877846368402891e-9,-5.877846368402891e-9,-5.877846368402891e-9,-5.877846368402891e-9,-5.877846368402891e-9,-5.877846368402891e-9,-5.877846368402891e-9,-5.877846368402891e-9,-5.877846368402891e-9,-5.877846368402891e-9,-5.877846368402891e-9,-5.877846368402891e-9,-5.877846368402891e-9,-7.657504077185582e-9,-7.657504077185582e-9,-7.657504077185582e-9,-7.657504077185582e-9,-7.657504077185582e-9,-7.657504077185582e-9,-7.657504211585484e-9,0.11791634113224568,0.4716653804982381,0.4999999642370497,0.4999999572748501,0.4999999708200944,0.4999999670162083,0.1859673403860033,0.4191833068550151,0.4601146012286943,0.4458939050579482,0.3484081994389922,0.22424320832438893,0.24916051048074117,0.4999999409723973,0.4999999743253728,0.4999999404912689,0.155084145380322,-1.4937505059201423e-9,-1.4937505059201423e-9,-1.4937505059201423e-9,-1.4937505059201423e-9,-1.4937505059201423e-9,-1.4937505059201423e-9,-1.4937505443631402e-9,0.11095893102093755,0.4438357427994721,0.4999999794000314,0.49999997892149095,0.4999999801747993,0.4999999796745762,0.4999999722925339,0.4999999764446697,0.49999997683240366,0.4999999767051872,0.49999997561543585,0.4999999733771248,0.4999999739415014,0.49999997833925347,0.49999998089939435,0.499999978330748,0.49999997116054873,-5.129932084892776e-9,-5.129932084892776e-9,-5.129932084892776e-9,-5.129932084892776e-9,-5.129932084892776e-9,-5.129932084892776e-9,-5.129932084892776e-9,-5.129932084892776e-9,-5.129932084892776e-9,-5.129932084892776e-9,-5.129932084892776e-9,-5.129932084892776e-9,-5.129932084892776e-9,-5.129932084892776e-9,-5.129932084892776e-9,-5.129932084892776e-9,-5.129932084892776e-9,-5.129932084892776e-9,-5.129932084892776e-9,-5.129932084892776e-9,-5.129932084892776e-9,-5.129932084892776e-9,-5.129932084892776e-9,-5.129932084892776e-9,0.3156288790632093,0.49999997556970377,0.1556643027665365,0.4999999415781666,0.49999996837146027,0.4999999690993277,0.49999996865913793,0.4999999726113312,0.49999997646410776,0.4999999772044862,0.49999997639069105,0.49999997843770283,0.49999997765292303,0.4999999583445546,0.49999997139907204,0.49999997228012,0.4999999719956661,0.49999996936366814,0.4999999625641939,0.4999999644843499,0.39078402540897544,0.09769600170286558,-3.1910491347202715e-9,-3.1910490723587517e-9,0.20870371960955042,0.02752702691064491,-3.463258864004015e-9,-3.4632590039954986e-9,-3.4632590039954986e-9,-3.4632590039954986e-9,-3.4632590039954986e-9,-3.4632590039954986e-9,-3.4632590039954986e-9,-3.4632590039954986e-9,-3.4632590039954986e-9,-3.4632590039954986e-9,-3.4632590039954986e-9,-3.4632590039954986e-9,-3.4632590039954986e-9,-3.4632590039954986e-9,-3.4632590039954986e-9,-3.4632590039954986e-9,-3.4632590039954986e-9,-3.4632590039954986e-9,-3.4632590039954986e-9,-3.4632590039954986e-9,-3.4632590039954986e-9,-3.4632590039954986e-9,-1.1419969278861948e-8,-1.1419969601025849e-8,-1.1419969601025849e-8,-1.1419969601025849e-8,-1.1419969601025849e-8,-1.1419969278861948e-8,0.05997742051846467,0.23990971340828182,0.49999994963144767,0.49999995479039017,0.49999994930279584,0.4999999615158115,0.49999995743330383,0.46488896371838806,0.49999986090005555,0.4999998911316471,0.4999998828338768,0.4999996200024666,0.4766554392854277,0.4838520089265097,0.4999999404416265,0.4999999660228249,0.4999999403294622,0.4545998954005575,-1.1211403278170412e-8,-1.1211403225324877e-8,-1.1211403225324877e-8,-1.1211403225324877e-8,-1.1211403225324877e-8,-1.1211403225324877e-8,-1.1211403278170412e-8,0.10923437900050853,0.4369375208296179,0.4999999124374811,0.49999982353553496,0.499999948409077,0.4999999305574708,0.35400807765284364,0.42689004063675257,0.4378537932414349,0.4340864732217898,0.40695090767080105,0.3677321061833702,0.3761694762836771,0.49273682342960673,0.4999999604163453,0.49258853444482625,0.3420821379064536,-1.2235618325577872e-8,-1.223561852517846e-8,-1.223561852517846e-8,-1.223561852517846e-8,-1.223561852517846e-8,-1.223561852517846e-8,-1.2235618325577872e-8,0.06418571639358894,0.1366080452238945,0.14467914501683007,0.13593784247206944,0.1626251620285491,0.15046606056003842,0.08561436717510632,0.1071971627443259,0.11047694579120174,0.10934906863213839,0.1012531699392005,0.08964671233387579,0.09213359715006426,0.1270054537189532,0.10506154241087112,-1.2235618325577872e-8,-1.223561852517846e-8,-8.834612020545153e-9,-8.834612130179355e-9,-8.834612130179355e-9,-8.834612130179355e-9,-8.834612130179355e-9,-8.834612020545153e-9,0.0652188762725619,0.2608755341263594,0.499999976519723,0.49999997673412366,0.4999999765049413,0.4999999771428444,0.49999997687342557,0.49999997443977195,0.49999997553522046,0.499999975666754,0.49999997562283505,0.4999999752738953,0.4999999746805324,0.4999999748166108,0.4999999762472387,0.4999999775868959,0.499999976243798,0.49999997421413217,-4.743235926248111e-9,-4.743235967929637e-9,-4.743235967929637e-9,-4.743235967929637e-9,-4.743235967929637e-9,-4.743235926248111e-9,0.056728918003335196,0.22691569634522504,0.4999999804084474,0.4999999805206715,0.4999999804206405,0.49999998070595225,0.49999998058270584,0.49999997962336157,0.4999999800242727,0.49999998007568497,0.49999998005845625,0.49999997992431505,0.49999997970746707,0.4999999797561919,0.4999999803115409,0.4999999809215275,0.4999999803100307,0.4999999795465247,0.16694808165519262,0.4999999765099247,0.4999999437931999,0.4999999720958455,0.49999997362916176,0.49999997372440674,0.49999997366613436,0.4999999742906052,0.4999999752298524,0.4999999754716825,0.49999997520771594,0.4999999759384594,0.49999997563148824,0.499999972752641,0.49999997407214836,0.49999997422810294,0.4999999741760743,0.4999999737607388,0.49999997304564053,0.4999999732109889,0.49999997490844694,0.4999999764379774,0.4999999749044336,0.49999997247660727,0.49999997900110005,0.49999997619235703,0.4921764320268689,0.4999999705615976,0.49999997271778324,0.49999997284362074,0.49999997276658487,0.4999999735738278,0.4999999747221074,0.4999999750057074,0.4999999746959526,0.49999997553963027,0.499999975190449,0.4999999715159709,0.49999997329548024,0.4999999734945059,0.49999997342837543,0.4999999728911689,0.4999999719265501,0.499999972154185,0.4999999743376997,0.49999997608718016,0.4999999743326771,0.49999997112119954,0.18849499996511748,0.4999999753306163,0.49999982321601977,0.4999999686031633,0.4999999710867865,0.4999999712353363,0.49999997114457784,0.4999999721049622,0.49999997349953035,0.4999999738492327,0.4999999734673086,0.4999999745137054,0.49999997407824726,0.49999996968907917,0.49999997177201705,0.4999999720099876,0.4999999719307865,0.4999999712917607,0.49999997016265363,0.4999999704270635,0.49999997302960203,0.49999997520530615,0.4999999730230541,0.4999999692382085,-2.4649557797007227e-9,0.1114633357568613,0.4458533633472077,0.4999999821990114,0.4999999823965217,0.4999999824103266,0.4999999824019806,0.49999998249674316,0.4999999826583066,0.4999999827040159,0.4999999826540428,0.4999999827981693,0.49999998273522306,0.4999999822784104,0.49999998246253524,0.49999998248683264,0.49999998247867844,0.4999999824157617,0.49999998231628795,0.4999999823383991,0.4999999826003385,0.49999998291219155,0.4999999825994875,0.49999998224428066,0.17368095874565043,0.49999998305505566,0.4999999821069602,0.4999999826574926,0.49999998276199753,0.49999998276936203,0.4999999827649218,0.49999998281603697,0.49999998290452846,0.4999999829298472,0.49999998290210307,0.49999998298254417,0.49999998294721276,0.49999998269930435,0.4999999827975166,0.4999999828106668,0.49999998280625874,0.4999999827723388,0.49999998271928325,0.4999999827310696,0.49999998287253805,0.49999998304776955,0.499999982872072,0.49999998268141765,-3.0715072941542855e-9,0.10547291767243869,0.4218916920623733,0.499999982096297,0.4999999822666757,0.49999998227867243,0.4999999822714472,0.499999982354076,0.4999999824961107,0.4999999825365597,0.4999999824923397,0.49999998262028394,0.4999999825642378,0.4999999821645553,0.4999999823242038,0.4999999823454228,0.49999998233829734,0.4999999822834521,0.49999998219721203,0.49999998221635333,0.4999999824450196,0.49999998272272084,0.4999999824442668,0.49999998213521596,-1.1492111365303312e-8,-1.1492111465367148e-8,-1.1492111465367148e-8,-1.1492111465367148e-8,-1.1492111465367148e-8,-1.1492111465367148e-8,-1.1492111465367148e-8,-1.1492111365303312e-8,0.09756560704706375,0.1515789258234929,0.1409687287279677,0.1735198227271002,0.15863202938210402,0.08121867438056916,0.10651952077162838,0.11041201986656148,0.05668182979354683,-1.1492111365303312e-8,-1.1492111465367148e-8,-1.1492111365303312e-8,0.09756560222319513,0.05668183430907445,-1.1492111365303312e-8,-1.1492111465367148e-8,-1.1945022942490772e-8,-1.1945022961746681e-8,-1.1945022961746681e-8,-1.1945022961746681e-8,-1.1945022961746681e-8,-1.1945022942490772e-8,0.06684590358371907,0.26738364642138185,0.4999999419353843,0.4999999502168877,0.49999994112233076,0.49999995978688716,0.49999995416428933,0.44272827929700964,0.49634871668907976,0.4999991423585539,0.499995940535742,0.48186811619020053,0.4529785211857844,0.4592425315073626,0.49999992308217156,0.4999999653423383,0.49999992285970946,0.43375608461022735,-5.495795335385216e-9,-5.495795517763085e-9,-5.495795517763085e-9,-5.495795517763085e-9,-5.495795517763085e-9,-5.495795335385216e-9,0.05939613772253734,0.23758457553970744,0.4999999783500452,0.49999997855290484,0.49999997834425025,0.499999978926753,0.4999999786799363,0.4999999764910726,0.4999999774678705,0.4999999775862525,0.4999999775467309,0.4999999772334041,0.49999997670429414,0.4999999768255655,0.4999999781106013,0.4999999793362602,0.49999997810760394,0.49999997629170073,0.4879565581984957,0.4999999688351009,0.260658575769493,0.46867000509396683,0.49999988258741634,0.4999998956025998,0.49999988799298944,0.4999999347147666,0.4999999571093818,0.4999999602054546,0.49999995679968207,0.4999999647571427,0.4999999619419406,0.49228199524721983,0.49999992412810323,0.4999999319997771,0.4999999295953554,0.4999998995151071,0.4999989051038396,0.4999996999699823,0.4999999518180035,0.49999996809943337,0.499999951750625,0.4819723467488528,3.78997580816084e-9,0.058244488963453876,0.2329779703069668,0.49999998491868963,0.4999999850710036,0.49999998508138654,0.49999998507500215,0.4999999851469981,0.49999998527138834,0.49999998530700396,0.4999999852681269,0.49999998538079476,0.4999999853314247,0.4999999849819158,0.4999999851208906,0.49999998513939903,0.49999998513317917,0.4999999850853794,0.4999999850103643,0.49999998502692344,0.4999999852264464,0.49999998547145347,0.49999998522592815,0.4999999849561965,-8.859758560548448e-9,-8.859758637352798e-9,-8.859758637352798e-9,-8.859758637352798e-9,-8.859758637352798e-9,-8.859758560548448e-9,0.057328744959242756,0.22931500937377902,0.4999999773542793,0.4999999775461882,0.4999999773598106,0.49999997788051875,0.4999999776598489,0.4999999757145998,0.49999997657971607,0.4999999766847263,0.4999999766496349,0.4999999763718443,0.49999997590331957,0.4999999760103272,0.49999997715095146,0.4999999782476648,0.49999997714835104,0.49999997553820974,0.33878809256145975,0.08995852438259795,-9.780428682923834e-9,-9.780428718819626e-9,-9.780428718819626e-9,-9.780428718819626e-9,-9.780428682923834e-9,0.09986726471974756,0.39946906357884077,0.49999988097439924,0.499999723353104,0.49999993539021853,0.49999990892306667,0.3418851955388957,0.4189178703576053,0.43055614593993197,0.4265557136443526,0.39778342665199906,0.35634252005320866,0.3652425766634244,0.48898303266563925,0.49999995271911013,0.48882490033045917,0.3293425612887136,4.096964146619347e-9,4.096964010877911e-9,4.096964010877911e-9,4.096964010877911e-9,4.096964010877911e-9,4.096964146619347e-9,0.12413226714890685,0.49652908180404,0.4999999836310348,0.4999999837325349,0.4999999836217693,0.4999999839365269,0.49999998380101623,0.49999998272603413,0.49999998317949507,0.49999998323716693,0.49999998321784966,0.499999983067094,0.4999999828218602,0.499999982876991,0.4999999835004358,0.49999998417175723,0.4999999834985394,0.49999998263854173,0.49999998219739306,0.49999998076101265,0.49999997654609263,0.49999997936016133,0.4999999797658746,0.499999979793336,0.4999999797763993,0.49999997996302825,0.4999999802714546,0.4999999803564968,0.4999999802635626,0.4999999805284709,0.49999998041399735,0.49999997952516106,0.4999999798961025,0.4999999799437414,0.4999999799277811,0.49999997980354877,0.4999999796032268,0.49999997964798437,0.49999998016221336,0.4999999807291594,0.49999998016074604,0.49999997945418734,0.49999998041076044,0.49999997865117346,0.4999999722422414,0.49999997674848695,0.49999997732043344,0.49999997735847135,0.49999997733495155,0.4999999775916743,0.4999999780076765,0.49999997812106756,0.49999997799741125,0.4999999783477847,0.49999997819742936,0.499999976983617,0.4999999775000055,0.4999999775651268,0.4999999775433052,0.4999999773726945,0.4999999770933349,0.4999999771562365,0.499999977861286,0.4999999786069067,0.49999997785924694,0.49999997688298137,-1.9021840492879826e-9,0.08866141042693403,0.35464565920350316,0.4999999802958717,0.4999999807819374,0.49999998081444297,0.49999998079443064,0.49999998101625764,0.4999999813797668,0.4999999814794622,0.4999999813705136,0.4999999816803489,0.49999998154677794,0.499999980494539,0.499999980936929,0.4999999809933676,0.4999999809744645,0.4999999808270446,0.4999999805877792,0.49999998064155604,0.4999999812512703,0.4999999819129144,0.4999999812496605,0.4999999804091484,-3.035953309606558e-10,0.10722660359249714,0.4289064334726039,0.49999998427872483,0.4999999843702516,0.49999998437673165,0.4999999843727901,0.4999999844176752,0.49999998449579425,0.4999999845182765,0.4999999844936869,0.49999998456512035,0.49999998453373234,0.4999999843152421,0.49999998440136884,0.49999998441292576,0.49999998440904536,0.4999999843792572,0.4999999843327616,0.4999999843430322,0.49999998446745403,0.49999998462338807,0.49999998446706695,0.4999999842995067,0.41838848243909105,0.4999999766957977,0.49999994055839064,0.4999999722370897,0.4999999737929075,0.49999997388907913,0.4999999738302644,0.4999999744594792,0.49999997540132024,0.4999999756428843,0.49999997537914903,0.4999999761082116,0.4999999758023351,0.4999999729053382,0.4999999742396403,0.49999997439661237,0.4999999743442616,0.4999999739257326,0.49999997320258655,0.49999997337006286,0.4999999750796827,0.4999999766041492,0.499999975075847,0.4999999726244092,-1.2264876145343285e-8,0.10155912111728974,0.27306468707214465,0.43972491707221384,0.4880241835669539,0.4917473218166624,0.48951709449755715,0.49999985386406665,0.4999999497187135,0.4999999555120067,0.49999994910924855,0.49999996272946895,0.4999999584277122,0.45815843972889797,0.49999956749188706,0.49999982043635766,0.4999997799297735,0.49310542213548636,0.4673298166550107,0.4729275865830042,0.49999993759721584,0.4999999671885205,0.4999999374386773,0.450118891085544,0.21823453826658223,0.08280948315681032,-1.0735872712491585e-8,-1.0735872778992716e-8,-1.0735872778992716e-8,-1.0735872778992716e-8,-1.0735872712491585e-8,0.09333419649550756,0.37333680647696793,0.4999999300874959,0.49999990079440054,0.49999995164315364,0.4999999398735904,0.373383284630182,0.45019440309532904,0.46174882295635694,0.457778552570508,0.42918082765480403,0.3878475865023932,0.3967399631817769,0.49999976722630374,0.499999961213204,0.49999976419954434,0.3608138770577829,-1.0775700132597137e-8,-1.0775700322390595e-8,-1.0775700322390595e-8,-1.0775700322390595e-8,-1.0775700322390595e-8,-1.0775700132597137e-8,0.07132719473682436,0.28530881044711187,0.4999999735126062,0.49999997395496776,0.49999997347577735,0.4999999747577659,0.49999997423597536,0.49999996790277684,0.499999971177328,0.4999999715180109,0.49999997140533775,0.49999997047028066,0.4999999686970557,0.4999999691269431,0.4999999729084515,0.4999999755462113,0.4999999729011634,0.49999996711313693,0.4999999795152495,0.4999999778390239,0.49999996842416766,0.4999999756876165,0.49999997637706395,0.499999976421638,0.4999999763942965,0.49999997669119617,0.49999997715619804,0.4999999772797105,0.4999999771450358,0.4999999775225516,0.4999999773621899,0.49999997597646667,0.4999999765862888,0.4999999766610835,0.4999999766360584,0.4999999764386953,0.4999999761084217,0.49999997618373965,0.49999997699445253,0.49999997779149896,0.4999999769924304,0.4999999758539567,-1.1513173405655021e-8,-1.1513173159327413e-8,-1.1513173159327413e-8,-1.1513173159327413e-8,-1.1513173159327413e-8,-1.1513173159327413e-8,-1.1513173405655021e-8,0.10980235858212994,0.29526606021063256,0.30940311781397944,0.29408880753791455,0.3405861305165338,0.31949459748945735,0.20375482080218651,0.24302632357237278,0.24891645773868115,0.24689297239332106,0.2323032991309118,0.2111668132223678,0.21571945836667142,0.2783435563047147,0.3719756326681067,0.27826422479392227,0.19730697456801113,-1.1267606402689461e-8,-1.1267606261369336e-8,-1.1267606261369336e-8,-1.1267606261369336e-8,-1.1267606261369336e-8,-1.1267606261369336e-8,-1.1267606402689461e-8,0.06956267087273614,0.23067424915293475,0.24642336040875892,0.229369442435379,0.28166802825404497,0.2577559752950415,0.13315455036955176,0.17394058695054007,0.18020878727520165,0.17805136991217993,0.16262417193884393,0.14070688359198766,0.145381408928857,0.21202958127927277,0.11492549303133073,-1.1267606402689461e-8,-1.1267606261369336e-8,0.43804862495820795,0.4999999744492857,0.29763154898920596,0.4999999551240593,0.49999996482559117,0.49999996527748536,0.49999996500260674,0.49999996771238026,0.4999999709968723,0.4999999717219696,0.4999999709280829,0.4999999730074579,0.49999997217785846,0.49999995994284685,0.49999996681944275,0.49999996746191344,0.49999996725080065,0.4999999654454627,0.499999961737764,0.4999999626732334,0.49999996996309615,0.4999999742084496,0.4999999699489583,0.4999999580744946,-8.82431098262345e-9,0.11278119298514154,0.4511247973722739,0.49999997734359886,0.49999997781355726,0.4999999778453468,0.4999999778256082,0.49999997804165314,0.4999999783989828,0.4999999784980155,0.4999999783901059,0.4999999786979618,0.4999999785650899,0.49999997753482367,0.49999997796411283,0.4999999780191256,0.4999999780006562,0.49999997785713723,0.49999997762511045,0.49999997767691373,0.4999999782721137,0.49999997893121834,0.49999997827044224,0.49999997745241864,-3.63016132757894e-9,0.07104131156467636,0.2841652676662645,0.49999998074081387,0.49999998108299754,0.49999998110588967,0.4999999810916494,0.4999999812500969,0.4999999815131554,0.499999981586032,0.49999998150635927,0.49999998173396715,0.499999981635409,0.49999998088019776,0.49999998119327516,0.4999999812336915,0.4999999812201491,0.4999999811148969,0.49999998094561054,0.4999999809835456,0.49999998141967816,0.4999999819077711,0.49999998141850766,0.4999999808205402,1.902582111156545e-8,0.1242264634327827,0.49690585169495916,0.49999999051943955,0.49999999063096046,0.4999999906388824,0.49999999063400097,0.4999999906889905,0.49999999078524276,0.4999999908130845,0.49999999078269386,0.4999999908712082,0.49999999083226776,0.49999999056357763,0.4999999906689675,0.499999990683141,0.4999999906783737,0.4999999906418643,0.49999999058501915,0.4999999905975002,0.4999999907503034,0.49999999094377257,0.49999999074981155,0.49999999054432137,0.4695680404645706,0.4999999739487484,0.3769691404022955,0.4999999584226107,0.49999996516866946,0.499999965527525,0.4999999653078398,0.4999999675421145,0.4999999704993597,0.49999997119285594,0.4999999704345994,0.4999999724610939,0.49999997163688653,0.49999996155889914,0.4999999667869874,0.49999996732853996,0.4999999671493817,0.4999999656614711,0.4999999628310596,0.499999963517658,0.49999996953941805,0.4999999737029028,0.499999969526125,0.49999996029627664,-1.0032698968391408e-8,-1.003269921322082e-8,-1.003269921322082e-8,-1.003269921322082e-8,-1.003269921322082e-8,-1.0032698968391408e-8,0.06059163001975803,0.24236655134984203,0.499999976513331,0.49999997672797075,0.49999997650147676,0.49999997712758437,0.4999999768647694,0.49999997437988875,0.49999997552384556,0.49999997565845733,0.49999997561355686,0.49999997525465784,0.4999999746346838,0.4999999747781894,0.49999997624433645,0.49999997755398834,0.49999997624114273,0.4999999741389069,0.11654363762164019,0.3468645625930572,0.4999999779387729,0.49999998027933795,0.4999999806268868,0.49999998065044476,0.49999998063587037,0.49999998079698493,0.4999999810641406,0.4999999811380519,0.4999999810572519,0.4999999812879486,0.4999999811880925,0.4999999804203999,0.4999999807392098,0.49999998078031166,0.4999999807665386,0.4999999806594542,0.4999999804871059,0.4999999805257221,0.49999998096933246,0.49999998146372143,0.49999998096812626,0.49999998035961507,0.49999997828728904,0.37551180529764655,0.09387794346838683,-9.141814008589022e-9,-9.141814132345873e-9,-9.141814132345873e-9,-9.141814008589022e-9,0.10867019354558989,0.4346807677692671,0.4999999059356752,0.49999985312180495,0.4999999400847539,0.49999992184627895,0.3574226640474548,0.4383296516628343,0.45055610098762106,0.446353428987273,0.4161289203229145,0.3726043792123357,0.3819510320457413,0.37551179304313614,0.09387794758027539,-9.141814008589022e-9,-9.141814132345873e-9]
