WARNING: Method definition require(Symbol) in module Base at loading.jl:345 overwritten in module ConicBenchmarkUtilities at /home/ubuntu/.julia/v0.5/Requires/src/require.jl:12.
#SOLVERNAME# PAJ_NEW_MSD_CPLEX_MOSEK_nopass
#SOLVER# Pajarito.PajaritoSolver(2,3600.0,1.0e-5,true,CPLEX.CplexSolver(Any[(:CPX_PARAM_THREADS,1),(:CPX_PARAM_TILIM,3600.0),(:CPX_PARAM_EPINT,1.0e-8),(:CPX_PARAM_EPRHS,1.0e-7),(:CPX_PARAM_SCRIND,0),(:CPX_PARAM_EPGAP,1.0e-5)]),CPLEX.CplexSolver(Any[]),0,false,false,Mosek.MosekMathProgSolverInterface.MosekSolver(Any[(:LOG,0),(:NUM_THREADS,1),(:OPTIMIZER_MAX_TIME,120.0)]),true,false,false,true,false,true,false,true,true,true,true,false,true,true,false,true,false,false,true,true,false,false,false,1.0e-10,1.0e-6,0.01,0.0001)
#INSTANCE# 75_0_5_w.cbf.gz
#TIMELIMIT# 3600.0

Transforming original data......Done     0.02s

Creating conic model data......Done     0.01s

Creating MIP model......Done     0.13s

Cone types summary:
Cone       | Count    | Min dim  | Max dim 
       SOC |     1800 |        3 |        3

Solving conic relaxation......Done     1.25s
 - Relaxation status    =        Optimal
 - Relaxation objective = 12132468.480226

Creating conic subproblem model......Done

Starting MIP-solver-driven outer approximation algorithm

Pajarito MICP solve summary:
 - Total time (s)       =       3.60e+03
 - Status               =      UserLimit
 - Best feasible obj.   =  +1.225685e+07
 - OA obj. bound        =  +1.225075e+07
 - Relative opt. gap    =      4.980e-04

Timers (s):
 - Setup                =   1.62e+00
 -- Transform data      =   2.26e-02
 -- Create conic data   =   7.88e-03
 -- Create MIP data     =   1.26e-01
 -- Load/solve relax    =   1.25e+00
 - MIP-driven algorithm =   3.60e+03
 -- Solve conic model   =   5.03e+00

Counters:
 - Lazy callback        =   138
 -- Feasible soln       =    15
 -- Integer repeat      =    98
 -- Conic statuses      =    25
 --- Infeasible         =     0
 --- Optimal            =    25
 --- Suboptimal         =     0
 --- UserLimit          =     0
 --- ConicFailure       =     0
 --- Other status       =     0
 -- No viol. dual cut   =    99
 -- No viol. prim. cut  =     0
 - Heuristic callback   =     0
 -- Feasible added      =     0
 - Incumbent callback   =    15
 -- Feasible accepted   =    15
 - Dual cuts            =  5339
 -- Relaxation          =  3494
 -- Full viol.          =     0
 -- Full nonviol.       =     0
 -- Disagg. viol        =  1845
 -- Disagg. nonviol     =     0
 -- Poorly conditioned  =   239
 - Primal cuts          =  3302
 -- Full viol.          =  3302
 -- Full nonviol.       =     0
 -- Disagg. viol        =     0
 -- Disagg. nonviol     =     0
 -- Poorly conditioned  =     0

Max absolute primal infeasibilities by cone:
 - Constraint linear    =   8.00e-08
 - Constraint SOC       =   0.00e+00
 - Constraint RSOC      =   0.00e+00
 - Variable linear      =   0.00e+00
 - Variable SOC         =   0.00e+00
 - Variable RSOC        =   0.00e+00

#STATUS# UserLimit
#OBJVAL# 1.2256852989787694e7
#OBJBOUND# 1.2250749029621279e7
#TIMESOLVER# 3600.0537900924683
#TIMEALL# 3600.228602170944
#SOLUTION# [1.0,1.0,1.0,1.0,1.0,1.0,1.0,1.0,1.0,1.0,1.0,1.0,1.0,1.0,1.0,1.0,1.0,1.0,1.0,1.0,1.0,1.0,1.0,1.0,0.0,0.0,0.0,0.0,0.0,0.0,0.0,0.0,0.0,0.0,1.0,1.0,1.0,1.0,1.0,1.0,1.0,1.0,1.0,1.0,1.0,1.0,1.0,1.0,1.0,1.0,1.0,1.0,1.0,1.0,1.0,1.0,1.0,1.0,1.0,1.0,1.0,1.0,1.0,1.0,1.0,1.0,1.0,1.0,1.0,1.0,1.0,1.0,-0.0,0.0,-0.0,-0.0,0.0,0.0,1.0,1.0,1.0,1.0,1.0,1.0,1.0,1.0,1.0,1.0,1.0,1.0,1.0,1.0,1.0,1.0,1.0,1.0,1.0,1.0,1.0,1.0,1.0,1.0,1.0,1.0,1.0,1.0,1.0,1.0,1.0,1.0,0.0,0.0,0.0,0.0,0.0,0.0,0.0,0.0,0.0,0.0,0.0,0.0,0.0,0.0,0.0,0.0,1.0,1.0,1.0,1.0,1.0,1.0,1.0,1.0,1.0,1.0,1.0,1.0,1.0,1.0,1.0,1.0,1.0,1.0,0.0,0.0,0.0,0.0,0.0,0.0,0.0,1.0,1.0,1.0,1.0,1.0,1.0,1.0,1.0,1.0,1.0,1.0,1.0,1.0,1.0,1.0,1.0,1.0,1.0,1.0,1.0,1.0,1.0,1.0,1.0,1.0,1.0,1.0,1.0,1.0,1.0,1.0,1.0,1.0,1.0,1.0,1.0,1.0,1.0,1.0,1.0,0.0,0.0,-0.0,-0.0,-0.0,-0.0,-0.0,-0.0,-0.0,-0.0,-0.0,0.0,-0.0,-0.0,-0.0,0.0,-0.0,-0.0,-0.0,0.0,-0.0,-0.0,-0.0,-0.0,0.0,1.0,1.0,1.0,1.0,1.0,1.0,1.0,1.0,1.0,1.0,1.0,1.0,1.0,1.0,1.0,1.0,1.0,1.0,1.0,1.0,1.0,1.0,1.0,1.0,1.0,1.0,1.0,1.0,1.0,1.0,1.0,1.0,1.0,1.0,1.0,1.0,1.0,1.0,1.0,0.0,0.0,0.0,0.0,0.0,0.0,0.0,-0.0,-0.0,1.0,1.0,1.0,1.0,1.0,1.0,1.0,1.0,1.0,1.0,1.0,1.0,1.0,1.0,1.0,1.0,1.0,1.0,1.0,1.0,1.0,1.0,1.0,0.0,1.0,1.0,1.0,1.0,1.0,0.0,0.0,0.0,0.0,0.0,0.0,-0.0,-0.0,-0.0,0.0,-0.0,-0.0,-0.0,-0.0,0.0,-0.0,-0.0,0.0,0.0,1.0,1.0,1.0,1.0,0.0,0.0,0.0,-0.0,-0.0,-0.0,-0.0,-0.0,-0.0,-0.0,-0.0,0.0,-0.0,0.0,-0.0,0.0,0.0,0.0,0.0,0.0,1.0,1.0,1.0,0.0,0.0,-0.0,0.0,-0.0,-0.0,-0.0,-0.0,0.0,-0.0,-0.0,-0.0,0.0,-0.0,0.0,-0.0,0.0,-0.0,-0.0,0.0,0.0,1.0,1.0,1.0,1.0,0.0,-0.0,-0.0,-0.0,-0.0,-0.0,-0.0,0.0,-0.0,-0.0,-0.0,0.0,-0.0,0.0,0.0,0.0,0.0,0.0,0.0,0.0,0.0,0.0,0.0,0.0,0.0,0.0,1.0,1.0,1.0,1.0,1.0,1.0,1.0,1.0,1.0,1.0,1.0,1.0,1.0,1.0,1.0,1.0,1.0,1.0,1.0,1.0,1.0,1.0,1.0,1.0,1.0,1.0,1.0,1.0,1.0,1.0,1.0,1.0,1.0,1.0,1.0,1.0,1.0,1.0,1.0,1.0,1.0,1.0,1.0,1.0,1.0,0.0,0.0,-0.0,-0.0,-0.0,0.0,-0.0,-0.0,-0.0,-0.0,0.0,-0.0,-0.0,-0.0,-0.0,-0.0,0.0,-0.0,0.0,0.0,0.0,1.0,1.0,1.0,1.0,0.0,0.0,0.0,0.0,0.0,0.0,-0.0,-0.0,0.0,-0.0,-0.0,0.0,-0.0,0.0,0.0,-0.0,0.0,0.0,0.0,0.0,0.0,-0.0,-0.0,-0.0,-0.0,-0.0,-0.0,-0.0,0.0,-0.0,-0.0,0.0,-0.0,-0.0,-0.0,0.0,-0.0,-0.0,-0.0,0.0,-0.0,0.0,-0.0,0.0,1.0,1.0,1.0,0.0,0.0,-0.0,-0.0,-0.0,0.0,-0.0,-0.0,-0.0,-0.0,-0.0,0.0,0.0,-0.0,-0.0,-0.0,-0.0,0.0,-0.0,-0.0,0.0,1.0,1.0,1.0,1.0,1.0,1.0,1.0,1.0,1.0,1.0,1.0,1.0,1.0,1.0,1.0,1.0,1.0,1.0,1.0,1.0,1.0,1.0,1.0,0.0,0.0,-0.0,-0.0,-0.0,0.0,0.0,1.0,1.0,1.0,1.0,1.0,1.0,1.0,1.0,1.0,1.0,1.0,1.0,1.0,1.0,1.0,1.0,1.0,1.0,1.0,1.0,1.0,1.0,1.0,1.0,1.0,1.0,1.0,1.0,1.0,1.0,1.0,1.0,1.0,1.0,1.0,1.0,1.0,1.0,1.0,1.0,1.0,0.0,1.0,1.0,1.0,0.0,0.0,-0.0,0.0,-0.0,-0.0,-0.0,-0.0,-0.0,0.0,-0.0,0.0,-0.0,-0.0,-0.0,-0.0,-0.0,0.0,-0.0,-0.0,0.0,0.0,0.0,0.0,-0.0,-0.0,-0.0,0.0,-0.0,-0.0,-0.0,-0.0,0.0,-0.0,-0.0,0.0,0.0,0.0,-0.0,-0.0,0.0,-0.0,-0.0,0.0,0.0,0.0,0.0,0.0,0.0,0.0,0.0,1.0,1.0,1.0,1.0,1.0,1.0,1.0,1.0,1.0,1.0,1.0,1.0,0.0,0.0,0.0,0.0,0.0,0.0,0.0,0.0,0.0,0.0,0.0,0.0,0.0,-0.0,0.0,-0.0,-0.0,0.0,-0.0,-0.0,-0.0,-0.0,-0.0,-0.0,-0.0,0.0,0.0,-0.0,0.0,0.0,1.0,1.0,1.0,1.0,0.0,0.0,0.0,0.0,0.0,-0.0,-0.0,-0.0,-0.0,0.0,0.0,0.0,0.0,0.0,0.0,0.0,0.0,0.0,0.0,0.0,0.0,0.0,0.0,0.0,0.0,0.0,0.0,1.0,1.0,1.0,1.0,1.0,1.0,1.0,1.0,1.0,1.0,1.0,1.0,1.0,1.0,1.0,1.0,1.0,0.0,0.0,0.0,0.0,0.0,0.0,0.0,0.0,0.0,0.0,0.0,0.0,-0.0,-0.0,-0.0,-0.0,0.0,0.0,0.0,-0.0,-0.0,0.0,0.0,0.0,0.0,0.0,0.0,0.0,-0.0,0.0,1.0,1.0,1.0,1.0,1.0,1.0,1.0,1.0,1.0,1.0,1.0,1.0,1.0,1.0,1.0,1.0,1.0,0.0,0.0,0.0,0.0,0.0,0.0,0.0,1.0,1.0,1.0,1.0,1.0,1.0,1.0,1.0,1.0,1.0,1.0,1.0,1.0,1.0,1.0,1.0,1.0,1.0,0.0,0.0,0.0,0.0,0.0,0.0,-0.0,-0.0,-0.0,-0.0,-0.0,-0.0,0.0,-0.0,-0.0,-0.0,-0.0,0.0,-0.0,-0.0,-0.0,-0.0,0.0,0.0,1.0,1.0,1.0,1.0,1.0,1.0,1.0,1.0,1.0,1.0,1.0,1.0,1.0,1.0,1.0,1.0,1.0,1.0,1.0,1.0,1.0,1.0,1.0,1.0,1.0,1.0,1.0,0.0,0.0,0.0,-0.0,0.0,-0.0,-0.0,-0.0,-0.0,0.0,-0.0,-0.0,-0.0,-0.0,0.0,-0.0,0.0,-0.0,0.0,0.0,0.0,1.0,0.0,0.0,0.0,0.0,1.0,1.0,1.0,1.0,1.0,1.0,1.0,1.0,1.0,1.0,1.0,1.0,1.0,1.0,1.0,1.0,1.0,1.0,1.0,1.0,0.0,0.0,0.0,0.0,0.0,1.0,1.0,1.0,1.0,1.0,1.0,1.0,1.0,1.0,1.0,1.0,1.0,1.0,1.0,1.0,1.0,1.0,1.0,1.0,0.0,0.0,0.0,0.0,0.0,1.0,1.0,1.0,1.0,1.0,1.0,1.0,1.0,1.0,1.0,1.0,1.0,1.0,1.0,1.0,1.0,1.0,0.0,1.0,0.0,0.0,0.0,0.0,1.0,1.0,1.0,1.0,1.0,1.0,1.0,1.0,1.0,1.0,1.0,1.0,1.0,1.0,1.0,1.0,1.0,1.0,1.0,1.0,1.0,1.0,1.0,1.0,1.0,1.0,1.0,1.0,1.0,1.0,1.0,1.0,1.0,1.0,1.0,1.0,1.0,1.0,1.0,1.0,1.0,1.0,1.0,1.0,1.0,1.0,1.0,1.0,1.0,1.0,1.0,1.0,1.0,1.0,1.0,1.0,1.0,1.0,1.0,1.0,1.0,1.0,1.0,1.0,1.0,1.0,1.0,1.0,1.0,1.0,1.0,1.0,1.0,1.0,1.0,1.0,1.0,1.0,1.0,1.0,1.0,1.0,1.0,1.0,1.0,1.0,1.0,1.0,1.0,1.0,1.0,1.0,1.0,1.0,1.0,1.0,1.0,1.0,1.0,1.0,1.0,1.0,1.0,1.0,1.0,1.0,1.0,1.0,1.0,1.0,1.0,1.0,1.0,1.0,1.0,1.0,1.0,1.0,1.0,1.0,1.0,1.0,1.0,1.0,1.0,1.0,1.0,1.0,1.0,1.0,1.0,1.0,1.0,1.0,1.0,1.0,1.0,1.0,1.0,1.0,1.0,1.0,1.0,1.0,1.0,1.0,1.0,1.0,1.0,1.0,1.0,1.0,1.0,1.0,1.0,1.0,1.0,1.0,1.0,1.0,1.0,1.0,1.0,1.0,1.0,1.0,1.0,1.0,1.0,1.0,1.0,1.0,1.0,1.0,1.0,1.0,1.0,1.0,1.0,1.0,1.0,1.0,1.0,1.0,1.0,1.0,1.0,1.0,0.0,0.0,0.0,0.0,0.0,0.0,1.0,1.0,1.0,1.0,1.0,1.0,1.0,1.0,0.0,0.0,0.0,0.0,0.0,0.0,0.0,0.0,0.0,1.0,1.0,1.0,1.0,1.0,1.0,1.0,1.0,1.0,1.0,1.0,1.0,1.0,1.0,1.0,1.0,1.0,1.0,1.0,1.0,1.0,1.0,1.0,1.0,1.0,0.0,0.0,0.0,0.0,1.0,1.0,1.0,1.0,1.0,1.0,1.0,1.0,1.0,1.0,1.0,1.0,1.0,1.0,1.0,1.0,1.0,1.0,1.0,1.0,1.0,1.0,1.0,1.0,1.0,1.0,1.0,1.0,1.0,1.0,1.0,1.0,1.0,1.0,1.0,1.0,1.0,1.0,1.0,1.0,1.0,1.0,1.0,1.0,1.0,1.0,1.0,1.0,1.0,1.0,1.0,1.0,1.0,1.0,1.0,1.0,1.0,1.0,1.0,1.0,1.0,1.0,1.0,1.0,1.0,1.0,1.0,1.0,0.0,0.0,0.0,0.0,1.0,1.0,1.0,1.0,1.0,1.0,1.0,1.0,1.0,1.0,1.0,1.0,1.0,1.0,1.0,1.0,1.0,1.0,1.0,1.0,1.0,1.0,0.0,0.0,0.0,1.0,1.0,1.0,1.0,1.0,1.0,1.0,1.0,1.0,1.0,1.0,1.0,1.0,1.0,1.0,1.0,1.0,1.0,1.0,0.0,0.0,0.0,0.0,0.0,1.0,1.0,1.0,1.0,1.0,1.0,1.0,1.0,1.0,1.0,1.0,1.0,1.0,1.0,1.0,1.0,1.0,1.0,1.0,1.0,1.0,1.0,1.0,1.0,1.0,1.0,1.0,1.0,1.0,1.0,1.0,1.0,1.0,1.0,1.0,1.0,1.0,1.0,1.0,1.0,1.0,1.0,1.0,1.0,1.0,1.0,1.0,1.0,1.0,1.0,1.0,1.0,1.0,1.0,1.0,1.0,1.0,1.0,1.0,1.0,1.0,1.0,1.0,1.0,1.0,1.0,1.0,1.0,1.0,1.0,1.0,1.0,1.0,1.0,1.0,1.0,1.0,1.0,1.0,1.0,1.0,1.0,1.0,1.0,1.0,1.0,1.0,1.0,1.0,1.0,1.0,1.0,1.0,1.0,1.0,1.0,1.0,1.0,1.0,1.0,1.0,1.0,1.0,1.0,1.0,1.0,1.0,1.0,1.0,1.0,1.0,1.0,1.0,1.0,1.0,1.0,1.0,1.0,1.0,1.0,1.0,1.0,1.0,1.0,1.0,1.0,1.0,1.0,1.0,1.0,1.0,1.0,1.0,1.0,1.0,1.0,1.0,1.0,1.0,1.0,1.0,1.0,1.0,1.0,1.0,1.0,1.0,1.0,1.0,1.0,1.0,1.0,1.0,1.0,1.0,1.0,1.0,1.0,1.0,1.0,1.0,1.0,1.0,1.0,1.0,0.0,0.0,0.0,1.0,1.0,1.0,1.0,1.0,1.0,1.0,1.0,1.0,1.0,1.0,1.0,1.0,1.0,1.0,1.0,1.0,1.0,1.0,0.0,0.0,0.0,0.0,1.0,1.0,1.0,1.0,1.0,1.0,1.0,1.0,1.0,1.0,1.0,1.0,1.0,1.0,1.0,1.0,1.0,1.0,1.0,1.0,1.0,1.0,1.0,1.0,1.0,1.0,1.0,1.0,1.0,1.0,1.0,1.0,1.0,1.0,1.0,1.0,1.0,1.0,1.0,1.0,1.0,1.0,1.0,1.0,0.0,0.0,0.0,0.0,0.0,1.0,1.0,1.0,1.0,1.0,1.0,1.0,1.0,1.0,1.0,1.0,1.0,1.0,1.0,1.0,1.0,1.0,1.0,1.0,0.0,0.0,0.0,0.0,0.0,1.0,1.0,1.0,1.0,1.0,1.0,1.0,1.0,1.0,1.0,1.0,1.0,1.0,1.0,1.0,1.0,1.0,0.0,1.0,1.0,1.0,1.0,1.0,1.0,1.0,1.0,1.0,1.0,1.0,1.0,1.0,1.0,1.0,1.0,1.0,1.0,1.0,1.0,1.0,1.0,1.0,1.0,1.0,1.0,1.0,1.0,1.0,1.0,1.0,1.0,1.0,1.0,1.0,1.0,1.0,1.0,1.0,1.0,1.0,1.0,1.0,1.0,1.0,1.0,1.0,1.0,1.0,1.0,1.0,1.0,1.0,1.0,1.0,1.0,1.0,1.0,1.0,1.0,1.0,1.0,1.0,1.0,1.0,1.0,1.0,1.0,1.0,1.0,1.0,1.0,1.0,1.0,1.0,1.0,1.0,1.0,1.0,1.0,1.0,1.0,1.0,1.0,1.0,1.0,1.0,1.0,1.0,1.0,1.0,1.0,1.0,1.0,1.0,1.0,1.0,1.0,1.0,1.0,1.0,1.0,1.0,1.0,1.0,1.0,1.0,1.0,1.0,1.0,1.0,1.0,1.0,1.0,1.0,1.0,1.0,1.0,1.0,1.0,1.0,0.0,0.0,0.0,0.0,1.0,1.0,1.0,1.0,1.0,1.0,1.0,1.0,1.0,1.0,1.0,1.0,1.0,1.0,1.0,1.0,1.0,1.0,1.0,1.0,1.0,1.0,1.0,1.0,1.0,1.0,1.0,1.0,1.0,1.0,1.0,1.0,1.0,1.0,1.0,1.0,1.0,1.0,1.0,1.0,1.0,1.0,1.0,1.0,1.0,1.0,0.0,0.0,0.0,1.0,1.0,1.0,1.0,1.0,1.0,1.0,1.0,1.0,1.0,1.0,1.0,1.0,1.0,1.0,1.0,1.0,1.0,1.0,-0.0,0.0,0.0,0.0,0.0,0.0,0.0,0.0,0.0,0.0,0.0,0.0,0.0,0.0,0.0,0.0,0.0,0.0,0.0,0.0,0.0,0.0,0.0,0.0,0.0,0.0,0.0,0.0,0.0,0.0,0.0,0.0,0.0,1.0,0.0,0.0,0.0,0.0,0.0,0.0,0.0,0.0,0.0,0.0,0.0,0.0,0.0,0.0,0.0,0.0,0.0,0.0,0.0,0.0,0.0,0.0,0.0,0.0,0.0,0.0,0.0,0.0,0.0,0.0,0.0,0.0,0.0,0.0,0.0,0.0,0.0,-0.0,0.0,0.0,0.0,0.0,0.0,1.0,0.0,0.0,0.0,0.0,0.0,0.0,0.0,0.0,0.0,0.0,0.0,0.0,0.0,0.0,0.0,0.0,0.0,0.0,0.0,0.0,0.0,0.0,0.0,0.0,0.0,0.0,0.0,0.0,0.0,0.0,0.0,0.0,0.0,0.0,0.0,0.0,0.0,0.0,0.0,0.0,0.0,0.0,0.0,0.0,0.0,0.0,0.0,1.0,0.0,0.0,0.0,0.0,0.0,0.0,0.0,0.0,0.0,0.0,0.0,0.0,0.0,0.0,0.0,0.0,0.0,0.0,0.0,0.0,0.0,0.0,0.0,0.0,1.0,-0.0,0.0,0.0,0.0,0.0,0.0,0.0,0.0,0.0,0.0,0.0,0.0,0.0,0.0,0.0,0.0,1.0,-0.0,0.0,0.0,0.0,0.0,0.0,0.0,0.0,0.0,0.0,0.0,0.0,0.0,0.0,0.0,0.0,0.0,0.0,0.0,0.0,0.0,0.0,0.0,0.0,-0.0,0.0,0.0,0.0,0.0,0.0,0.0,0.0,0.0,0.0,0.0,0.0,0.0,0.0,0.0,0.0,0.0,0.0,0.0,0.0,0.0,0.0,0.0,0.0,0.0,0.0,0.0,0.0,0.0,0.0,0.0,0.0,0.0,0.0,0.0,0.0,0.0,0.0,0.0,0.0,0.0,0.0,0.0,0.0,0.0,0.0,0.0,0.0,0.0,0.0,0.0,0.0,0.0,0.0,0.0,0.0,0.0,0.0,0.0,0.0,0.0,0.0,0.0,0.0,0.0,0.0,0.0,0.0,0.0,0.0,0.0,0.0,0.0,0.0,0.0,0.0,0.0,0.0,0.0,0.0,0.0,0.0,0.0,0.0,0.0,0.0,0.0,0.0,0.0,0.0,0.0,0.0,0.0,0.0,0.0,0.0,0.0,0.0,0.0,0.0,0.0,0.0,0.0,0.0,0.0,0.0,0.0,0.0,0.0,0.0,0.0,0.0,0.0,0.0,0.0,0.0,0.0,0.0,0.0,0.0,0.0,0.0,0.0,0.0,0.0,0.0,0.0,0.0,0.0,0.0,0.0,0.0,0.0,0.0,0.0,0.0,0.0,0.0,0.0,0.0,0.0,0.0,0.0,0.0,0.0,0.0,0.0,0.0,0.0,0.0,0.0,0.0,0.0,0.0,0.0,0.0,0.0,0.0,0.0,0.0,0.0,0.0,0.0,0.0,0.0,0.0,0.0,0.0,0.0,0.0,0.0,0.0,0.0,0.0,0.0,0.0,0.0,0.0,0.0,0.0,0.0,0.0,0.0,0.0,0.0,0.0,0.0,0.0,0.0,0.0,0.0,0.0,0.0,0.0,0.0,0.0,0.0,1.0,0.0,0.0,0.0,0.0,0.0,0.0,0.0,0.0,0.0,0.0,0.0,0.0,0.0,0.0,0.0,0.0,0.0,0.0,0.0,0.0,0.0,0.0,0.0,0.0,0.0,0.0,0.0,0.0,0.0,0.0,0.0,0.0,0.0,0.0,0.0,0.0,0.0,0.0,0.0,0.0,0.0,0.0,0.0,0.0,0.0,0.0,0.0,0.0,0.0,0.0,0.0,0.0,0.0,0.0,0.0,0.0,0.0,0.0,0.0,0.0,0.0,0.0,0.0,0.0,0.0,0.0,0.0,0.0,0.0,0.0,0.0,0.0,0.0,0.0,0.0,0.0,0.0,0.0,0.0,0.0,0.0,0.0,0.0,0.0,0.0,0.0,0.0,0.0,0.0,0.0,-0.0,0.0,0.0,0.0,0.0,0.0,0.0,0.0,0.0,0.0,0.0,0.0,0.0,0.0,0.0,0.0,0.0,0.0,0.0,0.0,0.0,0.0,0.0,0.0,0.0,0.0,0.0,0.0,0.0,0.0,0.0,0.0,0.0,0.0,0.0,0.0,0.0,0.0,0.0,0.0,0.0,0.0,0.0,0.0,0.0,0.0,0.0,0.0,0.0,0.0,0.0,0.0,0.0,0.0,0.0,0.0,0.0,0.0,0.0,0.0,0.0,0.0,0.0,0.0,0.0,0.0,0.0,0.0,0.0,0.0,0.0,0.0,-0.0,0.0,0.0,0.0,0.0,1.0,0.0,0.0,0.0,0.0,0.0,0.0,0.0,0.0,0.0,0.0,0.0,0.0,0.0,0.0,0.0,0.0,0.0,0.0,0.0,0.0,0.0,0.0,0.0,0.0,0.0,0.0,0.0,0.0,0.0,0.0,0.0,0.0,0.0,0.0,0.0,0.0,0.0,0.0,0.0,0.0,0.0,0.0,0.0,0.0,0.0,0.0,0.0,0.0,0.0,0.0,0.0,0.0,0.0,0.0,0.0,0.0,0.0,0.0,0.0,0.0,0.0,0.0,0.0,0.0,0.0,0.0,-0.0,0.0,0.0,0.0,0.0,0.0,0.0,0.0,0.0,0.0,0.0,0.0,0.0,0.0,0.0,0.0,0.0,0.0,0.0,0.0,0.0,0.0,0.0,0.0,0.0,0.0,0.0,0.0,0.0,1.0,0.0,0.0,0.0,0.0,0.0,0.0,0.0,0.0,0.0,0.0,0.0,0.0,0.0,0.0,0.0,0.0,0.0,0.0,0.0,0.0,0.0,0.0,0.0,0.0,-0.0,-0.0,0.0,0.0,0.0,0.0,0.0,0.0,0.0,0.0,0.0,0.0,0.0,0.0,0.0,0.0,0.0,0.0,0.0,0.0,0.0,0.0,0.0,0.0,0.0,0.0,0.0,0.0,0.0,0.0,0.0,0.0,0.0,0.0,0.0,0.0,0.0,0.0,0.0,0.0,0.0,0.0,0.0,0.0,0.0,0.0,0.0,0.0,1.0,0.0,0.0,0.0,0.0,0.0,0.0,0.0,0.0,0.0,0.0,0.0,0.0,0.0,0.0,0.0,0.0,0.0,0.0,0.0,0.0,0.0,0.0,0.0,0.0,0.0,0.0,0.0,0.0,0.0,0.0,0.0,0.0,0.0,0.0,0.0,0.0,0.0,0.0,0.0,0.0,0.0,0.0,0.0,0.0,-0.0,-0.0,1.0000000000000002,0.0,0.0,0.0,0.0,0.0,0.0,0.0,0.0,0.0,0.0,0.0,0.0,0.0,0.0,0.0,0.0,0.0,0.0,0.0,0.0,0.0,0.0,0.0,1.0,0.0,0.0,0.0,0.0,0.0,0.0,0.0,0.0,0.0,0.0,0.0,0.0,0.0,0.0,0.0,0.0,0.0,0.0,0.0,0.0,0.0,0.0,0.0,-0.0,0.0,0.0,0.0,0.0,0.0,0.0,0.0,0.0,0.0,0.0,0.0,0.0,0.0,0.0,0.0,0.0,0.0,0.0,0.0,0.0,0.0,0.0,0.0,0.0,0.0,0.0,0.0,0.0,0.0,0.0,0.0,0.0,0.0,0.0,0.0,0.0,0.0,0.0,0.0,0.0,0.0,0.0,0.0,0.0,0.0,0.0,0.0,0.0,0.0,0.0,0.0,0.0,0.0,0.0,0.0,0.0,0.0,0.0,0.0,0.0,0.0,0.0,0.0,0.0,0.0,1.0,0.0,0.0,0.0,0.0,1.0,0.0,0.0,0.0,0.0,0.0,0.0,0.0,0.0,0.0,0.0,0.0,0.0,0.0,0.0,0.0,0.0,0.0,0.0,1.0,0.0,0.0,0.0,0.0,0.0,1.0,0.0,0.0,0.0,0.0,0.0,0.0,0.0,0.0,0.0,0.0,0.0,0.0,0.0,0.0,0.0,0.0,0.0,1.0,0.0,0.0,0.0,0.0,0.0,1.0,0.0,0.0,0.0,0.0,0.0,0.0,0.0,0.0,0.0,0.0,0.0,0.0,0.0,0.0,0.0,0.0,0.0,1.0,0.0,0.0,0.0,0.0,1.0,0.0,0.0,0.0,0.0,0.0,0.0,0.0,0.0,0.0,0.0,0.0,0.0,0.0,0.0,0.0,0.0,0.0,0.0,1.0,0.0,0.0,0.0,0.0,0.0,0.0,0.0,0.0,0.0,0.0,0.0,0.0,0.0,0.0,0.0,0.0,0.0,0.0,0.0,0.0,0.0,0.0,0.0,0.0,0.0,0.0,0.0,0.0,0.0,0.0,0.0,0.0,0.0,0.0,0.0,0.0,0.0,0.0,0.0,0.0,0.0,0.0,0.0,0.0,0.0,0.0,0.0,0.0,0.0,0.0,0.0,0.0,0.0,0.0,0.0,0.0,0.0,0.0,0.0,0.0,0.0,0.0,0.0,0.0,0.0,0.0,0.0,0.0,0.0,0.0,0.0,0.0,0.0,0.0,0.0,0.0,0.0,0.0,0.0,0.0,0.0,0.0,0.0,0.0,0.0,0.0,0.0,0.0,0.0,0.0,0.0,0.0,0.0,0.0,0.0,1.0,0.0,0.0,0.0,0.0,0.0,0.0,0.0,0.0,0.0,0.0,0.0,0.0,0.0,0.0,0.0,0.0,0.0,0.0,0.0,0.0,0.0,0.0,0.0,0.0,0.0,0.0,0.0,0.0,0.0,0.0,0.0,0.0,0.0,0.0,0.0,0.0,0.0,0.0,0.0,0.0,0.0,0.0,0.0,0.0,0.0,0.0,0.0,1.0,0.0,0.0,0.0,0.0,0.0,0.0,0.0,0.0,0.0,0.0,0.0,0.0,0.0,0.0,0.0,0.0,0.0,0.0,0.0,0.0,0.0,0.0,0.0,1.0,0.0,0.0,0.0,0.0,0.0,0.0,1.0,0.0,0.0,0.0,0.0,0.0,0.0,0.0,0.0,0.0,0.0,0.0,0.0,0.0,0.0,0.0,0.0,1.0,0.0,0.0,0.0,0.0,0.0,0.0,0.0,0.0,0.0,0.0,0.0,0.0,0.0,0.0,0.0,0.0,0.0,0.0,0.0,0.0,0.0,0.0,0.0,1.0,0.0,0.0,0.0,0.0,1.0,0.0,0.0,0.0,0.0,0.0,0.0,0.0,0.0,0.0,0.0,0.0,0.0,0.0,0.0,0.0,0.0,0.0,0.0,0.0,0.0,0.0,0.0,0.0,0.0,0.0,0.0,0.0,0.0,0.0,0.0,0.0,0.0,0.0,0.0,0.0,0.0,0.0,0.0,0.0,0.0,0.0,0.0,1.0,0.0,0.0,0.0,0.0,0.0,0.0,0.0,0.0,0.0,0.0,0.0,0.0,0.0,0.0,0.0,0.0,0.0,0.0,0.0,0.0,0.0,0.0,0.0,1.0,0.0,0.0,0.0,0.0,1.0,0.0,0.0,0.0,0.0,0.0,0.0,0.0,0.0,0.0,0.0,0.0,0.0,0.0,0.0,0.0,0.0,0.0,0.0,0.0,0.0,0.0,0.0,0.0,0.0,1.0000000000000002,0.0,0.0,0.0,0.0,0.0,0.0,0.0,0.0,0.0,0.0,0.0,0.0,0.0,0.0,0.0,0.0,0.0,1.0,0.0,0.0,0.0,0.0,0.0,1.0,0.0,0.0,0.0,0.0,0.0,0.0,0.0,0.0,0.0,0.0,0.0,0.0,0.0,0.0,0.0,0.0,0.0,0.0,0.0,0.0,0.0,0.0,0.0,0.0,0.0,0.0,0.0,0.0,0.0,0.0,0.0,0.0,0.0,0.0,0.0,0.0,0.0,0.0,0.0,0.0,0.0,0.0,0.0,0.0,0.0,0.0,0.0,0.0,0.0,0.0,0.0,0.0,0.0,0.0,0.0,0.0,0.0,0.0,0.0,0.0,0.0,0.0,0.0,0.0,0.0,1.0,0.0,0.0,0.0,0.0,0.0,0.0,0.0,0.0,0.0,0.0,0.0,0.0,0.0,0.0,0.0,0.0,0.0,0.0,0.0,0.0,0.0,0.0,0.0,1.0,0.0,0.0,0.0,0.0,0.0,0.0,0.0,0.0,0.0,0.0,0.0,0.0,0.0,0.0,0.0,0.0,0.0,0.0,0.0,0.0,0.0,0.0,0.0,0.0,0.0,0.0,0.0,0.0,0.0,0.0,0.0,0.0,0.0,0.0,0.0,0.0,0.0,0.0,0.0,0.0,0.0,0.0,0.0,0.0,0.0,0.0,0.0,1.0,0.0,0.0,0.0,0.0,0.0,0.0,0.0,0.0,0.0,0.0,0.0,0.0,0.0,0.0,0.0,0.0,0.0,0.0,0.0,0.0,0.0,0.0,0.0,0.0,0.0,0.0,0.0,0.0,0.0,1.0000000000000002,0.0,0.0,0.0,0.0,0.0,0.0,0.0,0.0,0.0,0.0,0.0,0.0,0.0,0.0,0.0,0.0,0.0,1.0,0.0,0.0,0.0,0.0,1.0,0.0,0.0,0.0,0.0,0.0,0.0,0.0,0.0,0.0,0.0,0.0,0.0,0.0,0.0,0.0,0.0,0.0,0.0,0.0,0.0,0.0,0.0,0.0,0.0,0.0,0.0,0.0,0.0,0.0,0.0,0.0,0.0,0.0,0.0,0.0,0.0,0.0,0.0,0.0,0.0,0.0,0.0,1.0,0.0,0.0,0.0,0.0,0.0,1.0,0.0,0.0,0.0,0.0,0.0,0.0,0.0,0.0,0.0,0.0,0.0,0.0,0.0,0.0,0.0,0.0,0.0,1.0,0.0,0.0,0.0,0.0,0.0,1.0,0.0,0.0,0.0,0.0,0.0,0.0,0.0,0.0,0.0,0.0,0.0,0.0,0.0,0.0,0.0,0.0,0.0,0.0,0.0,0.0,0.0,0.0,0.0,0.0,0.0,0.0,0.0,0.0,0.0,0.0,0.0,0.0,0.0,0.0,0.0,0.0,0.0,0.0,0.0,0.0,0.0,1.0,0.0,0.0,0.0,0.0,0.0,0.0,0.0,0.0,0.0,0.0,0.0,0.0,0.0,0.0,0.0,0.0,0.0,0.0,0.0,0.0,0.0,0.0,0.0,1.0,0.0,0.0,0.0,0.0,0.0,0.0,0.0,0.0,0.0,0.0,0.0,0.0,0.0,0.0,0.0,0.0,0.0,0.0,0.0,0.0,0.0,0.0,0.0,1.0,0.0,0.0,0.0,0.0,0.0,0.0,0.0,0.0,0.0,0.0,0.0,0.0,0.0,0.0,0.0,0.0,0.0,0.0,0.0,0.0,0.0,0.0,0.0,0.0,0.0,0.0,0.0,0.0,0.0,0.0,0.0,0.0,0.0,0.0,0.0,0.0,0.0,0.0,0.0,0.0,0.0,0.0,0.0,0.0,0.0,0.0,0.0,1.0,0.0,0.0,0.0,0.0,1.0,0.0,0.0,0.0,0.0,0.0,0.0,0.0,0.0,0.0,0.0,0.0,0.0,0.0,0.0,0.0,0.0,0.0,0.0,0.0,0.0,0.0,0.0,0.0,0.0,0.0,0.0,0.0,0.0,0.0,0.0,0.0,0.0,0.0,0.0,0.0,0.0,0.0,0.0,0.0,0.0,0.0,0.0,0.0,0.0,0.0,0.0,0.0,0.0,1.0,0.0,0.0,0.0,0.0,0.0,0.0,0.0,0.0,0.0,0.0,0.0,0.0,0.0,0.0,0.0,0.0,0.0,0.0,0.3496318416289594,0.0,0.0,0.0,0.2397287080689397,0.5893605496978991,0.9389923913268585,1.0,1.0,1.0,1.0000000000000004,1.0,0.6503681583710407,1.0,1.0000000000000004,1.0000000000000004,1.0000000000000004,0.6388254551561734,0.7959063453230372,1.0000000000000004,1.0000000000000004,0.5848898914027153,0.1697797828054302,0.0,0.0,0.0,0.0,0.0,0.0,0.0,0.0,0.0,0.0,0.0,0.4450994803921569,0.8901989607843138,0.9659966457861838,1.0000000000000007,1.0000000000000007,1.0,1.0,1.0,1.0000000000000004,1.0000000000000007,1.0000000000000004,0.8934751242653893,0.6393197834858653,0.8841120704845816,1.0000000000000004,1.0,1.0,1.0,1.0,1.0,1.0,1.0,1.0000000000000004,1.0,1.0000000000000004,1.0,1.0,1.0,1.0,1.0000000000000004,1.0,1.0,1.0,1.0000000000000004,1.0,1.0,1.0,0.0,0.0,0.0,0.0,0.0,0.0,0.0,0.34731284146341473,0.6946256829268295,1.0000000000000004,1.0,1.0000000000000004,1.0,0.6531796097560977,1.0,1.0,1.0000000000000004,0.9129468447359874,0.566126454492085,0.6526871585365859,1.0000000000000004,1.0000000000000004,0.653179609756098,0.3063592195121956,0.6358014937238494,0.3630627196652719,0.0,0.0,0.0,0.11329447165680925,0.12925899664075058,0.5419032821621921,1.0,1.0000000000000004,1.0000000000000004,0.7261254393305442,0.3630627196652719,0.0,0.0,0.0,0.0,0.0,0.0,0.0,0.0,0.0,0.0,0.0,0.0,0.0,0.0,0.0,0.0,0.0,0.0,0.4074336652542373,0.8148673305084746,1.0,1.0,1.0,1.0,1.0,1.0,1.0,1.0000000000000004,1.0,1.0,1.0,1.0000000000000004,1.0000000000000004,1.0000000000000004,1.0,0.0,0.0,0.0,0.0,0.0,0.0,0.0,0.0,0.4857103084577114,0.9714206169154228,1.0,1.0,1.0,1.0,1.0,1.0,1.0,1.0,1.0,1.0,1.0000000000000004,1.0,1.0000000000000004,1.0,0.0,0.45662531578947374,0.07198914736842112,0.44448117359036776,0.9011064893798415,1.0,1.0,1.0,1.0,1.0000000000000004,1.0000000000000004,1.0,1.0000000000000004,0.9369994848594556,1.0000000000000004,1.0000000000000004,1.0000000000000007,1.0000000000000007,1.0000000000000004,1.0000000000000004,0.7692723368421053,0.38463616842105264,0.0,0.0,0.0,0.0,0.0,0.0,0.0,0.0,0.0,0.0,0.0,0.0,0.0,0.0,0.0,0.0,0.0,0.0,0.0,0.0,0.0,0.0,0.0,0.0,0.0,0.0,0.9146420829493087,1.0,0.561740400921659,1.0,1.0,1.0,1.0,1.0,1.0,1.0,1.0,1.0,1.0,1.0,1.0,1.0,1.0,1.0,1.0,1.0,1.0000000000000004,1.0000000000000004,0.999999999999999,1.0,0.7587861373390558,0.6176238522421673,0.2801641741305793,0.3138934671152282,0.7243811366431252,1.0,1.0,1.0,1.0,1.0,1.0000000000000004,1.0,0.674919356223176,0.337459678111588,0.0,0.0,0.0,0.0,0.0,0.0,0.0,0.0,0.0,0.0,0.7371494545454546,0.6045668428526119,0.1972988201253391,0.24991800641931208,0.6549481018738574,0.8395315632225208,0.845795590852939,1.0000000000000004,1.0000000000000004,1.0000000000000004,1.0000000000000004,1.0000000000000004,1.0000000000000004,0.6315666134554326,1.0000000000000004,1.0,1.0000000000000004,0.9999999999999998,0.910394066327288,0.9362178725646861,0.8145360454545455,0.40726802272727275,0.0,0.0,0.9783350869565217,0.5292660782608696,0.08019706956521737,0.0,0.0,0.0,0.0,0.0,0.0,0.0,0.0,0.0,0.0,0.0,0.0,0.0,0.0,0.0,0.0,0.0,0.0,0.0,0.0,0.0,0.9524910587442671,0.5241842132158118,0.09587736768735644,0.0,0.0,0.0,0.0,0.0,0.0,0.0,0.0,0.0,0.0,0.0,0.0,0.0,0.0,0.0,0.0,0.0,0.0,0.0,0.0,0.0,0.8875488266666666,0.48319406,0.0,0.0,0.0,0.0,0.0,0.0,0.0,0.0,0.0,0.0,0.0,0.0,0.0,0.0,0.0,0.0,0.0,0.0,0.0,0.0,0.0,0.0,0.9801202689201473,0.6214307455556611,0.2627412221911751,0.0,0.0,0.0,0.0,0.0,0.0,0.0,0.0,0.0,0.0,0.0,0.0,0.0,0.0,0.0,0.0,0.0,0.0,0.0,0.0,0.0,0.0,0.0,0.0,0.0,0.0,0.0,0.0,0.4972310955882353,0.9944621911764709,1.0,1.0,1.0000000000000004,1.0,1.0000000000000004,1.0,1.0,1.0000000000000004,1.0000000000000004,1.0,1.0,1.0000000000000004,1.0,1.0000000000000004,1.0,0.7373727328767123,1.0000000000000004,0.572589568493151,0.9531607054794524,1.0000000000000004,1.0,1.0,1.0,1.0000000000000004,1.0000000000000004,1.0000000000000004,1.0000000000000004,1.0,1.0,1.0,1.0,1.0,1.0,1.0,1.0,1.0000000000000004,1.0000000000000004,0.9999999999999998,1.0,0.6559914601769912,0.4353259380530973,0.0,0.0,0.0,0.0,0.0,0.0,0.0,0.0,0.0,0.0,0.0,0.0,0.0,0.0,0.0,0.0,0.0,0.0,0.0,0.0,0.0,0.0,1.0,0.6454464594594596,0.290892918918919,0.0,0.0,0.0,0.0,0.0,0.0,0.0,0.0,0.0,0.0,0.0,0.0,0.0,0.0,0.0,0.0,0.0,0.0,0.0,0.0,0.0,0.0,0.0,0.0,0.0,0.0,0.0,0.0,0.0,0.0,0.0,0.0,0.0,0.0,0.0,0.0,0.0,0.0,0.0,0.0,0.0,0.0,0.0,0.0,0.0,0.6030997194244604,0.45847723021582737,0.0,0.0,0.0,0.0,0.0,0.0,0.0,0.0,0.0,0.0,0.0,0.0,0.0,0.0,0.0,0.0,0.0,0.0,0.0,0.0,0.0,0.0,0.8497957265625,1.0,0.5241570546875001,0.9305027812500002,1.0,1.0,1.0,1.0,1.0,1.0,1.0,1.0000000000000004,1.0,1.0,1.0,1.0,1.0,1.0,1.0,1.0,0.9516858906250003,0.4758429453125003,0.0,0.0,0.0,0.0,0.0,0.0,0.0,0.0,0.0,0.4118815275590551,0.8237630551181102,1.0,1.0,1.0,1.0,1.0,1.0,1.0,1.0,1.0,1.0,1.0,1.0000000000000004,1.0000000000000004,0.9999999999999992,1.0,0.6869995789473684,0.4945527434210526,0.0,0.0,0.0,0.16141199808098305,0.1691190029626374,0.5263124013157894,1.0,1.0000000000000002,0.9908623423237897,1.0000000000000004,0.9597792290746069,0.4652264856535543,0.591037681449205,1.0000000000000002,1.0,0.5054472565789474,0.2341965514960586,0.5154178881578946,0.9891054868421052,0.4945527434210526,0.0,0.0,0.8760548968253967,0.4553649285714286,0.0,0.0,0.0,0.0,0.0,0.0,0.0,0.0,0.0,0.0,0.0,0.0,0.0,0.0,0.0,0.0,0.0,0.0,0.0,0.0,0.0,0.0,0.0,0.0,0.0,0.0,0.0,0.0,0.0,0.0,0.0,0.0,0.0,0.0,0.0,0.0,0.0,0.0,0.0,0.0,0.0,0.0,0.0,0.0,0.0,0.0,0.0,0.0,0.0,0.0,0.0,0.0,0.0,0.44251609016393445,0.8850321803278689,1.0,0.9805371357799888,1.0,0.8343811157560426,0.40161950919866546,0.45908513344069113,0.8655232131147546,0.4327616065573773,0.0,0.0,0.0,0.0,0.0,0.0,0.0,0.0,0.0,0.0,0.0,0.0,0.0,0.0,0.0,0.0,0.0,0.0,0.0,0.0,0.0,0.0,0.0,0.0,0.0,0.0,0.0,0.0,0.0,0.0,0.0,0.9351771287878787,0.5801758030303029,0.2251744772727272,0.0,0.0,0.0,0.0,0.0,0.0,0.0,0.0,0.0,0.0,0.0,0.0,0.0,0.0,0.0,0.0,0.0,0.0,0.0,0.0,0.0,0.0,0.0,0.0,0.0,0.0,0.0,0.0,0.0,0.46203525185185196,0.9240705037037039,1.0,1.0000000000000004,1.0,1.0,1.0000000000000004,1.0,1.0,1.0,1.0,1.0,1.0000000000000004,1.0000000000000004,1.0,1.0,0.0,0.0,0.0,0.0,0.0,0.0,0.0,0.0,0.0,0.0,0.0,0.0,0.0,0.0,0.0,0.0,0.0,0.0,0.0,0.0,0.0,0.0,0.0,0.0,0.0,0.0,0.0,0.0,0.0,0.0,0.0,0.4856261049382715,0.971252209876543,1.0,1.0,1.0000000000000004,1.0,0.6046461995106657,1.0,1.0,1.0,1.0,0.8722785630916569,0.898781690335184,0.948068098765432,0.4740340493827158,0.0,0.0,0.0,0.0,0.0,0.0,0.0,0.0,0.0,0.471081609375,0.94216321875,1.0000000000000004,1.0,1.0000000000000004,1.0,1.0,1.0,1.0,1.0,1.0,1.0,1.0,1.0000000000000004,1.0000000000000004,0.9999999999999999,1.0,0.0,0.0,0.0,0.0,0.0,0.0,0.0,0.0,0.0,0.0,0.0,0.0,0.0,0.0,0.0,0.0,0.0,0.0,0.0,0.0,0.0,0.0,0.0,0.0,0.7945173284671533,1.0000000000000004,0.5579682992700733,0.9319594175518118,1.0,1.0,1.0,1.0,1.0,1.0000000000000004,0.9999999999999992,1.0000000000000004,1.0000000000000004,1.0,1.0,1.0,1.0,1.0,1.0,1.0,1.0000000000000004,1.0000000000000007,1.0000000000000004,1.0000000000000004,0.6460707952755906,0.2346360393700788,0.0,0.0,0.0,0.0,0.0,0.0,0.0,0.0,0.0,0.0,0.0,0.0,0.0,0.0,0.0,0.0,0.0,0.0,0.0,0.0,0.0,0.0,0.0,0.0,0.0,0.0,0.0,0.0,0.3463450135135135,0.6926900270270271,1.0000000000000004,1.0000000000000004,1.0000000000000004,1.0000000000000004,1.0,0.9631641486453864,1.0,1.0,1.0000000000000004,1.0000000000000004,1.0,1.0000000000000002,1.0000000000000002,1.0,0.9494508388491151,0.9005693456821584,0.0,0.0,0.0,0.0,0.0,0.0,0.0,0.46740645054945024,0.9348129010989009,1.0,1.0000000000000004,1.0000000000000004,1.0000000000000004,0.840761351979455,1.0,1.0000000000000004,1.0000000000000004,0.9748609858254342,0.9112861513534729,0.919353801685979,1.0000000000000004,1.0000000000000004,0.8215829069320219,0.7572585291623772,0.0,0.0,0.0,0.0,0.0,0.0,0.0,0.3582896483516482,0.7007110760439598,0.7059223563038186,0.578423098901104,0.9367127472527523,0.6435104434422299,0.41292733943949517,0.5093595192129534,0.8059811538461484,0.9630197802197685,0.5046278901098784,0.4570492854114386,0.4591329912873489,0.7280122967032887,0.4583918901098901,0.0,0.0,0.0,0.0,0.0,0.0,0.0,0.0,0.3611617042253521,0.7223234084507042,1.0000000000000002,1.0000000000000004,1.0,1.0000000000000004,1.0000000000000004,1.0,1.0,1.0000000000000004,1.0000000000000004,1.0,1.0,1.0,1.0,1.0000000000000004,1.0000000000000004,1.0,0.0,0.3368350571428571,0.6736701142857143,1.0000000000000004,1.0,1.0000000000000002,1.0000000000000002,1.0000000000000004,1.0000000000000004,1.0000000000000004,1.0000000000000004,1.0,1.0,1.0,1.0,1.0000000000000004,1.0000000000000004,1.0000000000000004,1.0,1.0,1.0000000000000004,1.0000000000000004,1.0,1.0,0.5778375138888888,1.0,1.0,1.0,1.0,1.0000000000000004,1.0,1.0,1.0000000000000004,1.0000000000000004,1.0000000000000004,1.0000000000000004,1.0000000000000004,1.0,1.0,1.0000000000000004,1.0000000000000004,1.0,1.0000000000000004,1.0,1.0000000000000004,1.0000000000000004,1.0,1.0,1.0000000000000004,1.0000000000000004,0.9401659811156198,1.0,1.0,1.0,1.0,1.0,1.0000000000000004,1.0000000000000004,1.0000000000000004,1.0000000000000004,1.0000000000000004,1.0,1.0,1.0000000000000004,1.0000000000000004,1.0,1.0000000000000004,1.0,1.0000000000000004,1.0000000000000004,1.0,1.0,0.6139951384615384,1.0000000000000004,0.9700163620176343,1.0,1.0,1.0000000000000004,0.9999999999999998,1.0,1.0000000000000004,1.0000000000000004,1.0000000000000004,1.0000000000000004,1.0000000000000004,1.0,1.0,1.0,1.0000000000000004,1.0,1.0,1.0,1.0000000000000004,1.0000000000000004,1.0000000000000004,1.0,0.0,0.47215113157894745,0.9443022631578948,1.0000000000000004,1.0000000000000004,1.0,1.0,1.0,1.0,1.0000000000000004,1.0,1.0000000000000004,1.0000000000000004,1.0000000000000004,1.0,1.0000000000000004,1.0,1.0000000000000004,1.0,1.0000000000000004,1.0000000000000004,1.0000000000000004,1.0000000000000004,1.0000000000000004,0.5893741935483872,1.0,1.0,1.0000000000000004,1.0,1.0,1.0000000000000004,1.0000000000000004,1.0000000000000004,1.0000000000000004,1.0000000000000004,1.0000000000000004,1.0,1.0000000000000004,1.0000000000000004,1.0,1.0000000000000004,1.0,1.0000000000000004,1.0000000000000004,1.0000000000000004,1.0,1.0000000000000004,1.0000000000000004,0.0,0.45928842253521124,0.9185768450704225,1.0000000000000004,1.0,1.0,1.0,1.0,1.0000000000000004,1.0,1.0000000000000004,1.0000000000000004,1.0000000000000004,1.0,1.0000000000000004,1.0,1.0000000000000004,1.0,1.0000000000000004,1.0000000000000004,1.0000000000000004,1.0000000000000004,1.0000000000000004,1.0000000000000004,0.0,0.0,0.0,0.0,0.0,0.0,0.0,0.0,0.44173665277777774,0.7510075806723631,0.5888808882688449,1.0000000000000004,0.6733905277777776,0.3366952638888889,0.0,0.0,0.0,0.0,0.0,0.0,0.0,0.0,0.0,0.0,0.0,0.36563894117647044,0.6497141243117739,0.8740625508580019,0.9453175766066871,0.9767043215652674,0.9777356343100132,1.0000000000000004,1.0000000000000004,1.0000000000000004,1.0000000000000004,1.0000000000000004,1.0000000000000004,0.9399847991914442,1.0000000000000004,1.0000000000000004,1.0000000000000004,1.0000000000000004,0.9893001089346793,0.992699975040682,1.0000000000000004,1.0000000000000004,0.9279798401823866,0.8841605570631843,0.0,0.0,0.0,0.0,0.0,0.0,0.34466258333333327,0.6893251666666664,1.0000000000000009,1.0000000000000004,1.0000000000000004,1.0000000000000004,1.0,1.0,1.0,1.0,1.0000000000000004,1.0,1.0,1.0000000000000004,1.0000000000000004,1.0000000000000004,1.0000000000000004,1.0,0.9878831710526318,1.0000000000000002,0.6760367128274339,0.9191939101920976,0.9972197679426865,1.0000000000000004,0.9999999999999996,1.0000000000000004,1.0,1.0,1.0,1.0000000000000004,1.0000000000000004,0.9912643959759542,1.0,1.0,1.0000000000000004,1.0000000000000004,1.0,1.0000000000000004,1.0000000000000004,1.0,0.9782436529509194,0.9302516914627874,0.0,0.3413048356164385,0.6826096712328769,1.0000000000000004,1.0000000000000004,1.0,1.0,1.0000000000000004,1.0,1.0000000000000004,1.0,1.0000000000000004,1.0,1.0,1.0000000000000004,1.0000000000000004,1.0,1.0000000000000004,1.0,1.0000000000000004,1.0000000000000004,1.0000000000000004,1.0,1.0000000000000004,0.0,0.0,0.0,0.0,0.0,0.0,0.3386111538461538,0.6772223076923076,1.0000000000000004,1.0000000000000004,1.0000000000000004,1.0000000000000004,1.0,1.0,1.0,1.0000000000000004,1.0,1.0,1.0,1.0,1.0000000000000004,1.0000000000000004,1.0000000000000004,1.0,0.823150181818182,0.42416633333333337,0.0,0.0,0.0,0.0,0.0,0.44691672727272724,0.8938334545454546,1.0,1.0,1.0000000000000004,1.0000000000000004,0.8250193052827505,0.9993205453723849,1.0000000000000004,1.0000000000000004,0.9692577527853179,0.9021483728038966,0.9100695596364938,1.0000000000000004,1.0000000000000004,0.8053522425522931,0.7362757405935805,0.0,0.0,0.0,0.0,0.0,0.0,0.0,0.49826152777777777,0.9965230555555555,1.0,1.0000000000000004,1.0000000000000004,1.0,1.0,1.0000000000000004,1.0,1.0,1.0,1.0,1.0000000000000004,1.0000000000000004,1.0,1.0,1.0,1.0000000000000004,1.0000000000000004,1.0,1.0,1.0,1.0,1.0,1.0,1.0000000000000004,1.0,1.0000000000000004,1.0000000000000004,1.0000000000000004,1.0,1.0000000000000004,1.0,1.0,1.0000000000000004,1.0000000000000004,1.0000000000000004,1.0000000000000004,1.0000000000000004,1.0000000000000004,1.0000000000000004,1.0000000000000007,1.0000000000000004,1.0000000000000004,1.0000000000000004,1.0,1.0000000000000004,1.0000000000000004,1.0000000000000004,1.0000000000000004,1.0000000000000004,1.0000000000000004,1.0000000000000004,1.0000000000000004,1.0000000000000004,1.0000000000000004,1.0000000000000004,1.0000000000000004,1.0000000000000004,1.0000000000000004,1.0000000000000004,1.0000000000000004,1.0000000000000004,1.0000000000000004,1.0,0.0,0.42109718571428584,0.8421943714285716,1.0000000000000007,1.0000000000000007,1.0000000000000004,1.0000000000000007,1.0000000000000004,1.0,1.0000000000000004,1.0,1.0,1.0,1.0000000000000004,1.0,1.0,1.0,1.0000000000000004,1.0,1.0000000000000004,1.0000000000000004,1.0,1.0,1.0,0.0,0.4630909462365592,0.9261818924731184,1.0,1.0,1.0,1.0,1.0,1.0,1.0000000000000004,1.0000000000000004,1.0000000000000004,1.0000000000000004,1.0000000000000004,1.0000000000000004,1.0000000000000004,1.0,1.0000000000000004,1.0000000000000004,1.0000000000000004,1.0,1.0000000000000004,1.0000000000000004,1.0000000000000004,0.9147551600000003,1.0000000000000004,1.0000000000000004,1.0,1.0,1.0000000000000004,1.0000000000000004,1.0000000000000004,1.0000000000000004,1.0,1.0,1.0000000000000004,1.0000000000000004,1.0,1.0,1.0000000000000004,1.0000000000000004,1.0,1.0,1.0,1.0000000000000004,1.0000000000000004,1.0000000000000004,1.0,0.0,0.45068644565217403,0.7003097053704606,0.8969228322348447,0.9612053194839157,0.9886277265269081,0.9896853365794183,1.0000000000000004,1.0000000000000004,1.0000000000000004,1.0000000000000004,1.0000000000000004,1.0000000000000004,0.9563558126762299,1.0000000000000004,1.0000000000000004,1.0000000000000004,1.0000000000000004,0.999158649123232,1.0000000000000004,1.0000000000000004,1.0000000000000004,0.9461709715568375,0.9072488134580081,0.6606580875000001,0.4069631375,0.0,0.0,0.0,0.0,0.0,0.4320514134999999,0.8641028259999999,1.0000000000000004,1.0,1.0000000000000004,1.0000000000000004,0.8630722941789442,1.0000000000000004,1.0000000000000004,1.0000000000000004,0.9989573801021919,0.9361782830351912,0.9447661982034434,1.0000000000000004,1.0000000000000004,0.8436201842626662,0.7777313129618828,0.0,0.0,0.0,0.0,0.0,0.0,0.37769619540229893,0.7553923908045976,1.0,1.0000000000000004,1.0,1.0000000000000004,1.0,1.0,1.0,1.0,1.0000000000000004,1.0,1.0,1.0,1.0000000000000004,1.0000000000000004,1.0000000000000004,1.0,1.0000000000000004,1.0000000000000004,1.0,1.0,1.0,1.0000000000000004,1.0,1.0,1.0000000000000004,1.0000000000000004,1.0,1.0000000000000004,1.0,1.0000000000000004,1.0000000000000004,1.0000000000000004,1.0000000000000004,1.0,1.0,1.0000000000000004,1.0000000000000004,1.0,1.0,1.0,0.0,0.0,0.0,0.0,0.0,0.0,0.0,0.4686200547945205,0.9372401095890408,0.9891018919241019,0.8252118057476738,1.0000000000000004,0.9140082319360963,0.6376254107258471,0.7525286684642656,1.0000000000000004,0.9999999999999999,0.7318783134225292,0.6886456703573932,0.6944521818321792,1.0,0.9275294109588921,0.6242349984278625,0.5781684790109594,0.0,0.0,0.0,0.0,0.0,0.0,0.0,0.37299514457831323,0.7459902891566265,0.9557300681624423,0.7505133810444279,1.0000000000000004,0.8603104430583751,0.5154870093729343,0.6592300252904609,1.0000000000000004,1.0000000000000004,0.6333444166985469,0.5788962198053367,0.5858604698795182,0.9588556144578315,0.4794278072289157,0.0,0.0,0.9360006883116884,1.0000000000000004,0.6915414999613181,1.0000000000000004,1.0,1.0,1.0000000000000004,1.0000000000000004,1.0000000000000004,1.0000000000000004,1.0000000000000004,1.0000000000000004,1.0,1.0,1.0,1.0000000000000004,1.0000000000000004,1.0,1.0,1.0,1.0000000000000004,1.0000000000000004,1.0000000000000004,1.0,0.0,0.47493411290322574,0.9498682258064517,1.0000000000000007,1.0000000000000007,1.0000000000000004,1.0000000000000004,1.0,1.0000000000000004,1.0000000000000004,1.0,1.0000000000000004,1.0000000000000004,1.0,1.0000000000000004,1.0,1.0000000000000004,1.0,1.0000000000000004,1.0000000000000004,1.0000000000000004,1.0,1.0000000000000004,1.0,0.0,0.37693851282051294,0.7538770256410258,1.0000000000000004,1.0000000000000004,1.0,1.0,1.0,1.0000000000000004,1.0000000000000004,1.0,1.0000000000000004,1.0000000000000004,1.0,1.0000000000000004,1.0000000000000004,1.0000000000000004,1.0,1.0000000000000004,1.0000000000000004,1.0000000000000004,1.0,1.0000000000000004,1.0,0.0,0.49845053030303027,0.9969010606060605,1.0,1.0,1.0000000000000004,1.0,1.0000000000000004,1.0000000000000004,1.0000000000000004,1.0000000000000004,1.0000000000000004,1.0000000000000004,1.0000000000000004,1.0,1.0000000000000004,1.0000000000000004,1.0,1.0000000000000004,1.0000000000000004,1.0000000000000004,1.0000000000000004,1.0,1.0,0.9690903571428571,1.0000000000000004,0.7903636798879827,1.0000000000000004,1.0,1.0,1.0000000000000007,1.0000000000000004,1.0000000000000004,1.0000000000000004,1.0,1.0000000000000004,1.0,1.0,1.0,1.0000000000000004,1.0000000000000004,1.0,1.0,1.0,1.0000000000000004,1.0000000000000004,1.0000000000000004,1.0,0.0,0.0,0.0,0.0,0.0,0.0,0.3481138965517242,0.6962277931034484,1.0,1.0000000000000004,1.0,1.0000000000000004,1.0,1.0,1.0,1.0000000000000004,1.0000000000000004,1.0,1.0,1.0,1.0000000000000004,1.0000000000000004,1.0000000000000004,1.0,0.48279115189873417,0.8329040506329117,1.0,1.0000000000000004,1.0000000000000004,1.0,1.0,1.0000000000000004,1.0000000000000004,1.0000000000000004,1.0,1.0000000000000004,1.0,1.0,1.0000000000000004,1.0,1.0,1.0000000000000004,1.0000000000000004,1.0000000000000004,1.0000000000000004,1.0,1.0000000000000004,1.0000000000000004,0.8666162333333333,0.43330811666666663,0.0,0.0,0.0,0.0,0.0,0.46619783333333326,0.9323956666666665,1.0,1.0,1.0000000000000004,1.0000000000000004,0.8446937959893915,1.0000000000000004,1.0000000000000004,1.0000000000000004,0.9906284987833969,0.9242434802163924,0.9320861463335726,1.0000000000000004,1.0000000000000002,0.8233467331085261,0.7518519635170184,1.0,1.0,1.0,1.0,1.0,1.0,1.0,1.0,1.0,1.0,1.0,1.0,1.0,1.0,1.0,1.0,1.0,1.0,1.0,1.0,1.0,1.0,1.0,1.0,0.0,0.0,0.0,0.0,0.0,0.0,0.0,0.0,0.0,0.0,1.0,1.0,1.0,1.0,1.0,1.0,1.0,1.0,1.0,1.0,1.0,1.0,1.0,1.0,1.0000000000000002,1.0,1.0,1.0,1.0,1.0,1.0,1.0,1.0,1.0,1.0,1.0,1.0,1.0,1.0,1.0,1.0,1.0,1.0,1.0,1.0,1.0,1.0,1.0,-0.0,0.0,-0.0,-0.0,0.0,0.0,1.0,1.0,1.0,1.0,1.0,1.0,1.0,1.0,1.0,1.0,1.0,1.0,1.0,1.0,1.0,1.0,1.0,1.0,1.0,1.0,1.0,1.0,1.0,1.0,1.0,1.0,1.0,1.0,1.0,1.0,1.0,1.0,0.0,0.0,0.0,0.0,0.0,0.0,0.0,0.0,0.0,0.0,0.0,0.0,0.0,0.0,0.0,0.0,1.0,1.0,1.0,1.0,1.0,1.0,1.0,1.0,1.0,1.0,1.0,1.0,1.0,1.0,1.0,1.0,1.0,1.0,0.0,0.0,0.0,0.0,0.0,0.0,0.0,1.0,1.0,1.0,1.0,1.0,1.0,1.0,1.0,1.0,1.0,1.0,1.0,1.0,1.0,1.0,1.0,1.0,1.0,1.0,1.0,1.0,1.0,1.0,1.0,1.0,1.0,1.0,1.0,1.0,1.0,1.0,1.0,1.0,1.0,1.0,1.0,1.0,1.0,1.0,1.0,0.0,0.0,-0.0,-0.0,-0.0,-0.0,-0.0,-0.0,-0.0,-0.0,-0.0,0.0,-0.0,-0.0,-0.0,0.0,-0.0,-0.0,-0.0,0.0,-0.0,-0.0,-0.0,-0.0,0.0,1.0,1.0,1.0,1.0,1.0,1.0,1.0,1.0,1.0,1.0,1.0,1.0,1.0,1.0,1.0,1.0,1.0,1.0,1.0,1.0,1.0,1.0,1.0,1.0,1.0,1.0,1.0,1.0,1.0,1.0,1.0,1.0,1.0,1.0,1.0,1.0,1.0,1.0,1.0,0.0,0.0,0.0,0.0,0.0,0.0,0.0,-0.0,-0.0,1.0,1.0,1.0,1.0,1.0,1.0,1.0,1.0,1.0,1.0,1.0,1.0,1.0,1.0,1.0,1.0,1.0,1.0,1.0,1.0,1.0,1.0,1.0,0.0,1.0,1.0,1.0,1.0,1.0,0.0,0.0,0.0,0.0,0.0,0.0,-0.0,-0.0,-0.0,0.0,-0.0,-0.0,-0.0,-0.0,0.0,-0.0,-0.0,0.0,0.0,1.0000000000000002,1.0,1.0,1.0,0.0,0.0,0.0,-0.0,-0.0,-0.0,-0.0,-0.0,-0.0,-0.0,-0.0,0.0,-0.0,0.0,-0.0,0.0,0.0,0.0,0.0,0.0,1.0000000000000002,1.0,1.0,0.0,0.0,-0.0,0.0,-0.0,-0.0,-0.0,-0.0,0.0,-0.0,-0.0,-0.0,0.0,-0.0,0.0,-0.0,0.0,-0.0,-0.0,0.0,0.0,1.0000000000000002,1.0000000000000002,1.0,1.0,0.0,-0.0,-0.0,-0.0,-0.0,-0.0,-0.0,0.0,-0.0,-0.0,-0.0,0.0,-0.0,0.0,0.0,0.0,0.0,0.0,0.0,0.0,0.0,0.0,0.0,0.0,0.0,0.0,1.0,1.0,1.0,1.0,1.0,1.0,1.0,1.0,1.0,1.0,1.0,1.0,1.0,1.0,1.0,1.0,1.0,1.0,1.0,1.0,1.0,1.0,1.0,1.0,1.0,1.0,1.0,1.0,1.0,1.0,1.0,1.0,1.0,1.0,1.0,1.0,1.0,1.0,1.0,1.0,1.0,1.0,1.0,1.0,1.0,0.0,0.0,-0.0,-0.0,-0.0,0.0,-0.0,-0.0,-0.0,-0.0,0.0,-0.0,-0.0,-0.0,-0.0,-0.0,0.0,-0.0,0.0,0.0,0.0,1.0,1.0,1.0,1.0,0.0,0.0,0.0,0.0,0.0,0.0,-0.0,-0.0,0.0,-0.0,-0.0,0.0,-0.0,0.0,0.0,-0.0,0.0,0.0,0.0,0.0,0.0,-0.0,-0.0,-0.0,-0.0,-0.0,-0.0,-0.0,0.0,-0.0,-0.0,0.0,-0.0,-0.0,-0.0,0.0,-0.0,-0.0,-0.0,0.0,-0.0,0.0,-0.0,0.0,1.0,1.0,1.0,0.0,0.0,-0.0,-0.0,-0.0,0.0,-0.0,-0.0,-0.0,-0.0,-0.0,0.0,0.0,-0.0,-0.0,-0.0,-0.0,0.0,-0.0,-0.0,0.0,1.0,1.0,1.0,1.0,1.0,1.0,1.0,1.0,1.0,1.0,1.0,1.0,1.0,1.0,1.0,1.0,1.0,1.0,1.0,1.0,1.0,1.0,1.0,0.0,0.0,-0.0,-0.0,-0.0,0.0,0.0,1.0,1.0,1.0,1.0,1.0,1.0,1.0,1.0,1.0,1.0,1.0,1.0,1.0,1.0,1.0,1.0,1.0,1.0,1.0,1.0,1.0,1.0,1.0,1.0,1.0,1.0,1.0,1.0,1.0,1.0,1.0,1.0,1.0,1.0,1.0,1.0,1.0,1.0,1.0,1.0,1.0,0.0,1.0,1.0,1.0,0.0,0.0,-0.0,0.0,-0.0,-0.0,-0.0,-0.0,-0.0,0.0,-0.0,0.0,-0.0,-0.0,-0.0,-0.0,-0.0,0.0,-0.0,-0.0,0.0,0.0,0.0,0.0,-0.0,-0.0,-0.0,0.0,-0.0,-0.0,-0.0,-0.0,0.0,-0.0,-0.0,0.0,0.0,0.0,-0.0,-0.0,0.0,-0.0,-0.0,0.0,0.0,0.0,0.0,0.0,0.0,0.0,0.0,1.0,1.0,1.0,1.0,1.0,1.0,1.0,1.0,1.0,1.0,1.0,1.0,0.0,0.0,0.0,0.0,0.0,0.0,0.0,0.0,0.0,0.0,0.0,0.0,0.0,-0.0,0.0,-0.0,-0.0,0.0,-0.0,-0.0,-0.0,-0.0,-0.0,-0.0,-0.0,0.0,0.0,-0.0,0.0,0.0,1.0000000000000002,1.0,1.0,1.0,0.0,0.0,0.0,0.0,0.0,-0.0,-0.0,-0.0,-0.0,0.0,0.0,0.0,0.0,0.0,0.0,0.0,0.0,0.0,0.0,0.0,0.0,0.0,0.0,0.0,0.0,0.0,0.0,1.0,1.0,1.0,1.0,1.0,1.0,1.0,1.0,1.0,1.0,1.0,1.0,1.0,1.0,1.0,1.0,1.0,0.0,0.0,0.0,0.0,0.0,0.0,0.0,0.0,0.0,0.0,0.0,0.0,-0.0,-0.0,-0.0,-0.0,0.0,0.0,0.0,-0.0,-0.0,0.0,0.0,0.0,0.0,0.0,0.0,0.0,-0.0,0.0,1.0,1.0,1.0,1.0,1.0,1.0,1.0,1.0,1.0,1.0,1.0,1.0,1.0,1.0,1.0,1.0,1.0,0.0,0.0,0.0,0.0,0.0,0.0,0.0,1.0,1.0,1.0,1.0,1.0,1.0,1.0,1.0,1.0,1.0,1.0,1.0,1.0,1.0,1.0,1.0,1.0,1.0,0.0,0.0,0.0,0.0,0.0,0.0,-0.0,-0.0,-0.0,-0.0,-0.0,-0.0,0.0,-0.0,-0.0,-0.0,-0.0,0.0,-0.0,-0.0,-0.0,-0.0,0.0,0.0,1.0,1.0,1.0,1.0,1.0,1.0,1.0,1.0,1.0,1.0,1.0,1.0,1.0,1.0,1.0,1.0,1.0,1.0,1.0,1.0,1.0,1.0,1.0,1.0,1.0,1.0,1.0,0.0,0.0,0.0,-0.0,0.0,-0.0,-0.0,-0.0,-0.0,0.0,-0.0,-0.0,-0.0,-0.0,0.0,-0.0,0.0,-0.0,0.0,0.0,0.0,1.0,0.0,0.0,0.0,0.0,1.0,1.0,1.0,1.0,1.0,1.0,1.0,1.0,1.0,1.0,1.0,1.0,1.0,1.0,1.0,1.0,1.0,1.0,1.0,1.0,0.0,0.0,0.0,0.0,0.0,1.0,1.0,1.0,1.0,1.0,1.0,1.0,1.0,1.0,1.0,1.0,1.0,1.0,1.0,1.0,1.0,1.0,1.0,1.0,0.0,0.0,0.0,0.0,0.0,1.0,1.0,1.0,1.0,1.0,1.0,1.0,1.0,1.0,1.0,1.0,1.0,1.0,1.0,1.0,1.0,1.0,0.0,1.0,0.0,0.0,0.0,0.0,1.0,1.0,1.0,1.0,1.0,1.0,1.0,1.0,1.0,1.0,1.0,1.0,1.0,1.0,1.0,1.0,1.0,1.0,1.0,1.0,1.0,1.0,1.0,1.0,1.0,1.0,1.0,1.0,1.0,1.0,1.0,1.0,1.0,1.0,1.0,1.0,1.0,1.0,1.0,1.0,1.0,1.0,1.0,1.0,1.0,1.0,1.0,1.0,1.0,1.0,1.0,1.0,1.0,1.0,1.0,1.0,1.0,1.0,1.0,1.0,1.0,1.0,1.0,1.0,1.0,1.0,1.0,1.0000000000000002,1.0,1.0,1.0,1.0,1.0,1.0,1.0,1.0,1.0,1.0,1.0,1.0,1.0,1.0,1.0,1.0,1.0,1.0,1.0,1.0,1.0,1.0,1.0,1.0,1.0,1.0,1.0,1.0,1.0,1.0,1.0,1.0,1.0,1.0,1.0,1.0,1.0,1.0,1.0,1.0,1.0,1.0,1.0,1.0,1.0,1.0,1.0,1.0,1.0,1.0,1.0,1.0,1.0,1.0,1.0,1.0,1.0,1.0,1.0,1.0,1.0,1.0,1.0,1.0,1.0,1.0,1.0,1.0,1.0,1.0,1.0,1.0,1.0,1.0,1.0,1.0,1.0,1.0,1.0,1.0,1.0,1.0,1.0,1.0,1.0,1.0,1.0,1.0,1.0,1.0,1.0,1.0,1.0,1.0,1.0,1.0,1.0,1.0,1.0,1.0,1.0,1.0,1.0,1.0,1.0,1.0,1.0,1.0,1.0,1.0,1.0,1.0,1.0,1.0,1.0,1.0,1.0,1.0,1.0,1.0,0.0,0.0,0.0,0.0,0.0,0.0,1.0,1.0,1.0,1.0,1.0,1.0,1.0,1.0,0.0,0.0,0.0,0.0,0.0,0.0,0.0,0.0,0.0,1.0,1.0,1.0,1.0,1.0,1.0,1.0,1.0,1.0,1.0,1.0,1.0,1.0,1.0,1.0,1.0,1.0,1.0,1.0,1.0,1.0,1.0,1.0,1.0,1.0,0.0,0.0,0.0,0.0,1.0,1.0,1.0,1.0,1.0,1.0,1.0,1.0,1.0,1.0,1.0,1.0,1.0,1.0,1.0,1.0,1.0,1.0,1.0,1.0000000000000002,1.0,1.0,1.0,1.0,1.0,1.0,1.0,1.0,1.0,1.0,1.0,1.0,1.0,1.0,1.0,1.0,1.0,1.0,1.0,1.0,1.0,1.0,1.0,1.0,1.0,1.0,1.0,1.0,1.0,1.0,1.0,1.0,1.0,1.0,1.0,1.0,1.0,1.0,1.0,1.0,1.0,1.0,1.0,1.0,1.0,1.0,1.0,1.0,0.0,0.0,0.0,0.0,1.0,1.0,1.0,1.0,1.0,1.0,1.0,1.0,1.0,1.0,1.0,1.0,1.0,1.0,1.0,1.0,1.0,1.0,1.0,1.0,1.0,1.0,0.0,0.0,0.0,1.0,1.0,1.0,1.0,1.0,1.0,1.0,1.0,1.0,1.0,1.0,1.0,1.0,1.0,1.0,1.0,1.0,1.0,1.0,0.0,0.0,0.0,0.0,0.0,1.0,1.0,1.0,1.0,1.0,1.0,1.0,1.0,1.0,1.0,1.0,1.0,1.0,1.0,1.0,1.0,1.0,1.0,1.0000000000000002,1.0,1.0,1.0,1.0,1.0,1.0,1.0,1.0,1.0,1.0,1.0,1.0,1.0,1.0,1.0,1.0,1.0,1.0,1.0,1.0,1.0,1.0,1.0,1.0000000000000002,1.0000000000000002,1.0,1.0,1.0,1.0,1.0,1.0,1.0,1.0,1.0,1.0,1.0,1.0,1.0,1.0,1.0,1.0,1.0,1.0,1.0,1.0,1.0,1.0,1.0,1.0,1.0,1.0,1.0,1.0,1.0,1.0,1.0,1.0,1.0,1.0,1.0,1.0,1.0,1.0,1.0,1.0,1.0,1.0,1.0,1.0,1.0,1.0,1.0,1.0,1.0,1.0,1.0,1.0,1.0,1.0,1.0,1.0,1.0,1.0,1.0,1.0,1.0,1.0,1.0,1.0,1.0,1.0,1.0,1.0,1.0,1.0,1.0000000000000002,1.0,1.0,1.0,1.0,1.0,1.0,1.0,1.0,1.0,1.0,1.0,1.0,1.0,1.0,1.0,1.0,1.0,1.0,1.0,1.0,1.0,1.0,1.0,1.0,1.0,1.0,1.0,1.0,1.0,1.0,1.0,1.0,1.0,1.0,1.0,1.0,1.0,1.0,1.0,1.0,1.0,1.0,1.0,1.0,1.0,1.0,1.0,1.0,1.0,1.0,0.0,0.0,0.0,1.0,1.0,1.0,1.0,1.0,1.0,1.0,1.0,1.0,1.0,1.0,1.0,1.0,1.0,1.0,1.0,1.0,1.0,1.0,0.0,0.0,0.0,0.0,1.0,1.0,1.0,1.0,1.0,1.0,1.0,1.0,1.0,1.0,1.0,1.0,1.0,1.0,1.0,1.0,1.0,1.0,1.0,1.0000000000000002,1.0,1.0,1.0,1.0,1.0,1.0,1.0,1.0,1.0,1.0,1.0,1.0,1.0,1.0,1.0,1.0,1.0,1.0,1.0,1.0,1.0,1.0,1.0,1.0,0.0,0.0,0.0,0.0,0.0,1.0,1.0,1.0,1.0,1.0,1.0,1.0,1.0,1.0,1.0,1.0,1.0,1.0,1.0,1.0,1.0,1.0,1.0,1.0,0.0,0.0,0.0,0.0,0.0,1.0,1.0,1.0,1.0,1.0,1.0,1.0,1.0,1.0,1.0,1.0,1.0,1.0,1.0,1.0,1.0,1.0,0.0,1.0000000000000002,1.0,1.0,1.0,1.0,1.0,1.0,1.0,1.0,1.0,1.0,1.0,1.0,1.0,1.0,1.0,1.0,1.0,1.0,1.0,1.0,1.0,1.0,1.0,1.0,1.0,1.0,1.0,1.0,1.0,1.0,1.0,1.0,1.0,1.0,1.0,1.0,1.0,1.0,1.0,1.0,1.0,1.0,1.0,1.0,1.0,1.0,1.0,1.0,1.0,1.0,1.0,1.0,1.0,1.0,1.0,1.0,1.0,1.0,1.0,1.0,1.0,1.0,1.0,1.0,1.0,1.0,1.0,1.0,1.0,1.0,1.0,1.0,1.0,1.0,1.0,1.0,1.0,1.0,1.0,1.0,1.0,1.0,1.0,1.0,1.0,1.0,1.0,1.0,1.0,1.0,1.0,1.0,1.0,1.0,1.0,1.0000000000000002,1.0,1.0,1.0,1.0,1.0,1.0,1.0,1.0,1.0,1.0,1.0,1.0,1.0,1.0,1.0,1.0,1.0,1.0,1.0,1.0,1.0,1.0,1.0,1.0,0.0,0.0,0.0,0.0,1.0,1.0,1.0,1.0,1.0,1.0,1.0,1.0,1.0,1.0,1.0,1.0,1.0,1.0,1.0,1.0,1.0,1.0,1.0,1.0,1.0,1.0,1.0,1.0,1.0,1.0,1.0,1.0,1.0,1.0,1.0,1.0,1.0,1.0,1.0,1.0,1.0,1.0,1.0,1.0,1.0,1.0,1.0,1.0000000000000002,1.0,1.0,0.0,0.0,0.0,1.0,1.0,1.0,1.0,1.0,1.0,1.0,1.0,1.0,1.0,1.0,1.0,1.0,1.0,1.0,1.0,1.0,1.0,492.59447,0.0,0.0,0.0,0.0,0.0,0.0,0.0,0.0,0.0,0.0,0.0,0.0,0.0,0.0,0.0,0.0,0.0,0.0,0.0,0.0,0.0,0.0,0.0,0.0,0.0,0.0,0.0,0.0,0.0,0.0,0.0,0.0,0.0,416.662212,0.0,0.0,0.0,0.0,0.0,0.0,0.0,0.0,0.0,0.0,0.0,0.0,0.0,0.0,0.0,0.0,0.0,0.0,0.0,0.0,0.0,0.0,0.0,0.0,0.0,0.0,0.0,0.0,0.0,0.0,0.0,0.0,0.0,0.0,0.0,0.0,0.0,0.0,0.0,0.0,0.0,0.0,0.0,428.097857,0.0,0.0,0.0,0.0,0.0,0.0,0.0,0.0,0.0,0.0,0.0,0.0,0.0,0.0,0.0,0.0,0.0,0.0,0.0,0.0,0.0,0.0,0.0,0.0,0.0,0.0,0.0,0.0,0.0,0.0,0.0,0.0,0.0,0.0,0.0,0.0,0.0,0.0,0.0,0.0,0.0,0.0,0.0,0.0,0.0,0.0,0.0,487.063763,0.0,0.0,0.0,0.0,0.0,0.0,0.0,0.0,0.0,0.0,0.0,0.0,0.0,0.0,0.0,0.0,0.0,0.0,0.0,0.0,0.0,0.0,0.0,0.0,410.039447,0.0,0.0,0.0,0.0,0.0,0.0,0.0,0.0,0.0,0.0,0.0,0.0,0.0,0.0,0.0,0.0,428.69252,0.0,0.0,0.0,0.0,0.0,0.0,0.0,0.0,0.0,0.0,0.0,0.0,0.0,0.0,0.0,0.0,0.0,0.0,0.0,0.0,0.0,0.0,0.0,0.0,0.0,0.0,0.0,0.0,0.0,0.0,0.0,0.0,0.0,0.0,0.0,0.0,0.0,0.0,0.0,0.0,0.0,0.0,0.0,0.0,0.0,0.0,0.0,0.0,0.0,0.0,0.0,0.0,0.0,0.0,0.0,0.0,0.0,0.0,0.0,0.0,0.0,0.0,0.0,0.0,0.0,0.0,0.0,0.0,0.0,0.0,0.0,0.0,0.0,0.0,0.0,0.0,0.0,0.0,0.0,0.0,0.0,0.0,0.0,0.0,0.0,0.0,0.0,0.0,0.0,0.0,0.0,0.0,0.0,0.0,0.0,0.0,0.0,0.0,0.0,0.0,0.0,0.0,0.0,0.0,0.0,0.0,0.0,0.0,0.0,0.0,0.0,0.0,0.0,0.0,0.0,0.0,0.0,0.0,0.0,0.0,0.0,0.0,0.0,0.0,0.0,0.0,0.0,0.0,0.0,0.0,0.0,0.0,0.0,0.0,0.0,0.0,0.0,0.0,0.0,0.0,0.0,0.0,0.0,0.0,0.0,0.0,0.0,0.0,0.0,0.0,0.0,0.0,0.0,0.0,0.0,0.0,0.0,0.0,0.0,0.0,0.0,0.0,0.0,0.0,0.0,0.0,0.0,0.0,0.0,0.0,0.0,0.0,0.0,0.0,0.0,0.0,0.0,0.0,0.0,0.0,0.0,0.0,0.0,0.0,0.0,0.0,0.0,0.0,0.0,0.0,0.0,0.0,0.0,0.0,0.0,0.0,0.0,0.0,0.0,0.0,0.0,0.0,0.0,0.0,0.0,0.0,0.0,0.0,0.0,0.0,0.0,0.0,0.0,0.0,0.0,0.0,0.0,0.0,0.0,0.0,0.0,262.475082,0.0,0.0,0.0,0.0,0.0,0.0,0.0,0.0,0.0,0.0,0.0,0.0,0.0,0.0,0.0,0.0,0.0,0.0,0.0,0.0,0.0,0.0,0.0,0.0,0.0,0.0,0.0,0.0,0.0,0.0,0.0,0.0,0.0,0.0,0.0,0.0,0.0,0.0,0.0,0.0,0.0,0.0,0.0,0.0,0.0,0.0,0.0,0.0,0.0,0.0,0.0,0.0,0.0,0.0,0.0,0.0,0.0,0.0,0.0,0.0,0.0,0.0,0.0,0.0,0.0,0.0,0.0,0.0,0.0,0.0,0.0,0.0,0.0,0.0,0.0,0.0,0.0,0.0,0.0,0.0,0.0,0.0,0.0,0.0,0.0,0.0,0.0,0.0,0.0,0.0,0.0,0.0,0.0,0.0,0.0,0.0,0.0,0.0,0.0,0.0,0.0,0.0,0.0,0.0,0.0,0.0,0.0,0.0,0.0,0.0,0.0,0.0,0.0,0.0,0.0,0.0,0.0,0.0,0.0,0.0,0.0,0.0,0.0,0.0,0.0,0.0,0.0,0.0,0.0,0.0,0.0,0.0,0.0,0.0,0.0,0.0,0.0,0.0,0.0,0.0,0.0,0.0,0.0,0.0,0.0,0.0,0.0,0.0,0.0,0.0,0.0,0.0,0.0,0.0,0.0,0.0,0.0,0.0,0.0,0.0,0.0,0.0,0.0,0.0,0.0,0.0,0.0,265.074568,0.0,0.0,0.0,0.0,0.0,0.0,0.0,0.0,0.0,0.0,0.0,0.0,0.0,0.0,0.0,0.0,0.0,0.0,0.0,0.0,0.0,0.0,0.0,0.0,0.0,0.0,0.0,0.0,0.0,0.0,0.0,0.0,0.0,0.0,0.0,0.0,0.0,0.0,0.0,0.0,0.0,0.0,0.0,0.0,0.0,0.0,0.0,0.0,0.0,0.0,0.0,0.0,0.0,0.0,0.0,0.0,0.0,0.0,0.0,0.0,0.0,0.0,0.0,0.0,0.0,0.0,0.0,0.0,0.0,0.0,0.0,0.0,0.0,0.0,0.0,0.0,0.0,0.0,0.0,0.0,0.0,0.0,0.0,0.0,0.0,0.0,0.0,0.0,0.0,0.0,0.0,0.0,0.0,0.0,0.0,262.176014,0.0,0.0,0.0,0.0,0.0,0.0,0.0,0.0,0.0,0.0,0.0,0.0,0.0,0.0,0.0,0.0,0.0,0.0,0.0,0.0,0.0,0.0,0.0,0.0,0.0,0.0,0.0,0.0,0.0,0.0,0.0,0.0,0.0,0.0,0.0,0.0,0.0,0.0,0.0,0.0,0.0,0.0,0.0,0.0,0.0,0.0,0.0,0.0,0.0,0.0,0.0,0.0,0.0,0.0,0.0,0.0,0.0,0.0,0.0,0.0,0.0,0.0,0.0,0.0,0.0,0.0,0.0,0.0,0.0,0.0,0.0,0.0,288.054762,0.0,0.0,0.0,0.0,0.0,0.0,0.0,0.0,0.0,0.0,0.0,0.0,0.0,0.0,0.0,0.0,0.0,0.0,0.0,0.0,0.0,0.0,0.0,0.0,0.0,0.0,0.0,0.0,0.0,0.0,0.0,0.0,0.0,0.0,0.0,0.0,0.0,0.0,0.0,0.0,0.0,0.0,0.0,0.0,0.0,0.0,306.962557,0.0,0.0,0.0,0.0,0.0,0.0,0.0,0.0,0.0,0.0,0.0,0.0,0.0,0.0,0.0,0.0,0.0,0.0,0.0,0.0,0.0,0.0,0.0,293.724498,0.0,0.0,0.0,0.0,0.0,0.0,0.0,0.0,0.0,0.0,0.0,0.0,0.0,0.0,0.0,0.0,0.0,0.0,0.0,0.0,0.0,0.0,0.0,0.0,0.0,0.0,0.0,0.0,0.0,0.0,0.0,0.0,0.0,0.0,0.0,0.0,0.0,0.0,0.0,0.0,0.0,0.0,0.0,0.0,0.0,0.0,0.0,0.0,0.0,0.0,0.0,0.0,0.0,0.0,0.0,0.0,0.0,0.0,0.0,0.0,0.0,0.0,0.0,0.0,0.0,0.0,0.0,0.0,0.0,0.0,0.0,0.0,0.0,0.0,0.0,0.0,0.0,0.0,0.0,0.0,0.0,0.0,0.0,0.0,0.0,0.0,0.0,0.0,0.0,136.991961,0.0,0.0,0.0,0.0,136.991961,0.0,0.0,0.0,0.0,0.0,0.0,0.0,0.0,0.0,0.0,0.0,0.0,0.0,0.0,0.0,0.0,0.0,0.0,175.299737,0.0,0.0,0.0,0.0,0.0,175.299737,0.0,0.0,0.0,0.0,0.0,0.0,0.0,0.0,0.0,0.0,0.0,0.0,0.0,0.0,0.0,0.0,0.0,179.177294,0.0,0.0,0.0,0.0,0.0,179.177294,0.0,0.0,0.0,0.0,0.0,0.0,0.0,0.0,0.0,0.0,0.0,0.0,0.0,0.0,0.0,0.0,0.0,145.970087,0.0,0.0,0.0,0.0,145.970087,0.0,0.0,0.0,0.0,0.0,0.0,0.0,0.0,0.0,0.0,0.0,0.0,0.0,0.0,0.0,0.0,0.0,0.0,150.414154,0.0,0.0,0.0,0.0,0.0,0.0,0.0,0.0,0.0,0.0,0.0,0.0,0.0,0.0,0.0,0.0,0.0,0.0,0.0,0.0,0.0,0.0,0.0,0.0,0.0,0.0,0.0,0.0,0.0,0.0,0.0,0.0,0.0,0.0,0.0,0.0,0.0,0.0,0.0,0.0,0.0,0.0,0.0,0.0,0.0,0.0,0.0,0.0,0.0,0.0,0.0,0.0,0.0,0.0,0.0,0.0,0.0,0.0,0.0,0.0,0.0,0.0,0.0,0.0,0.0,0.0,0.0,0.0,0.0,0.0,0.0,0.0,0.0,0.0,0.0,0.0,0.0,0.0,0.0,0.0,0.0,0.0,0.0,0.0,0.0,0.0,0.0,0.0,0.0,0.0,0.0,0.0,0.0,0.0,0.0,162.108753,0.0,0.0,0.0,0.0,0.0,0.0,0.0,0.0,0.0,0.0,0.0,0.0,0.0,0.0,0.0,0.0,0.0,0.0,0.0,0.0,0.0,0.0,0.0,0.0,0.0,0.0,0.0,0.0,0.0,0.0,0.0,0.0,0.0,0.0,0.0,0.0,0.0,0.0,0.0,0.0,0.0,0.0,0.0,0.0,0.0,0.0,0.0,170.266602,0.0,0.0,0.0,0.0,0.0,0.0,0.0,0.0,0.0,0.0,0.0,0.0,0.0,0.0,0.0,0.0,0.0,0.0,0.0,0.0,0.0,0.0,0.0,147.849046,0.0,0.0,0.0,0.0,0.0,0.0,147.849046,0.0,0.0,0.0,0.0,0.0,0.0,0.0,0.0,0.0,0.0,0.0,0.0,0.0,0.0,0.0,0.0,173.435143,0.0,0.0,0.0,0.0,0.0,0.0,0.0,0.0,0.0,0.0,0.0,0.0,0.0,0.0,0.0,0.0,0.0,0.0,0.0,0.0,0.0,0.0,0.0,135.125348,0.0,0.0,0.0,0.0,135.125348,0.0,0.0,0.0,0.0,0.0,0.0,0.0,0.0,0.0,0.0,0.0,0.0,0.0,0.0,0.0,0.0,0.0,0.0,0.0,0.0,0.0,0.0,0.0,0.0,0.0,0.0,0.0,0.0,0.0,0.0,0.0,0.0,0.0,0.0,0.0,0.0,0.0,0.0,0.0,0.0,0.0,0.0,156.354145,0.0,0.0,0.0,0.0,0.0,0.0,0.0,0.0,0.0,0.0,0.0,0.0,0.0,0.0,0.0,0.0,0.0,0.0,0.0,0.0,0.0,0.0,0.0,167.249795,0.0,0.0,0.0,0.0,167.249795,0.0,0.0,0.0,0.0,0.0,0.0,0.0,0.0,0.0,0.0,0.0,0.0,0.0,0.0,0.0,0.0,0.0,0.0,0.0,0.0,0.0,0.0,0.0,0.0,148.411013,0.0,0.0,0.0,0.0,0.0,0.0,0.0,0.0,0.0,0.0,0.0,0.0,0.0,0.0,0.0,0.0,0.0,162.248984,0.0,0.0,0.0,0.0,0.0,162.248984,0.0,0.0,0.0,0.0,0.0,0.0,0.0,0.0,0.0,0.0,0.0,0.0,0.0,0.0,0.0,0.0,0.0,0.0,0.0,0.0,0.0,0.0,0.0,0.0,0.0,0.0,0.0,0.0,0.0,0.0,0.0,0.0,0.0,0.0,0.0,0.0,0.0,0.0,0.0,0.0,0.0,0.0,0.0,0.0,0.0,0.0,0.0,0.0,0.0,0.0,0.0,0.0,0.0,0.0,0.0,0.0,0.0,0.0,0.0,0.0,0.0,0.0,0.0,0.0,0.0,153.422895,0.0,0.0,0.0,0.0,0.0,0.0,0.0,0.0,0.0,0.0,0.0,0.0,0.0,0.0,0.0,0.0,0.0,0.0,0.0,0.0,0.0,0.0,0.0,183.971089,0.0,0.0,0.0,0.0,0.0,0.0,0.0,0.0,0.0,0.0,0.0,0.0,0.0,0.0,0.0,0.0,0.0,0.0,0.0,0.0,0.0,0.0,0.0,0.0,0.0,0.0,0.0,0.0,0.0,0.0,0.0,0.0,0.0,0.0,0.0,0.0,0.0,0.0,0.0,0.0,0.0,0.0,0.0,0.0,0.0,0.0,0.0,176.05753,0.0,0.0,0.0,0.0,0.0,0.0,0.0,0.0,0.0,0.0,0.0,0.0,0.0,0.0,0.0,0.0,0.0,0.0,0.0,0.0,0.0,0.0,0.0,0.0,0.0,0.0,0.0,0.0,0.0,179.007095,0.0,0.0,0.0,0.0,0.0,0.0,0.0,0.0,0.0,0.0,0.0,0.0,0.0,0.0,0.0,0.0,0.0,171.351286,0.0,0.0,0.0,0.0,171.351286,0.0,0.0,0.0,0.0,0.0,0.0,0.0,0.0,0.0,0.0,0.0,0.0,0.0,0.0,0.0,0.0,0.0,0.0,0.0,0.0,0.0,0.0,0.0,0.0,0.0,0.0,0.0,0.0,0.0,0.0,0.0,0.0,0.0,0.0,0.0,0.0,0.0,0.0,0.0,0.0,0.0,0.0,148.03739,0.0,0.0,0.0,0.0,0.0,148.03739,0.0,0.0,0.0,0.0,0.0,0.0,0.0,0.0,0.0,0.0,0.0,0.0,0.0,0.0,0.0,0.0,0.0,176.770979,0.0,0.0,0.0,0.0,0.0,176.770979,0.0,0.0,0.0,0.0,0.0,0.0,0.0,0.0,0.0,0.0,0.0,0.0,0.0,0.0,0.0,0.0,0.0,0.0,0.0,0.0,0.0,0.0,0.0,0.0,0.0,0.0,0.0,0.0,0.0,0.0,0.0,0.0,0.0,0.0,0.0,0.0,0.0,0.0,0.0,0.0,0.0,141.234432,0.0,0.0,0.0,0.0,0.0,0.0,0.0,0.0,0.0,0.0,0.0,0.0,0.0,0.0,0.0,0.0,0.0,0.0,0.0,0.0,0.0,0.0,0.0,188.592679,0.0,0.0,0.0,0.0,0.0,0.0,0.0,0.0,0.0,0.0,0.0,0.0,0.0,0.0,0.0,0.0,0.0,0.0,0.0,0.0,0.0,0.0,0.0,149.430764,0.0,0.0,0.0,0.0,0.0,0.0,0.0,0.0,0.0,0.0,0.0,0.0,0.0,0.0,0.0,0.0,0.0,0.0,0.0,0.0,0.0,0.0,0.0,0.0,0.0,0.0,0.0,0.0,0.0,0.0,0.0,0.0,0.0,0.0,0.0,0.0,0.0,0.0,0.0,0.0,0.0,0.0,0.0,0.0,0.0,0.0,0.0,187.822783,0.0,0.0,0.0,0.0,187.822783,0.0,0.0,0.0,0.0,0.0,0.0,0.0,0.0,0.0,0.0,0.0,0.0,0.0,0.0,0.0,0.0,0.0,0.0,0.0,0.0,0.0,0.0,0.0,0.0,0.0,0.0,0.0,0.0,0.0,0.0,0.0,0.0,0.0,0.0,0.0,0.0,0.0,0.0,0.0,0.0,0.0,0.0,0.0,0.0,0.0,0.0,0.0,0.0,147.974311,0.0,0.0,0.0,0.0,0.0,0.0,0.0,0.0,0.0,0.0,0.0,0.0,0.0,0.0,0.0,0.0,0.0,0.0,0.06112121234041179,0.0,0.0,0.0,0.028734740548589436,0.1736728554893388,0.4408532495751521,0.49999999999999933,0.4999999999999984,0.49999999999999717,0.499999999999999,0.49999999999999933,0.211489370707852,0.4999999999999989,0.49999999999999933,0.49999999999999917,0.49999999999999856,0.2040486380222295,0.3167334518220397,0.4999999999999962,0.4999999999999656,0.17104769063497405,0.014412586753777362,0.0,0.0,0.0,0.0,0.0,0.0,0.0,0.0,0.0,0.0,0.0,0.09905677372259886,0.3962270948884674,0.466574456152704,0.4999999999997589,0.4999999999999052,0.4999999999999093,0.4999999999999065,0.4999999999998798,0.4999999999998949,0.49999999999991473,0.49999999999990336,0.3991485049344848,0.20436474387058567,0.3908270765880606,0.49999999999995726,0.4999999999999627,0.4999999999999642,0.499999999999984,0.49999999999998435,0.49999999999998623,0.4999999999999908,0.49999999999999284,0.49999999999999273,0.49999999999999173,0.4999999999999931,0.4999999999999929,0.4999999999999907,0.49999999999998773,0.49999999999998523,0.49999999999998185,0.4999999999999774,0.49999999999997063,0.4999999999999677,0.4999999999999692,0.49999999999996436,0.49999999999995887,0.49999999999995437,0.0,0.0,0.0,0.0,0.0,0.0,0.0,0.06031310492264447,0.24125241968969097,0.4999999999999598,0.49999999999995526,0.4999999999999603,0.4999999999999642,0.21332180130052764,0.49999999999995776,0.49999999999995404,0.49999999999995187,0.4167359433527692,0.16024942097628941,0.21300026345906714,0.49999999999993566,0.4999999999998291,0.21332177011062511,0.0469279856563442,0.2021217697107313,0.06590726920536077,0.0,0.0,0.0,0.00641766142680829,0.008353619658515828,0.14682935280856035,0.4999999999999526,0.4999999999999397,0.4999999999999084,0.2636290768211767,0.06590726920536927,0.0,0.0,0.0,0.0,0.0,0.0,0.0,0.0,0.0,0.0,0.0,0.0,0.0,0.0,0.0,0.0,0.0,0.0,0.08300109579123327,0.3320043831647377,0.4999999999999441,0.49999999999994105,0.4999999999999463,0.4999999999999478,0.4999999999999267,0.4999999999999434,0.49999999999994327,0.4999999999999438,0.4999999999999415,0.49999999999993094,0.4999999999999332,0.49999999999993977,0.4999999999999336,0.4999999999999251,0.49999999999990186,0.0,0.0,0.0,0.0,0.0,0.0,0.0,0.0,0.1179572518710284,0.4718290074838677,0.49999999999992606,0.49999999999993233,0.499999999999934,0.49999999999991324,0.49999999999993033,0.4999999999999316,0.49999999999993294,0.4999999999999314,0.4999999999999212,0.4999999999999227,0.499999999999928,0.4999999999999155,0.49999999999979594,0.49999999999955536,0.0,0.10425333950981147,0.0025912186693010882,0.09878163270600976,0.40599632766064525,0.4999999999959947,0.4999999999982374,0.4999999999998431,0.49999999999994815,0.49999999999994,0.4999999999999324,0.49999999999993827,0.4999999999999293,0.43898339436591854,0.49999999999984873,0.4999999999998508,0.4999999999998326,0.4999999999996071,0.49999999999896017,0.49999999999904343,0.29588996411524765,0.07397249102881381,0.0,0.0,0.0,0.0,0.0,0.0,0.0,0.0,0.0,0.0,0.0,0.0,0.0,0.0,0.0,0.0,0.0,0.0,0.0,0.0,0.0,0.0,0.0,0.0,0.0,0.0,0.41828506995091014,0.49999999999998485,0.15777613901379328,0.4999999999999721,0.4999999999999731,0.49999999999997335,0.4999999999999798,0.4999999999999914,0.4999999999999942,0.49999999999999334,0.4999999999999929,0.49999999999999395,0.4999999999999948,0.4999999999999912,0.49999999999999456,0.4999999999999956,0.4999999999999947,0.4999999999999912,0.4999999999999849,0.49999999999998085,0.49999999999998046,0.4999999999999742,0.49999999999991207,0.49999999999974787,0.2878782011089381,0.1907294532541315,0.03924582399406945,0.04926430561367412,0.2623637673951212,0.4999999999968003,0.4999999999991588,0.4999999999999071,0.4999999999999284,0.49999999999992095,0.4999999999999147,0.49999999999992434,0.2277580687022302,0.05693951717558765,0.0,0.0,0.0,0.0,0.0,0.0,0.0,0.0,0.0,0.0,0.2716946591683015,0.18275035546927298,0.01946323388884158,0.03122936518113266,0.21447836947968152,0.3524064557473127,0.3576846120783967,0.49999999999988265,0.49999999999990874,0.4999999999998995,0.4999999999998952,0.4999999999999104,0.4999999999999115,0.19943788365709791,0.49999999999981,0.4999999999998177,0.49999999999982303,0.49999999999964234,0.4144083909788474,0.4382513871641869,0.3317344846708038,0.08293362116780817,0.0,0.0,0.4785697711850825,0.1400612907986436,0.003215784983086747,0.0,0.0,0.0,0.0,0.0,0.0,0.0,0.0,0.0,0.0,0.0,0.0,0.0,0.0,0.0,0.0,0.0,0.0,0.0,0.0,0.0,0.4536194628026975,0.13738439922194057,0.004596088714526381,0.0,0.0,0.0,0.0,0.0,0.0,0.0,0.0,0.0,0.0,0.0,0.0,0.0,0.0,0.0,0.0,0.0,0.0,0.0,0.0,0.0,0.39387145985840244,0.1167382498093012,0.0,0.0,0.0,0.0,0.0,0.0,0.0,0.0,0.0,0.0,0.0,0.0,0.0,0.0,0.0,0.0,0.0,0.0,0.0,0.0,0.0,0.0,0.48031767858309216,0.19308789370531554,0.034516282524737096,0.0,0.0,0.0,0.0,0.0,0.0,0.0,0.0,0.0,0.0,0.0,0.0,0.0,0.0,0.0,0.0,0.0,0.0,0.0,0.0,0.0,0.0,0.0,0.0,0.0,0.0,0.0,0.0,0.12361938120990801,0.49447752483909885,0.49999999999992994,0.4999999999999241,0.49999999999993544,0.49999999999993666,0.4999999999998822,0.49999999999992545,0.4999999999999282,0.4999999999999311,0.499999999999928,0.49999999999990496,0.49999999999991734,0.49999999999993705,0.4999999999998236,0.49999999999961425,0.49999999999923345,0.27185927359501755,0.4999999999994262,0.16392940697179537,0.45425766523366434,0.49999999999796607,0.49999999999792377,0.49999999999848865,0.49999999999972444,0.4999999999987178,0.49999999999992417,0.49999999999991507,0.4999999999999265,0.49999999999992756,0.4999999999998578,0.49999999999991457,0.4999999999999174,0.49999999999992073,0.49999999999991684,0.4999999999998884,0.4999999999999042,0.4999999999999284,0.4999999999999175,0.499999999999901,0.4999999999998983,0.2151623979125642,0.09475433617211293,0.0,0.0,0.0,0.0,0.0,0.0,0.0,0.0,0.0,0.0,0.0,0.0,0.0,0.0,0.0,0.0,0.0,0.0,0.0,0.0,0.0,0.0,0.49999999999994416,0.2083005660143703,0.042309345138122956,0.0,0.0,0.0,0.0,0.0,0.0,0.0,0.0,0.0,0.0,0.0,0.0,0.0,0.0,0.0,0.0,0.0,0.0,0.0,0.0,0.0,0.0,0.0,0.0,0.0,0.0,0.0,0.0,0.0,0.0,0.0,0.0,0.0,0.0,0.0,0.0,0.0,0.0,0.0,0.0,0.0,0.0,0.0,0.0,0.0,0.18186463578489726,0.10510068531318306,0.0,0.0,0.0,0.0,0.0,0.0,0.0,0.0,0.0,0.0,0.0,0.0,0.0,0.0,0.0,0.0,0.0,0.0,0.0,0.0,0.0,0.0,0.3610763884419229,0.49999999999985856,0.13737030898851343,0.43291771295677006,0.4999999999996884,0.4999999999996734,0.4999999999997645,0.4999999999999265,0.49999999999995,0.4999999999999393,0.4999999999999306,0.4999999999999424,0.49999999999994327,0.4999999999998825,0.49999999999993106,0.49999999999993383,0.4999999999999367,0.4999999999999335,0.4999999999999082,0.4999999999999222,0.45285301720729,0.11321325430183571,0.0,0.0,0.0,0.0,0.0,0.0,0.0,0.0,0.0,0.08482319637218827,0.3392927854880868,0.4999999999999343,0.4999999999999231,0.49999999999993705,0.499999999999939,0.49999999999985345,0.4999999999999239,0.4999999999999273,0.49999999999993117,0.4999999999999269,0.49999999999989286,0.4999999999999121,0.49999999999994,0.49999999999992784,0.49999999999990763,0.49999999999990535,0.23598421073692422,0.12229120801339372,5.909162048567396e-13,0.0,0.0,0.013026712587347467,0.014300403114592122,0.13850237188924935,0.49999999999944417,0.49999999999990813,0.4909034343903111,0.4999999999999138,0.4605880265048111,0.10821778345131294,0.1746622862149017,0.49999999999975486,0.4999999999997716,0.12773846459119476,0.02742386799279023,0.13282779971602693,0.48916483204061373,0.12229120801264454,0.0,0.0,0.3837360911258538,0.10367860908608739,0.0,0.0,0.0,0.0,0.0,0.0,0.0,0.0,0.0,0.0,0.0,0.0,0.0,0.0,0.0,0.0,0.0,0.0,0.0,0.0,0.0,0.0,0.0,0.0,0.0,0.0,0.0,0.0,0.0,0.0,0.0,0.0,0.0,0.0,0.0,0.0,0.0,0.0,0.0,0.0,0.0,0.0,0.0,0.0,0.0,0.0,0.0,0.0,0.0,0.0,0.0,0.0,0.0,0.0979102450269781,0.3916409801078421,0.4999999999998033,0.4807263453012634,0.4999999999999318,0.34809572461882476,0.08064891706524831,0.10537938747083786,0.3745652162202224,0.0936413040550611,0.0,0.0,0.0,0.0,0.0,0.0,0.0,0.0,0.0,0.0,0.0,0.0,0.0,0.0,0.0,0.0,0.0,0.0,0.0,0.0,0.0,0.0,0.0,0.0,0.0,0.0,0.0,0.0,0.0,0.0,0.0,0.4372781311038561,0.1683019811803823,0.02535177260696414,0.0,0.0,0.0,0.0,0.0,0.0,0.0,0.0,0.0,0.0,0.0,0.0,0.0,0.0,0.0,0.0,0.0,0.0,0.0,0.0,0.0,0.0,0.0,0.0,0.0,0.0,0.0,0.0,0.0,0.10673828697689097,0.42695314790728855,0.49999999999992856,0.4999999999999394,0.49999999999994044,0.4999999999998883,0.49999999999993006,0.4999999999999322,0.499999999999935,0.49999999999993194,0.4999999999999105,0.49999999999992223,0.49999999999994205,0.49999999999993294,0.4999999999999194,0.49999999999991807,0.0,0.0,0.0,0.0,0.0,0.0,0.0,0.0,0.0,0.0,0.0,0.0,0.0,0.0,0.0,0.0,0.0,0.0,0.0,0.0,0.0,0.0,0.0,0.0,0.0,0.0,0.0,0.0,0.0,0.0,0.0,0.11791635689863367,0.4716654275921778,0.4999999999999066,0.49999999999989386,0.4999999999999109,0.4999999999999126,0.1827982360531739,0.49999999999989586,0.4999999999999001,0.4999999999999046,0.49999999999989986,0.3804347705603335,0.40390382835849375,0.4494165599479596,0.11235413998708693,0.0,0.0,0.0,0.0,0.0,0.0,0.0,0.0,0.0,0.11095894134564582,0.4438357653822319,0.49999999999993894,0.4999999999999296,0.4999999999999418,0.49999999999994305,0.49999999999987743,0.49999999999993106,0.499999999999934,0.49999999999993716,0.4999999999999335,0.4999999999999072,0.4999999999999217,0.49999999999994427,0.4999999999999336,0.49999999999991707,0.4999999999999137,0.0,0.0,0.0,0.0,0.0,0.0,0.0,0.0,0.0,0.0,0.0,0.0,0.0,0.0,0.0,0.0,0.0,0.0,0.0,0.0,0.0,0.0,0.0,0.0,0.3156288926172913,0.49999999999963707,0.15566431149496845,0.4342737053316744,0.4999999999908226,0.4999999999904946,0.4999999999934913,0.49999999999909506,0.4999999999995465,0.49999999999974076,0.49999999999989686,0.4999999999999367,0.4999999999999384,0.49999999999985906,0.4999999999999241,0.499999999999927,0.49999999999993033,0.4999999999999263,0.4999999999998952,0.49999999999991296,0.4999999999999386,0.4999999999999224,0.4999999999997758,0.4999999999994887,0.20870373625368685,0.027527035485231555,0.0,0.0,0.0,0.0,0.0,0.0,0.0,0.0,0.0,0.0,0.0,0.0,0.0,0.0,0.0,0.0,0.0,0.0,0.0,0.0,0.0,0.0,0.0,0.0,0.0,0.0,0.0,0.0,0.05997743419072182,0.2399097367707142,0.49999999999983435,0.49999999999981537,0.49999999999979333,0.499999999999828,0.4999999999998308,0.4638419995424053,0.4999999999997964,0.49999999999980405,0.49999999999981515,0.49999999999981143,0.4999999999997296,0.4999999999997801,0.4999999999998453,0.4999999999998292,0.45072809403663383,0.40551203496030114,0.0,0.0,0.0,0.0,0.0,0.0,0.0,0.10923439500634663,0.43693758003016814,0.4999999999998278,0.49999999999980527,0.49999999999983946,0.49999999999983497,0.3534395985303383,0.49999999999981065,0.49999999999981604,0.49999999999982647,0.4751763029606243,0.4152205390185205,0.42260568130113757,0.49999999999985567,0.4999999999998359,0.3374989875780006,0.2867200019367239,0.0,0.0,0.0,0.0,0.0,0.0,0.0,0.06418573605732109,0.24549800604527033,0.2491627989867975,0.1672866406708764,0.43871538543255695,0.207052670482882,0.08525411457407686,0.12972333491401813,0.32480281017747037,0.4637035485472083,0.12732465373755225,0.1044465720371795,0.10540100679721141,0.2650009520744743,0.10506156245916204,0.0,0.0,0.0,0.0,0.0,0.0,0.0,0.0,0.06521888829943051,0.26087555319723643,0.4999999999998964,0.49999999999987776,0.49999999999986555,0.4999999999998832,0.49999999999988537,0.4999999999998193,0.49999999999986666,0.49999999999987016,0.4999999999998749,0.4999999999998708,0.4999999999998428,0.49999999999985745,0.49999999999988787,0.4999999999998759,0.4999999999998632,0.4999999999998573,0.0,0.056728927860210276,0.22691571144083839,0.4999999999975997,0.49999999999770517,0.4999999999991892,0.4999999999997296,0.4999999999999042,0.49999999999992956,0.49999999999991673,0.4999999999999092,0.49999999999991973,0.4999999999999212,0.4999999999998834,0.4999999999999091,0.49999999999991157,0.49999999999991446,0.49999999999991196,0.49999999999989525,0.4999999999999034,0.49999999999992284,0.49999999999991396,0.4999999999999046,0.49999999999989897,0.1669480962278614,0.49999999999980466,0.4999999999997039,0.49999999999976896,0.49999999999976735,0.4999999999997588,0.4999999999997527,0.4999999999998412,0.499999999999873,0.4999999999998532,0.4999999999998416,0.49999999999985983,0.4999999999998622,0.4999999999997945,0.4999999999998439,0.4999999999998468,0.49999999999985184,0.4999999999998488,0.4999999999998202,0.49999999999983513,0.49999999999986744,0.49999999999985545,0.49999999999984385,0.4999999999998396,0.49999999999985856,0.4999999999997925,0.4419557465621713,0.4999999999997846,0.4999999999997866,0.499999999999777,0.4999999999997603,0.4999999999998287,0.4999999999998461,0.49999999999983136,0.49999999999982375,0.49999999999983813,0.49999999999984,0.4999999999997896,0.49999999999982775,0.4999999999998288,0.49999999999983347,0.49999999999983336,0.4999999999998127,0.4999999999998246,0.49999999999985034,0.49999999999984523,0.49999999999984096,0.4999999999998419,0.18849501502641208,0.4999999999982451,0.47046544825711883,0.4999999999679443,0.49999999998396316,0.4999999999964194,0.4999999999993674,0.4999999999997742,0.49999999999987055,0.4999999999998473,0.49999999999983297,0.4999999999998553,0.49999999999985767,0.49999999999977107,0.4999999999998357,0.4999999999998387,0.4999999999998457,0.49999999999984185,0.49999999999980516,0.4999999999998252,0.4999999999998649,0.499999999999851,0.4999999999998373,0.49999999999983247,0.0,0.11146334552556397,0.4458533821015642,0.4999999999999095,0.4999999999999091,0.4999999999999074,0.49999999999990813,0.4999999999999288,0.499999999999943,0.49999999999993494,0.49999999999992983,0.499999999999937,0.4999999999999377,0.4999999999999166,0.4999999999999302,0.49999999999993183,0.4999999999999332,0.4999999999999319,0.4999999999999225,0.49999999999992717,0.49999999999993894,0.4999999999999333,0.49999999999992784,0.499999999999924,0.17368097000518332,0.49999999999989525,0.4999999999999151,0.49999999999992006,0.4999999999999195,0.4999999999999189,0.4999999999999204,0.49999999999993217,0.4999999999999417,0.499999999999936,0.49999999999993283,0.4999999999999373,0.4999999999999376,0.49999999999992467,0.49999999999993316,0.49999999999993355,0.4999999999999351,0.4999999999999338,0.4999999999999284,0.4999999999999312,0.49999999999993877,0.4999999999999345,0.4999999999999313,0.49999999999992795,0.0,0.10547292753735854,0.42189171014894067,0.49999999999990763,0.4999999999999067,0.49999999999990563,0.4999999999999068,0.499999999999926,0.49999999999994044,0.49999999999993167,0.4999999999999276,0.49999999999993416,0.49999999999993516,0.4999999999999142,0.499999999999928,0.49999999999992867,0.49999999999993094,0.49999999999992867,0.49999999999992045,0.49999999999992484,0.499999999999936,0.49999999999993017,0.4999999999999249,0.49999999999992084,0.0,0.0,0.0,0.0,0.0,0.0,0.0,0.0,0.09756563520294681,0.2820061262971056,0.17338982106718848,0.49999999999976397,0.22672727121614114,0.05668185036218154,0.0,0.0,0.0,0.0,0.0,0.0,0.0,0.0,0.0,0.0,0.0,0.06684591765053427,0.2110641846398657,0.38199237557625104,0.4468124719556716,0.4769753864899159,0.4779831757670072,0.4999999999997923,0.4999999999998302,0.49999999999980616,0.4999999999997898,0.49999999999981865,0.4999999999998211,0.4417852093237627,0.4999999999997981,0.4999999999998,0.4999999999998096,0.4999999999998086,0.48935710807320365,0.49272640970069237,0.499999999999837,0.49999999999982664,0.43057300378081065,0.39086951111709545,0.0,0.0,0.0,0.0,0.0,0.0,0.05939614817497507,0.23758459269989715,0.49999999999991873,0.4999999999999062,0.499999999999895,0.4999999999999106,0.49999999999991207,0.4999999999997082,0.49999999999989464,0.4999999999998983,0.4999999999999027,0.49999999999989847,0.49999999999987255,0.4999999999998865,0.49999999999991424,0.499999999999902,0.49999999999988903,0.499999999999883,0.48795657982400203,0.49999999999985595,0.2285123095881719,0.4224584614917142,0.49722321235742706,0.49999999998847355,0.4999999999973044,0.49999999999935774,0.49999999999983463,0.49999999999981465,0.4999999999997957,0.49999999999982697,0.4999999999998299,0.4913020649165404,0.4999999999997975,0.4999999999998057,0.4999999999998157,0.49999999999981376,0.49999999999974515,0.49999999999978795,0.4999999999998453,0.49999999999983263,0.4784800624038477,0.43268359589416217,0.0,0.05824449540758003,0.23297798163025696,0.4999999999999366,0.49999999999993666,0.4999999999999353,0.49999999999993544,0.4999999999999501,0.49999999999996037,0.49999999999995437,0.4999999999999505,0.49999999999995587,0.4999999999999562,0.49999999999994055,0.49999999999995115,0.4999999999999521,0.49999999999995287,0.49999999999995237,0.49999999999994527,0.49999999999994893,0.4999999999999578,0.4999999999999535,0.49999999999994904,0.4999999999999465,0.0,0.0,0.0,0.0,0.0,0.0,0.05732875675450888,0.22931502701798223,0.4999999999998995,0.4999999999998841,0.49999999999987377,0.4999999999998885,0.49999999999989003,0.4999999999998357,0.4999999999998748,0.4999999999998777,0.49999999999988115,0.49999999999987843,0.49999999999985534,0.4999999999998676,0.49999999999989364,0.4999999999998835,0.49999999999987366,0.49999999999987,0.3387881109127644,0.08995853916619628,0.0,0.0,0.0,0.0,0.0,0.09986728055744448,0.39946912223136544,0.4999999999998291,0.4999999999997917,0.49999999999984496,0.4999999999998473,0.34032822990639006,0.49932054580653634,0.4999999999998072,0.49999999999982225,0.4697300568770963,0.4069355068347481,0.4141128669937621,0.4999999999998563,0.49999999999982275,0.3242957229312026,0.2710507610729813,0.0,0.0,0.0,0.0,0.0,0.0,0.0,0.12413227503172053,0.4965291001187932,0.4999999999999463,0.4999999999999399,0.4999999999999496,0.4999999999999504,0.4999999999999152,0.49999999999994016,0.4999999999999417,0.49999999999994416,0.49999999999994194,0.4999999999999268,0.49999999999993494,0.4999999999999519,0.4999999999999436,0.49999999999993516,0.4999999999999301,0.4999999999999471,0.49999999999987577,0.499999999999841,0.49999999999986244,0.4999999999998626,0.49999999999986056,0.4999999999998637,0.49999999999990374,0.49999999999992584,0.49999999999991307,0.4999999999999064,0.4999999999999166,0.49999999999991807,0.49999999999988193,0.49999999999990663,0.49999999999990813,0.49999999999991096,0.4999999999999089,0.49999999999989336,0.4999999999999011,0.4999999999999192,0.49999999999991046,0.4999999999999014,0.49999999999989564,0.49999999999992034,0.4999999999998344,0.49999999999978906,0.49999999999982053,0.49999999999982075,0.49999999999981787,0.4999999999998179,0.4999999999998692,0.499999999999895,0.49999999999987965,0.49999999999987077,0.4999999999998841,0.49999999999988587,0.49999999999984024,0.4999999999998718,0.49999999999987416,0.4999999999998776,0.49999999999987477,0.49999999999985495,0.499999999999865,0.49999999999988776,0.49999999999987743,0.49999999999986666,0.49999999999985945,0.0,0.08866141990821114,0.3546456796317039,0.4999999999998323,0.49999999999986544,0.4999999999998646,0.49999999999987155,0.4999999999999181,0.49999999999994016,0.4999999999999281,0.49999999999992,0.49999999999993106,0.4999999999999325,0.4999999999998937,0.49999999999992056,0.4999999999999226,0.4999999999999254,0.4999999999999232,0.4999999999999059,0.49999999999991457,0.4999999999999338,0.49999999999992417,0.4999999999999146,0.4999999999999081,0.0,0.1072266122431047,0.4289064489722494,0.4999999999999376,0.49999999999993716,0.49999999999993683,0.49999999999993733,0.49999999999994665,0.4999999999999547,0.49999999999995026,0.4999999999999476,0.49999999999995137,0.4999999999999518,0.49999999999994094,0.4999999999999477,0.49999999999994854,0.4999999999999492,0.49999999999994865,0.49999999999994404,0.4999999999999462,0.49999999999995226,0.49999999999994976,0.49999999999994676,0.49999999999994404,0.4183885013724967,0.4999999999993306,0.49999999999708644,0.49999999998749645,0.49999999999074374,0.4999999999975129,0.4999999999994226,0.4999999999997524,0.499999999999876,0.4999999999998565,0.4999999999998453,0.4999999999998632,0.49999999999986533,0.4999999999998005,0.49999999999984795,0.4999999999998505,0.49999999999985556,0.49999999999985284,0.4999999999998256,0.49999999999984074,0.49999999999987155,0.49999999999986133,0.499999999999852,0.49999999999985034,0.0,0.10155913614662904,0.24521653096133056,0.4022350127707309,0.4619575954749077,0.48869180139359186,0.48973830511898286,0.4999999999997914,0.4999999999998066,0.4999999999997897,0.49999999999978006,0.4999999999998014,0.499999999999803,0.457307825668243,0.49999999999978895,0.4999999999997883,0.49999999999979633,0.4999999999997985,0.4991586497191982,0.49999999999978045,0.4999999999998213,0.4999999999998169,0.44761930735058336,0.41154986627182655,0.21823455428869437,0.08280949764099876,0.0,0.0,0.0,0.0,0.0,0.09333421195265873,0.37333684694987657,0.4999999999998307,0.4999999999998031,0.499999999999843,0.49999999999984673,0.3724463048793958,0.4999999999998087,0.49999999999981537,0.49999999999982686,0.498957380728675,0.4382145173214462,0.4462912653828747,0.49999999999985545,0.4999999999998332,0.35584727807987343,0.302432748216594,0.0,0.0,0.0,0.0,0.0,0.0,0.07132720800984377,0.2853088320419523,0.4999999999998702,0.4999999999998511,0.4999999999998383,0.4999999999998578,0.4999999999998598,0.4999999999997788,0.49999999999984124,0.4999999999998438,0.4999999999998499,0.4999999999998467,0.49999999999981304,0.49999999999983197,0.49999999999986683,0.49999999999985617,0.4999999999998459,0.49999999999984496,0.4999999999998698,0.4999999999998239,0.49999999999980116,0.4999999999998297,0.49999999999982925,0.49999999999982314,0.4999999999998096,0.499999999999841,0.4999999999998554,0.4999999999998431,0.49999999999983713,0.49999999999984773,0.499999999999849,0.49999999999981826,0.49999999999984085,0.499999999999841,0.49999999999984457,0.4999999999998441,0.4999999999998309,0.4999999999998389,0.499999999999857,0.499999999999853,0.4999999999998509,0.49999999999985223,0.0,0.0,0.0,0.0,0.0,0.0,0.0,0.10980237787613828,0.43920951151113535,0.4891610226337853,0.3404868272929343,0.4999999999998063,0.4177053157509399,0.20328280880584382,0.28314938205120105,0.4999999999997458,0.49999999785673255,0.2678226882076042,0.23711638283646133,0.2411316661410509,0.49999999999983225,0.43015472116741993,0.19483451326455592,0.16713904811619731,0.0,0.0,0.0,0.0,0.0,0.0,0.0,0.06956268893802448,0.2782504215553426,0.456709767276998,0.2816346023184459,0.49999999999981526,0.37006669538120796,0.13286326897150436,0.21729160173601378,0.4999999999997545,0.49999999999978323,0.20056219225373706,0.1675602338716094,0.1716162423433379,0.45970204468664105,0.11492551117099847,0.0,0.0,0.4380486442590671,0.4999999999993603,0.23911449354950481,0.49999999998689637,0.4999999999767238,0.4999999999961175,0.4999999999992889,0.49999999999975553,0.49999999999988265,0.4999999999998582,0.49999999999984124,0.49999999999986605,0.49999999999986855,0.499999999999748,0.4999999999998432,0.49999999999984807,0.49999999999985484,0.49999999999984956,0.4999999999998001,0.4999999999998277,0.4999999999998738,0.4999999999998572,0.4999999999998378,0.4999999999998303,0.0,0.1127812057995144,0.45112482319659686,0.4999999999998326,0.499999999999833,0.49999999999982914,0.49999999999982675,0.4999999999998708,0.49999999999989814,0.49999999999988154,0.49999999999987205,0.4999999999998859,0.4999999999998879,0.49999999999984357,0.49999999999987393,0.49999999999987566,0.49999999999987965,0.4999999999998767,0.49999999999985834,0.49999999999986794,0.499999999999891,0.49999999999988076,0.49999999999987194,0.49999999999986605,0.0,0.07104132122360723,0.284165284894355,0.49999999999988437,0.49999999999988404,0.49999999999988176,0.4999999999998844,0.49999999999991807,0.4999999999999374,0.4999999999999266,0.4999999999999199,0.4999999999999294,0.4999999999999306,0.4999999999998994,0.49999999999992084,0.49999999999992256,0.4999999999999248,0.49999999999992206,0.4999999999999093,0.499999999999916,0.49999999999993144,0.49999999999992356,0.49999999999991623,0.49999999999991,0.0,0.12422646557966743,0.49690586231363293,0.4999999999999673,0.499999999999967,0.49999999999996714,0.49999999999996725,0.4999999999999761,0.4999999999999825,0.4999999999999783,0.49999999999997624,0.49999999999997957,0.49999999999998,0.4999999999999706,0.49999999999997613,0.49999999999997696,0.4999999999999779,0.4999999999999768,0.49999999999997313,0.49999999999997535,0.499999999999981,0.4999999999999782,0.4999999999999754,0.4999999999999735,0.4695680601524458,0.49999999999938216,0.3123370698817015,0.49999999997349404,0.4999999999551428,0.49999999999537587,0.4999999999993473,0.49999999999974076,0.4999999999998914,0.4999999999998588,0.4999999999998346,0.4999999999998682,0.49999999999987166,0.49999999999971556,0.4999999999998368,0.4999999999998438,0.4999999999998528,0.49999999999984485,0.49999999999977973,0.49999999999981537,0.49999999999987615,0.49999999999985223,0.49999999999982336,0.49999999999980904,0.0,0.0,0.0,0.0,0.0,0.0,0.0605916424858588,0.24236656994401082,0.49999999999988637,0.49999999999987027,0.4999999999998598,0.4999999999998751,0.49999999999987677,0.49999999999982053,0.49999999999986183,0.49999999999986444,0.49999999999986866,0.4999999999998658,0.49999999999984207,0.499999999999855,0.4999999999998817,0.49999999999987266,0.4999999999998642,0.4999999999998626,0.116543648175777,0.3468645787802316,0.4999999999998605,0.49999999999987976,0.49999999999987965,0.49999999999987704,0.4999999999998792,0.4999999999999137,0.4999999999999327,0.499999999999922,0.49999999999991496,0.4999999999999245,0.4999999999999254,0.4999999999998941,0.49999999999991585,0.49999999999991707,0.4999999999999194,0.4999999999999176,0.49999999999990435,0.49999999999991096,0.49999999999992695,0.49999999999991884,0.4999999999999116,0.49999999999990624,0.37551184793797715,0.0938779619845645,0.0,0.0,0.0,0.0,0.0,0.10867020990185178,0.4346808396086707,0.4999999999998286,0.49999999999978684,0.49999999999984485,0.49999999999984035,0.35675349146618573,0.4999999999997903,0.4999999999998037,0.4999999999998202,0.49067213429744605,0.42711279965057086,0.4343917296242148,0.4999999999998581,0.4999999999998211,0.3389496781699773,0.282640358707565]
WARNING: For the MIP-solver-driven algorithm, optimality tolerance must be specified as MIP solver option, not Pajarito option
WARNING: For the MIP-solver-driven algorithm, optimality tolerance must be specified as MIP solver option, not Pajarito option
WARNING: Not solved to optimality, status: UserLimit
