WARNING: Method definition require(Symbol) in module Base at loading.jl:345 overwritten in module ConicBenchmarkUtilities at /home/ubuntu/.julia/v0.5/Requires/src/require.jl:12.
#SOLVERNAME# PAJ_NEW_MSD_CPLEX_MOSEK_primmaxviolonly
#SOLVER# Pajarito.PajaritoSolver(2,3600.0,1.0e-5,true,CPLEX.CplexSolver(Any[(:CPX_PARAM_THREADS,1),(:CPX_PARAM_TILIM,3600.0),(:CPX_PARAM_EPINT,1.0e-8),(:CPX_PARAM_EPRHS,1.0e-7),(:CPX_PARAM_SCRIND,0),(:CPX_PARAM_EPGAP,1.0e-5)]),CPLEX.CplexSolver(Any[]),0,false,true,Mosek.MosekMathProgSolverInterface.MosekSolver(Any[(:LOG,0),(:NUM_THREADS,1),(:OPTIMIZER_MAX_TIME,120.0)]),true,false,false,true,false,true,false,true,true,true,true,false,true,true,false,true,false,false,true,true,true,false,false,1.0e-10,1.0e-6,0.01,0.0001)
#INSTANCE# uflquad-psc-30-100.cbf.gz
#TIMELIMIT# 3600.0

Transforming original data......Done     0.01s

Creating conic model data......Done     0.01s

Creating MIP model......Done     0.10s

Cone types summary:
Cone       | Count    | Min dim  | Max dim 
       SOC |     3000 |        3 |        3

Solving conic relaxation......Done     0.52s
 - Relaxation status    =        Optimal
 - Relaxation objective =     352.884383

Creating conic subproblem model......Done

Starting MIP-solver-driven outer approximation algorithm

Pajarito MICP solve summary:
 - Total time (s)       =       1.67e+02
 - Status               =        Optimal
 - Best feasible obj.   =  +3.552401e+02
 - OA obj. bound        =  +3.552401e+02
 - Relative opt. gap    =      0.000e+00

Timers (s):
 - Setup                =   8.02e-01
 -- Transform data      =   8.42e-03
 -- Create conic data   =   9.17e-03
 -- Create MIP data     =   9.89e-02
 -- Load/solve relax    =   5.20e-01
 - MIP-driven algorithm =   1.66e+02
 -- Solve conic model   =   5.64e-01

Counters:
 - Lazy callback        =  2138
 -- Feasible soln       =     1
 -- Integer repeat      =  2129
 -- Conic statuses      =     8
 --- Infeasible         =     0
 --- Optimal            =     8
 --- Suboptimal         =     0
 --- UserLimit          =     0
 --- ConicFailure       =     0
 --- Other status       =     0
 -- No viol. dual cut   =  2129
 -- No viol. prim. cut  =     0
 - Heuristic callback   =    13
 -- Feasible added      =     2
 - Incumbent callback   =     4
 -- Feasible accepted   =     3
 - Dual cuts            = 11014
 -- Relaxation          =  6001
 -- Full viol.          =     0
 -- Full nonviol.       =     0
 -- Disagg. viol        =  5013
 -- Disagg. nonviol     =     0
 -- Poorly conditioned  =     0
 - Primal cuts          =  2129
 -- Full viol.          =  2129
 -- Full nonviol.       =     0
 -- Disagg. viol        =     0
 -- Disagg. nonviol     =     0
 -- Poorly conditioned  =     0

Max absolute primal infeasibilities by cone:
 - Constraint linear    =   2.22e-16
 - Constraint SOC       =   0.00e+00
 - Constraint RSOC      =   0.00e+00
 - Variable linear      =   0.00e+00
 - Variable SOC         =   0.00e+00
 - Variable RSOC        =   0.00e+00

#STATUS# Optimal
#OBJVAL# 355.2400501539019
#OBJBOUND# 355.2400501539019
#TIMESOLVER# 166.5532841682434
#TIMEALL# 166.75165796279907
#SOLUTION# [0.0,0.0,0.0,0.0,0.0,0.0,0.0,0.0,0.0,0.0,0.0,0.0,0.0,0.0,0.0,0.0,0.0,0.0,0.0,0.0,0.0,0.0,0.0,0.0,0.0,0.0,0.0,0.0,0.0,0.0,0.0,0.0,0.0,0.0,0.0,0.0,0.0,0.0,0.0,0.0,0.0,0.0,0.0,0.0,0.0,0.0,0.0,0.0,0.0,0.0,0.0,0.0,0.0,0.0,0.0,0.0,0.0,0.0,0.0,0.0,0.0,0.0,0.0,0.0,0.0,0.0,0.0,0.0,0.0,0.0,0.0,0.0,0.0,0.0,0.0,0.0,0.0,0.0,0.0,0.0,0.0,0.0,0.0,0.0,0.0,0.0,0.0,0.0,0.0,0.0,0.0,0.0,0.0,0.0,0.0,0.0,0.0,0.0,0.0,0.0,0.0,0.0,0.0,0.0,0.0,0.0,0.0,0.0,0.0,0.0,0.0,0.0,0.0,0.0,0.0,0.0,0.0,0.0,0.0,0.0,0.0,0.0,0.0,0.0,0.0,0.0,0.0,0.0,0.0,0.0,0.0,0.0,0.0,0.0,0.0,0.0,0.0,0.0,0.0,0.0,0.0,0.0,0.0,0.0,0.0,0.0,0.0,0.0,0.0,0.0,0.0,0.0,0.0,0.0,0.0,0.0,0.0,0.0,0.0,0.0,0.0,0.0,0.0,0.0,0.0,0.0,0.0,0.0,0.0,0.0,0.0,0.0,0.0,0.0,0.0,0.0,0.0,0.0,0.0,0.0,0.0,0.0,0.0,0.0,0.0,0.0,0.0,0.0,0.0,0.0,0.0,0.0,0.0,0.0,0.0,0.0,0.0,0.0,0.0,0.0,0.0,0.0,0.0,0.0,0.0,0.0,0.0,0.0,0.0,0.0,0.0,0.0,0.0,0.0,0.0,0.0,0.0,0.0,0.0,0.0,0.0,0.0,0.0,0.0,0.0,0.0,0.0,0.0,0.0,0.0,0.0,0.0,0.0,0.0,0.0,0.0,0.0,0.0,0.0,0.0,0.0,0.0,0.0,0.0,0.0,0.0,0.0,0.0,0.0,0.0,0.0,0.0,0.0,0.0,0.0,0.0,0.0,0.0,0.0,0.0,0.0,0.0,0.0,0.0,0.0,0.0,0.0,0.0,0.0,0.0,0.0,0.0,0.0,0.0,0.0,0.0,0.0,0.0,0.0,0.0,0.0,0.0,0.0,0.0,0.0,0.0,0.0,0.0,0.0,0.0,0.0,0.0,0.0,0.0,0.0,0.0,0.0,0.0,0.0,0.0,0.0,0.0,0.0,0.0,0.0,0.0,0.0,0.0,0.0,0.0,0.0,0.0,0.0,0.0,0.0,0.0,0.0,0.0,0.0,0.0,0.0,0.0,0.0,0.0,0.0,0.0,0.0,0.0,0.0,0.0,0.0,0.0,0.0,0.0,0.0,0.0,0.0,0.0,0.0,0.0,0.0,0.0,0.0,0.0,0.0,0.0,0.0,0.0,0.0,0.0,0.0,0.0,0.0,0.0,0.0,0.0,0.0,0.0,0.0,0.0,0.0,0.0,0.0,0.0,0.0,0.0,0.0,0.0,0.0,0.0,0.0,0.0,0.0,0.0,0.0,0.0,0.0,0.0,0.0,0.0,0.0,0.0,0.0,0.0,0.0,0.0,0.0,0.0,0.0,0.0,0.0,0.0,0.0,0.0,0.0,0.0,0.0,0.0,0.0,0.0,0.0,0.0,0.0,0.0,0.0,0.0,0.0,0.0,0.0,0.0,0.0,0.0,0.0,0.0,0.0,0.0,0.0,0.0,0.0,0.0,0.0,0.0,0.0,0.0,0.0,0.0,0.0,0.0,0.0,0.0,0.0,0.0,0.0,0.0,0.0,0.0,0.0,0.0,0.0,0.0,0.0,0.0,0.0,0.0,0.0,0.0,0.0,0.0,0.0,0.0,0.0,0.0,0.0,0.0,0.0,0.0,0.0,0.0,0.0,0.0,0.0,0.0,0.0,0.0,0.0,0.0,0.0,0.0,0.0,0.0,0.0,0.0,0.0,0.0,0.0,0.0,0.0,0.0,0.0,0.0,0.0,0.0,0.0,0.0,0.0,0.0,0.0,0.0,0.0,0.0,0.0,0.0,0.0,0.0,0.0,0.0,0.0,0.0,0.0,0.0,0.0,0.0,0.0,0.0,0.0,0.0,0.0,0.0,0.0,0.0,0.0,0.0,0.0,0.0,0.0,0.0,0.0,0.0,0.0,0.0,0.0,0.0,0.0,0.0,0.0,0.0,0.0,0.0,0.0,0.0,0.0,0.0,0.0,0.0,0.0,0.0,0.0,0.0,0.0,0.0,0.0,0.0,0.0,0.0,0.0,0.0,0.0,0.0,0.0,0.0,0.0,0.0,0.0,0.0,0.0,0.0,0.0,0.0,0.0,0.0,0.0,0.0,0.0,0.0,0.0,0.0,0.0,0.0,0.0,0.0,0.0,0.0,0.0,0.0,0.0,0.0,0.0,0.0,0.0,0.0,0.0,0.0,0.0,0.0,0.0,0.0,0.0,0.0,0.0,0.0,0.0,0.0,0.0,0.0,0.0,0.0,0.0,0.0,0.0,0.0,0.0,0.0,0.0,0.0,0.0,0.0,0.0,0.0,0.0,0.0,0.0,0.0,0.0,0.0,0.0,0.0,0.0,0.0,0.0,0.0,0.0,0.0,0.0,0.0,0.0,0.0,0.0,0.0,0.0,0.0,0.0,0.0,0.0,0.0,0.0,0.0,0.0,0.0,0.0,0.0,0.0,0.0,0.0,0.0,0.0,0.0,0.0,0.0,0.0,0.0,0.0,0.0,0.0,0.0,0.0,0.0,0.0,0.0,0.0,0.0,0.0,0.0,0.0,0.0,0.0,0.0,0.0,0.0,0.0,0.0,0.0,0.0,0.0,0.0,0.0,0.0,0.0,0.0,0.0,0.0,0.0,0.0,0.0,0.0,0.0,0.0,0.0,0.0,0.0,0.0,0.0,0.0,0.0,0.0,0.0,0.0,0.0,0.0,0.0,0.0,0.16221597891313266,0.060988702592906785,0.07412218922974156,0.05872511822660552,0.18772481495328186,0.14166935357034108,0.05991520399835798,0.1008879366324483,0.07815381792635138,0.19450034780717773,0.16270843910838434,0.07963464585633637,0.1026782179319594,0.10148575367834234,0.17108902615597632,0.28304178355722154,0.059914053558061835,0.14856760190960383,0.06879690982742374,0.09000855700077962,0.23227203052316817,0.05611152586656486,0.12994258827789051,0.10099856363561127,0.11246677655455312,0.15710742785747134,0.10527890554343444,0.16176159995531225,0.16920661126608255,0.05913584214838234,0.10286433075899466,0.12036688379096991,0.18330172762792502,0.1508915346283483,0.0836379620299823,0.1605774071041544,0.37706931482942907,0.16132741288153887,0.14229395335483766,0.15265935193958036,0.05590817546891098,0.12213703244223853,0.06186367526591875,0.11182836170481765,0.06636717917881774,0.11626331931557041,0.05377879551652419,0.13938533127119695,0.05977945280157411,0.16370290766424617,0.15192761917059078,0.06303533806091477,0.1615572042752189,0.09975657908413198,0.16269015440556495,0.337690034867693,0.20681867415819816,0.20302527352658142,0.06406157196790777,0.1672493252141321,0.22282948709907655,0.16817852612326845,0.2232195990502438,0.06620091245970623,0.16167641763716728,0.12260950184256975,0.05920481689719914,0.19573848677459282,0.18167561972432733,0.127551120781278,0.07672902220320468,0.12668980842876543,0.19596378687046095,0.1487352922309253,0.16238792970051344,0.37060535840747294,0.12102285712829763,0.18418661645861523,0.25521775232428645,0.7402614475737551,0.2633158664998011,0.09063632400651077,0.15392224648250505,0.1332734878393746,0.05967198713816356,0.05428235548797603,0.11464802452812409,0.24342021862637397,0.19148318954185073,0.1225426415025854,0.16385645915211688,0.12727345498522477,0.17342621284042198,0.1679146672107889,0.06002717495936712,0.14865647645885555,0.1966175216413888,0.17404910391232686,0.16214939320823105,0.17158723980548443,0.0,0.0,0.0,0.0,0.0,0.0,0.0,0.0,0.0,0.0,0.0,0.0,0.0,0.0,0.0,0.0,0.0,0.0,0.0,0.0,0.0,0.0,0.0,0.0,0.0,0.0,0.0,0.0,0.0,0.0,0.0,0.0,0.0,0.0,0.0,0.0,0.0,0.0,0.0,0.0,0.0,0.0,0.0,0.0,0.0,0.0,0.0,0.0,0.0,0.0,0.0,0.0,0.0,0.0,0.0,0.0,0.0,0.0,0.0,0.0,0.0,0.0,0.0,0.0,0.0,0.0,0.0,0.0,0.0,0.0,0.0,0.0,0.0,0.0,0.0,0.0,0.0,0.0,0.0,0.0,0.0,0.0,0.0,0.0,0.0,0.0,0.0,0.0,0.0,0.0,0.0,0.0,0.0,0.0,0.0,0.0,0.0,0.0,0.0,0.0,0.0,0.0,0.0,0.0,0.0,0.0,0.0,0.0,0.0,0.0,0.0,0.0,0.0,0.0,0.0,0.0,0.0,0.0,0.0,0.0,0.0,0.0,0.0,0.0,0.0,0.0,0.0,0.0,0.0,0.0,0.0,0.0,0.0,0.0,0.0,0.0,0.0,0.0,0.0,0.0,0.0,0.0,0.0,0.0,0.0,0.0,0.0,0.0,0.0,0.0,0.0,0.0,0.0,0.0,0.0,0.0,0.0,0.0,0.0,0.0,0.0,0.0,0.0,0.0,0.0,0.0,0.0,0.0,0.0,0.0,0.0,0.0,0.0,0.0,0.0,0.0,0.0,0.0,0.0,0.0,0.0,0.0,0.0,0.0,0.0,0.0,0.0,0.0,0.0,0.0,0.0,0.0,0.0,0.0,0.0,0.0,0.0,0.0,0.0,0.0,0.0,0.0,0.0,0.0,0.0,0.0,0.0,0.0,0.0,0.0,0.0,0.0,0.0,0.0,0.0,0.0,0.0,0.0,0.0,0.0,0.0,0.0,0.0,0.0,0.0,0.0,0.0,0.0,0.0,0.0,0.0,0.0,0.0,0.0,0.0,0.0,0.0,0.0,0.0,0.0,0.0,0.0,0.0,0.0,0.0,0.0,0.0,0.0,0.0,0.0,0.0,0.0,0.0,0.0,0.0,0.0,0.0,0.0,0.0,0.0,0.0,0.0,0.0,0.0,0.0,0.0,0.0,0.0,0.0,0.0,0.0,0.0,0.0,0.0,0.0,0.0,0.0,0.0,0.0,0.0,0.0,0.0,0.0,0.0,0.0,0.0,0.0,0.0,0.0,0.0,0.0,0.0,0.0,0.0,0.0,0.0,0.0,0.0,0.0,0.0,0.0,0.0,0.0,0.0,0.0,0.0,0.0,0.0,0.0,0.0,0.0,0.0,0.0,0.0,0.0,0.0,0.0,0.0,0.0,0.0,0.0,0.0,0.0,0.0,0.0,0.0,0.0,0.0,0.0,0.0,0.0,0.0,0.0,0.0,0.0,0.0,0.0,0.0,0.0,0.0,0.0,0.0,0.0,0.0,0.0,0.0,0.0,0.0,0.0,0.0,0.0,0.0,0.0,0.0,0.0,0.0,0.0,0.0,0.0,0.0,0.0,0.0,0.0,0.0,0.0,0.0,0.0,0.0,0.0,0.0,0.0,0.0,0.0,0.0,0.0,0.0,0.0,0.0,0.0,0.0,0.0,0.0,0.0,0.0,0.0,0.0,0.0,0.0,0.0,0.0,0.0,0.0,0.0,0.0,0.0,0.0,0.0,0.0,0.0,0.0,0.0,0.0,0.0,0.0,0.0,0.0,0.0,0.0,0.0,0.0,0.0,0.0,0.0,0.0,0.0,0.0,0.0,0.0,0.0,0.0,0.0,0.0,0.0,0.0,0.0,0.0,0.0,0.0,0.0,0.0,0.0,0.0,0.0,0.0,0.0,0.0,0.0,0.0,0.0,0.0,0.0,0.0,0.0,0.0,0.0,0.0,0.0,0.0,0.0,0.0,0.0,0.0,0.0,0.0,0.0,0.0,0.0,0.0,0.0,0.0,0.0,0.0,0.0,0.0,0.0,0.0,0.0,0.0,0.0,0.0,0.0,0.0,0.0,0.0,0.0,0.0,0.0,0.0,0.0,0.0,0.0,0.0,0.0,0.0,0.0,0.0,0.0,0.0,0.0,0.0,0.0,0.0,0.0,0.0,0.0,0.0,0.0,0.0,0.0,0.0,0.1117450182989321,0.05368718817147902,0.06152132327022582,0.05141120897452174,0.09564036553760237,0.09247644424687843,0.044760910908070904,0.0494078436676436,0.07206234515917255,0.12756235502905142,0.1073904140947538,0.0697276169206697,0.04856669093840145,0.3714701341986704,0.09739652513163696,0.13313182127265327,0.05342673742456778,0.07420165492715998,0.07302733192600225,0.06712782884601035,0.07769616570938843,0.04173682827038229,0.09143512682960335,0.3696248350772807,0.3024334253975722,0.09800247894061753,0.3457961348446357,0.11371065421083341,0.1913085587041849,0.05949731066034118,0.38413753667158285,0.0851228868280991,0.18928334477738568,0.10006391920011684,0.06186534830161272,0.10308864926046954,0.10240843562209322,0.1031185056810828,0.0948372601271833,0.10030452698160558,0.047843886674484824,0.13380307315662632,0.05458758643861043,0.3362283930627638,0.05264000594570324,0.264286181312482,0.05120409966077566,0.09151407910244443,0.05438031231584772,0.1137659168127167,0.07695004476755361,0.046535178212681924,0.11042738213967188,0.07507219945124635,0.09227635754062621,0.1048756193921296,0.09091497526166924,0.0960341030592599,0.05700542931886536,0.09870191312487242,0.09038530341143128,0.10913005068248793,0.16522330082533346,0.5460172464722954,0.11748420171056694,0.2912412232388789,0.0487279603409182,0.09629520394510038,0.1239263397782395,0.08142598275157961,0.06638458121314308,0.09308161275544206,0.10218223240189206,0.08763986487453837,0.10092531424381537,0.08969423801204304,0.08042707589327508,0.1292877396665704,0.1356543380797714,0.04659175639004022,0.1014776992533224,0.06921971530553273,0.10210601890213325,0.08939115362289608,0.054032294311042305,0.05370885734541169,0.07545495947459349,0.13090992610874302,0.21206956860692933,0.09045870162265315,0.10307658684801033,0.08356625221007655,0.22876896752396164,0.15495908456008367,0.05945993468071335,0.10551639295511997,0.12992620074037403,0.09751907693019025,0.11164105373987616,0.11480346609024436,0.0896202746602118,0.22734641912977457,0.2921205430102125,0.2642805897162495,0.13937935751630465,0.15908050803635493,0.25909650519114125,0.03265548339820424,0.17260244124260235,0.06192211167870418,0.08346961878694276,0.22350118578371103,0.036509123460593665,0.05727990041380399,0.12259150655108851,0.08674804224487642,0.22854282107932766,0.05920790725605428,0.09519643646365672,0.21560605328684013,0.053493993715953383,0.317477981242053,0.16459224696638752,0.05732549671540607,0.06650730881069958,0.13473952411268844,0.06080014076783924,0.09127804213070785,0.05045584024657749,0.12071774072375682,0.0532176821841618,0.18028402972464141,0.04625829252531172,0.13578909595748256,0.23238285477585294,0.1156162480132013,0.07740553651502091,0.07441064663573842,0.15241213153487326,0.13354917524706733,0.2396587987872001,0.11263338455888686,0.22359351252261372,0.06129437117665365,0.21624010349858724,0.04543307864952482,0.1394851785365212,0.16234862448122223,0.21297620414998067,0.08148015475179732,0.046891748468867386,0.31220219320754705,0.09564147984257407,0.2638963582899515,0.158876291044434,0.05252861621221512,0.0852018594120111,0.11467754273126607,0.21186304502943773,0.09205642154437876,0.08088543752145416,0.06572279653405158,0.052292281552534285,0.029745427400077608,0.09030652466305895,0.06884527508041988,0.21415278379800612,0.13220209425359236,0.06523873490859067,0.21317648404302666,0.24838866989417485,0.16183035275431715,0.14993190993455113,0.19377637300940895,0.0816723229199775,0.051549082713269294,0.19914357293031318,0.0654079713310885,0.09474803977074084,0.02444292172144986,0.0535954225669248,0.2100298368964272,0.12791243631994142,0.17095925967210063,0.219690912194801,0.1271829329378821,0.2239507343648944,0.10230872240225153,0.062339909092977465,0.16775992249938418,0.08886610232633249,0.1927517416443367,0.062183007134994986,0.10567144417377379,0.11800879768958678,0.16437694163215166,0.06188546918988868,0.10559662196077682,0.09014169576296734,0.06685994883661349,0.0,0.0,0.0,0.0,0.0,0.0,0.0,0.0,0.0,0.0,0.0,0.0,0.0,0.0,0.0,0.0,0.0,0.0,0.0,0.0,0.0,0.0,0.0,0.0,0.0,0.0,0.0,0.0,0.0,0.0,0.0,0.0,0.0,0.0,0.0,0.0,0.0,0.0,0.0,0.0,0.0,0.0,0.0,0.0,0.0,0.0,0.0,0.0,0.0,0.0,0.0,0.0,0.0,0.0,0.0,0.0,0.0,0.0,0.0,0.0,0.0,0.0,0.0,0.0,0.0,0.0,0.0,0.0,0.0,0.0,0.0,0.0,0.0,0.0,0.0,0.0,0.0,0.0,0.0,0.0,0.0,0.0,0.0,0.0,0.0,0.0,0.0,0.0,0.0,0.0,0.0,0.0,0.0,0.0,0.0,0.0,0.0,0.0,0.0,0.0,0.0,0.0,0.0,0.0,0.0,0.0,0.0,0.0,0.0,0.0,0.0,0.0,0.0,0.0,0.0,0.0,0.0,0.0,0.0,0.0,0.0,0.0,0.0,0.0,0.0,0.0,0.0,0.0,0.0,0.0,0.0,0.0,0.0,0.0,0.0,0.0,0.0,0.0,0.0,0.0,0.0,0.0,0.0,0.0,0.0,0.0,0.0,0.0,0.0,0.0,0.0,0.0,0.0,0.0,0.0,0.0,0.0,0.0,0.0,0.0,0.0,0.0,0.0,0.0,0.0,0.0,0.0,0.0,0.0,0.0,0.0,0.0,0.0,0.0,0.0,0.0,0.0,0.0,0.0,0.0,0.0,0.0,0.0,0.0,0.0,0.0,0.0,0.0,0.0,0.0,0.0,0.0,0.0,0.0,0.0,0.0,0.0,0.0,0.0,0.0,0.08115462044205486,0.11886069901740144,0.15964984475183838,0.12444771362865373,0.09528314286990688,0.10027301838157325,0.07246897342814376,0.0308727446034334,0.2842198904880433,0.06401684691640258,0.07558835758983043,0.2131496947432743,0.03250558147617642,0.08758768443712395,0.08958399802179257,0.0956383465642413,0.1359016139516789,0.05195410872748314,0.4688102593249963,0.09468682454685616,0.04922531627635278,0.07011394069377828,0.10322089755219438,0.08679119321489398,0.09735604729039428,0.0952445876026569,0.09214857693849701,0.08269166643482836,0.05825045972873083,0.36118413592710247,0.08154170651228823,0.1027961626531485,0.057019519858207,0.09787449614683974,0.08925643454478994,0.09064195519595308,0.07487622493145807,0.06888495672882976,0.1004409145013078,0.09701229371658868,0.0918831028397602,0.23910156871139315,0.11382807519618993,0.09697600219164505,0.08205468936845052,0.057639173391276194,0.12670076784831458,0.10074255575991256,0.14675147162626076,0.07610084212678374,0.045105568722062575,0.07670737937434806,0.08402882285384275,0.14307150165447355,0.09906216213842112,0.053226476429160605,0.07070845690888977,0.08586620132707401,0.11718170681930487,0.07752890737473372,0.06824638693060497,0.0643611404437793,0.05897149858524877,0.040376363190397245,0.08338812815600138,0.10968200630714726,0.0839284407323898,0.09311767879685837,0.06714047461340984,0.10383714579353777,0.1910699321075765,0.10565325671982752,0.11325096554863506,0.10804734954068565,0.0722428984605732,0.050501217324585644,0.10009041499916292,0.06712343887200509,0.10553083029965776,0.025169833905467422,0.05383199005003678,0.09646272275272391,0.09602144199045103,0.10122331872308307,0.1383381367135655,0.20928346360278538,0.10034963298761368,0.11191744622505606,0.0812282499866383,0.10583620628617563,0.07715303042620224,0.10053847926810677,0.08388727790166414,0.15500084885531826,0.4209717459393628,0.1600941209205877,0.0642530516317959,0.08251387541884214,0.08142789901219646,0.06620238445518212,0.1258476792384303,0.05334984033481852,0.06198628392007702,0.05106319424416354,0.10653276998298741,0.099774963526238,0.046331058539242694,0.06073502101472118,0.07040563159197294,0.16211626764376566,0.12254898187883444,0.0690407950938082,0.05877115909283381,0.20631036292648114,0.10881910073465446,0.1549102165172262,0.05280019175019929,0.08841533223886931,0.06862744290059208,0.06990578269859267,0.09638314868890789,0.04306769386868407,0.09725638869977882,0.2074977475844899,0.20972940537355356,0.1079690682268744,0.20745767165737877,0.1278573859288851,0.3254836949657126,0.05644642702552656,0.2171179360802669,0.09014660913771536,0.3599433874807502,0.10854702104868608,0.06456268483100121,0.11512415299022455,0.12417994147891373,0.11957382965396272,0.10266537535062972,0.10917375262005144,0.04788639622309399,0.12534730680908923,0.05438990281536788,0.2117932599730591,0.054302904523226926,0.3496403718299551,0.04999244694075762,0.09855394523850095,0.05355247170110384,0.13063934031436522,0.09633315485552413,0.048131816003745886,0.12346794186702166,0.07700677200556622,0.10104324514270749,0.14225614767346922,0.1063156448205953,0.1104381195248445,0.05671546852348887,0.11307785496047244,0.10626530252396789,0.13079113682923288,0.27500260446235014,0.21932563160814872,0.13196808557802556,0.21018168655751412,0.04958909691242654,0.10813107521693355,0.15278458330087324,0.08709692547264969,0.06595629782830721,0.09831621586696211,0.11229533672484623,0.09453012782464838,0.11586190367726311,0.11836466794742052,0.08564652493264059,0.16006915235023117,0.15340388194075172,0.06347721540497595,0.13372704890295262,0.07114676681418763,0.1113893028348798,0.0952130776700337,0.053320259603665494,0.051744293518054346,0.08016099610576528,0.14635526652514605,0.25874598126033493,0.09525402244191403,0.11729103818594538,0.08834558565339606,0.26078428759722627,0.15546286234306608,0.05697445758705204,0.10948143802378635,0.1661052677260384,0.11100915759099703,0.1257514685913756,0.1379481542230796,0.0,0.0,0.0,0.0,0.0,0.0,0.0,0.0,0.0,0.0,0.0,0.0,0.0,0.0,0.0,0.0,0.0,0.0,0.0,0.0,0.0,0.0,0.0,0.0,0.0,0.0,0.0,0.0,0.0,0.0,0.0,0.0,0.0,0.0,0.0,0.0,0.0,0.0,0.0,0.0,0.0,0.0,0.0,0.0,0.0,0.0,0.0,0.0,0.0,0.0,0.0,0.0,0.0,0.0,0.0,0.0,0.0,0.0,0.0,0.0,0.0,0.0,0.0,0.0,0.0,0.0,0.0,0.0,0.0,0.0,0.0,0.0,0.0,0.0,0.0,0.0,0.0,0.0,0.0,0.0,0.0,0.0,0.0,0.0,0.0,0.0,0.0,0.0,0.0,0.0,0.0,0.0,0.0,0.0,0.0,0.0,0.0,0.0,0.0,0.0,0.0,0.0,0.0,0.0,0.0,0.0,0.0,0.0,0.0,0.0,0.0,0.0,0.0,0.0,0.0,0.0,0.0,0.0,0.0,0.0,0.0,0.0,0.0,0.0,0.0,0.0,0.0,0.0,0.0,0.0,0.0,0.0,0.0,0.0,0.0,0.0,0.0,0.0,0.0,0.0,0.0,0.0,0.0,0.0,0.0,0.0,0.0,0.0,0.0,0.0,0.0,0.0,0.0,0.0,0.0,0.0,0.0,0.0,0.0,0.0,0.0,0.0,0.0,0.0,0.0,0.0,0.0,0.0,0.0,0.0,0.0,0.0,0.0,0.0,0.0,0.0,0.0,0.0,0.0,0.0,0.0,0.0,0.0,0.0,0.0,0.0,0.0,0.0,0.0,0.0,0.0,0.0,0.0,0.0,0.0,0.0,0.0,0.0,0.0,0.0,0.08632051199849543,0.23748257573687165,0.1683275909904653,0.21981517343492016,0.12789065504860597,0.16422457937832466,0.3920527501870443,0.031114750398298592,0.12212512423613192,0.05694017747369301,0.07950763326664434,0.14615335272403213,0.03303922719037794,0.05043876773367308,0.11901884764192337,0.07284548555247743,0.19485367833552789,0.05474464695486139,0.07455498295854635,0.2816379980147316,0.048073053585155304,0.3551042824963798,0.17766670950358596,0.05062380671795243,0.05977934042874161,0.13466200696858796,0.05391432529440888,0.08760627012646675,0.04478898340470994,0.09538510830298594,0.04693535258715355,0.20126834263032786,0.041112947292979346,0.13765106980978056,0.3034763460329228,0.11295158085113645,0.06579387531767592,0.07030617515707514,0.15804289256307197,0.1348650907913968,0.34038185981404423,0.08965909455658663,0.2561541601222122,0.0531691878622908,0.37690758601716917,0.04157133318667988,0.13229628781437178,0.16852960771722045,0.17494171924930474,0.07697291666148784,0.04246961464303202,0.32619059093449154,0.09244859545694906,0.16621620717293617,0.15022765059398765,0.04669408272121984,0.0788213324805998,0.10532124075345134,0.24192327971766914,0.08832402418393914,0.07454132912916842,0.061307367909486474,0.04627442710167117,0.0262767814377854,0.08649474941784498,0.05854940821598315,0.38869181421530724,0.12082271935745034,0.05991524199836034,0.19214146497019963,0.15548132858840824,0.17649725337306876,0.12258174320600934,0.16493662956415323,0.0772311491458911,0.045785583300056235,0.209112474629176,0.060139648923059424,0.07849523205397248,0.0211755722169099,0.04800052708506779,0.2765039226297095,0.12895419419726045,0.1798918953504992,0.18716655596361634,0.1041978588416913,0.2176193202407927,0.0842567269976616,0.0537278546317421,0.18611367692703515,0.08537210033161698,0.19785153322543242,0.05352883432825828,0.08597786415496379,0.09014667947989681,0.12339900732993289,0.05684735366293418,0.10098726215464118,0.08680390033754552,0.06229407361133305,0.0,0.0,0.0,0.0,0.0,0.0,0.0,0.0,0.0,0.0,0.0,0.0,0.0,0.0,0.0,0.0,0.0,0.0,0.0,0.0,0.0,0.0,0.0,0.0,0.0,0.0,0.0,0.0,0.0,0.0,0.0,0.0,0.0,0.0,0.0,0.0,0.0,0.0,0.0,0.0,0.0,0.0,0.0,0.0,0.0,0.0,0.0,0.0,0.0,0.0,0.0,0.0,0.0,0.0,0.0,0.0,0.0,0.0,0.0,0.0,0.0,0.0,0.0,0.0,0.0,0.0,0.0,0.0,0.0,0.0,0.0,0.0,0.0,0.0,0.0,0.0,0.0,0.0,0.0,0.0,0.0,0.0,0.0,0.0,0.0,0.0,0.0,0.0,0.0,0.0,0.0,0.0,0.0,0.0,0.0,0.0,0.0,0.0,0.0,0.0,0.2741655834807326,0.04942070927062209,0.05386498351919441,0.04637330363678963,0.16934968443095594,0.14914228648171943,0.04977880047663563,0.6690553505949755,0.05543325481846729,0.28335253281597944,0.3051062094039543,0.05752072778570555,0.6609291399975483,0.06908556287801879,0.21377822502686947,0.11143314494210867,0.047189971907927244,0.4806752905902155,0.04713797510128768,0.08112932131309102,0.4048635702754663,0.045406002716624455,0.13483572407593666,0.07063484525520393,0.08392239935412976,0.18649312743270713,0.07397814475604367,0.26467476897146613,0.11849539441026934,0.043741098033286525,0.06423272326258896,0.1179471338202526,0.08513022143669767,0.17949187292789312,0.07318172581933573,0.2215114940887271,0.12616602487593545,0.34535409021612096,0.1550996470549168,0.18405157155850538,0.046745289833261205,0.07572392906809278,0.05123766840178601,0.07010977217547186,0.05784179909390265,0.08455464089728713,0.0432836772365367,0.14484243826426937,0.04706208298187819,0.2937607586589954,0.5051762695040449,0.05136892647617527,0.2601851710622549,0.07065179919310476,0.15113032622024594,0.22319824809499436,0.30445289518917745,0.21465035666333582,0.05421096797037777,0.2974462706654871,0.3025304905504957,0.3491505934669759,0.13683936538788977,0.044748046588541646,0.25789009587954476,0.07468765713193287,0.05072831160608562,0.17788335355789062,0.29743700974358567,0.10485906892067096,0.05606493527656645,0.13218275803590862,0.12170694191432732,0.11389646007355966,0.32900986323590165,0.2357742634704004,0.11039437616291861,0.28131749036894915,0.10967162312396621,0.06040770210135504,0.3057042535277972,0.08243030088734307,0.19221775997984786,0.13450760718912186,0.04708730051623235,0.041615426241586255,0.096711098485212,0.10992567371615664,0.0888778303964549,0.12491292435573897,0.29877341085831427,0.11653891792434679,0.0851842406849161,0.09094006379044267,0.0435257234732543,0.09070233884822919,0.27470942515540736,0.2578145963058299,0.2728524917793768,0.3276245814019913,0.0,0.0,0.0,0.0,0.0,0.0,0.0,0.0,0.0,0.0,0.0,0.0,0.0,0.0,0.0,0.0,0.0,0.0,0.0,0.0,0.0,0.0,0.0,0.0,0.0,0.0,0.0,0.0,0.0,0.0,0.0,0.0,0.0,0.0,0.0,0.0,0.0,0.0,0.0,0.0,0.0,0.0,0.0,0.0,0.0,0.0,0.0,0.0,0.0,0.0,0.0,0.0,0.0,0.0,0.0,0.0,0.0,0.0,0.0,0.0,0.0,0.0,0.0,0.0,0.0,0.0,0.0,0.0,0.0,0.0,0.0,0.0,0.0,0.0,0.0,0.0,0.0,0.0,0.0,0.0,0.0,0.0,0.0,0.0,0.0,0.0,0.0,0.0,0.0,0.0,0.0,0.0,0.0,0.0,0.0,0.0,0.0,0.0,0.0,0.0,0.0,0.0,0.0,0.0,0.0,0.0,0.0,0.0,0.0,0.0,0.0,0.0,0.0,0.0,0.0,0.0,0.0,0.0,0.0,0.0,0.0,0.0,0.0,0.0,0.0,0.0,0.0,0.0,0.0,0.0,0.0,0.0,0.0,0.0,0.0,0.0,0.0,0.0,0.0,0.0,0.0,0.0,0.0,0.0,0.0,0.0,0.0,0.0,0.0,0.0,0.0,0.0,0.0,0.0,0.0,0.0,0.0,0.0,0.0,0.0,0.0,0.0,0.0,0.0,0.0,0.0,0.0,0.0,0.0,0.0,0.0,0.0,0.0,0.0,0.0,0.0,0.0,0.0,0.0,0.0,0.0,0.0,0.0,0.0,0.0,0.0,0.0,0.0,0.0,0.0,0.0,0.0,0.0,0.0,0.0,0.0,0.0,0.0,0.0,0.0,0.06893033296801021,0.19886386574612577,0.12840724130824485,0.18388369813809616,0.07819920966035492,0.09335884637857018,0.0755957972713636,0.025270869690275304,0.14499749453725827,0.04958936063522586,0.06368034587065564,0.14127198109246264,0.02700085991210896,0.05634183373388639,0.07772277073605827,0.0622511593491951,0.22737093199270925,0.042233457395752565,0.10384866149749493,0.09989763429309842,0.037992721225607665,0.07098174484553317,0.10105031809462267,0.05650351179916169,0.06780529679035593,0.08578177885839634,0.0606261001977622,0.07041961224150017,0.042010457273732274,0.20389233717861807,0.049952731942963034,0.10206795141484522,0.03795055900074355,0.08969099028085273,0.09163664366450235,0.08048851249613355,0.052100646429473665,0.05702438304565124,0.09420782551317951,0.08838423714520441,0.12969249035924446,0.10159461069708656,0.18434541923730102,0.05860065185329812,0.09364573237414257,0.04061190141722443,0.4032587464461983,0.09408341816523312,0.25055628517404993,0.06357716300960761,0.03514597986832458,0.07582857773009552,0.07224340250246676,0.10432858314858952,0.08469381291401265,0.03953077460911836,0.05676616176885928,0.06998716241418695,0.19703853065294846,0.06561528293198432,0.05431626283380107,0.0513583880107176,0.0421769230347286,0.02730959084304765,0.0707917969577901,0.06420324162555407,0.10497677549766744,0.07580938809758157,0.05188199593261342,0.0899118072670577,0.13992523288861905,0.10574874206570845,0.08208708339927792,0.0884379028820805,0.06066861861606465,0.037725588824751924,0.0941627033242159,0.052467942029480984,0.06727830240685309,0.01847355068604647,0.040347192114097354,0.10357041070756524,0.08747659929298102,0.09554019993289074,0.24069255355891347,0.357984812024613,0.09110523381300437,0.07090601939861114,0.05152741648307228,0.10712190436451344,0.06561127187146132,0.09313403508907994,0.05223717198855646,0.08407316491156282,0.1508854861907667,0.09777328383133678,0.04965571025217264,0.07051030572639583,0.06923209756843114,0.05268015157607148,0.0,0.0,0.0,0.0,0.0,0.0,0.0,0.0,0.0,0.0,0.0,0.0,0.0,0.0,0.0,0.0,0.0,0.0,0.0,0.0,0.0,0.0,0.0,0.0,0.0,0.0,0.0,0.0,0.0,0.0,0.0,0.0,0.0,0.0,0.0,0.0,0.0,0.0,0.0,0.0,0.0,0.0,0.0,0.0,0.0,0.0,0.0,0.0,0.0,0.0,0.0,0.0,0.0,0.0,0.0,0.0,0.0,0.0,0.0,0.0,0.0,0.0,0.0,0.0,0.0,0.0,0.0,0.0,0.0,0.0,0.0,0.0,0.0,0.0,0.0,0.0,0.0,0.0,0.0,0.0,0.0,0.0,0.0,0.0,0.0,0.0,0.0,0.0,0.0,0.0,0.0,0.0,0.0,0.0,0.0,0.0,0.0,0.0,0.0,0.0,0.0,0.0,0.0,0.0,0.0,0.0,0.0,0.0,0.0,0.0,0.0,0.0,0.0,0.0,0.0,0.0,0.0,0.0,0.0,0.0,0.0,0.0,0.0,0.0,0.0,0.0,0.0,0.0,0.0,0.0,0.0,0.0,0.0,0.0,0.0,0.0,0.0,0.0,0.0,0.0,0.0,0.0,0.0,0.0,0.0,0.0,0.0,0.0,0.0,0.0,0.0,0.0,0.0,0.0,0.0,0.0,0.0,0.0,0.0,0.0,0.0,0.0,0.0,0.0,0.0,0.0,0.0,0.0,0.0,0.0,0.0,0.0,0.0,0.0,0.0,0.0,0.0,0.0,0.0,0.0,0.0,0.0,0.0,0.0,0.0,0.0,0.0,0.0,0.0,0.0,0.0,0.0,0.0,0.0,0.0,0.0,0.0,0.0,0.0,0.0,0.0,0.0,0.0,0.0,0.0,0.0,0.0,0.0,0.0,0.0,0.0,0.0,0.0,0.0,0.0,0.0,0.0,0.0,0.0,0.0,0.0,0.0,0.0,0.0,0.0,0.0,0.0,0.0,0.0,0.0,0.0,0.0,0.0,0.0,0.0,0.0,0.0,0.0,0.0,0.0,0.0,0.0,0.0,0.0,0.0,0.0,0.0,0.0,0.0,0.0,0.0,0.0,0.0,0.0,0.0,0.0,0.0,0.0,0.0,0.0,0.0,0.0,0.0,0.0,0.0,0.0,0.0,0.0,0.0,0.0,0.0,0.0,0.0,0.0,0.0,0.0,0.0,0.0,0.0,0.0,0.0,0.0,0.0,0.0,0.0,0.0,0.0,0.0,0.0,0.0,0.0,0.0,0.0,0.0,0.0,0.0,0.0,0.0,0.0,0.0,0.0,0.0,0.0,0.0,0.0,0.0,0.0,1.0,0.0,0.0,0.0,0.0,0.0,1.0,1.0,0.0,0.0,1.0,1.0,0.0,0.0,1.0,0.0,1.0,0.0,0.0,1.0,0.0,0.0,0.0,0.0,0.0,0.0,0.0,0.0,0.0,0.0,0.0,0.0,0.0,0.0,0.0,0.0,0.0,0.0,0.0,0.0,0.0,0.0,0.0,0.0,0.0,0.0,0.0,0.0,0.0,0.0,0.0,0.0,0.0,0.0,0.0,0.0,0.0,0.0,0.0,0.0,0.0,0.0,0.0,0.0,0.0,0.0,0.0,0.0,0.0,0.0,0.0,0.0,0.0,0.0,0.0,0.0,0.0,0.0,0.0,0.0,0.0,0.0,0.0,0.0,0.0,0.0,0.0,0.0,0.0,0.0,0.0,0.0,0.0,0.0,0.0,0.0,0.0,0.0,0.0,0.0,0.0,0.0,0.0,0.0,0.0,0.0,0.0,0.0,0.0,0.0,0.0,0.0,0.0,0.0,0.0,0.0,0.0,0.0,0.0,0.0,0.0,0.0,0.0,0.0,0.0,0.0,0.0,0.0,0.0,0.0,0.0,0.0,0.0,0.0,0.0,0.0,0.0,0.0,0.0,0.0,0.0,0.0,0.0,0.0,0.0,0.0,0.0,0.0,0.0,0.0,0.0,0.0,0.0,0.0,0.0,0.0,0.0,0.0,0.0,0.0,0.0,0.0,0.0,0.0,0.0,0.0,0.0,0.0,0.0,0.0,0.0,0.0,0.0,0.0,0.0,0.0,0.0,0.0,0.0,0.0,0.0,0.0,0.0,0.0,0.0,0.0,0.0,0.0,0.0,0.0,0.0,0.0,0.0,0.0,0.0,0.0,0.0,0.0,0.0,0.0,0.0,0.0,0.0,0.0,0.0,0.0,0.0,0.0,0.0,0.0,0.0,0.0,0.0,0.0,0.0,0.0,0.0,0.0,0.0,0.0,0.0,0.0,0.0,0.0,0.0,0.0,0.0,0.0,0.0,0.0,0.0,0.0,0.0,0.0,0.0,0.0,0.0,0.0,0.0,0.0,0.0,0.0,0.0,0.0,0.0,0.0,0.0,0.0,0.0,0.0,0.0,0.0,0.0,0.0,0.0,0.0,0.0,0.0,0.0,0.0,0.0,0.0,0.0,0.0,0.0,0.0,0.0,0.0,0.0,0.0,0.0,0.0,0.0,0.0,0.0,0.0,0.0,0.0,0.0,0.0,0.0,0.0,0.0,0.0,0.0,0.0,0.0,0.0,0.0,0.0,0.0,0.0,0.0,0.0,0.0,0.0,0.0,0.0,0.0,0.0,0.0,0.0,0.0,0.0,0.0,0.0,0.0,0.0,0.0,0.0,0.0,0.0,0.0,0.0,0.0,0.0,0.0,0.0,0.0,0.0,0.0,0.0,0.0,0.0,0.0,0.0,0.0,0.0,0.0,0.0,0.0,0.0,0.0,0.0,0.0,0.0,0.0,0.0,0.0,0.0,0.0,0.0,0.0,0.0,0.0,0.0,0.0,0.0,0.0,0.0,0.0,0.0,0.0,0.0,0.0,0.0,0.0,0.0,0.0,0.0,0.0,0.0,0.0,0.0,0.0,0.0,0.0,0.0,0.0,0.0,0.0,0.0,0.0,0.0,0.0,0.0,0.0,0.0,0.0,0.0,0.0,0.0,0.0,0.0,0.0,0.0,0.0,0.0,0.0,0.0,0.0,0.0,0.0,0.0,0.0,0.0,0.0,0.0,0.0,0.0,0.0,0.0,0.0,0.0,0.0,0.0,0.0,0.0,0.0,0.0,0.0,0.0,0.0,0.0,0.0,0.0,0.0,0.0,0.0,0.0,0.0,0.0,0.0,0.0,0.0,0.0,0.0,0.0,0.0,0.0,0.0,0.0,0.0,0.0,0.0,0.0,0.0,0.0,0.0,0.0,0.0,0.0,0.0,0.0,0.0,0.0,0.0,0.0,0.0,0.0,0.0,0.0,0.0,0.0,0.0,0.0,0.0,0.0,0.0,0.0,0.0,0.0,0.0,0.0,0.0,0.0,0.0,0.0,0.0,0.0,0.0,0.0,0.0,0.0,0.0,0.0,0.0,0.0,0.0,0.0,0.0,0.0,0.0,0.0,0.0,0.0,0.0,0.0,0.0,0.0,0.0,0.0,0.0,0.0,0.0,0.0,0.0,0.0,0.0,0.0,0.0,0.0,0.0,0.0,0.0,0.0,0.0,0.0,0.0,0.0,0.0,0.0,0.0,0.0,0.0,0.0,0.0,0.0,0.0,0.0,0.0,0.0,0.0,0.0,0.0,0.0,0.0,0.0,0.0,0.0,0.0,0.0,0.0,0.0,0.0,0.0,0.0,0.0,0.0,0.0,0.0,0.0,0.0,0.0,0.0,0.0,0.0,0.0,0.0,0.0,0.0,0.0,0.0,0.0,0.0,0.0,0.0,0.0,0.0,0.0,0.0,0.0,0.0,0.0,0.0,0.0,0.0,0.0,0.0,0.0,0.0,0.0,0.0,0.0,0.0,0.0,0.0,0.0,0.0,0.0,0.0,0.0,0.0,0.0,0.0,0.0,0.0,0.0,0.0,0.0,0.0,0.0,0.0,0.0,0.0,0.0,0.0,0.0,0.0,0.0,0.0,0.0,0.0,0.0,0.0,0.0,0.0,0.0,0.0,0.0,0.0,0.0,0.0,0.0,0.0,0.0,0.0,0.0,0.0,0.0,0.0,0.0,0.0,0.0,0.0,0.0,0.0,0.0,0.0,0.0,0.0,0.0,0.0,0.0,0.0,0.0,0.0,0.0,0.0,0.0,0.0,0.0,0.0,0.0,0.0,0.0,0.0,0.0,0.0,0.0,0.0,0.0,0.0,0.0,0.0,0.0,0.0,0.0,0.0,0.0,0.0,0.0,0.0,0.0,0.0,0.0,0.0,0.0,0.0,0.0,0.0,0.0,0.0,0.0,0.0,0.0,0.0,0.0,0.0,0.0,0.0,0.0,0.0,0.0,0.0,0.0,0.0,0.0,0.0,0.0,0.0,0.0,0.0,0.0,0.0,0.0,0.0,0.0,0.0,0.0,0.0,0.0,0.0,0.0,0.0,0.0,0.0,0.0,0.0,0.0,0.0,0.0,0.0,0.0,0.0,0.0,0.0,0.0,0.0,0.0,0.0,0.0,0.0,0.026313780192587344,0.0037195815503136553,0.005493889261599161,0.003448624680241541,0.03524041996161292,0.0200701059386805,0.003589828940932044,0.010178372689955334,0.00610774607341158,0.03782996909274969,0.026473826109172732,0.006341406097132352,0.010542764540621308,0.01029931045228569,0.029271082334515808,0.08011223513623295,0.003589659606060225,0.02207203570309893,0.004732854833623873,0.008101275187225754,0.05394983943617179,0.0031484980648909533,0.016884770660022724,0.010200591011951532,0.012648774374656696,0.02468223708109815,0.011083559895855716,0.026166565676928183,0.02863054759097322,0.003496914385782618,0.01058097542139802,0.014487972917360703,0.033599519233342534,0.022767739199824277,0.006995305734100454,0.025784697462362255,0.14218082825269815,0.02602637250105841,0.020247380664311698,0.02330436887350279,0.0031255733659020235,0.01491724315732379,0.0038267445949581314,0.012505486636076452,0.004404598539429511,0.013517150540175688,0.0028919778341296443,0.019428224024828494,0.0035734033341255356,0.026798441879577473,0.02308160426372649,0.003973321295067445,0.026100453948487118,0.009951089187469814,0.026467910139750556,0.11403403791992459,0.04277378870279128,0.041218990907149006,0.004103436931148952,0.027972064326518553,0.04965245454927231,0.028283881919955373,0.04982678244988675,0.0043823283704122196,0.026139020464674534,0.01503308926645075,0.003505110055413735,0.03831336313995018,0.03300587760674992,0.016269047464246428,0.005887044979833389,0.016050086014571557,0.038401307132761686,0.022121731815854556,0.02636964241776421,0.13734792039863475,0.014646285931212616,0.03392455069417541,0.06513584259633412,0.5479861631718619,0.06933506812579207,0.008214501174162753,0.023691586404902848,0.017761784328891257,0.0035605836524985612,0.002946176115994104,0.013143887555923661,0.05925311074491196,0.03666575541291603,0.015016391060825834,0.026848695982589516,0.016198330661058247,0.03007657142229095,0.028194867351919395,0.003603047890977873,0.022098268797095783,0.03865794615270865,0.030292701605346056,0.026292179620341444,0.029442035670058014,0.0,0.0,0.0,0.0,0.0,0.0,0.0,0.0,0.0,0.0,0.0,0.0,0.0,0.0,0.0,0.0,0.0,0.0,0.0,0.0,0.0,0.0,0.0,0.0,0.0,0.0,0.0,0.0,0.0,0.0,0.0,0.0,0.0,0.0,0.0,0.0,0.0,0.0,0.0,0.0,0.0,0.0,0.0,0.0,0.0,0.0,0.0,0.0,0.0,0.0,0.0,0.0,0.0,0.0,0.0,0.0,0.0,0.0,0.0,0.0,0.0,0.0,0.0,0.0,0.0,0.0,0.0,0.0,0.0,0.0,0.0,0.0,0.0,0.0,0.0,0.0,0.0,0.0,0.0,0.0,0.0,0.0,0.0,0.0,0.0,0.0,0.0,0.0,0.0,0.0,0.0,0.0,0.0,0.0,0.0,0.0,0.0,0.0,0.0,0.0,0.0,0.0,0.0,0.0,0.0,0.0,0.0,0.0,0.0,0.0,0.0,0.0,0.0,0.0,0.0,0.0,0.0,0.0,0.0,0.0,0.0,0.0,0.0,0.0,0.0,0.0,0.0,0.0,0.0,0.0,0.0,0.0,0.0,0.0,0.0,0.0,0.0,0.0,0.0,0.0,0.0,0.0,0.0,0.0,0.0,0.0,0.0,0.0,0.0,0.0,0.0,0.0,0.0,0.0,0.0,0.0,0.0,0.0,0.0,0.0,0.0,0.0,0.0,0.0,0.0,0.0,0.0,0.0,0.0,0.0,0.0,0.0,0.0,0.0,0.0,0.0,0.0,0.0,0.0,0.0,0.0,0.0,0.0,0.0,0.0,0.0,0.0,0.0,0.0,0.0,0.0,0.0,0.0,0.0,0.0,0.0,0.0,0.0,0.0,0.0,0.0,0.0,0.0,0.0,0.0,0.0,0.0,0.0,0.0,0.0,0.0,0.0,0.0,0.0,0.0,0.0,0.0,0.0,0.0,0.0,0.0,0.0,0.0,0.0,0.0,0.0,0.0,0.0,0.0,0.0,0.0,0.0,0.0,0.0,0.0,0.0,0.0,0.0,0.0,0.0,0.0,0.0,0.0,0.0,0.0,0.0,0.0,0.0,0.0,0.0,0.0,0.0,0.0,0.0,0.0,0.0,0.0,0.0,0.0,0.0,0.0,0.0,0.0,0.0,0.0,0.0,0.0,0.0,0.0,0.0,0.0,0.0,0.0,0.0,0.0,0.0,0.0,0.0,0.0,0.0,0.0,0.0,0.0,0.0,0.0,0.0,0.0,0.0,0.0,0.0,0.0,0.0,0.0,0.0,0.0,0.0,0.0,0.0,0.0,0.0,0.0,0.0,0.0,0.0,0.0,0.0,0.0,0.0,0.0,0.0,0.0,0.0,0.0,0.0,0.0,0.0,0.0,0.0,0.0,0.0,0.0,0.0,0.0,0.0,0.0,0.0,0.0,0.0,0.0,0.0,0.0,0.0,0.0,0.0,0.0,0.0,0.0,0.0,0.0,0.0,0.0,0.0,0.0,0.0,0.0,0.0,0.0,0.0,0.0,0.0,0.0,0.0,0.0,0.0,0.0,0.0,0.0,0.0,0.0,0.0,0.0,0.0,0.0,0.0,0.0,0.0,0.0,0.0,0.0,0.0,0.0,0.0,0.0,0.0,0.0,0.0,0.0,0.0,0.0,0.0,0.0,0.0,0.0,0.0,0.0,0.0,0.0,0.0,0.0,0.0,0.0,0.0,0.0,0.0,0.0,0.0,0.0,0.0,0.0,0.0,0.0,0.0,0.0,0.0,0.0,0.0,0.0,0.0,0.0,0.0,0.0,0.0,0.0,0.0,0.0,0.0,0.0,0.0,0.0,0.0,0.0,0.0,0.0,0.0,0.0,0.0,0.0,0.0,0.0,0.0,0.0,0.0,0.0,0.0,0.0,0.0,0.0,0.0,0.0,0.0,0.0,0.0,0.0,0.0,0.0,0.0,0.0,0.0,0.0,0.0,0.0,0.0,0.0,0.0,0.0,0.0,0.0,0.0,0.0,0.0,0.0,0.0,0.0,0.0,0.0,0.0,0.0,0.0,0.0,0.0,0.0,0.0,0.0,0.0,0.0,0.0,0.0,0.0,0.0,0.0,0.0,0.0,0.0,0.0,0.0,0.0,0.0,0.0,0.0,0.0,0.0,0.0,0.0,0.0,0.0,0.0,0.0,0.0,0.0,0.0,0.012486623951467435,0.002881857303946229,0.0037845271792366353,0.002642851939750051,0.009146910139505415,0.008551665042627558,0.00200325137214839,0.0024407689490873463,0.005192779095533173,0.016271749618927828,0.01153222255178904,0.00486173324085612,0.002358286109538532,0.13798984617379656,0.009485626101923744,0.0177239057223057,0.0028539462350545314,0.005505882264735085,0.005332810927848403,0.0045059533740693936,0.006036568116633889,0.0017417135733288466,0.008360165531509145,0.13662233967560963,0.09146563633702606,0.009604004632681573,0.11957468596302559,0.01292997839369553,0.036598640028386364,0.003539866752308718,0.14756147871802197,0.007245690855928554,0.035828180219082045,0.010012641318956267,0.003827200170683831,0.010626967951946259,0.010487217442381513,0.010633000498706635,0.008993797741526255,0.010060842655148367,0.0022887578322956514,0.017903126402549596,0.00297951678153463,0.11304919837155913,0.0027707819834986713,0.06984713983240343,0.002621695745569058,0.008374622667181246,0.002957003476245418,0.012942546471646443,0.00592123246828008,0.002165178893576508,0.012193883743071232,0.005635673308143768,0.008514786034462984,0.010998672196678827,0.00826535373276796,0.009222315427688504,0.0032492642448184172,0.009742049427194449,0.008169029326477062,0.011909140299445536,0.027298598148422087,0.29813449472499876,0.013802398337699084,0.08482114515103023,0.002374226485867029,0.009272585540215178,0.015357497720322993,0.006629920059842765,0.004406717258498977,0.008663935119175204,0.010441077340501037,0.007680514438594461,0.01018561059844253,0.008045023654506656,0.006468273870850095,0.016715014075575574,0.018401702544185244,0.002170739886903278,0.010297475568725345,0.004791188380144582,0.01042543270752705,0.007990548765755983,0.002919355745754665,0.002884496601196547,0.00569321430728667,0.017137055273054508,0.044973486954843406,0.008182577289131576,0.010624554320486479,0.006983079535767192,0.05233510147952539,0.024012220434260906,0.003535064875317212,0.011133481614000629,0.016880433968738368,0.009509800500228871,0.012463500723403492,0.013179619639949458,0.008031401995762633,0.05168606248235591,0.08533390966319271,0.06984404221239839,0.019426208447729493,0.025306208759007794,0.06713056106433528,0.0010661937422256978,0.0297911217825807,0.003833982151061871,0.006966900850515192,0.04995253625539384,0.0013326865411284281,0.0032808247156589144,0.015028263194013847,0.00752486646964684,0.052231608818097026,0.0035054147503220346,0.00906218027568595,0.04648550131040283,0.0028613865289996575,0.10079209925950242,0.027090279846688686,0.0032860481478129058,0.004422985589194155,0.018154468979134697,0.003696469224570156,0.008331636749733418,0.002545632744666855,0.014572600950888097,0.0028319910366026418,0.032501956878806304,0.0021394247888189555,0.018438419565655284,0.05400176838346728,0.013366897723939591,0.005991439174192179,0.005536727846368086,0.02322928099041277,0.017835192005120626,0.05743593085251575,0.012686223152418852,0.04999390250785768,0.0037568258813083224,0.046759740749635105,0.002063675376958257,0.019455740744850847,0.026356746360875153,0.04535870084173074,0.0066389820480856065,0.0021985441848180365,0.09746974749858045,0.009147157285948976,0.06964083716427769,0.025241450974486712,0.0027590717343331777,0.007259199539645128,0.013150688835821794,0.044885525155878764,0.008474214027601748,0.006541959246984058,0.00431932279350256,0.0027343166785448077,0.0008845568274009341,0.008155227700331502,0.004739463761521669,0.04586101495834763,0.017476988663407356,0.004256052448169179,0.04544372947002319,0.06169649734308613,0.026188774031355548,0.02247941643877885,0.03754899423552771,0.006670366408818518,0.0026571393190932225,0.03965779574324446,0.004278075798593961,0.008976940946458543,0.0005972199479092055,0.0028722403863258744,0.04411216320813763,0.016361567037278035,0.02922692448081778,0.04826374241792969,0.016175200598924876,0.0501534250020611,0.010466805396676132,0.003886107403490321,0.02814309632514847,0.007896942184720535,0.037152910993293264,0.003866568848907741,0.011166241091058524,0.013925589616080425,0.027019561588578628,0.0038294582891174084,0.011150482017547009,0.008125209316846738,0.004470097971365273,0.0,0.0,0.0,0.0,0.0,0.0,0.0,0.0,0.0,0.0,0.0,0.0,0.0,0.0,0.0,0.0,0.0,0.0,0.0,0.0,0.0,0.0,0.0,0.0,0.0,0.0,0.0,0.0,0.0,0.0,0.0,0.0,0.0,0.0,0.0,0.0,0.0,0.0,0.0,0.0,0.0,0.0,0.0,0.0,0.0,0.0,0.0,0.0,0.0,0.0,0.0,0.0,0.0,0.0,0.0,0.0,0.0,0.0,0.0,0.0,0.0,0.0,0.0,0.0,0.0,0.0,0.0,0.0,0.0,0.0,0.0,0.0,0.0,0.0,0.0,0.0,0.0,0.0,0.0,0.0,0.0,0.0,0.0,0.0,0.0,0.0,0.0,0.0,0.0,0.0,0.0,0.0,0.0,0.0,0.0,0.0,0.0,0.0,0.0,0.0,0.0,0.0,0.0,0.0,0.0,0.0,0.0,0.0,0.0,0.0,0.0,0.0,0.0,0.0,0.0,0.0,0.0,0.0,0.0,0.0,0.0,0.0,0.0,0.0,0.0,0.0,0.0,0.0,0.0,0.0,0.0,0.0,0.0,0.0,0.0,0.0,0.0,0.0,0.0,0.0,0.0,0.0,0.0,0.0,0.0,0.0,0.0,0.0,0.0,0.0,0.0,0.0,0.0,0.0,0.0,0.0,0.0,0.0,0.0,0.0,0.0,0.0,0.0,0.0,0.0,0.0,0.0,0.0,0.0,0.0,0.0,0.0,0.0,0.0,0.0,0.0,0.0,0.0,0.0,0.0,0.0,0.0,0.0,0.0,0.0,0.0,0.0,0.0,0.0,0.0,0.0,0.0,0.0,0.0,0.0,0.0,0.0,0.0,0.0,0.0,0.006585935704278065,0.014127378578135782,0.02548776905538283,0.015487061952828876,0.009078709200037172,0.010054410393031425,0.005251622653274555,0.0009529834334301435,0.08078062225755453,0.004097798129772595,0.005713179647102098,0.04543235868253179,0.0010564169181215,0.007671508175377544,0.008024906283675498,0.009146260070061862,0.018468916532848028,0.0026988552872070095,0.219782477665885,0.00896559376377995,0.0024226502202606692,0.004915827247139392,0.010654068651894971,0.00753262346350303,0.009478068591827676,0.009071077018843549,0.008491244745725574,0.006837765277290794,0.003392622958170083,0.1304535014584377,0.006648849934738632,0.010566884829404904,0.0032510834601529315,0.009579276761381011,0.007966707738682688,0.008215731176767271,0.0056062348906298996,0.004744850020709949,0.01008803152610746,0.009411239735788196,0.008442103119255584,0.0571693558143006,0.012956599057946272,0.009404200082786807,0.00673296604872532,0.0033219399797858595,0.016053074720518534,0.010148908837352257,0.02153592367627366,0.005790920021437288,0.0020343812636788297,0.005883565098059873,0.007060682992861437,0.0204691385169867,0.009813150428327644,0.002832585123598824,0.004999546580531405,0.007372817933369441,0.013731524084497154,0.006010600781436068,0.004657140796652183,0.004142164943202948,0.003477513384960662,0.00163024591340033,0.006953431139390351,0.012029897002328177,0.007043604205082368,0.008670733098692929,0.004507563036764001,0.010782005498192908,0.03650736923375664,0.011162286379141543,0.012825619865679677,0.011673922211203669,0.005218652212321631,0.0025499838733068214,0.010017816625557951,0.0045053030997543875,0.011136610487879145,0.0006335053822980607,0.0028978099790373524,0.009305051508318424,0.009219934910669044,0.010245965217030934,0.019137437026746668,0.043799411562373936,0.010070048807127835,0.012525329957454034,0.006598018409241882,0.011201029371585847,0.005952119313701595,0.010107638706617683,0.007036928892624278,0.024025121957915112,0.17721664253028005,0.025629851323564073,0.004128074081760434,0.006808049795998639,0.0066303640263676335,0.004382562793384442,0.015837489928081837,0.0028457543221174844,0.00384228241873133,0.0026071928573063435,0.011348790209271792,0.009954778185612568,0.002146349793166074,0.003688606131009189,0.004956759702441166,0.026281517557887598,0.015017789045840097,0.004766428145484752,0.0034538911419610065,0.04256370704756876,0.011841302661368042,0.02399675932118281,0.002787401193527744,0.007816796737705767,0.004709566739190402,0.004886610298759514,0.0092895438920992,0.0018545608242031047,0.009458559686311048,0.04305504119380105,0.043986216626166745,0.011657267432729074,0.04303834364808385,0.016347353402978708,0.10593910988121549,0.0031857069176663886,0.047139838497374464,0.008126283371636012,0.12955911752646704,0.011782025024566711,0.004168108616720093,0.013253295756209532,0.0154203447123452,0.014297543208597668,0.010540152342344816,0.011918577735021307,0.00229299792292037,0.01571180259303879,0.002957975798675333,0.04485604432575399,0.002948312986250628,0.12224830922197233,0.0024990883561439164,0.009712643436546648,0.0028676588454515477,0.01706612486974548,0.009279910437200554,0.002316260858638841,0.015244172227246252,0.005929872658760188,0.010209366496780004,0.020236675867196584,0.011302678878832932,0.012196185910402196,0.003216293245019887,0.012786096865263042,0.011292062815839585,0.01710610296403482,0.07562627929257312,0.04810367808611388,0.01741541595328416,0.0441760656181854,0.002458747524657561,0.011692101367705293,0.023342741573874132,0.007585565133431953,0.004350040380031561,0.009665797622440398,0.012610084035747038,0.00893570974385377,0.013423575564854047,0.014009726945320329,0.0073350545605326035,0.025621933678164184,0.02353261349942004,0.00402919013008507,0.01788276043004847,0.005061590087978546,0.012407235126607455,0.009065357644261378,0.002842920493681486,0.002677337574771273,0.006425469244631017,0.021419578655536592,0.06694919542888932,0.00907310762630284,0.013756684347167458,0.00780467456658554,0.06800833858773991,0.024168526748907602,0.0032457042206542053,0.011985884764478538,0.027590784844206205,0.012322870818337384,0.015813281998195924,0.01902946819581355,0.0,0.0,0.0,0.0,0.0,0.0,0.0,0.0,0.0,0.0,0.0,0.0,0.0,0.0,0.0,0.0,0.0,0.0,0.0,0.0,0.0,0.0,0.0,0.0,0.0,0.0,0.0,0.0,0.0,0.0,0.0,0.0,0.0,0.0,0.0,0.0,0.0,0.0,0.0,0.0,0.0,0.0,0.0,0.0,0.0,0.0,0.0,0.0,0.0,0.0,0.0,0.0,0.0,0.0,0.0,0.0,0.0,0.0,0.0,0.0,0.0,0.0,0.0,0.0,0.0,0.0,0.0,0.0,0.0,0.0,0.0,0.0,0.0,0.0,0.0,0.0,0.0,0.0,0.0,0.0,0.0,0.0,0.0,0.0,0.0,0.0,0.0,0.0,0.0,0.0,0.0,0.0,0.0,0.0,0.0,0.0,0.0,0.0,0.0,0.0,0.0,0.0,0.0,0.0,0.0,0.0,0.0,0.0,0.0,0.0,0.0,0.0,0.0,0.0,0.0,0.0,0.0,0.0,0.0,0.0,0.0,0.0,0.0,0.0,0.0,0.0,0.0,0.0,0.0,0.0,0.0,0.0,0.0,0.0,0.0,0.0,0.0,0.0,0.0,0.0,0.0,0.0,0.0,0.0,0.0,0.0,0.0,0.0,0.0,0.0,0.0,0.0,0.0,0.0,0.0,0.0,0.0,0.0,0.0,0.0,0.0,0.0,0.0,0.0,0.0,0.0,0.0,0.0,0.0,0.0,0.0,0.0,0.0,0.0,0.0,0.0,0.0,0.0,0.0,0.0,0.0,0.0,0.0,0.0,0.0,0.0,0.0,0.0,0.0,0.0,0.0,0.0,0.0,0.0,0.0,0.0,0.0,0.0,0.0,0.0,0.007451076046782654,0.05639762927811355,0.028333943630277678,0.04831853743747198,0.01635560509381037,0.02696949465121351,0.15370515681395847,0.000967829400609395,0.014914457322434904,0.0032418745742645977,0.006320998758347981,0.021360518106898763,0.0010913881392839442,0.0025440380277850544,0.014165008191483086,0.005306213558482709,0.03796763302033815,0.002996560940712342,0.005558445397129269,0.0793196359042438,0.002310559223175468,0.12609884233008217,0.03156519431556833,0.0025627397436302477,0.003573519646717033,0.01813357322440706,0.0029067146444262454,0.007674694149398794,0.0020057615360231373,0.009098136693015811,0.0022025237692843234,0.0405085362294029,0.0016901371342683419,0.018947622467277495,0.0920978537164119,0.012757697010332344,0.004328668694308998,0.004942659021996894,0.02497737164505307,0.018188378299101648,0.11585965312471988,0.008038362265144594,0.06561445163781027,0.0028269186305453055,0.14205920176391593,0.0017278564564904009,0.01750182519417466,0.028401988902822643,0.03060433157210555,0.005924402083216466,0.0018031959083630034,0.10639979919168643,0.008546548878494547,0.02762758798264936,0.02256802427300591,0.00217997361018174,0.006212629296895417,0.011092402833411369,0.058526717212308045,0.007800976146030578,0.005556283106931441,0.003758419665985754,0.0021409985204433324,0.0006904679271612368,0.007481181561513093,0.0034279626128873187,0.15108099708476547,0.014597913801753987,0.0035893796916217136,0.03691805786823219,0.024174310966768475,0.03115102094206294,0.015026132772440637,0.02720373067655471,0.005964241359424822,0.002095999838763657,0.04372788822840054,0.003616343632414267,0.006161177136838225,0.00044839097091603497,0.0023035721491888594,0.07645415296025294,0.01662884909247978,0.032360954408053824,0.035030976650598226,0.010857039355480134,0.047358015954489456,0.007098798342194151,0.002886677905752213,0.03463805654081328,0.007288252553703639,0.03914506818169325,0.0028653284691259875,0.007392008714484033,0.008126369224328661,0.015227271876642356,0.003231323786098411,0.010198407249671582,0.007534759406252806,0.0038803808294296162,0.0,0.0,0.0,0.0,0.0,0.0,0.0,0.0,0.0,0.0,0.0,0.0,0.0,0.0,0.0,0.0,0.0,0.0,0.0,0.0,0.0,0.0,0.0,0.0,0.0,0.0,0.0,0.0,0.0,0.0,0.0,0.0,0.0,0.0,0.0,0.0,0.0,0.0,0.0,0.0,0.0,0.0,0.0,0.0,0.0,0.0,0.0,0.0,0.0,0.0,0.0,0.0,0.0,0.0,0.0,0.0,0.0,0.0,0.0,0.0,0.0,0.0,0.0,0.0,0.0,0.0,0.0,0.0,0.0,0.0,0.0,0.0,0.0,0.0,0.0,0.0,0.0,0.0,0.0,0.0,0.0,0.0,0.0,0.0,0.0,0.0,0.0,0.0,0.0,0.0,0.0,0.0,0.0,0.0,0.0,0.0,0.0,0.0,0.0,0.0,0.0751664248062399,0.0024420194138049392,0.002901171304508225,0.0021502714253194915,0.028679092759113168,0.022243094240334552,0.0024775010823821562,0.4476346998852073,0.003072361226237612,0.08028826715481709,0.09308942917832444,0.003308493207128199,0.436826943334819,0.0047727563441377135,0.04570093108440997,0.012417060420230358,0.002226526909675041,0.23104832422525634,0.002221685043353068,0.006581751375287576,0.16391406075460252,0.0020614100053826237,0.018180398308562936,0.004989150815662724,0.0070428715150128995,0.034779496495151246,0.005472691474098457,0.07005257435396581,0.014041156897390356,0.001912988350294588,0.004125805655316756,0.01391151335762944,0.007247153712540189,0.03221715239306493,0.005355562728521859,0.04906715497540445,0.015917368771442734,0.1192692778596419,0.024055579969299076,0.03387479892912104,0.002184855129848312,0.005733834726715646,0.0026250223121811584,0.004915304416937882,0.0033456707403714306,0.007149482600969487,0.0018730004420941732,0.020979070325448823,0.0022146788291316096,0.08629511292336096,0.25520239977234205,0.0026383473906315402,0.06769615269287498,0.004991506349607439,0.022839991038957813,0.04981729524095068,0.09269136019879269,0.046074602357768155,0.002938559329533744,0.08847374534608404,0.09152452794748984,0.12190559945444779,0.01872487624644988,0.002002185629067288,0.06650715339419444,0.0055781323110523084,0.002573015248500311,0.031642267896723364,0.08846835152362433,0.010995274069373567,0.0031431377591149,0.017471871873859856,0.014812507700336208,0.012972403613063677,0.10824704209421253,0.05558906826939831,0.012186916956330673,0.07913895937469922,0.01202779896237069,0.0036489216691560356,0.09345490531382006,0.006794388898395121,0.03694748695058303,0.018092030336238702,0.002216804344269167,0.0017314914640181541,0.009352777384654065,0.01208350177718201,0.007899052868378735,0.01560297431126037,0.08926530503022602,0.013581265960520339,0.007256053795573081,0.008269888885323845,0.0018942643265635077,0.008226746236233375,0.07546496065697833,0.06646816253900353,0.07444809188652735,0.10733737040828822,0.0,0.0,0.0,0.0,0.0,0.0,0.0,0.0,0.0,0.0,0.0,0.0,0.0,0.0,0.0,0.0,0.0,0.0,0.0,0.0,0.0,0.0,0.0,0.0,0.0,0.0,0.0,0.0,0.0,0.0,0.0,0.0,0.0,0.0,0.0,0.0,0.0,0.0,0.0,0.0,0.0,0.0,0.0,0.0,0.0,0.0,0.0,0.0,0.0,0.0,0.0,0.0,0.0,0.0,0.0,0.0,0.0,0.0,0.0,0.0,0.0,0.0,0.0,0.0,0.0,0.0,0.0,0.0,0.0,0.0,0.0,0.0,0.0,0.0,0.0,0.0,0.0,0.0,0.0,0.0,0.0,0.0,0.0,0.0,0.0,0.0,0.0,0.0,0.0,0.0,0.0,0.0,0.0,0.0,0.0,0.0,0.0,0.0,0.0,0.0,0.0,0.0,0.0,0.0,0.0,0.0,0.0,0.0,0.0,0.0,0.0,0.0,0.0,0.0,0.0,0.0,0.0,0.0,0.0,0.0,0.0,0.0,0.0,0.0,0.0,0.0,0.0,0.0,0.0,0.0,0.0,0.0,0.0,0.0,0.0,0.0,0.0,0.0,0.0,0.0,0.0,0.0,0.0,0.0,0.0,0.0,0.0,0.0,0.0,0.0,0.0,0.0,0.0,0.0,0.0,0.0,0.0,0.0,0.0,0.0,0.0,0.0,0.0,0.0,0.0,0.0,0.0,0.0,0.0,0.0,0.0,0.0,0.0,0.0,0.0,0.0,0.0,0.0,0.0,0.0,0.0,0.0,0.0,0.0,0.0,0.0,0.0,0.0,0.0,0.0,0.0,0.0,0.0,0.0,0.0,0.0,0.0,0.0,0.0,0.0,0.00475099311348572,0.03954668763584139,0.016488213437116348,0.033813039013004274,0.0061146599351351635,0.008715642122471678,0.005714574158466807,0.0006383771279698286,0.021023891643711833,0.0024588701822684717,0.0040548884818196835,0.01995773839661702,0.0007286699044614321,0.0031743632195982644,0.006040538443068315,0.0038750234292087076,0.05169714936110575,0.0017834177597628273,0.010784094315427135,0.009979279983858181,0.00144316003453282,0.005038267253715676,0.010210901751866105,0.0031926093934448764,0.004597383622305369,0.007358145193550278,0.003675473662989999,0.004958493593051375,0.0017646220701108273,0.04157190865760367,0.0024952530014649118,0.010417702831180764,0.0014401099090140747,0.00804399948070526,0.008397270911169518,0.006478217223695191,0.0027140576223098345,0.003251583544984604,0.008874810309447674,0.007811287282152477,0.016819692782581303,0.010320962613717864,0.0339828151335207,0.0034339830604300523,0.008769515379931451,0.0016493166884710274,0.16261728542224907,0.008851473923235776,0.06277805689808681,0.004041764048168766,0.0012349164894976117,0.005749885571980751,0.005218631946167489,0.01088445270217167,0.007172566161123773,0.0015624214445168205,0.003222034411137133,0.004897702450441904,0.038824030522728085,0.004304987960131383,0.0029499850646503385,0.002637190018550553,0.001778623611805169,0.0007458122854969878,0.005011046146657396,0.004121971351411371,0.011020026775935552,0.005746611676000985,0.0026913992649493803,0.008083688092900748,0.01957900468838089,0.011182471583817553,0.00673794826238834,0.00782102698542108,0.0036804291378674304,0.0014230029423554502,0.00886637173814231,0.0027525548755569025,0.004526131787811407,0.00034081846688442847,0.001627557886768688,0.010726540709878945,0.007652004155159071,0.009127756098079521,0.05793253564231549,0.12815260210452498,0.00829993362739917,0.0050273820335926,0.002655070549368166,0.011474643659926148,0.004304498802352878,0.008673650687029976,0.002728714865906241,0.007068120730055805,0.022766054165794487,0.009559419711025113,0.0024654623562859915,0.004971345829504046,0.004792679012225247,0.002774703559940615,0.0,0.0,0.0,0.0,0.0,0.0,0.0,0.0,0.0,0.0,0.0,0.0,0.0,0.0,0.0,0.0,0.0,0.0,0.0,0.0,0.0,0.0,0.0,0.0,0.0,0.0,0.0,0.0,0.0,0.0,0.0,0.0,0.0,0.0,0.0,0.0,0.0,0.0,0.0,0.0,0.0,0.0,0.0,0.0,0.0,0.0,0.0,0.0,0.0,0.0,0.0,0.0,0.0,0.0,0.0,0.0,0.0,0.0,0.0,0.0,0.0,0.0,0.0,0.0,0.0,0.0,0.0,0.0,0.0,0.0,0.0,0.0,0.0,0.0,0.0,0.0,0.0,0.0,0.0,0.0,0.0,0.0,0.0,0.0,0.0,0.0,0.0,0.0,0.0,0.0,0.0,0.0,0.0,0.0,0.0,0.0,0.0,0.0,0.0,0.0,0.0,0.0,0.0,0.0,0.0,0.0,0.0,0.0,0.0,0.0,0.0,0.0,0.0,0.0,0.0,0.0,0.0,0.0,0.0,0.0,0.0,0.0,0.0,0.0,0.0,0.0,0.0,0.0,0.0,0.0,0.0,0.0,0.0,0.0,0.0,0.0,0.0,0.0,0.0,0.0,0.0,0.0,0.0,0.0,0.0,0.0,0.0,0.0,0.0,0.0,0.0,0.0,0.0,0.0,0.0,0.0,0.0,0.0,0.0,0.0,0.0,0.0,0.0,0.0,0.0,0.0,0.0,0.0,0.0,0.0,0.0,0.0,0.0,0.0,0.0,0.0,0.0,0.0,0.0,0.0,0.0,0.0,0.0,0.0,0.0,0.0,0.0,0.0,0.0,0.0,0.0,0.0,0.0,0.0,0.0,0.0,0.0,0.0,0.0,0.0,0.0,0.0,0.0,0.0,0.0,0.0,0.0,0.0,0.0,0.0,0.0,0.0,0.0,0.0,0.0,0.0,0.0,0.0,0.0,0.0,0.0,0.0,0.0,0.0,0.0,0.0,0.0,0.0,0.0,0.0,0.0,0.0,0.0,0.0,0.0,0.0,0.0,0.0,0.0,0.0,0.0,0.0,0.0,0.0,0.0,0.0,0.0,0.0,0.0,0.0,0.0,0.0,0.0,0.0,0.0,0.0,0.0,0.0,0.0,0.0,0.0,0.0,0.0,0.0,0.0,0.0,0.0,0.0,0.0,0.0,0.0,0.0,0.0,0.0,0.0,0.0,0.0,0.0,0.0,0.0,0.0,0.0,0.0,0.0,0.0,0.0,0.0,0.0,0.0,0.0,0.0,0.0,0.0,0.0,0.0,0.0,0.0,0.0,0.0,0.0,0.0,0.0,0.0,0.0,0.0,0.0,0.0,0.0,0.0,0.0,0.0,0.0,0.0,0.0,0.0,0.0,0.0,0.0,0.0,0.0,0.0,0.0,0.0,0.0,0.0,0.0,0.0,0.0,0.0,0.0,0.0,0.0,0.0,0.0,0.0,0.0,0.0,0.0,0.0,0.0,0.0,0.0,0.0,0.0,0.0,0.0,0.0,0.0,0.0,0.0,0.0,0.0,0.0,0.0,0.0,0.0,0.0,0.0,0.0,0.0,0.0,0.0,0.0,0.0,0.0,0.0,0.0,0.0,0.0,0.0,0.0,0.0,0.0,0.0,0.0,0.0,0.0,0.0,0.0,0.0,0.0,0.0,0.0,0.0,0.0,0.0,0.0,0.0,0.0,0.0,0.0,0.0,0.0,0.0,0.0,0.0,0.0,0.0,0.0,0.0,0.0,0.0,0.0,0.0,0.0,0.0,0.0,0.0,0.0,0.0,0.0,0.0,0.0,0.0,0.0,0.0,0.0,0.0,0.0,0.0,0.0,0.0,0.0,0.0,0.0,0.0,0.0,0.0,0.0,0.0,0.0,0.0,0.0,0.0,0.0,0.0,0.0,0.0,0.0,0.0,0.0,0.0,0.0,0.0,0.0,0.0,0.0,0.0,0.0,0.0,0.0,0.0,0.0,0.0,0.0,0.0,0.0,0.0,0.0,0.0,0.0,0.0,0.0,0.0,0.0,0.0,0.0,0.0,0.0,0.0,0.0,0.0,0.0,0.0,0.0,0.0,0.0,0.0,0.0,0.0,0.0,0.0,0.0,0.0,0.0,0.0,0.0,0.0,0.0,0.0,0.0,0.0,0.0,0.0,0.0,0.0,0.0,0.0,0.0,0.0,0.0,0.0,0.0,0.0,0.0,0.0,0.0,0.0,0.0,0.0,0.0,0.0,0.0,0.0,0.0,0.0,0.0,0.0,0.0,0.0,0.0,0.0,0.0,0.0,0.0,0.0,0.0,0.0,0.0,0.0,0.0,0.0,0.0,0.0,0.0,0.0,0.0,0.0,0.0,0.0,0.0,0.0,0.0,0.0,0.0,0.0,0.0,0.0,0.0,0.0,0.0,0.0,0.0,0.0,0.0,0.0,0.0,0.0,0.0,0.0,0.0,0.0,0.0,0.0,0.0,0.0,0.0,0.0,0.0,0.0,0.0,0.0,0.0,0.0,0.0,0.0,0.0,0.0,0.0,0.0,0.0,0.0,0.0,0.0,0.0,0.0,0.0,0.0,0.0,0.0,0.0,0.0,0.0,0.0,0.0,0.0,0.0,0.0,0.0,0.0,0.0,0.0,0.0,0.0,0.0,0.0,0.0,0.0,0.0,0.0,0.0,0.0,0.0,0.0,0.0,0.0,0.0,0.0,0.0,0.0,0.0,0.0,0.0,0.0,0.0,0.0,0.0,0.0,0.0,0.0,0.0,0.0,0.0,0.0,0.0,0.0,0.0,0.0,0.0,0.0,0.0,0.0,0.0,0.0,0.0,0.0,0.0,0.0,0.0,0.0,0.0,0.0,0.0,0.0,0.0,0.0,0.0,0.0,0.0,0.0,0.0,0.0,0.0,0.0,0.0,0.0,0.0,0.0,0.0,0.0,0.0,0.0,0.0,0.0,0.0,0.0,0.0,0.0,0.0,0.0,0.0,0.0,0.0,0.0,0.0,0.0,0.0,0.0,0.0,0.0,0.0,0.0,0.0,0.0,0.0,0.0,0.0,0.0,0.0,0.0,0.0,0.0,0.0,0.0,0.0,0.0,0.0,0.0,0.0,0.0,0.0,0.0,0.0,0.0,0.0,0.0,0.0,0.0,0.0,0.0,0.0,0.0,0.0,0.0,0.0,0.0,0.0,0.0,0.0,0.0,0.0,0.0,0.0,0.0,0.0,0.0,0.0,0.0,0.0,0.0,0.0,0.0,0.0,0.0,0.0,0.0,0.0,0.0,0.0,0.0,0.0,0.0,0.0,0.0,0.0,0.0,0.0,0.0,0.0,0.0,0.0,0.0,0.0,0.0,0.0,0.0,0.0,0.0,0.0,0.0,0.0,0.0,0.0,0.0,0.0,0.0,0.0,0.0,0.0,0.0,0.0,0.0,0.0,0.0,0.0,0.0,0.0,0.0,0.0,0.0,0.0,0.0,0.0,0.0,0.0,0.0,0.0,0.0,0.0,0.0,0.0,0.0,0.0,0.0,0.0,0.0,0.0,0.0,0.0,0.0,0.0,0.0,0.0,0.0,0.0,0.0,0.0,0.0,0.0,0.0,0.0,0.0,0.0,0.0,0.0,0.0,0.0,0.0,0.0,0.0,0.0,0.0,0.0,0.0,0.0,0.0,0.0,0.0,0.0,0.0,0.0,0.0,0.0,0.0,0.0,0.0,0.0,0.0,0.0,0.0,0.0,0.0,0.0,0.0,0.0,0.0,0.0,0.0,0.0,0.0,0.0,0.0,0.0,0.0,0.0,0.0,0.0,0.0,0.0,0.0,0.0,0.0,0.0,0.0,0.0,0.0,0.0,0.0,0.0,0.0,0.0,0.0,0.0,0.0,0.0,0.0,0.0,0.0,0.0,0.0,0.0,0.0,0.0,0.0,0.0,0.0,0.0,0.0,0.0,0.0,0.0,0.0,0.0,0.0,0.0,0.0,0.0,0.0,0.0,0.0,0.0,0.0,0.0,0.0,0.0,0.0,0.0,0.0,0.0,0.0,0.0,0.0,0.0,0.0,0.0,0.0,0.0,0.0,0.0,0.0,0.0,0.0,0.0,0.0,0.0,0.0,0.0,0.0,0.0,0.0,0.0,0.0,0.0,0.0,0.0,0.0,0.0,0.0,0.0,0.0,0.0,0.0,0.0,0.0,0.0,0.0,0.0,0.0,0.0,0.0,0.0,0.0,0.0,0.0,0.0,0.0,0.0,0.0,0.0,0.0,0.0,0.0,0.0,0.0,0.0,0.0,0.0,0.0,0.0,0.0,0.0,0.0,0.0,0.0,0.0,0.0,0.0,0.0,0.0,0.0,0.0,0.0,0.0,0.0,0.0,0.0,0.0,0.0,0.0,0.0,0.5,0.5,0.5,0.5,0.5,0.5,0.5,0.5,0.5,0.5,0.5,0.5,0.5,0.5,0.5,0.5,0.5,0.5,0.5,0.5,0.5,0.5,0.5,0.5,0.5,0.5,0.5,0.5,0.5,0.5,0.5,0.5,0.5,0.5,0.5,0.5,0.5,0.5,0.5,0.5,0.5,0.5,0.5,0.5,0.5,0.5,0.5,0.5,0.5,0.5,0.5,0.5,0.5,0.5,0.5,0.5,0.5,0.5,0.5,0.5,0.5,0.5,0.5,0.5,0.5,0.5,0.5,0.5,0.5,0.5,0.5,0.5,0.5,0.5,0.5,0.5,0.5,0.5,0.5,0.5,0.5,0.5,0.5,0.5,0.5,0.5,0.5,0.5,0.5,0.5,0.5,0.5,0.5,0.5,0.5,0.5,0.5,0.5,0.5,0.5,0.0,0.0,0.0,0.0,0.0,0.0,0.0,0.0,0.0,0.0,0.0,0.0,0.0,0.0,0.0,0.0,0.0,0.0,0.0,0.0,0.0,0.0,0.0,0.0,0.0,0.0,0.0,0.0,0.0,0.0,0.0,0.0,0.0,0.0,0.0,0.0,0.0,0.0,0.0,0.0,0.0,0.0,0.0,0.0,0.0,0.0,0.0,0.0,0.0,0.0,0.0,0.0,0.0,0.0,0.0,0.0,0.0,0.0,0.0,0.0,0.0,0.0,0.0,0.0,0.0,0.0,0.0,0.0,0.0,0.0,0.0,0.0,0.0,0.0,0.0,0.0,0.0,0.0,0.0,0.0,0.0,0.0,0.0,0.0,0.0,0.0,0.0,0.0,0.0,0.0,0.0,0.0,0.0,0.0,0.0,0.0,0.0,0.0,0.0,0.0,0.0,0.0,0.0,0.0,0.0,0.0,0.0,0.0,0.0,0.0,0.0,0.0,0.0,0.0,0.0,0.0,0.0,0.0,0.0,0.0,0.0,0.0,0.0,0.0,0.0,0.0,0.0,0.0,0.0,0.0,0.0,0.0,0.0,0.0,0.0,0.0,0.0,0.0,0.0,0.0,0.0,0.0,0.0,0.0,0.0,0.0,0.0,0.0,0.0,0.0,0.0,0.0,0.0,0.0,0.0,0.0,0.0,0.0,0.0,0.0,0.0,0.0,0.0,0.0,0.0,0.0,0.0,0.0,0.0,0.0,0.0,0.0,0.0,0.0,0.0,0.0,0.0,0.0,0.0,0.0,0.0,0.0,0.0,0.0,0.0,0.0,0.0,0.0,0.0,0.0,0.0,0.0,0.0,0.0,0.0,0.0,0.0,0.0,0.0,0.0,0.0,0.0,0.0,0.0,0.0,0.0,0.0,0.0,0.0,0.0,0.0,0.0,0.0,0.0,0.0,0.0,0.0,0.0,0.0,0.0,0.0,0.0,0.0,0.0,0.0,0.0,0.0,0.0,0.0,0.0,0.0,0.0,0.0,0.0,0.0,0.0,0.0,0.0,0.0,0.0,0.0,0.0,0.0,0.0,0.0,0.0,0.0,0.0,0.0,0.0,0.0,0.0,0.0,0.0,0.0,0.0,0.0,0.0,0.0,0.0,0.0,0.0,0.0,0.0,0.0,0.0,0.0,0.0,0.0,0.0,0.0,0.0,0.0,0.0,0.0,0.0,0.0,0.0,0.0,0.0,0.0,0.0,0.0,0.0,0.0,0.0,0.0,0.0,0.0,0.0,0.0,0.0,0.0,0.0,0.0,0.0,0.0,0.0,0.0,0.0,0.0,0.0,0.0,0.0,0.0,0.0,0.0,0.0,0.0,0.0,0.0,0.0,0.0,0.0,0.0,0.0,0.0,0.0,0.0,0.0,0.0,0.0,0.0,0.0,0.0,0.0,0.0,0.0,0.0,0.0,0.0,0.0,0.0,0.0,0.0,0.0,0.0,0.0,0.0,0.0,0.0,0.0,0.0,0.0,0.0,0.0,0.0,0.0,0.0,0.0,0.0,0.0,0.0,0.0,0.0,0.0,0.0,0.0,0.0,0.0,0.0,0.0,0.0,0.0,0.0,0.0,0.0,0.0,0.0,0.0,0.0,0.0,0.0,0.0,0.0,0.0,0.0,0.0,0.0,0.0,0.0,0.0,0.0,0.0,0.0,0.0,0.0,0.0,0.0,0.0,0.0,0.0,0.0,0.0,0.0,0.0,0.0,0.0,0.0,0.0,0.0,0.0,0.0,0.0,0.0,0.0,0.0,0.0,0.0,0.0,0.0,0.0,0.0,0.0,0.0,0.0,0.0,0.0,0.0,0.0,0.0,0.0,0.0,0.0,0.0,0.0,0.0,0.0,0.0,0.0,0.0,0.0,0.0,0.0,0.0,0.0,0.0,0.0,0.0,0.0,0.0,0.0,0.0,0.0,0.0,0.0,0.0,0.0,0.0,0.0,0.0,0.0,0.0,0.0,0.0,0.0,0.0,0.0,0.0,0.0,0.0,0.0,0.0,0.0,0.0,0.0,0.0,0.0,0.0,0.0,0.0,0.0,0.0,0.0,0.0,0.0,0.0,0.0,0.0,0.0,0.0,0.0,0.0,0.0,0.0,0.0,0.0,0.0,0.0,0.0,0.0,0.0,0.0,0.0,0.0,0.0,0.0,0.0,0.0,0.0,0.5,0.5,0.5,0.5,0.5,0.5,0.5,0.5,0.5,0.5,0.5,0.5,0.5,0.5,0.5,0.5,0.5,0.5,0.5,0.5,0.5,0.5,0.5,0.5,0.5,0.5,0.5,0.5,0.5,0.5,0.5,0.5,0.5,0.5,0.5,0.5,0.5,0.5,0.5,0.5,0.5,0.5,0.5,0.5,0.5,0.5,0.5,0.5,0.5,0.5,0.5,0.5,0.5,0.5,0.5,0.5,0.5,0.5,0.5,0.5,0.5,0.5,0.5,0.5,0.5,0.5,0.5,0.5,0.5,0.5,0.5,0.5,0.5,0.5,0.5,0.5,0.5,0.5,0.5,0.5,0.5,0.5,0.5,0.5,0.5,0.5,0.5,0.5,0.5,0.5,0.5,0.5,0.5,0.5,0.5,0.5,0.5,0.5,0.5,0.5,0.5,0.5,0.5,0.5,0.5,0.5,0.5,0.5,0.5,0.5,0.5,0.5,0.5,0.5,0.5,0.5,0.5,0.5,0.5,0.5,0.5,0.5,0.5,0.5,0.5,0.5,0.5,0.5,0.5,0.5,0.5,0.5,0.5,0.5,0.5,0.5,0.5,0.5,0.5,0.5,0.5,0.5,0.5,0.5,0.5,0.5,0.5,0.5,0.5,0.5,0.5,0.5,0.5,0.5,0.5,0.5,0.5,0.5,0.5,0.5,0.5,0.5,0.5,0.5,0.5,0.5,0.5,0.5,0.5,0.5,0.5,0.5,0.5,0.5,0.5,0.5,0.5,0.5,0.5,0.5,0.5,0.5,0.5,0.5,0.5,0.5,0.5,0.5,0.5,0.5,0.5,0.5,0.5,0.5,0.5,0.5,0.5,0.5,0.5,0.5,0.0,0.0,0.0,0.0,0.0,0.0,0.0,0.0,0.0,0.0,0.0,0.0,0.0,0.0,0.0,0.0,0.0,0.0,0.0,0.0,0.0,0.0,0.0,0.0,0.0,0.0,0.0,0.0,0.0,0.0,0.0,0.0,0.0,0.0,0.0,0.0,0.0,0.0,0.0,0.0,0.0,0.0,0.0,0.0,0.0,0.0,0.0,0.0,0.0,0.0,0.0,0.0,0.0,0.0,0.0,0.0,0.0,0.0,0.0,0.0,0.0,0.0,0.0,0.0,0.0,0.0,0.0,0.0,0.0,0.0,0.0,0.0,0.0,0.0,0.0,0.0,0.0,0.0,0.0,0.0,0.0,0.0,0.0,0.0,0.0,0.0,0.0,0.0,0.0,0.0,0.0,0.0,0.0,0.0,0.0,0.0,0.0,0.0,0.0,0.0,0.0,0.0,0.0,0.0,0.0,0.0,0.0,0.0,0.0,0.0,0.0,0.0,0.0,0.0,0.0,0.0,0.0,0.0,0.0,0.0,0.0,0.0,0.0,0.0,0.0,0.0,0.0,0.0,0.0,0.0,0.0,0.0,0.0,0.0,0.0,0.0,0.0,0.0,0.0,0.0,0.0,0.0,0.0,0.0,0.0,0.0,0.0,0.0,0.0,0.0,0.0,0.0,0.0,0.0,0.0,0.0,0.0,0.0,0.0,0.0,0.0,0.0,0.0,0.0,0.0,0.0,0.0,0.0,0.0,0.0,0.0,0.0,0.0,0.0,0.0,0.0,0.0,0.0,0.0,0.0,0.0,0.0,0.0,0.0,0.0,0.0,0.0,0.0,0.0,0.0,0.0,0.0,0.0,0.0,0.0,0.0,0.0,0.0,0.0,0.0,0.5,0.5,0.5,0.5,0.5,0.5,0.5,0.5,0.5,0.5,0.5,0.5,0.5,0.5,0.5,0.5,0.5,0.5,0.5,0.5,0.5,0.5,0.5,0.5,0.5,0.5,0.5,0.5,0.5,0.5,0.5,0.5,0.5,0.5,0.5,0.5,0.5,0.5,0.5,0.5,0.5,0.5,0.5,0.5,0.5,0.5,0.5,0.5,0.5,0.5,0.5,0.5,0.5,0.5,0.5,0.5,0.5,0.5,0.5,0.5,0.5,0.5,0.5,0.5,0.5,0.5,0.5,0.5,0.5,0.5,0.5,0.5,0.5,0.5,0.5,0.5,0.5,0.5,0.5,0.5,0.5,0.5,0.5,0.5,0.5,0.5,0.5,0.5,0.5,0.5,0.5,0.5,0.5,0.5,0.5,0.5,0.5,0.5,0.5,0.5,0.5,0.5,0.5,0.5,0.5,0.5,0.5,0.5,0.5,0.5,0.5,0.5,0.5,0.5,0.5,0.5,0.5,0.5,0.5,0.5,0.5,0.5,0.5,0.5,0.5,0.5,0.5,0.5,0.5,0.5,0.5,0.5,0.5,0.5,0.5,0.5,0.5,0.5,0.5,0.5,0.5,0.5,0.5,0.5,0.5,0.5,0.5,0.5,0.5,0.5,0.5,0.5,0.5,0.5,0.5,0.5,0.5,0.5,0.5,0.5,0.5,0.5,0.5,0.5,0.5,0.5,0.5,0.5,0.5,0.5,0.5,0.5,0.5,0.5,0.5,0.5,0.5,0.5,0.5,0.5,0.5,0.5,0.5,0.5,0.5,0.5,0.5,0.5,0.5,0.5,0.5,0.5,0.5,0.5,0.5,0.5,0.5,0.5,0.5,0.5,0.0,0.0,0.0,0.0,0.0,0.0,0.0,0.0,0.0,0.0,0.0,0.0,0.0,0.0,0.0,0.0,0.0,0.0,0.0,0.0,0.0,0.0,0.0,0.0,0.0,0.0,0.0,0.0,0.0,0.0,0.0,0.0,0.0,0.0,0.0,0.0,0.0,0.0,0.0,0.0,0.0,0.0,0.0,0.0,0.0,0.0,0.0,0.0,0.0,0.0,0.0,0.0,0.0,0.0,0.0,0.0,0.0,0.0,0.0,0.0,0.0,0.0,0.0,0.0,0.0,0.0,0.0,0.0,0.0,0.0,0.0,0.0,0.0,0.0,0.0,0.0,0.0,0.0,0.0,0.0,0.0,0.0,0.0,0.0,0.0,0.0,0.0,0.0,0.0,0.0,0.0,0.0,0.0,0.0,0.0,0.0,0.0,0.0,0.0,0.0,0.0,0.0,0.0,0.0,0.0,0.0,0.0,0.0,0.0,0.0,0.0,0.0,0.0,0.0,0.0,0.0,0.0,0.0,0.0,0.0,0.0,0.0,0.0,0.0,0.0,0.0,0.0,0.0,0.0,0.0,0.0,0.0,0.0,0.0,0.0,0.0,0.0,0.0,0.0,0.0,0.0,0.0,0.0,0.0,0.0,0.0,0.0,0.0,0.0,0.0,0.0,0.0,0.0,0.0,0.0,0.0,0.0,0.0,0.0,0.0,0.0,0.0,0.0,0.0,0.0,0.0,0.0,0.0,0.0,0.0,0.0,0.0,0.0,0.0,0.0,0.0,0.0,0.0,0.0,0.0,0.0,0.0,0.0,0.0,0.0,0.0,0.0,0.0,0.0,0.0,0.0,0.0,0.0,0.0,0.0,0.0,0.0,0.0,0.0,0.0,0.5,0.5,0.5,0.5,0.5,0.5,0.5,0.5,0.5,0.5,0.5,0.5,0.5,0.5,0.5,0.5,0.5,0.5,0.5,0.5,0.5,0.5,0.5,0.5,0.5,0.5,0.5,0.5,0.5,0.5,0.5,0.5,0.5,0.5,0.5,0.5,0.5,0.5,0.5,0.5,0.5,0.5,0.5,0.5,0.5,0.5,0.5,0.5,0.5,0.5,0.5,0.5,0.5,0.5,0.5,0.5,0.5,0.5,0.5,0.5,0.5,0.5,0.5,0.5,0.5,0.5,0.5,0.5,0.5,0.5,0.5,0.5,0.5,0.5,0.5,0.5,0.5,0.5,0.5,0.5,0.5,0.5,0.5,0.5,0.5,0.5,0.5,0.5,0.5,0.5,0.5,0.5,0.5,0.5,0.5,0.5,0.5,0.5,0.5,0.5,0.0,0.0,0.0,0.0,0.0,0.0,0.0,0.0,0.0,0.0,0.0,0.0,0.0,0.0,0.0,0.0,0.0,0.0,0.0,0.0,0.0,0.0,0.0,0.0,0.0,0.0,0.0,0.0,0.0,0.0,0.0,0.0,0.0,0.0,0.0,0.0,0.0,0.0,0.0,0.0,0.0,0.0,0.0,0.0,0.0,0.0,0.0,0.0,0.0,0.0,0.0,0.0,0.0,0.0,0.0,0.0,0.0,0.0,0.0,0.0,0.0,0.0,0.0,0.0,0.0,0.0,0.0,0.0,0.0,0.0,0.0,0.0,0.0,0.0,0.0,0.0,0.0,0.0,0.0,0.0,0.0,0.0,0.0,0.0,0.0,0.0,0.0,0.0,0.0,0.0,0.0,0.0,0.0,0.0,0.0,0.0,0.0,0.0,0.0,0.0,0.5,0.5,0.5,0.5,0.5,0.5,0.5,0.5,0.5,0.5,0.5,0.5,0.5,0.5,0.5,0.5,0.5,0.5,0.5,0.5,0.5,0.5,0.5,0.5,0.5,0.5,0.5,0.5,0.5,0.5,0.5,0.5,0.5,0.5,0.5,0.5,0.5,0.5,0.5,0.5,0.5,0.5,0.5,0.5,0.5,0.5,0.5,0.5,0.5,0.5,0.5,0.5,0.5,0.5,0.5,0.5,0.5,0.5,0.5,0.5,0.5,0.5,0.5,0.5,0.5,0.5,0.5,0.5,0.5,0.5,0.5,0.5,0.5,0.5,0.5,0.5,0.5,0.5,0.5,0.5,0.5,0.5,0.5,0.5,0.5,0.5,0.5,0.5,0.5,0.5,0.5,0.5,0.5,0.5,0.5,0.5,0.5,0.5,0.5,0.5,0.0,0.0,0.0,0.0,0.0,0.0,0.0,0.0,0.0,0.0,0.0,0.0,0.0,0.0,0.0,0.0,0.0,0.0,0.0,0.0,0.0,0.0,0.0,0.0,0.0,0.0,0.0,0.0,0.0,0.0,0.0,0.0,0.0,0.0,0.0,0.0,0.0,0.0,0.0,0.0,0.0,0.0,0.0,0.0,0.0,0.0,0.0,0.0,0.0,0.0,0.0,0.0,0.0,0.0,0.0,0.0,0.0,0.0,0.0,0.0,0.0,0.0,0.0,0.0,0.0,0.0,0.0,0.0,0.0,0.0,0.0,0.0,0.0,0.0,0.0,0.0,0.0,0.0,0.0,0.0,0.0,0.0,0.0,0.0,0.0,0.0,0.0,0.0,0.0,0.0,0.0,0.0,0.0,0.0,0.0,0.0,0.0,0.0,0.0,0.0,0.0,0.0,0.0,0.0,0.0,0.0,0.0,0.0,0.0,0.0,0.0,0.0,0.0,0.0,0.0,0.0,0.0,0.0,0.0,0.0,0.0,0.0,0.0,0.0,0.0,0.0,0.0,0.0,0.0,0.0,0.0,0.0,0.0,0.0,0.0,0.0,0.0,0.0,0.0,0.0,0.0,0.0,0.0,0.0,0.0,0.0,0.0,0.0,0.0,0.0,0.0,0.0,0.0,0.0,0.0,0.0,0.0,0.0,0.0,0.0,0.0,0.0,0.0,0.0,0.0,0.0,0.0,0.0,0.0,0.0,0.0,0.0,0.0,0.0,0.0,0.0,0.0,0.0,0.0,0.0,0.0,0.0,0.0,0.0,0.0,0.0,0.0,0.0,0.0,0.0,0.0,0.0,0.0,0.0,0.0,0.0,0.0,0.0,0.0,0.0,0.5,0.5,0.5,0.5,0.5,0.5,0.5,0.5,0.5,0.5,0.5,0.5,0.5,0.5,0.5,0.5,0.5,0.5,0.5,0.5,0.5,0.5,0.5,0.5,0.5,0.5,0.5,0.5,0.5,0.5,0.5,0.5,0.5,0.5,0.5,0.5,0.5,0.5,0.5,0.5,0.5,0.5,0.5,0.5,0.5,0.5,0.5,0.5,0.5,0.5,0.5,0.5,0.5,0.5,0.5,0.5,0.5,0.5,0.5,0.5,0.5,0.5,0.5,0.5,0.5,0.5,0.5,0.5,0.5,0.5,0.5,0.5,0.5,0.5,0.5,0.5,0.5,0.5,0.5,0.5,0.5,0.5,0.5,0.5,0.5,0.5,0.5,0.5,0.5,0.5,0.5,0.5,0.5,0.5,0.5,0.5,0.5,0.5,0.5,0.5,0.0,0.0,0.0,0.0,0.0,0.0,0.0,0.0,0.0,0.0,0.0,0.0,0.0,0.0,0.0,0.0,0.0,0.0,0.0,0.0,0.0,0.0,0.0,0.0,0.0,0.0,0.0,0.0,0.0,0.0,0.0,0.0,0.0,0.0,0.0,0.0,0.0,0.0,0.0,0.0,0.0,0.0,0.0,0.0,0.0,0.0,0.0,0.0,0.0,0.0,0.0,0.0,0.0,0.0,0.0,0.0,0.0,0.0,0.0,0.0,0.0,0.0,0.0,0.0,0.0,0.0,0.0,0.0,0.0,0.0,0.0,0.0,0.0,0.0,0.0,0.0,0.0,0.0,0.0,0.0,0.0,0.0,0.0,0.0,0.0,0.0,0.0,0.0,0.0,0.0,0.0,0.0,0.0,0.0,0.0,0.0,0.0,0.0,0.0,0.0,0.0,0.0,0.0,0.0,0.0,0.0,0.0,0.0,0.0,0.0,0.0,0.0,0.0,0.0,0.0,0.0,0.0,0.0,0.0,0.0,0.0,0.0,0.0,0.0,0.0,0.0,0.0,0.0,0.0,0.0,0.0,0.0,0.0,0.0,0.0,0.0,0.0,0.0,0.0,0.0,0.0,0.0,0.0,0.0,0.0,0.0,0.0,0.0,0.0,0.0,0.0,0.0,0.0,0.0,0.0,0.0,0.0,0.0,0.0,0.0,0.0,0.0,0.0,0.0,0.0,0.0,0.0,0.0,0.0,0.0,0.0,0.0,0.0,0.0,0.0,0.0,0.0,0.0,0.0,0.0,0.0,0.0,0.0,0.0,0.0,0.0,0.0,0.0,0.0,0.0,0.0,0.0,0.0,0.0,0.0,0.0,0.0,0.0,0.0,0.0,0.0,0.0,0.0,0.0,0.0,0.0,0.0,0.0,0.0,0.0,0.0,0.0,0.0,0.0,0.0,0.0,0.0,0.0,0.0,0.0,0.0,0.0,0.0,0.0,0.0,0.0,0.0,0.0,0.0,0.0,0.0,0.0,0.0,0.0,0.0,0.0,0.0,0.0,0.0,0.0,0.0,0.0,0.0,0.0,0.0,0.0,0.0,0.0,0.0,0.0,0.0,0.0,0.0,0.0,0.0,0.0,0.0,0.0,0.0,0.0,0.0,0.0,0.0,0.0,0.0,0.0,0.0,0.0,0.0,0.0,0.0,0.0,0.0,0.0,0.0,0.0,0.0,0.0,0.0,0.0,0.0,0.0,0.0,0.0,0.0,0.0,0.0,0.0,0.0,0.0,0.0,0.0,0.0,0.0,0.0,0.0,0.0,0.0,0.0,0.0,0.0]
WARNING: For the MIP-solver-driven algorithm, optimality tolerance must be specified as MIP solver option, not Pajarito option
WARNING: For the MIP-solver-driven algorithm, optimality tolerance must be specified as MIP solver option, not Pajarito option
