WARNING: Method definition require(Symbol) in module Base at loading.jl:345 overwritten in module ConicBenchmarkUtilities at /home/ubuntu/.julia/v0.5/Requires/src/require.jl:12.
#SOLVERNAME# PAJ_NEW_MSD_CPLEX_MOSEK_primsocdisagg
#SOLVER# Pajarito.PajaritoSolver(2,3600.0,1.0e-5,true,CPLEX.CplexSolver(Any[(:CPX_PARAM_THREADS,1),(:CPX_PARAM_TILIM,3600.0),(:CPX_PARAM_EPINT,1.0e-8),(:CPX_PARAM_EPRHS,1.0e-7),(:CPX_PARAM_SCRIND,0),(:CPX_PARAM_EPGAP,1.0e-5)]),CPLEX.CplexSolver(Any[]),0,false,true,Mosek.MosekMathProgSolverInterface.MosekSolver(Any[(:LOG,0),(:NUM_THREADS,1),(:OPTIMIZER_MAX_TIME,120.0)]),true,false,false,true,false,true,false,true,true,true,true,false,true,true,false,true,false,false,true,true,false,true,false,1.0e-10,1.0e-6,0.01,0.0001)
#INSTANCE# 50_0_5_w.cbf.gz
#TIMELIMIT# 3600.0

Transforming original data......Done     0.02s

Creating conic model data......Done     0.00s

Creating MIP model......Done     0.08s

Cone types summary:
Cone       | Count    | Min dim  | Max dim 
       SOC |     1200 |        3 |        3

Solving conic relaxation......Done     0.75s
 - Relaxation status    =        Optimal
 - Relaxation objective = 9874080.846576

Creating conic subproblem model......Done

Starting MIP-solver-driven outer approximation algorithm

Pajarito MICP solve summary:
 - Total time (s)       =       3.60e+03
 - Status               =      UserLimit
 - Best feasible obj.   =  +9.965934e+06
 - OA obj. bound        =  +9.961787e+06
 - Relative opt. gap    =      4.162e-04

Timers (s):
 - Setup                =   9.23e-01
 -- Transform data      =   1.77e-02
 -- Create conic data   =   3.08e-03
 -- Create MIP data     =   7.78e-02
 -- Load/solve relax    =   7.51e-01
 - MIP-driven algorithm =   3.60e+03
 -- Solve conic model   =   2.27e+00

Counters:
 - Lazy callback        =   115
 -- Feasible soln       =    14
 -- Integer repeat      =    84
 -- Conic statuses      =    17
 --- Infeasible         =     0
 --- Optimal            =    17
 --- Suboptimal         =     0
 --- UserLimit          =     0
 --- ConicFailure       =     0
 --- Other status       =     0
 -- No viol. dual cut   =    84
 -- No viol. prim. cut  =     0
 - Heuristic callback   = 24748
 -- Feasible added      =     9
 - Incumbent callback   =    16
 -- Feasible accepted   =    16
 - Dual cuts            =  3522
 -- Relaxation          =  2360
 -- Full viol.          =     0
 -- Full nonviol.       =     0
 -- Disagg. viol        =  1162
 -- Disagg. nonviol     =     0
 -- Poorly conditioned  =   337
 - Primal cuts          =  3676
 -- Full viol.          =     0
 -- Full nonviol.       =     0
 -- Disagg. viol        =  3676
 -- Disagg. nonviol     =     0
 -- Poorly conditioned  =     0

Max absolute primal infeasibilities by cone:
 - Constraint linear    =   1.82e-12
 - Constraint SOC       =   0.00e+00
 - Constraint RSOC      =   0.00e+00
 - Variable linear      =   0.00e+00
 - Variable SOC         =   0.00e+00
 - Variable RSOC        =   0.00e+00

#STATUS# UserLimit
#OBJVAL# 9.965933939437702e6
#OBJBOUND# 9.961786543163393e6
#TIMESOLVER# 3600.020838022232
#TIMEALL# 3600.186002969742
#SOLUTION# [1.0,1.0,1.0,1.0,1.0,1.0,1.0,1.0,1.0,1.0,1.0,1.0,1.0,1.0,1.0,1.0,1.0,1.0,1.0,1.0,1.0,1.0,1.0,1.0,1.0,1.0,1.0,1.0,1.0,1.0,1.0,1.0,1.0,1.0,1.0,1.0,1.0,1.0,1.0,1.0,1.0,1.0,1.0,1.0,1.0,1.0,1.0,1.0,1.0,1.0,1.0,1.0,1.0,1.0,1.0,1.0,1.0,1.0,1.0,1.0,1.0,1.0,1.0,1.0,1.0,1.0,1.0,1.0,1.0,1.0,1.0,0.0,1.0,1.0,1.0,1.0,1.0,1.0,1.0,1.0,1.0,1.0,1.0,1.0,1.0,1.0,1.0,1.0,1.0,1.0,1.0,1.0,1.0,1.0,1.0,1.0,1.0,1.0,1.0,1.0,1.0,1.0,1.0,1.0,1.0,1.0,1.0,1.0,1.0,1.0,1.0,1.0,1.0,1.0,1.0,1.0,1.0,1.0,1.0,1.0,1.0,1.0,1.0,1.0,1.0,1.0,1.0,1.0,1.0,1.0,1.0,1.0,1.0,1.0,1.0,1.0,1.0,1.0,1.0,1.0,1.0,1.0,1.0,1.0,0.0,0.0,0.0,0.0,0.0,0.0,0.0,0.0,0.0,0.0,0.0,0.0,0.0,0.0,0.0,0.0,0.0,0.0,0.0,0.0,0.0,0.0,0.0,0.0,1.0,1.0,1.0,1.0,1.0,1.0,1.0,1.0,1.0,1.0,1.0,1.0,1.0,1.0,1.0,1.0,1.0,1.0,1.0,1.0,1.0,1.0,1.0,1.0,1.0,1.0,1.0,1.0,1.0,1.0,1.0,1.0,1.0,1.0,1.0,1.0,1.0,1.0,1.0,1.0,1.0,1.0,1.0,1.0,1.0,1.0,1.0,1.0,1.0,1.0,1.0,1.0,1.0,1.0,1.0,1.0,1.0,1.0,1.0,1.0,1.0,1.0,1.0,1.0,1.0,1.0,1.0,1.0,1.0,1.0,1.0,0.0,0.0,0.0,0.0,0.0,0.0,0.0,0.0,1.0,1.0,1.0,1.0,1.0,1.0,1.0,1.0,1.0,1.0,1.0,1.0,1.0,1.0,1.0,1.0,0.0,1.0,1.0,1.0,1.0,1.0,1.0,1.0,1.0,1.0,1.0,1.0,1.0,1.0,1.0,1.0,1.0,1.0,1.0,1.0,1.0,1.0,1.0,1.0,1.0,1.0,1.0,1.0,1.0,1.0,1.0,1.0,1.0,1.0,1.0,1.0,1.0,1.0,1.0,1.0,1.0,1.0,1.0,1.0,1.0,1.0,1.0,1.0,1.0,0.0,0.0,0.0,0.0,0.0,0.0,1.0,1.0,1.0,1.0,1.0,1.0,1.0,1.0,0.0,0.0,0.0,0.0,0.0,0.0,0.0,0.0,0.0,0.0,1.0,1.0,1.0,1.0,1.0,1.0,1.0,1.0,1.0,1.0,1.0,1.0,1.0,1.0,1.0,1.0,1.0,1.0,1.0,1.0,1.0,1.0,1.0,1.0,1.0,1.0,0.0,0.0,0.0,0.0,0.0,0.0,0.0,1.0,1.0,1.0,1.0,1.0,1.0,1.0,1.0,1.0,1.0,1.0,1.0,1.0,1.0,0.0,1.0,1.0,1.0,0.0,0.0,0.0,0.0,0.0,0.0,0.0,0.0,0.0,0.0,0.0,0.0,0.0,0.0,0.0,0.0,0.0,0.0,0.0,0.0,0.0,1.0,1.0,1.0,1.0,1.0,1.0,1.0,1.0,1.0,1.0,1.0,1.0,1.0,1.0,1.0,1.0,1.0,1.0,1.0,1.0,1.0,1.0,1.0,0.0,1.0,1.0,1.0,1.0,1.0,1.0,1.0,1.0,1.0,1.0,1.0,1.0,1.0,1.0,1.0,1.0,1.0,1.0,1.0,1.0,1.0,1.0,1.0,1.0,0.0,0.0,0.0,0.0,0.0,0.0,0.0,1.0,1.0,1.0,1.0,1.0,1.0,1.0,1.0,0.0,0.0,0.0,0.0,0.0,0.0,0.0,0.0,0.0,1.0,1.0,1.0,0.0,0.0,0.0,0.0,0.0,0.0,0.0,0.0,0.0,0.0,0.0,0.0,0.0,0.0,0.0,0.0,0.0,0.0,0.0,0.0,0.0,1.0,1.0,1.0,1.0,0.0,0.0,0.0,0.0,0.0,0.0,0.0,0.0,0.0,0.0,0.0,0.0,0.0,0.0,0.0,0.0,0.0,0.0,0.0,0.0,0.0,0.0,0.0,0.0,0.0,0.0,0.0,1.0,1.0,1.0,1.0,1.0,1.0,1.0,1.0,1.0,1.0,1.0,0.0,0.0,0.0,0.0,0.0,0.0,0.0,0.0,0.0,0.0,0.0,0.0,0.0,1.0,1.0,1.0,1.0,1.0,1.0,1.0,1.0,1.0,1.0,0.0,0.0,0.0,0.0,0.0,0.0,0.0,0.0,0.0,0.0,0.0,0.0,0.0,0.0,1.0,1.0,1.0,1.0,1.0,1.0,1.0,1.0,1.0,1.0,1.0,1.0,1.0,1.0,1.0,1.0,1.0,1.0,0.0,0.0,0.0,0.0,1.0,1.0,1.0,1.0,1.0,1.0,1.0,1.0,1.0,1.0,1.0,1.0,1.0,1.0,1.0,1.0,1.0,1.0,1.0,1.0,1.0,1.0,1.0,1.0,1.0,1.0,1.0,1.0,1.0,1.0,1.0,1.0,1.0,1.0,1.0,1.0,1.0,1.0,1.0,1.0,1.0,1.0,1.0,1.0,1.0,1.0,1.0,1.0,1.0,1.0,1.0,1.0,1.0,1.0,1.0,1.0,1.0,1.0,1.0,1.0,1.0,1.0,1.0,1.0,1.0,1.0,1.0,1.0,0.0,0.0,0.0,0.0,1.0,1.0,1.0,1.0,1.0,1.0,1.0,1.0,1.0,1.0,1.0,1.0,1.0,1.0,1.0,1.0,1.0,1.0,1.0,1.0,1.0,1.0,1.0,1.0,1.0,1.0,1.0,1.0,1.0,1.0,1.0,1.0,1.0,1.0,1.0,1.0,1.0,1.0,1.0,1.0,1.0,1.0,1.0,1.0,0.0,0.0,0.0,0.0,0.0,1.0,1.0,1.0,1.0,1.0,1.0,1.0,1.0,1.0,1.0,1.0,1.0,1.0,1.0,1.0,1.0,1.0,1.0,1.0,1.0,1.0,0.0,0.0,0.0,1.0,1.0,1.0,1.0,1.0,1.0,1.0,1.0,1.0,1.0,1.0,1.0,1.0,1.0,1.0,1.0,1.0,1.0,1.0,0.0,0.0,0.0,0.0,1.0,1.0,1.0,1.0,1.0,1.0,1.0,1.0,1.0,1.0,1.0,1.0,1.0,1.0,1.0,1.0,1.0,1.0,1.0,1.0,1.0,1.0,1.0,1.0,1.0,1.0,1.0,1.0,1.0,1.0,1.0,1.0,1.0,1.0,1.0,1.0,1.0,1.0,1.0,1.0,1.0,1.0,1.0,1.0,0.0,0.0,0.0,0.0,1.0,1.0,1.0,1.0,1.0,1.0,1.0,1.0,1.0,1.0,1.0,1.0,1.0,1.0,1.0,1.0,1.0,1.0,1.0,1.0,0.0,0.0,0.0,0.0,0.0,1.0,1.0,1.0,1.0,1.0,1.0,1.0,1.0,1.0,1.0,1.0,1.0,1.0,1.0,1.0,1.0,1.0,1.0,1.0,0.0,0.0,0.0,0.0,1.0,1.0,1.0,1.0,1.0,1.0,1.0,1.0,1.0,1.0,1.0,1.0,1.0,1.0,1.0,1.0,1.0,1.0,1.0,1.0,1.0,1.0,1.0,1.0,1.0,1.0,1.0,1.0,1.0,1.0,1.0,1.0,1.0,1.0,1.0,1.0,1.0,1.0,1.0,1.0,1.0,1.0,1.0,1.0,1.0,1.0,1.0,1.0,1.0,1.0,1.0,1.0,1.0,1.0,1.0,1.0,1.0,1.0,1.0,1.0,1.0,1.0,1.0,1.0,1.0,1.0,1.0,1.0,1.0,1.0,1.0,1.0,1.0,1.0,1.0,1.0,1.0,1.0,1.0,1.0,1.0,1.0,1.0,1.0,1.0,1.0,1.0,1.0,1.0,1.0,1.0,1.0,1.0,1.0,1.0,1.0,1.0,1.0,1.0,1.0,1.0,1.0,1.0,1.0,1.0,1.0,1.0,1.0,1.0,1.0,1.0,1.0,1.0,1.0,1.0,1.0,1.0,1.0,1.0,1.0,1.0,1.0,1.0,1.0,1.0,1.0,1.0,1.0,1.0,1.0,1.0,1.0,1.0,1.0,1.0,1.0,1.0,1.0,1.0,1.0,1.0,1.0,1.0,1.0,1.0,1.0,1.0,1.0,1.0,1.0,1.0,1.0,1.0,1.0,1.0,1.0,1.0,1.0,1.0,1.0,1.0,1.0,1.0,1.0,1.0,1.0,1.0,1.0,1.0,1.0,1.0,1.0,1.0,1.0,1.0,1.0,1.0,1.0,1.0,1.0,1.0,1.0,1.0,1.0,1.0,1.0,1.0,1.0,1.0,1.0,1.0,1.0,1.0,1.0,1.0,1.0,1.0,1.0,1.0,1.0,1.0,1.0,1.0,1.0,1.0,1.0,1.0,1.0,1.0,1.0,1.0,1.0,1.0,1.0,1.0,1.0,1.0,1.0,1.0,1.0,1.0,1.0,1.0,1.0,1.0,1.0,1.0,1.0,1.0,1.0,1.0,1.0,1.0,1.0,1.0,1.0,1.0,1.0,1.0,1.0,1.0,1.0,1.0,1.0,1.0,1.0,1.0,1.0,1.0,1.0,1.0,1.0,1.0,1.0,1.0,1.0,1.0,1.0,1.0,1.0,1.0,1.0,1.0,1.0,1.0,1.0,1.0,1.0,1.0,1.0,1.0,1.0,1.0,1.0,1.0,1.0,1.0,1.0,1.0,1.0,1.0,1.0,1.0,1.0,0.0,0.0,0.0,0.0,1.0,1.0,1.0,1.0,1.0,1.0,1.0,1.0,1.0,1.0,1.0,1.0,1.0,1.0,1.0,1.0,1.0,1.0,1.0,1.0,0.0,0.0,0.0,0.0,1.0,1.0,1.0,1.0,1.0,1.0,1.0,1.0,1.0,1.0,1.0,1.0,1.0,1.0,1.0,1.0,1.0,1.0,1.0,1.0,0.0,0.0,0.0,0.0,0.0,0.0,0.0,0.0,0.0,0.0,0.0,0.0,0.0,0.0,0.0,0.0,0.0,0.0,0.0,0.0,0.0,0.0,0.0,0.0,0.0,0.0,0.0,0.0,0.0,0.0,0.0,0.0,0.0,0.0,0.0,0.0,0.0,0.0,0.0,0.0,0.0,0.0,0.0,0.0,0.0,0.0,0.0,0.0,0.0,0.0,0.0,0.0,0.0,0.0,0.0,0.0,0.0,0.0,0.0,0.0,0.0,0.0,0.0,0.0,0.0,0.0,0.0,0.0,0.0,0.0,0.0,1.0,0.0,0.0,0.0,0.0,0.0,0.0,0.0,0.0,0.0,0.0,0.0,0.0,0.0,0.0,0.0,0.0,0.0,0.0,0.0,0.0,0.0,0.0,0.0,0.0,0.0,0.0,0.0,0.0,0.0,0.0,0.0,0.0,0.0,0.0,0.0,0.0,0.0,0.0,0.0,0.0,0.0,0.0,0.0,0.0,0.0,0.0,0.0,0.0,0.0,0.0,0.0,0.0,0.0,0.0,0.0,0.0,0.0,0.0,0.0,0.0,0.0,0.0,0.0,0.0,0.0,0.0,0.0,0.0,0.0,0.0,0.0,0.0,0.0,0.0,0.0,0.0,0.0,0.0,0.0,0.0,0.0,0.0,0.0,0.0,0.0,0.0,0.0,0.0,0.0,0.0,0.0,0.0,0.0,0.0,0.0,0.0,0.0,0.0,0.0,0.0,0.0,0.0,0.0,0.0,0.0,0.0,0.0,0.0,0.0,0.0,0.0,0.0,0.0,0.0,0.0,0.0,0.0,0.0,0.0,0.0,0.0,0.0,0.0,0.0,0.0,0.0,0.0,0.0,0.0,0.0,0.0,0.0,0.0,0.0,0.0,0.0,0.0,0.0,0.0,0.0,0.0,0.0,0.0,0.0,0.0,0.0,0.0,0.0,0.0,0.0,0.0,0.0,0.0,0.0,0.0,0.0,0.0,0.0,0.0,0.0,0.0,0.0,0.0,0.0,0.0,0.0,0.0,0.0,0.0,0.0,0.0,0.0,0.0,0.0,1.0,0.0,0.0,0.0,0.0,0.0,0.0,0.0,0.0,0.0,0.0,0.0,0.0,0.0,0.0,0.0,0.0,0.0,0.0,0.0,0.0,0.0,0.0,0.0,0.0,0.0,0.0,0.0,0.0,0.0,0.0,0.0,0.0,0.0,0.0,0.0,0.0,0.0,0.0,0.0,0.0,0.0,0.0,0.0,0.0,0.0,0.0,0.0,0.0,0.0,0.0,0.0,0.0,0.0,0.0,0.0,0.0,0.0,0.0,0.0,0.0,0.0,0.0,0.0,0.0,0.0,0.0,0.0,0.0,0.0,0.0,1.0,0.0,0.0,0.0,0.0,0.0,0.0,0.0,0.0,0.0,0.0,0.0,0.0,0.0,0.0,0.0,0.0,0.0,1.0,0.0,0.0,0.0,0.0,0.0,0.0,0.0,0.0,0.0,0.0,0.0,0.0,0.0,0.0,0.0,0.0,0.0,0.0,0.0,0.0,0.0,0.0,0.0,0.0,0.0,0.0,0.0,0.0,0.0,0.0,0.0,0.0,1.0,0.0,0.0,0.0,0.0,0.0,0.0,0.0,0.0,0.0,0.0,0.0,0.0,0.0,0.0,0.0,0.0,0.0,0.0,0.0,0.0,0.0,0.0,0.0,0.0,0.0,0.0,0.0,0.0,0.0,0.0,0.0,0.0,0.0,0.0,0.0,0.0,0.0,0.0,0.0,0.0,0.0,0.0,0.0,0.0,0.0,0.0,0.0,0.0,0.0,0.0,0.0,0.0,0.0,0.0,0.0,0.0,0.0,0.0,0.0,0.0,0.0,0.0,0.0,0.0,0.0,0.0,0.0,0.0,0.0,0.0,0.0,0.0,0.0,0.0,0.0,0.0,0.0,0.0,0.0,0.0,0.0,0.0,0.0,0.0,0.0,0.0,0.0,0.0,0.0,0.0,0.0,0.0,0.0,1.0,0.0,0.0,0.0,0.0,0.0,0.0,0.0,0.0,0.0,0.0,0.0,0.0,0.0,0.0,0.0,0.0,0.0,0.0,0.0,0.0,0.0,0.0,0.0,0.0,0.0,0.0,0.0,0.0,0.0,0.0,0.0,0.0,0.0,0.0,0.0,0.0,0.0,0.0,0.0,0.0,0.0,0.0,0.0,0.0,0.0,0.0,0.0,0.0,0.0,0.0,0.0,0.0,0.0,0.0,0.0,0.0,0.0,0.0,0.0,0.0,0.0,0.0,0.0,0.0,0.0,0.0,0.0,0.0,0.0,0.0,0.0,1.0,0.0,0.0,0.0,0.0,0.0,0.0,0.0,0.0,0.0,0.0,0.0,0.0,0.0,0.0,0.0,0.0,0.0,0.0,0.0,0.0,0.0,0.0,0.0,1.0,0.0,0.0,0.0,0.0,0.0,0.0,0.0,0.0,0.0,0.0,0.0,0.0,0.0,0.0,0.0,0.0,0.0,0.0,0.0,0.0,0.0,0.0,0.0,1.0,0.0,0.0,0.0,0.0,0.0,0.0,0.0,0.0,0.0,0.0,0.0,0.0,0.0,0.0,0.0,0.0,1.0,0.0,0.0,0.0,0.0,1.0,0.0,0.0,0.0,0.0,0.0,0.0,0.0,0.0,0.0,0.0,0.0,0.0,0.0,0.0,0.0,0.0,0.0,0.0,0.0,0.0,0.0,0.0,0.0,0.0,0.0,0.0,0.0,0.0,0.0,0.0,0.0,0.0,0.0,0.0,0.0,0.0,0.0,0.0,0.0,0.0,0.0,0.0,0.0,0.0,0.0,0.0,0.0,0.0,0.0,0.0,0.0,0.0,0.0,0.0,0.0,0.0,0.0,0.0,0.0,0.0,0.0,0.0,0.0,0.0,0.0,0.0,1.0,0.0,0.0,0.0,0.0,1.0,0.0,0.0,0.0,0.0,0.0,0.0,0.0,0.0,0.0,0.0,0.0,0.0,0.0,0.0,0.0,0.0,0.0,0.0,1.0,0.0,0.0,0.0,0.0,0.0,0.0,0.0,0.0,0.0,0.0,0.0,0.0,0.0,0.0,0.0,0.0,0.0,0.0,0.0,0.0,0.0,0.0,0.0,1.0,0.0,0.0,0.0,0.0,0.0,1.0,0.0,0.0,0.0,0.0,0.0,0.0,0.0,0.0,0.0,0.0,0.0,0.0,0.0,0.0,0.0,0.0,0.0,0.0,0.0,0.0,0.0,0.0,0.0,1.0,0.0,0.0,0.0,0.0,0.0,0.0,0.0,0.0,0.0,0.0,0.0,0.0,0.0,0.0,0.0,0.0,0.0,1.0,0.0,0.0,0.0,0.0,1.0,0.0,0.0,0.0,0.0,0.0,0.0,0.0,0.0,0.0,0.0,0.0,0.0,0.0,0.0,0.0,0.0,0.0,0.0,0.0,0.0,0.0,0.0,0.0,0.0,0.0,0.0,0.0,0.0,0.0,0.0,0.0,0.0,0.0,0.0,0.0,0.0,0.0,0.0,0.0,0.0,0.0,0.0,1.0,0.0,0.0,0.0,0.0,1.0,0.0,0.0,0.0,0.0,0.0,0.0,0.0,0.0,0.0,0.0,0.0,0.0,0.0,0.0,0.0,0.0,0.0,0.0,1.0,0.0,0.0,0.0,0.0,0.0,1.0,0.0,0.0,0.0,0.0,0.0,0.0,0.0,0.0,0.0,0.0,0.0,0.0,0.0,0.0,0.0,0.0,0.0,1.0,0.0,0.0,0.0,0.0,1.0,0.0,0.0,0.0,0.0,0.0,0.0,0.0,0.0,0.0,0.0,0.0,0.0,0.0,0.0,0.0,0.0,0.0,0.0,0.0,0.0,0.0,0.0,0.0,0.0,0.0,0.0,0.0,0.0,0.0,0.0,0.0,0.0,0.0,0.0,0.0,0.0,0.0,0.0,0.0,0.0,0.0,0.0,0.0,0.0,0.0,0.0,0.0,0.0,0.0,0.0,0.0,0.0,0.0,0.0,0.0,0.0,0.0,0.0,0.0,0.0,0.0,0.0,0.0,0.0,0.0,0.0,0.0,0.0,0.0,0.0,0.0,0.0,0.0,0.0,0.0,0.0,0.0,0.0,0.0,0.0,0.0,0.0,0.0,0.0,0.0,0.0,0.0,0.0,0.0,0.0,0.0,0.0,0.0,0.0,0.0,0.0,0.0,0.0,0.0,0.0,0.0,0.0,0.0,0.0,0.0,0.0,0.0,0.0,0.0,0.0,0.0,0.0,0.0,0.0,1.0,0.0,0.0,0.0,0.0,0.0,0.0,0.0,0.0,0.0,0.0,0.0,0.0,0.0,0.0,0.0,0.0,0.0,0.0,0.0,0.0,0.0,0.0,0.0,0.0,0.0,0.0,0.0,0.0,0.0,0.0,0.0,0.0,0.0,0.0,0.0,0.0,0.0,0.0,0.0,0.0,0.0,0.0,0.0,0.0,0.0,0.0,0.0,0.0,0.0,0.0,0.0,0.0,0.0,0.0,0.0,0.0,0.0,0.0,0.0,0.0,0.0,0.0,0.0,0.0,0.0,0.0,0.0,0.0,0.0,0.0,0.0,1.0,0.0,0.0,0.0,0.0,0.0,0.0,0.0,0.0,0.0,0.0,0.0,0.0,0.0,0.0,0.0,0.0,0.0,0.0,0.0,0.0,0.0,0.0,0.0,0.0,0.0,0.0,0.0,0.0,0.0,0.0,0.0,0.0,0.0,0.0,0.0,0.0,0.0,0.0,0.0,0.0,0.0,0.0,0.0,0.0,0.0,0.0,0.0,0.0,0.0,0.0,0.0,0.0,0.0,0.0,0.0,0.0,0.0,0.0,0.0,0.0,0.0,0.0,0.0,0.0,0.0,0.0,0.0,0.0,0.0,0.0,0.0,1.0,0.0,0.0,0.0,0.0,0.0,0.0,0.0,0.0,0.0,0.0,0.0,0.0,0.0,0.0,0.0,0.0,0.0,0.0,0.0,0.0,0.0,0.0,0.0,1.0,0.0,0.0,0.0,0.0,1.0,0.0,0.0,0.0,0.0,0.0,0.0,0.0,0.0,0.0,0.0,0.0,0.0,0.0,0.0,0.0,0.0,0.0,0.0,1.0,0.0,0.0,0.0,0.0,1.0,0.0,0.0,0.0,0.0,0.0,0.0,0.0,0.0,0.0,0.0,0.0,0.0,0.0,0.0,0.0,0.0,0.0,0.0,0.0,0.38727568372093024,0.7745513674418605,1.0,1.0,1.0,1.0,1.0,1.0,1.0000000000000004,1.0,1.0000000000000004,1.0,1.0,1.0,1.0,1.0,1.0,1.0,1.0,1.0000000000000004,1.0000000000000004,1.0,1.0,0.4331286367346938,0.6403169971729171,0.20322628288720276,0.0,0.0,0.2058253977320696,0.5477001732422737,0.8895749487524778,1.0,1.0,1.0,1.0,1.0000000000000004,1.0,1.0,1.0,1.0,1.0000000000000007,1.0,1.0,1.0,1.0,1.0,0.9155378508575955,0.666943524064171,0.4823297379679144,0.0,0.0,0.0,0.0,0.012677358288770129,0.506338679144385,1.0,1.0,1.0,1.0,1.0,0.5176702620320855,1.0,1.0,1.0000000000000004,1.0,0.8116519661580683,0.8937425871000451,0.9646594759358291,0.48232973796791434,0.0,0.0,0.0,0.45699284873949575,0.10417001260504201,0.027737034415457607,0.21084490707357648,0.23907036270274262,0.6960632114422384,0.7379011272119227,1.0,1.0000000000000004,1.0,1.0000000000000004,1.0,0.9865380548617237,1.0,1.0,1.0000000000000004,1.0,1.0,1.0,1.0,1.0000000000000004,0.849690313677645,0.7268140443556038,0.7068804257425743,1.0,0.7129350976086857,1.0,1.0,1.0,1.0,1.0,1.0,1.0000000000000004,1.0,1.0000000000000004,1.0,1.0,1.0,1.0,1.0,1.0,1.0,1.0,1.0000000000000004,1.0000000000000004,1.0,1.0,1.0,1.0,1.0,1.0,1.0,1.0,1.0,1.0,1.0,1.0000000000000004,1.0000000000000004,1.0000000000000004,1.0,1.0,1.0,1.0,1.0,1.0,1.0,1.0,1.0000000000000004,1.0000000000000004,1.0,1.0,0.0,0.0,0.0,0.0,0.0,0.0,0.0,0.0,0.0,0.0,0.0,0.0,0.0,0.0,0.0,0.0,0.0,0.0,0.0,0.0,0.0,0.0,0.0,0.0,1.0000000000000004,1.0000000000000004,0.6633291637931038,1.0,1.0,1.0,1.0000000000000004,1.0,1.0,1.0,1.0,1.0,1.0,1.0,1.0,1.0,1.0000000000000004,1.0,1.0,1.0,1.0000000000000004,1.0,1.0,1.0,1.0,1.0,0.5062586666666666,0.6407888615641877,0.9725562577588569,0.6105066630709628,1.0,1.0,1.0,1.0,1.0,1.0000000000000004,1.0,1.0,1.0,1.0,1.0,1.0,1.0,1.0,1.0000000000000004,1.0000000000000004,0.9999999999999993,1.0,1.0,0.8740094226777363,0.3769937487646928,0.0,0.23120272241367412,0.37705450696334347,0.7841683185575464,0.9511592191672062,1.0,1.0,1.0,1.0000000000000002,1.0,1.0,1.0,1.0,1.0000000000000004,1.0,1.0,1.0000000000000004,0.9940313478260869,0.4970156739130434,0.0,0.0,0.0,0.0,0.0,0.0,0.0,0.0,0.0,0.0,0.46254230147058817,0.9250846029411764,1.0,0.9999999999999999,1.0,0.5803512782908207,1.0,1.0000000000000004,1.0000000000000004,1.0,1.0,1.0,0.8786940294117647,0.43934701470588233,0.0,0.0,0.8905143461538462,0.4665381153846154,0.042561884615384626,0.0,0.0,0.0,0.10395680945413949,0.5125977384615384,1.0,1.0,1.0,1.0000000000000004,1.0,0.5760237692307694,0.8282020683567232,1.0,1.0,1.0,0.7190012332408529,0.743685697514477,1.0,1.0000000000000004,0.5760237692307698,0.152047538461539,0.6347273023255813,0.36344496899224804,0.0,0.0,0.0,0.0,0.1302940845311355,0.5051201550387601,1.0000000000000004,1.0,1.0,1.0,1.0,0.6365550310077519,0.8784535979044683,1.0,1.0,1.0,0.7650779487253314,0.7920499466333013,1.0,1.0,0.6365550310077519,0.2731100620155039,0.0,0.0,0.0,0.0,0.0,0.0,0.0,0.4684152684563758,0.9368305369127516,0.8773720805369132,0.49391632885906084,0.7669115033557048,0.38345575167785245,0.0,0.0,0.0,0.0,0.0,0.0,0.0,0.0,0.0,0.0,0.0,0.0,0.41641851145038167,0.5835814885496182,1.0,1.0,1.0,1.0,1.0,1.0000000000000004,1.0000000000000004,1.0,1.0,1.0000000000000004,1.0,1.0,1.0,1.0,1.0,1.0,1.0,1.0,1.0,0.9999999999999999,1.0,0.4995634806201552,0.0,0.0,0.0,0.0,0.0,0.0,0.0,0.0,0.0,0.37956362790697673,0.7591272558139533,1.0,0.6204363720930233,1.0,1.0,1.0,1.0,1.0,1.0,0.9991269612403102,0.4995634806201551,0.0,0.0,0.4848645669291338,0.3715907716535433,0.0,0.0,0.0,0.0,0.0,0.0,0.0,0.0,0.0,0.0,0.0,0.0,0.0,0.0,0.0,0.0,0.0,0.0,0.0,0.0,0.0,0.0,1.0,0.5479457565217392,0.09589151304347826,0.0,0.0,0.0,0.1271026956521738,0.563551347826087,1.0,1.0,1.0,1.0000000000000002,0.9502206663401651,0.49816642286190427,0.6927054196361823,1.0000000000000004,1.0000000000000004,0.9320337048593592,0.5648888885128609,0.5944827715151825,0.9041084869565218,0.4520542434782609,0.0,0.0,0.8269192670807658,0.46620124223604514,0.10548321739132457,0.0,0.0,0.0,0.19394791304347767,0.5924269440993783,0.9909059751552791,1.0,0.8879607242648052,0.9443907080745314,0.5836726832298108,0.2229546583850902,0.1773357577639722,0.5758147888198728,0.8716788322981344,0.5109608074534138,0.19714457142856928,0.59562360248447,0.9941026335403704,0.8556312981366448,0.49491327329192425,0.1341952484472037,0.0,0.0,0.0,0.0,0.0,0.0,0.0,0.0,0.38638506504065034,0.7727701300813009,1.0,1.0000000000000004,0.7496841300813009,0.37484206504065043,0.0,0.0,0.0,0.0,0.0,0.0,0.0,0.0,0.0,0.0,0.9899037404579958,0.4949518702289881,0.0,0.0,0.0,0.0,0.0,0.0,0.0,0.0,0.0,0.0,0.0,0.0,0.0,0.0,0.0,0.0,0.0,0.0,0.0,0.0,0.0,0.0,0.9999999999999993,0.6172347664670652,0.23446953293413106,0.0,0.0,0.0,0.0,0.0,0.0,0.0,0.0,0.0,0.0,0.0,0.0,0.0,0.0,0.0,0.0,0.0,0.0,0.0,0.0,0.0,0.0,0.0,0.0,0.0,0.0,0.0,0.0,0.0,0.4752294761904763,0.9504589523809526,1.0,0.9999999999999998,1.0000000000000004,0.5920349238095243,1.0,0.8159301523809525,0.4079650761904762,0.0,0.0,0.0,0.0,0.0,0.0,0.0,0.0,0.0,0.0,0.0,0.0,0.0,0.0,0.0,0.43818774528301885,0.8763754905660377,1.0,1.0,1.0,1.0000000000000004,0.6735832264150945,0.33679161320754725,0.0,0.0,0.0,0.0,0.0,0.0,0.0,0.0,0.0,0.0,0.0,0.0,0.0,0.0,0.0,0.0,0.46537478906249996,0.9307495781250001,1.0,1.0000000000000004,1.0,1.0,1.0,1.0,1.0,1.0,1.0,1.0,1.0000000000000002,1.0,1.0,0.9662789120119379,0.0,0.0,0.0,0.0,0.0,0.0,0.33851082857142856,0.6770216571428571,1.0000000000000004,1.0,1.0,1.0000000000000004,1.0000000000000004,0.8719031961809123,1.0,1.0,1.0000000000000004,1.0,0.9821273778384352,0.9857134022309952,1.0000000000000004,1.0000000000000004,0.834689397065706,0.7986731953461008,1.0000000000000004,0.9281945783309207,0.5708551421607079,0.6607596343032416,0.6955305198891639,0.6586697060652309,0.8270884116443759,0.7932762803239561,1.0000000000000004,1.0000000000000004,1.0000000000000004,1.0000000000000004,1.0,0.8377364871113551,0.9234307953682797,1.0000000000000004,1.0000000000000004,0.9499574975353267,0.9091417868898134,0.912224712996266,1.0000000000000004,1.0000000000000004,0.8129793637653481,0.7905120908083231,0.9258301851851843,1.0000000000000004,0.6811731711218505,0.8583355920679607,0.9034796465337562,0.8548260941401031,1.0,1.0,1.0000000000000002,1.0000000000000004,1.0000000000000004,1.0000000000000004,1.0000000000000004,1.0000000000000004,1.0,1.0000000000000004,1.0000000000000004,1.0,1.0,1.0000000000000004,1.0000000000000004,1.0000000000000004,1.0,1.0,0.0,0.0,0.0,0.0,0.0,0.0,0.35495164893617015,0.6450483510638303,1.0000000000000004,1.0000000000000004,0.98497047226985,1.0000000000000004,0.8654270571370397,0.6834194873325294,0.7700066804379863,1.0,1.0,0.7974454592856712,0.7553864258111832,0.7586493991239285,1.0000000000000004,1.0000000000000004,0.6578448333718228,0.6349939269826335,0.0,0.34220501562500005,0.6844100312500001,1.0000000000000004,1.0000000000000004,1.0,1.0,1.0,1.0000000000000004,1.0000000000000004,1.0000000000000004,1.0000000000000004,1.0000000000000004,1.0,1.0,1.0000000000000004,1.0000000000000004,1.0,1.0,1.0000000000000004,1.0000000000000004,1.0000000000000004,1.0,1.0,0.0,0.0,0.0,0.0,0.0,0.0,0.0,0.4906184696969697,0.9812369393939395,1.0000000000000004,1.0,1.0000000000000004,1.0000000000000004,1.0,1.0,1.0,1.0000000000000004,1.0,1.0,1.0,1.0000000000000004,1.0000000000000004,1.0,1.0,0.7880909473684211,0.45742428947368424,0.0,0.0,0.0,0.0,0.0,0.4787617368421052,0.9575234736842101,1.0000000000000004,1.0000000000000004,1.0000000000000004,1.0000000000000004,1.0,1.0,1.0000000000000004,1.0000000000000004,1.0,1.0,1.0,1.0000000000000004,1.0000000000000004,1.0000000000000004,1.0,0.0,0.0,0.0,0.0,0.0,0.0,0.35615276388888895,0.7123055277777782,1.0000000000000007,1.0000000000000004,1.0,1.0000000000000004,1.0000000000000004,1.0,1.0,1.0000000000000004,1.0000000000000004,1.0,1.0,1.0,1.0000000000000004,1.0000000000000004,1.0,1.0,1.0000000000000004,1.0000000000000004,1.0,1.0,1.0,1.0,1.0,1.0,1.0,1.0000000000000004,1.0000000000000004,1.0,1.0,1.0,1.0,1.0,1.0000000000000004,1.0000000000000004,1.0,1.0,1.0000000000000004,1.0000000000000004,1.0,1.0,0.0,0.0,0.0,0.0,0.0,0.0,0.4601449726027399,0.9202899452054797,1.0000000000000004,1.0000000000000004,1.0000000000000004,1.0000000000000004,1.0000000000000004,1.0,1.0,1.0000000000000004,1.0000000000000004,1.0,1.0,1.0,1.0000000000000004,1.0000000000000004,1.0000000000000004,1.0,0.0,0.0,0.0,0.0,0.0,0.0,0.0,0.49563664473684244,0.9912732894736844,1.0000000000000004,1.0000000000000004,1.0000000000000004,1.0000000000000004,1.0000000000000004,1.0,1.0000000000000004,1.0000000000000004,1.0,1.0000000000000004,1.0000000000000004,1.0000000000000004,1.0000000000000004,1.0000000000000004,1.0,0.0,0.0,0.0,0.0,0.0,0.0,0.42625265217391306,0.8525053043478261,1.0000000000000004,1.0000000000000004,1.0000000000000004,1.0000000000000004,1.0,1.0000000000000004,1.0000000000000004,1.0,1.0000000000000004,1.0,1.0,1.0,1.0000000000000004,1.0000000000000004,1.0,1.0,1.0000000000000004,1.0000000000000004,1.0,1.0000000000000007,1.0,1.0,1.0,1.0,1.0000000000000004,1.0000000000000004,1.0000000000000004,1.0000000000000004,1.0,1.0000000000000004,1.0,1.0,1.0000000000000004,1.0,1.0000000000000004,1.0,1.0000000000000004,1.0,1.0,1.0000000000000004,0.8940868815789457,1.0000000000000004,1.0000000000000004,1.0000000000000004,1.0,1.0,0.9999999999999996,1.0000000000000002,1.0000000000000004,1.0000000000000004,1.0,1.0000000000000004,1.0,1.0,1.0,1.0,1.0000000000000004,1.0,1.0,1.0,1.0000000000000004,1.0,1.0000000000000004,1.0,0.6725144800000001,1.0000000000000004,0.6742220522440381,0.7995866917817891,0.8330467534662975,0.7977741366430494,0.9546203644332263,0.9235383568367965,1.0000000000000004,1.0000000000000004,1.0000000000000004,1.0000000000000004,1.0000000000000004,0.9668897713585032,1.0000000000000004,1.0000000000000004,1.0000000000000004,1.0000000000000004,1.0000000000000004,1.0000000000000004,1.0000000000000004,1.0000000000000004,0.9435443055236292,0.9217762263236897,0.6441161249999998,1.0,1.0000000000000004,1.0,1.0,1.0000000000000007,1.0000000000000004,1.0000000000000004,1.0000000000000004,1.0000000000000004,1.0,1.0000000000000004,1.0,1.0,1.0000000000000004,1.0,1.0000000000000004,1.0,1.0,1.0,1.0000000000000004,1.0000000000000004,1.0,1.0,0.0,0.4781838666666668,0.9563677333333337,1.0000000000000004,1.0,1.0,1.0,1.0,1.0000000000000004,1.0000000000000004,1.0000000000000004,1.0000000000000004,1.0000000000000004,1.0,1.0000000000000004,1.0000000000000004,1.0000000000000004,1.0,1.0000000000000004,1.0000000000000004,1.0000000000000004,1.0000000000000004,1.0,1.0,1.0000000000000004,1.0000000000000004,0.9892397852962524,1.0000000000000004,1.0,1.0,0.9999999999999998,1.0,1.0000000000000004,1.0000000000000004,1.0,1.0000000000000004,1.0,1.0,1.0,1.0,1.0000000000000004,1.0,1.0,1.0,1.0000000000000004,1.0000000000000004,1.0,1.0,1.0000000000000004,1.0000000000000004,0.9936889515700842,1.0,1.0,1.0,1.0000000000000004,1.0000000000000004,1.0000000000000004,1.0,1.0,1.0,1.0,1.0,1.0,1.0,1.0000000000000004,1.0,1.0,1.0,1.0000000000000004,1.0000000000000004,1.0,1.0,0.0,0.40058435714285706,0.8011687142857141,1.0000000000000007,1.0000000000000004,1.0000000000000007,1.0000000000000007,1.0000000000000007,1.0000000000000004,1.0000000000000004,1.0,1.0,1.0,1.0,1.0,1.0,1.0000000000000004,1.0,1.0000000000000004,1.0,1.0000000000000004,1.0,1.0000000000000004,1.0000000000000004,0.8760994047619048,1.0000000000000004,1.0,1.0,1.0,1.0,1.0,1.0,1.0000000000000004,1.0000000000000004,1.0,1.0000000000000004,1.0000000000000004,1.0000000000000004,1.0,1.0000000000000004,1.0000000000000004,1.0,1.0,1.0000000000000004,1.0000000000000004,1.0000000000000004,1.0,1.0000000000000004,0.7170052786885247,1.0,1.0,1.0000000000000004,1.0,1.0,1.0,1.0,1.0000000000000004,1.0000000000000004,1.0000000000000004,1.0000000000000004,1.0000000000000004,1.0000000000000004,1.0,1.0000000000000004,1.0000000000000004,1.0,1.0000000000000004,1.0000000000000004,1.0000000000000004,1.0000000000000004,1.0,1.0,0.0,0.49661598648648664,0.993231972972973,1.0000000000000004,1.0000000000000004,1.0000000000000004,1.0000000000000004,1.0000000000000004,1.0000000000000004,1.0000000000000004,1.0000000000000004,1.0000000000000004,1.0,1.0,1.0,1.0,1.0000000000000004,1.0,1.0,1.0,1.0000000000000004,1.0,1.0,1.0000000000000004,0.0,0.0,0.0,0.0,0.0,0.0,0.39525935483870966,0.7905187096774193,1.0,1.0000000000000004,1.0000000000000004,1.0,1.0000000000000004,1.0,1.0000000000000004,1.0,1.0000000000000004,1.0,1.0,1.0000000000000004,1.0000000000000004,1.0,1.0,1.0,0.0,0.0,0.0,0.0,0.0,0.0,0.39025254945054944,0.7805050989010989,1.0000000000000004,1.0000000000000004,1.0000000000000004,1.0000000000000004,1.0000000000000004,1.0,1.0,1.0000000000000004,1.0000000000000004,1.0,1.0,1.0,1.0000000000000004,1.0000000000000004,0.9843457304051015,0.9544760139206812,1.0,1.0,1.0,1.0,1.0,1.0,1.0,1.0,1.0,1.0,1.0,1.0,1.0,1.0,1.0,1.0,1.0,1.0,1.0,1.0,1.0,1.0,1.0,1.0,1.0,1.0,1.0,1.0,1.0,1.0,1.0,1.0,1.0,1.0,1.0,1.0,1.0,1.0,1.0,1.0,1.0,1.0,1.0,1.0,1.0,1.0,1.0,1.0,1.0,1.0,1.0,1.0,1.0,1.0,1.0,1.0,1.0,1.0,1.0,1.0,1.0,1.0,1.0,1.0,1.0,1.0,1.0,1.0,1.0,1.0,1.0,0.0,1.0,1.0,1.0,1.0,1.0,1.0,1.0,1.0,1.0,1.0,1.0,1.0,1.0,1.0,1.0,1.0,1.0,1.0,1.0,1.0,1.0,1.0,1.0,1.0,1.0,1.0,1.0,1.0,1.0,1.0,1.0,1.0,1.0,1.0,1.0,1.0,1.0,1.0,1.0,1.0,1.0,1.0,1.0,1.0,1.0,1.0,1.0,1.0,1.0,1.0,1.0,1.0,1.0,1.0,1.0,1.0,1.0,1.0,1.0,1.0,1.0,1.0,1.0,1.0,1.0,1.0,1.0,1.0,1.0,1.0,1.0,1.0,0.0,0.0,0.0,0.0,0.0,0.0,0.0,0.0,0.0,0.0,0.0,0.0,0.0,0.0,0.0,0.0,0.0,0.0,0.0,0.0,0.0,0.0,0.0,0.0,1.0000000000000002,1.0,1.0,1.0,1.0,1.0,1.0,1.0,1.0,1.0,1.0,1.0,1.0,1.0,1.0,1.0,1.0,1.0,1.0,1.0,1.0,1.0,1.0,1.0,1.0,1.0,1.0,1.0,1.0,1.0,1.0,1.0,1.0,1.0,1.0,1.0,1.0,1.0,1.0,1.0,1.0,1.0,1.0,1.0,1.0,1.0,1.0,1.0,1.0,1.0,1.0,1.0,1.0,1.0,1.0,1.0,1.0,1.0,1.0,1.0,1.0,1.0,1.0,1.0,1.0,1.0,1.0,1.0,1.0,1.0,1.0,0.0,0.0,0.0,0.0,0.0,0.0,0.0,0.0,1.0,1.0,1.0,1.0,1.0,1.0,1.0,1.0,1.0,1.0,1.0,1.0,1.0,1.0,1.0,1.0,0.0,1.0,1.0,1.0,1.0,1.0,1.0,1.0,1.0,1.0,1.0,1.0,1.0,1.0,1.0,1.0,1.0,1.0,1.0,1.0,1.0,1.0,1.0,1.0,1.0,1.0,1.0,1.0,1.0,1.0,1.0,1.0,1.0,1.0,1.0,1.0,1.0,1.0,1.0,1.0,1.0,1.0,1.0,1.0,1.0,1.0,1.0,1.0,1.0,0.0,0.0,0.0,0.0,0.0,0.0,1.0,1.0,1.0,1.0,1.0,1.0,1.0,1.0,0.0,0.0,0.0,0.0,0.0,0.0,0.0,0.0,0.0,0.0,1.0,1.0,1.0,1.0,1.0,1.0,1.0,1.0,1.0,1.0,1.0,1.0,1.0,1.0,1.0,1.0,1.0,1.0,1.0,1.0,1.0,1.0,1.0,1.0,1.0,1.0,0.0,0.0,0.0,0.0,0.0,0.0,0.0,1.0,1.0,1.0,1.0,1.0,1.0,1.0,1.0,1.0,1.0,1.0,1.0,1.0,1.0,0.0,1.0,1.0,1.0,0.0,0.0,0.0,0.0,0.0,0.0,0.0,0.0,0.0,0.0,0.0,0.0,0.0,0.0,0.0,0.0,0.0,0.0,0.0,0.0,0.0,1.0,1.0,1.0,1.0,1.0,1.0,1.0,1.0,1.0,1.0,1.0,1.0,1.0,1.0,1.0,1.0,1.0,1.0,1.0,1.0,1.0,1.0,1.0,0.0,1.0,1.0,1.0,1.0,1.0,1.0,1.0,1.0,1.0,1.0,1.0,1.0,1.0,1.0,1.0,1.0,1.0,1.0,1.0,1.0,1.0,1.0,1.0,1.0,0.0,0.0,0.0,0.0,0.0,0.0,0.0,1.0,1.0,1.0,1.0,1.0,1.0,1.0,1.0,0.0,0.0,0.0,0.0,0.0,0.0,0.0,0.0,0.0,1.0,1.0,1.0,0.0,0.0,0.0,0.0,0.0,0.0,0.0,0.0,0.0,0.0,0.0,0.0,0.0,0.0,0.0,0.0,0.0,0.0,0.0,0.0,0.0,1.0000000000000002,1.0000000000000002,1.0,1.0,0.0,0.0,0.0,0.0,0.0,0.0,0.0,0.0,0.0,0.0,0.0,0.0,0.0,0.0,0.0,0.0,0.0,0.0,0.0,0.0,0.0,0.0,0.0,0.0,0.0,0.0,0.0,1.0,1.0,1.0,1.0,1.0,1.0,1.0,1.0,1.0,1.0,1.0,0.0,0.0,0.0,0.0,0.0,0.0,0.0,0.0,0.0,0.0,0.0,0.0,0.0,1.0,1.0,1.0,1.0,1.0,1.0,1.0,1.0,1.0,1.0,0.0,0.0,0.0,0.0,0.0,0.0,0.0,0.0,0.0,0.0,0.0,0.0,0.0,0.0,1.0,1.0,1.0,1.0,1.0,1.0,1.0,1.0,1.0,1.0,1.0,1.0,1.0,1.0,1.0,1.0,1.0,1.0,0.0,0.0,0.0,0.0,1.0,1.0,1.0,1.0,1.0,1.0,1.0,1.0,1.0,1.0,1.0,1.0,1.0,1.0,1.0,1.0,1.0,1.0,1.0,1.0000000000000002,1.0,1.0,1.0,1.0,1.0,1.0,1.0,1.0,1.0,1.0,1.0,1.0,1.0,1.0,1.0,1.0,1.0,1.0,1.0,1.0,1.0,1.0,1.0,1.0000000000000002,1.0,1.0,1.0,1.0,1.0,1.0,1.0,1.0,1.0,1.0,1.0,1.0,1.0,1.0,1.0,1.0,1.0,1.0,1.0,1.0,1.0,1.0,1.0,1.0,0.0,0.0,0.0,0.0,1.0,1.0,1.0,1.0,1.0,1.0,1.0,1.0,1.0,1.0,1.0,1.0,1.0,1.0,1.0,1.0,1.0,1.0,1.0,1.0,1.0,1.0,1.0,1.0,1.0,1.0,1.0,1.0,1.0,1.0,1.0,1.0,1.0,1.0,1.0,1.0,1.0,1.0,1.0,1.0,1.0,1.0,1.0,1.0,0.0,0.0,0.0,0.0,0.0,1.0,1.0,1.0,1.0,1.0,1.0,1.0,1.0,1.0,1.0,1.0,1.0,1.0,1.0,1.0,1.0,1.0,1.0,1.0,1.0,1.0,0.0,0.0,0.0,1.0,1.0,1.0,1.0,1.0,1.0,1.0,1.0,1.0,1.0,1.0,1.0,1.0,1.0,1.0,1.0,1.0,1.0,1.0,0.0,0.0,0.0,0.0,1.0,1.0,1.0,1.0,1.0,1.0,1.0,1.0,1.0,1.0,1.0,1.0,1.0,1.0,1.0,1.0,1.0,1.0,1.0,1.0000000000000002,1.0,1.0,1.0,1.0,1.0,1.0,1.0,1.0,1.0,1.0,1.0,1.0,1.0,1.0,1.0,1.0,1.0,1.0,1.0,1.0,1.0,1.0,1.0,1.0,0.0,0.0,0.0,0.0,1.0,1.0,1.0,1.0,1.0,1.0,1.0,1.0,1.0,1.0,1.0,1.0,1.0,1.0,1.0,1.0,1.0,1.0,1.0,1.0,0.0,0.0,0.0,0.0,0.0,1.0,1.0,1.0,1.0,1.0,1.0,1.0,1.0,1.0,1.0,1.0,1.0,1.0,1.0,1.0,1.0,1.0,1.0,1.0,0.0,0.0,0.0,0.0,1.0,1.0,1.0,1.0,1.0,1.0,1.0,1.0,1.0,1.0,1.0,1.0,1.0,1.0,1.0,1.0,1.0,1.0,1.0,1.0000000000000002,1.0,1.0,1.0,1.0,1.0,1.0,1.0,1.0,1.0,1.0,1.0,1.0,1.0,1.0,1.0,1.0,1.0,1.0,1.0,1.0,1.0,1.0,1.0,1.0000000000000002,1.0,1.0,1.0,1.0,1.0,1.0,1.0,1.0,1.0,1.0,1.0,1.0,1.0,1.0,1.0,1.0,1.0,1.0,1.0,1.0,1.0,1.0,1.0,1.0,1.0,1.0,1.0,1.0,1.0,1.0,1.0,1.0,1.0,1.0,1.0,1.0,1.0,1.0,1.0,1.0,1.0,1.0,1.0,1.0,1.0,1.0,1.0,1.0,1.0,1.0,1.0,1.0,1.0,1.0,1.0,1.0,1.0,1.0,1.0,1.0,1.0,1.0,1.0,1.0,1.0,1.0,1.0,1.0,1.0,1.0,1.0,1.0,1.0,1.0,1.0,1.0,1.0,1.0,1.0,1.0,1.0,1.0,1.0,1.0,1.0,1.0,1.0,1.0,1.0,1.0,1.0,1.0,1.0,1.0,1.0,1.0000000000000002,1.0,1.0,1.0,1.0,1.0,1.0,1.0,1.0,1.0,1.0,1.0,1.0,1.0,1.0,1.0,1.0,1.0,1.0,1.0,1.0,1.0,1.0,1.0,1.0000000000000002,1.0,1.0,1.0,1.0,1.0,1.0,1.0,1.0,1.0,1.0,1.0,1.0,1.0,1.0,1.0,1.0,1.0,1.0,1.0,1.0,1.0,1.0,1.0,1.0,1.0,1.0,1.0,1.0,1.0,1.0,1.0,1.0,1.0,1.0,1.0,1.0,1.0,1.0,1.0,1.0,1.0,1.0,1.0,1.0,1.0,1.0,1.0,1.0000000000000002,1.0,1.0,1.0,1.0,1.0,1.0,1.0,1.0,1.0,1.0,1.0,1.0,1.0,1.0,1.0,1.0,1.0,1.0,1.0,1.0,1.0,1.0,1.0,1.0,1.0,1.0,1.0,1.0,1.0,1.0,1.0,1.0,1.0,1.0,1.0,1.0,1.0,1.0,1.0,1.0,1.0,1.0,1.0,1.0,1.0,1.0,1.0,1.0,1.0,1.0,1.0,1.0,1.0,1.0,1.0,1.0,1.0,1.0,1.0,1.0,1.0,1.0,1.0,1.0,1.0,1.0,1.0,1.0,1.0,1.0,1.0,1.0,0.0,0.0,0.0,0.0,1.0,1.0,1.0,1.0,1.0,1.0,1.0,1.0,1.0,1.0,1.0,1.0,1.0,1.0,1.0,1.0,1.0,1.0,1.0,1.0,0.0,0.0,0.0,0.0,1.0,1.0,1.0,1.0,1.0,1.0,1.0,1.0,1.0,1.0,1.0,1.0,1.0,1.0,1.0,1.0,1.0,1.0,1.0,474.191048,0.0,0.0,0.0,0.0,0.0,0.0,0.0,0.0,0.0,0.0,0.0,0.0,0.0,0.0,0.0,0.0,0.0,0.0,0.0,0.0,0.0,0.0,0.0,0.0,0.0,0.0,0.0,0.0,0.0,0.0,0.0,0.0,0.0,0.0,0.0,0.0,0.0,0.0,0.0,0.0,0.0,0.0,0.0,0.0,0.0,0.0,0.0,0.0,0.0,0.0,0.0,0.0,0.0,0.0,0.0,0.0,0.0,0.0,0.0,0.0,0.0,0.0,0.0,0.0,0.0,0.0,0.0,0.0,0.0,0.0,0.0,456.089138,0.0,0.0,0.0,0.0,0.0,0.0,0.0,0.0,0.0,0.0,0.0,0.0,0.0,0.0,0.0,0.0,0.0,0.0,0.0,0.0,0.0,0.0,0.0,0.0,0.0,0.0,0.0,0.0,0.0,0.0,0.0,0.0,0.0,0.0,0.0,0.0,0.0,0.0,0.0,0.0,0.0,0.0,0.0,0.0,0.0,0.0,0.0,0.0,0.0,0.0,0.0,0.0,0.0,0.0,0.0,0.0,0.0,0.0,0.0,0.0,0.0,0.0,0.0,0.0,0.0,0.0,0.0,0.0,0.0,0.0,0.0,0.0,0.0,0.0,0.0,0.0,0.0,0.0,0.0,0.0,0.0,0.0,0.0,0.0,0.0,0.0,0.0,0.0,0.0,0.0,0.0,0.0,0.0,0.0,0.0,0.0,0.0,0.0,0.0,0.0,0.0,0.0,0.0,0.0,0.0,0.0,0.0,0.0,0.0,0.0,0.0,0.0,0.0,0.0,0.0,0.0,0.0,0.0,0.0,0.0,0.0,0.0,0.0,0.0,0.0,0.0,0.0,0.0,0.0,0.0,0.0,0.0,0.0,0.0,0.0,0.0,0.0,0.0,0.0,0.0,0.0,0.0,0.0,0.0,0.0,0.0,0.0,0.0,0.0,0.0,0.0,0.0,0.0,0.0,0.0,0.0,0.0,0.0,0.0,0.0,0.0,0.0,0.0,0.0,0.0,0.0,0.0,0.0,0.0,0.0,0.0,0.0,0.0,0.0,290.650191,0.0,0.0,0.0,0.0,0.0,0.0,0.0,0.0,0.0,0.0,0.0,0.0,0.0,0.0,0.0,0.0,0.0,0.0,0.0,0.0,0.0,0.0,0.0,0.0,0.0,0.0,0.0,0.0,0.0,0.0,0.0,0.0,0.0,0.0,0.0,0.0,0.0,0.0,0.0,0.0,0.0,0.0,0.0,0.0,0.0,0.0,0.0,0.0,0.0,0.0,0.0,0.0,0.0,0.0,0.0,0.0,0.0,0.0,0.0,0.0,0.0,0.0,0.0,0.0,0.0,0.0,0.0,0.0,0.0,0.0,284.025581,0.0,0.0,0.0,0.0,0.0,0.0,0.0,0.0,0.0,0.0,0.0,0.0,0.0,0.0,0.0,0.0,0.0,287.013107,0.0,0.0,0.0,0.0,0.0,0.0,0.0,0.0,0.0,0.0,0.0,0.0,0.0,0.0,0.0,0.0,0.0,0.0,0.0,0.0,0.0,0.0,0.0,0.0,0.0,0.0,0.0,0.0,0.0,0.0,0.0,0.0,264.132305,0.0,0.0,0.0,0.0,0.0,0.0,0.0,0.0,0.0,0.0,0.0,0.0,0.0,0.0,0.0,0.0,0.0,0.0,0.0,0.0,0.0,0.0,0.0,0.0,0.0,0.0,0.0,0.0,0.0,0.0,0.0,0.0,0.0,0.0,0.0,0.0,0.0,0.0,0.0,0.0,0.0,0.0,0.0,0.0,0.0,0.0,0.0,0.0,0.0,0.0,0.0,0.0,0.0,0.0,0.0,0.0,0.0,0.0,0.0,0.0,0.0,0.0,0.0,0.0,0.0,0.0,0.0,0.0,0.0,0.0,0.0,0.0,0.0,0.0,0.0,0.0,0.0,0.0,0.0,0.0,0.0,0.0,0.0,0.0,0.0,0.0,0.0,0.0,0.0,0.0,0.0,0.0,0.0,277.905529,0.0,0.0,0.0,0.0,0.0,0.0,0.0,0.0,0.0,0.0,0.0,0.0,0.0,0.0,0.0,0.0,0.0,0.0,0.0,0.0,0.0,0.0,0.0,0.0,0.0,0.0,0.0,0.0,0.0,0.0,0.0,0.0,0.0,0.0,0.0,0.0,0.0,0.0,0.0,0.0,0.0,0.0,0.0,0.0,0.0,0.0,0.0,0.0,0.0,0.0,0.0,0.0,0.0,0.0,0.0,0.0,0.0,0.0,0.0,0.0,0.0,0.0,0.0,0.0,0.0,0.0,0.0,0.0,0.0,0.0,0.0,255.65477,0.0,0.0,0.0,0.0,0.0,0.0,0.0,0.0,0.0,0.0,0.0,0.0,0.0,0.0,0.0,0.0,0.0,0.0,0.0,0.0,0.0,0.0,0.0,271.509194,0.0,0.0,0.0,0.0,0.0,0.0,0.0,0.0,0.0,0.0,0.0,0.0,0.0,0.0,0.0,0.0,0.0,0.0,0.0,0.0,0.0,0.0,0.0,295.311494,0.0,0.0,0.0,0.0,0.0,0.0,0.0,0.0,0.0,0.0,0.0,0.0,0.0,0.0,0.0,0.0,151.933691,0.0,0.0,0.0,0.0,151.933691,0.0,0.0,0.0,0.0,0.0,0.0,0.0,0.0,0.0,0.0,0.0,0.0,0.0,0.0,0.0,0.0,0.0,0.0,0.0,0.0,0.0,0.0,0.0,0.0,0.0,0.0,0.0,0.0,0.0,0.0,0.0,0.0,0.0,0.0,0.0,0.0,0.0,0.0,0.0,0.0,0.0,0.0,0.0,0.0,0.0,0.0,0.0,0.0,0.0,0.0,0.0,0.0,0.0,0.0,0.0,0.0,0.0,0.0,0.0,0.0,0.0,0.0,0.0,0.0,0.0,0.0,185.420284,0.0,0.0,0.0,0.0,185.420284,0.0,0.0,0.0,0.0,0.0,0.0,0.0,0.0,0.0,0.0,0.0,0.0,0.0,0.0,0.0,0.0,0.0,0.0,175.772332,0.0,0.0,0.0,0.0,0.0,0.0,0.0,0.0,0.0,0.0,0.0,0.0,0.0,0.0,0.0,0.0,0.0,0.0,0.0,0.0,0.0,0.0,0.0,159.278735,0.0,0.0,0.0,0.0,0.0,159.278735,0.0,0.0,0.0,0.0,0.0,0.0,0.0,0.0,0.0,0.0,0.0,0.0,0.0,0.0,0.0,0.0,0.0,0.0,0.0,0.0,0.0,0.0,0.0,163.170455,0.0,0.0,0.0,0.0,0.0,0.0,0.0,0.0,0.0,0.0,0.0,0.0,0.0,0.0,0.0,0.0,0.0,157.634566,0.0,0.0,0.0,0.0,157.634566,0.0,0.0,0.0,0.0,0.0,0.0,0.0,0.0,0.0,0.0,0.0,0.0,0.0,0.0,0.0,0.0,0.0,0.0,0.0,0.0,0.0,0.0,0.0,0.0,0.0,0.0,0.0,0.0,0.0,0.0,0.0,0.0,0.0,0.0,0.0,0.0,0.0,0.0,0.0,0.0,0.0,0.0,169.887341,0.0,0.0,0.0,0.0,169.887341,0.0,0.0,0.0,0.0,0.0,0.0,0.0,0.0,0.0,0.0,0.0,0.0,0.0,0.0,0.0,0.0,0.0,0.0,181.481869,0.0,0.0,0.0,0.0,0.0,181.481869,0.0,0.0,0.0,0.0,0.0,0.0,0.0,0.0,0.0,0.0,0.0,0.0,0.0,0.0,0.0,0.0,0.0,155.594262,0.0,0.0,0.0,0.0,155.594262,0.0,0.0,0.0,0.0,0.0,0.0,0.0,0.0,0.0,0.0,0.0,0.0,0.0,0.0,0.0,0.0,0.0,0.0,0.0,0.0,0.0,0.0,0.0,0.0,0.0,0.0,0.0,0.0,0.0,0.0,0.0,0.0,0.0,0.0,0.0,0.0,0.0,0.0,0.0,0.0,0.0,0.0,0.0,0.0,0.0,0.0,0.0,0.0,0.0,0.0,0.0,0.0,0.0,0.0,0.0,0.0,0.0,0.0,0.0,0.0,0.0,0.0,0.0,0.0,0.0,0.0,0.0,0.0,0.0,0.0,0.0,0.0,0.0,0.0,0.0,0.0,0.0,0.0,0.0,0.0,0.0,0.0,0.0,0.0,0.0,0.0,0.0,0.0,0.0,0.0,0.0,0.0,0.0,0.0,0.0,0.0,0.0,0.0,0.0,0.0,0.0,0.0,0.0,0.0,0.0,0.0,0.0,0.0,0.0,0.0,0.0,0.0,0.0,0.0,169.327308,0.0,0.0,0.0,0.0,0.0,0.0,0.0,0.0,0.0,0.0,0.0,0.0,0.0,0.0,0.0,0.0,0.0,0.0,0.0,0.0,0.0,0.0,0.0,0.0,0.0,0.0,0.0,0.0,0.0,0.0,0.0,0.0,0.0,0.0,0.0,0.0,0.0,0.0,0.0,0.0,0.0,0.0,0.0,0.0,0.0,0.0,0.0,0.0,0.0,0.0,0.0,0.0,0.0,0.0,0.0,0.0,0.0,0.0,0.0,0.0,0.0,0.0,0.0,0.0,0.0,0.0,0.0,0.0,0.0,0.0,0.0,156.471825,0.0,0.0,0.0,0.0,0.0,0.0,0.0,0.0,0.0,0.0,0.0,0.0,0.0,0.0,0.0,0.0,0.0,0.0,0.0,0.0,0.0,0.0,0.0,0.0,0.0,0.0,0.0,0.0,0.0,0.0,0.0,0.0,0.0,0.0,0.0,0.0,0.0,0.0,0.0,0.0,0.0,0.0,0.0,0.0,0.0,0.0,0.0,0.0,0.0,0.0,0.0,0.0,0.0,0.0,0.0,0.0,0.0,0.0,0.0,0.0,0.0,0.0,0.0,0.0,0.0,0.0,0.0,0.0,0.0,0.0,0.0,143.529319,0.0,0.0,0.0,0.0,0.0,0.0,0.0,0.0,0.0,0.0,0.0,0.0,0.0,0.0,0.0,0.0,0.0,0.0,0.0,0.0,0.0,0.0,0.0,168.586547,0.0,0.0,0.0,0.0,168.586547,0.0,0.0,0.0,0.0,0.0,0.0,0.0,0.0,0.0,0.0,0.0,0.0,0.0,0.0,0.0,0.0,0.0,0.0,194.511403,0.0,0.0,0.0,0.0,194.511403,0.0,0.0,0.0,0.0,0.0,0.0,0.0,0.0,0.0,0.0,0.0,0.0,0.0,0.0,0.0,0.0,0.0,0.0,0.0,0.07499122760075211,0.2999649104029089,0.49999999999994127,0.49999999999994554,0.4999999999999464,0.49999999999995204,0.4999999999999585,0.49999999999997086,0.4999999999999699,0.4999999999999622,0.49999999999996625,0.49999999999996547,0.49999999999994327,0.4999999999999606,0.4999999999999634,0.49999999999996597,0.4999999999999613,0.4999999999999464,0.4999999999999572,0.49999999999996075,0.4999999999999558,0.49999999999995337,0.4999999999999485,0.09380020797982552,0.20500263761200377,0.020650171458284607,0.0,0.0,0.021181876999167744,0.14998760598831654,0.39567157813253695,0.4999999999999728,0.49999999999997274,0.49999999999996253,0.499999999999969,0.49999999999996875,0.4999999999998658,0.49999999999995964,0.4999999999999657,0.49999999999997014,0.4999999999999646,0.49999999999991107,0.4999999999999625,0.4999999999999712,0.49999999999996464,0.4999999999999021,0.4191046986347314,0.22240683214556778,0.11632098806406288,0.0,0.0,0.0,0.0,8.035125021527145e-5,0.12818942899866992,0.49999999999999395,0.49999999999999395,0.49999999999997935,0.4999999999999902,0.49999999999998956,0.13399125009570712,0.49999999999997835,0.49999999999999484,0.49999999999999767,0.49999999999999245,0.3293889335452205,0.39938771130689693,0.46528395225635844,0.11632098806409391,0.0,0.0,0.0,0.10442123189942293,0.00542569576304236,0.00038417756198925454,0.02222764409300554,0.02857710488807545,0.2422518373148793,0.2722488082750279,0.49999999999995454,0.4999999999999548,0.4999999999999405,0.4999999999999496,0.49999999999994854,0.48662828152541815,0.49999999999993744,0.49999999999994543,0.4999999999999515,0.4999999999999431,0.499999999999851,0.4999999999999409,0.4999999999999518,0.4999999999999458,0.3609863454633978,0.26412901873580164,0.2498399681489913,0.499999999999926,0.25413821837203693,0.49999999999988193,0.49999999999988987,0.49999999999989286,0.4999999999999129,0.4999999999999336,0.4999999999999656,0.4999999999999662,0.4999999999999569,0.49999999999996336,0.4999999999999621,0.49999999999993056,0.4999999999999554,0.4999999999999597,0.4999999999999634,0.49999999999995864,0.4999999999999391,0.4999999999999576,0.4999999999999649,0.49999999999996037,0.49999999999995814,0.4999999999999443,0.499999999999991,0.4999999999999739,0.49999999999994305,0.4999999999999626,0.499999999999963,0.49999999999996364,0.49999999999997047,0.4999999999999773,0.4999999999999898,0.49999999999999023,0.49999999999998607,0.4999999999999886,0.4999999999999878,0.4999999999999766,0.49999999999998507,0.49999999999998684,0.49999999999998845,0.49999999999998607,0.4999999999999789,0.4999999999999851,0.49999999999998884,0.4999999999999867,0.49999999999998535,0.49999999999998346,0.0,0.0,0.0,0.0,0.0,0.0,0.0,0.0,0.0,0.0,0.0,0.0,0.0,0.0,0.0,0.0,0.0,0.0,0.0,0.0,0.0,0.0,0.0,0.0,0.4999999999999714,0.4999999999999484,0.2200027897587447,0.49999999999990213,0.4999999999999092,0.4999999999999141,0.4999999999999266,0.49999999999995004,0.49999999999997424,0.4999999999999741,0.4999999999999674,0.4999999999999713,0.49999999999997075,0.4999999999999459,0.49999999999996375,0.4999999999999656,0.49999999999996875,0.49999999999996336,0.4999999999999459,0.49999999999996114,0.499999999999967,0.49999999999996236,0.4999999999999606,0.49999999999995554,0.49999999999999095,0.49999999999984635,0.12814891878660217,0.2053048340214637,0.47293249073426546,0.1863587679772598,0.49999999999974765,0.4999999999998802,0.49999999999998523,0.49999999999998535,0.4999999999999686,0.4999999999999802,0.4999999999999785,0.49999999999985945,0.4999999999999642,0.4999999999999738,0.49999999999998096,0.4999999999999707,0.4999999999999014,0.49999999999996786,0.49999999999998224,0.499999999999972,0.4999999999998912,0.49999999999974665,0.49999999999997924,0.3819460075884725,0.07106191632591036,0.0,0.02672706591691104,0.07108496618887011,0.3074598922194498,0.45235150441815253,0.49999999999996564,0.4999999999999656,0.4999999999999461,0.49999999999996547,0.4999999999999638,0.49999999999943306,0.4999999999998876,0.4999999999999133,0.4999999999999309,0.4999999999999052,0.499999999999647,0.49999999999989886,0.4940491602303553,0.12351229005761483,0.0,0.0,0.0,0.0,0.0,0.0,0.0,0.0,0.0,0.0,0.10697269032485007,0.427890761299313,0.49999999999994804,0.4999999999999645,0.49999999999994754,0.16840350688562006,0.49999999999979533,0.4999999999998513,0.499999999999882,0.49999999999963246,0.4999999999976308,0.49999999999914235,0.3860515986619376,0.09651289966548238,0.0,0.0,0.3965079003528937,0.10882890655331329,0.0009054194400815452,0.0,0.0,0.0,0.005403258765388891,0.13137822073560085,0.4999999999999738,0.4999999999999738,0.4999999999999457,0.4999999999999662,0.4999999999999639,0.165901691082264,0.3429593263380348,0.49999999999995576,0.49999999999996714,0.49999999999994954,0.2584810324399153,0.27653374752552884,0.49999999999996797,0.4999999999999531,0.16590169135935584,0.011559226967375935,0.20143937415875118,0.06604612274278593,0.0,0.0,0.0,0.0,0.008487932800874731,0.12757318551033248,0.4999999999999753,0.49999999999997485,0.49999999999994715,0.4999999999999669,0.4999999999999648,0.20260115375025262,0.38584009160595006,0.49999999999995665,0.4999999999999677,0.4999999999999503,0.2926719235391231,0.3136713022746532,0.49999999999996897,0.4999999999999499,0.20260115375058213,0.03729454494548473,0.0,0.0,0.0,0.0,0.0,0.0,0.0,0.10970643185790424,0.43882572744137677,0.3848908838432773,0.12197666995217937,0.2940766269839762,0.07351915674741322,0.0,0.0,0.0,0.0,0.0,0.0,0.0,0.0,0.0,0.0,0.0,0.0,0.08670218833920978,0.17028367688815937,0.49999999999909434,0.49999999999927247,0.4999999999993318,0.49999999999957545,0.4999999999999065,0.4999999999999773,0.4999999999999784,0.4999999999999652,0.4999999999999729,0.4999999999999725,0.49999999999991857,0.49999999999996214,0.49999999999996847,0.49999999999997397,0.49999999999996636,0.4999999999999333,0.4999999999999645,0.49999999999997463,0.4999999999999679,0.4999999999998977,0.49999999999973965,0.12478183558464834,0.0,0.0,0.0,0.0,0.0,0.0,0.0,0.0,0.0,0.07203427381494182,0.2881370952595207,0.4999999999999653,0.19247064590468127,0.49999999999986133,0.49999999999990236,0.49999999999992667,0.49999999999988737,0.4999999999983368,0.49999999999990363,0.4991269614985645,0.12478183558460038,0.0,0.0,0.11754682413168638,0.0690398507890379,0.0,0.0,0.0,0.0,0.0,0.0,0.0,0.0,0.0,0.0,0.0,0.0,0.0,0.0,0.0,0.0,0.0,0.0,0.0,0.0,0.0,0.0,0.4999999999999881,0.1501222760450246,0.0045975911368435485,0.0,0.0,0.0,0.008077547618803249,0.15879506081780942,0.4999999999999001,0.499999999999947,0.4999999999999054,0.4999999999999705,0.4514593176774555,0.12408455481084091,0.2399200092157256,0.4999999999999576,0.4999999999999714,0.4343434131419181,0.15954926516666806,0.17670471718893793,0.4087060780756207,0.10217651952259571,0.0,0.0,0.34189773712279214,0.10867179912329472,0.005562985898197537,0.0,0.0,0.0,0.018807896486541686,0.17548484204699638,0.49094732579825784,0.4999999999997806,0.3942370016741112,0.44593690473558134,0.17033690057372286,0.02485438984674071,0.015723985488167946,0.16578133551182528,0.37991199333126835,0.13054047337654023,0.019432991021547108,0.1773837379134816,0.49412002300472124,0.36605245916605983,0.12246957403746067,0.009004182351873669,0.0,0.0,0.0,0.0,0.0,0.0,0.0,0.0,0.0746467092432212,0.2985868369720762,0.49999951291598727,0.49999978468703526,0.2810131474449005,0.07025328686163596,0.0,0.0,0.0,0.0,0.0,0.0,0.0,0.0,0.0,0.0,0.4899547076854927,0.1224886769215851,0.0,0.0,0.0,0.0,0.0,0.0,0.0,0.0,0.0,0.0,0.0,0.0,0.0,0.0,0.0,0.0,0.0,0.0,0.0,0.0,0.0,0.0,0.49999999999996836,0.19048937846781738,0.02748797954709492,0.0,0.0,0.0,0.0,0.0,0.0,0.0,0.0,0.0,0.0,0.0,0.0,0.0,0.0,0.0,0.0,0.0,0.0,0.0,0.0,0.0,0.0,0.0,0.0,0.0,0.0,0.0,0.0,0.0,0.11292152752013696,0.4516861100804934,0.499999999999957,0.4999999999999773,0.4999999999999746,0.17525267542377687,0.499999999999889,0.3328710067796462,0.0832177516951052,0.0,0.0,0.0,0.0,0.0,0.0,0.0,0.0,0.0,0.0,0.0,0.0,0.0,0.0,0.0,0.09600425005810787,0.3840170002324076,0.49999999999995615,0.49999999999997047,0.49999999999985306,0.49999999999982303,0.22685718145081546,0.05671429536331707,0.0,0.0,0.0,0.0,0.0,0.0,0.0,0.0,0.0,0.0,0.0,0.0,0.0,0.0,0.0,0.0,0.10828684714747738,0.43314738858974167,0.4999999999999556,0.4999999999999693,0.49999999999996775,0.49999999999972655,0.49999999999994904,0.49999999999996114,0.4999999999999696,0.49999999999995703,0.4999999999998319,0.49999999999995287,0.49999999999996997,0.4999999999999041,0.49999999999976963,0.4668471968178848,0.0,0.0,0.0,0.0,0.0,0.0,0.05729479053002989,0.22917916211735362,0.49999999999991906,0.49999999999993877,0.4999999999998751,0.49999999999992006,0.49999999999991634,0.38010717307566416,0.4999999999997382,0.49999999999989997,0.49999999999992634,0.4999999999998888,0.48228642337268546,0.48581502281901245,0.49999999999992834,0.49999999999989997,0.3483529967536609,0.3189388594911305,0.4999999999999276,0.430772098497828,0.1629373204426645,0.2183014915203373,0.24188134306004772,0.21692259039630973,0.3420372591390635,0.31464341251579453,0.4999999999999204,0.4999999999999206,0.49999999999987244,0.49999999999990596,0.4999999999999052,0.3509009697029258,0.42636183694915675,0.4999999999998963,0.49999999999991646,0.4512093754275283,0.4132690059469432,0.4160767220654109,0.4999999999999185,0.49999999999990125,0.33046740429690236,0.31245447289962586,0.4285807658999829,0.4999999999990777,0.231998224708931,0.36836995286263013,0.4081375499876239,0.36536343989410963,0.49999999999713773,0.49999999999918937,0.49999999999993394,0.49999999999993394,0.4999999999998963,0.4999999999999203,0.499999999999919,0.4999999999996243,0.49999999999988887,0.4999999999999105,0.49999999999992656,0.4999999999999057,0.4999999999997259,0.49999999999990147,0.4999999999999283,0.49999999999991307,0.4999999999999095,0.49999999999988115,0.0,0.0,0.0,0.0,0.0,0.0,0.06299533653801648,0.20804368760445896,0.49999999999990175,0.49999999999992095,0.4850830611942222,0.49999999999990247,0.3744814971024119,0.23353084163228988,0.29645492820595015,0.49999999999988515,0.4999999999999143,0.31795940332496897,0.2853041633844733,0.2877742307625942,0.4999999999999173,0.4999999999998897,0.21637972717798368,0.2016083145752578,0.0,0.058552136359453166,0.23420854543780706,0.4999999999999585,0.49999999999996025,0.49999999999996025,0.49999999999996064,0.4999999999999629,0.49999999999998673,0.49999999999998657,0.4999999999999759,0.4999999999999819,0.49999999999998124,0.4999999999999603,0.499999999999974,0.4999999999999784,0.4999999999999832,0.49999999999997696,0.4999999999999644,0.49999999999997663,0.49999999999998357,0.49999999999997885,0.4999999999999774,0.49999999999997186,0.0,0.0,0.0,0.0,0.0,0.0,0.0,0.12035324140389603,0.4814129656155872,0.499999999999972,0.49999999999994743,0.4999999999999625,0.49999999999996103,0.49999999999988226,0.49999999999994255,0.4999999999999538,0.49999999999996453,0.49999999999995054,0.4999999999999019,0.49999999999994754,0.49999999999996547,0.49999999999995415,0.49999999999995054,0.4999999999999346,0.3105436706619952,0.1046184903002268,0.0,0.0,0.0,0.0,0.0,0.11460640033026853,0.45842560132274984,0.4999999999999356,0.49999999999989364,0.49999999999992084,0.499999999999919,0.4999999999995223,0.499999999999884,0.49999999999990885,0.4999999999999269,0.49999999999990313,0.4999999999996704,0.4999999999998973,0.4999999999999285,0.4999999999999105,0.4999999999999064,0.499999999999872,0.0,0.0,0.0,0.0,0.0,0.0,0.06342239561269258,0.2536895824502284,0.4999999999999585,0.49999999999995803,0.4999999999999325,0.49999999999994793,0.4999999999999464,0.4999999999998698,0.4999999999999274,0.4999999999999395,0.4999999999999501,0.49999999999993555,0.49999999999988703,0.4999999999999325,0.49999999999995104,0.4999999999999392,0.4999999999999354,0.4999999999999188,0.49999999999999917,0.4999999999999361,0.4999999999997315,0.4999999999988337,0.49999999999671735,0.49999999999919215,0.4999999999998075,0.49999999999994627,0.49999999999999567,0.49999999999999645,0.49999999999998945,0.4999999999999929,0.49999999999999273,0.49999999999997546,0.49999999999998823,0.4999999999999911,0.4999999999999944,0.4999999999999909,0.4999999999999799,0.4999999999999899,0.4999999999999949,0.4999999999999921,0.49999999999999134,0.4999999999999878,0.0,0.0,0.0,0.0,0.0,0.0,0.10586669790557468,0.4234667916127616,0.4999999999999422,0.49999999999994177,0.4999999999999074,0.4999999999999289,0.49999999999992706,0.4999999999997726,0.4999999999999002,0.4999999999999186,0.4999999999999331,0.49999999999991357,0.4999999999998137,0.4999999999999093,0.49999999999993455,0.49999999999991956,0.49999999999991557,0.4999999999998913,0.0,0.0,0.0,0.0,0.0,0.0,0.0,0.12282784180299311,0.49131136721144736,0.4999999999999389,0.49999999999990324,0.4999999999999258,0.4999999999999238,0.49999999999973455,0.4999999999998959,0.4999999999999154,0.4999999999999306,0.49999999999991046,0.49999999999978867,0.49999999999990624,0.49999999999993194,0.4999999999999165,0.4999999999999131,0.49999999999988715,0.0,0.0,0.0,0.0,0.0,0.0,0.09084566174264219,0.36338264697057004,0.49999999999996175,0.499999999999962,0.4999999999999387,0.4999999999999525,0.4999999999999504,0.4999999999998872,0.49999999999993444,0.4999999999999444,0.4999999999999546,0.4999999999999412,0.4999999999999014,0.4999999999999385,0.4999999999999555,0.49999999999994477,0.49999999999994144,0.49999999999992717,0.4999999999999636,0.4999999999999216,0.49999999999990175,0.4999999999999171,0.4999999999999195,0.4999999999999198,0.4999999999999201,0.499999999999924,0.4999999999999549,0.49999999999995454,0.4999999999999411,0.4999999999999485,0.49999999999994726,0.49999999999992073,0.4999999999999389,0.49999999999994416,0.4999999999999503,0.49999999999994277,0.4999999999999265,0.49999999999994194,0.4999999999999513,0.49999999999994515,0.4999999999999442,0.49999999999993766,0.3996956759057819,0.4999999999996816,0.4999999999980858,0.4999999999925824,0.49999999996917227,0.4999999999931579,0.49999999999863615,0.49999999999976996,0.49999999999997047,0.4999999999999718,0.49999999999995004,0.4999999999999634,0.4999999999999612,0.49999999999978184,0.4999999999999457,0.4999999999999558,0.49999999999996525,0.4999999999999528,0.4999999999999099,0.49999999999995026,0.4999999999999662,0.49999999999995587,0.4999999999999538,0.49999999999993966,0.2261378629045036,0.49999999999616257,0.2272874824799675,0.3196691538695353,0.3469831365750576,0.3182217245833434,0.45564957274322426,0.42646120414136873,0.4999999999999155,0.4999999999999149,0.49999999999988387,0.49999999999990385,0.4999999999999039,0.46743769209900476,0.49999999999987876,0.4999999999998991,0.4999999999999132,0.49999999999989725,0.499999999999478,0.4999999999998945,0.49999999999991496,0.49999999999990535,0.44513763974364184,0.4248351641214439,0.20744279124250398,0.49999999999961614,0.49999999999800415,0.49999999999481737,0.4999999999954028,0.4999999999989574,0.49999999999972955,0.4999999999998861,0.49999999999996675,0.49999999999996664,0.4999999999999444,0.4999999999999577,0.4999999999999559,0.4999999999998931,0.49999999999994066,0.49999999999995004,0.4999999999999597,0.49999999999994704,0.49999999999990774,0.4999999999999445,0.4999999999999606,0.4999999999999503,0.49999999999994715,0.4999999999999333,0.0,0.11432990517014191,0.4573196206804566,0.4999999999999129,0.49999999999991424,0.4999999999999139,0.49999999999991324,0.49999999999991596,0.4999999999999487,0.49999999999994826,0.49999999999993366,0.4999999999999419,0.49999999999994105,0.49999999999991185,0.49999999999993217,0.4999999999999377,0.4999999999999441,0.49999999999993605,0.4999999999999181,0.49999999999993555,0.49999999999994504,0.49999999999993894,0.49999999999993744,0.49999999999992983,0.4999999999999588,0.49999999999969336,0.4892974281297264,0.4999999999965502,0.49999999998791017,0.49999999999442934,0.4999999999985614,0.49999999999965117,0.499999999999947,0.49999999999994715,0.4999999999999225,0.49999999999993733,0.4999999999999355,0.49999999999985806,0.49999999999991873,0.49999999999992994,0.4999999999999406,0.49999999999992695,0.4999999999998778,0.49999999999992445,0.49999999999994205,0.4999999999999315,0.4999999999999286,0.4999999999999142,0.4999999999999577,0.49999999999968997,0.49370846952088826,0.4999999999956795,0.4999999999906637,0.4999999999972881,0.4999999999992269,0.49999999999975175,0.4999999999999468,0.4999999999999469,0.4999999999999255,0.49999999999993827,0.49999999999993705,0.4999999999998671,0.4999999999999223,0.4999999999999321,0.49999999999994177,0.49999999999992967,0.49999999999988687,0.4999999999999277,0.4999999999999431,0.4999999999999343,0.4999999999999323,0.49999999999992045,0.0,0.08023391359352383,0.32093565437258387,0.49999999999992023,0.4999999999999238,0.4999999999999251,0.4999999999999273,0.49999999999993305,0.4999999999999641,0.49999999999996386,0.49999999999994976,0.4999999999999573,0.49999999999995626,0.4999999999999292,0.49999999999994776,0.499999999999953,0.49999999999995925,0.4999999999999516,0.49999999999993505,0.49999999999995015,0.4999999999999598,0.4999999999999533,0.4999999999999524,0.4999999999999452,0.383775083512082,0.49999999999996264,0.499999999999958,0.4999999999999613,0.4999999999999618,0.4999999999999616,0.4999999999999616,0.4999999999999625,0.49999999999997724,0.499999999999977,0.49999999999996914,0.4999999999999736,0.49999999999997286,0.49999999999996136,0.49999999999996825,0.49999999999997113,0.49999999999997424,0.4999999999999701,0.49999999999996314,0.49999999999997,0.49999999999997485,0.4999999999999714,0.49999999999997047,0.49999999999996725,0.257048284833602,0.49999999999997846,0.4999999999999752,0.4999999999999785,0.49999999999997835,0.4999999999999783,0.4999999999999776,0.49999999999997796,0.4999999999999913,0.4999999999999912,0.4999999999999842,0.49999999999998795,0.49999999999998757,0.49999999999997635,0.49999999999998324,0.499999999999986,0.49999999999998895,0.4999999999999849,0.4999999999999789,0.499999999999985,0.4999999999999897,0.4999999999999867,0.4999999999999859,0.49999999999998274,0.0,0.12331371901697291,0.4932548759518839,0.4999999999999667,0.4999999999999686,0.4999999999999693,0.4999999999999697,0.4999999999999722,0.49999999999999073,0.4999999999999905,0.4999999999999823,0.499999999999987,0.499999999999986,0.49999999999996975,0.49999999999998107,0.4999999999999841,0.49999999999998807,0.49999999999998335,0.4999999999999734,0.4999999999999827,0.49999999999998845,0.4999999999999846,0.4999999999999841,0.49999999999998024,0.0,0.0,0.0,0.0,0.0,0.0,0.07811497879375012,0.3124599151750021,0.499999999999954,0.49999999999995426,0.49999999999993683,0.49999999999994643,0.4999999999999457,0.4999999999999003,0.4999999999999337,0.499999999999941,0.49999999999994893,0.4999999999999389,0.49999999999991085,0.49999999999993777,0.4999999999999502,0.499999999999942,0.4999999999999402,0.4999999999999306,0.0,0.0,0.0,0.0,0.0,0.0,0.07614852617598328,0.30459410470527476,0.49999999999993017,0.49999999999992967,0.4999999999998936,0.4999999999999168,0.49999999999991573,0.4999999999994236,0.4999999999998862,0.4999999999999084,0.4999999999999238,0.49999999999990424,0.4999999999996422,0.4999999999999,0.49999999999992617,0.4999999999999122,0.4844677422701187,0.45551202119702094]
WARNING: For the MIP-solver-driven algorithm, optimality tolerance must be specified as MIP solver option, not Pajarito option
WARNING: For the MIP-solver-driven algorithm, optimality tolerance must be specified as MIP solver option, not Pajarito option
WARNING: Not solved to optimality, status: UserLimit
