----------------------------------------------------------------------------
	SCS v1.2.6 - Splitting Conic Solver
	(c) Brendan O'Donoghue, Stanford University, 2012-2016
----------------------------------------------------------------------------
Lin-sys: sparse-direct, nnz in A = 3375
eps = 1.00e-04, alpha = 1.80, max_iters = 50000, normalize = 1, scale = 5.00
Variables n = 330, constraints m = 712
Cones:	primal zero / dual free vars: 120
	linear vars: 244
	soc vars: 78, soc blks: 3
	exp vars: 270, dual exp vars: 0
Setup time: 6.25e-04s
----------------------------------------------------------------------------
 Iter | pri res | dua res | rel gap | pri obj | dua obj | kap/tau | time (s)
----------------------------------------------------------------------------
     0|      inf       inf      -nan      -inf      -inf       inf  1.22e-03 
   100| 3.33e-03  1.04e-03  9.34e-03 -1.47e-01 -1.35e-01  0.00e+00  3.84e-01 
   200| 3.00e-03  1.85e-04  1.01e-02 -1.43e-01 -1.30e-01  0.00e+00  8.30e-01 
   300| 2.76e-03  1.40e-04  1.14e-02 -1.40e-01 -1.26e-01  0.00e+00  1.28e+00 
   400| 2.33e-03  1.95e-04  1.27e-02 -1.39e-01 -1.22e-01  3.66e-16  1.76e+00 
   500| 1.81e-03  2.38e-04  1.32e-02 -1.36e-01 -1.20e-01  3.76e-16  2.25e+00 
   600| 1.40e-03  1.65e-04  1.24e-02 -1.33e-01 -1.18e-01  0.00e+00  2.75e+00 
   700| 1.22e-03  1.37e-04  1.18e-02 -1.31e-01 -1.16e-01  3.98e-16  3.25e+00 
   800| 1.09e-03  1.21e-04  1.13e-02 -1.29e-01 -1.15e-01  0.00e+00  3.76e+00 
   900| 9.99e-04  1.10e-04  1.09e-02 -1.28e-01 -1.14e-01  4.18e-16  4.27e+00 
  1000| 9.10e-04  1.03e-04  1.06e-02 -1.27e-01 -1.13e-01  0.00e+00  4.78e+00 
  1100| 8.47e-04  9.56e-05  1.03e-02 -1.25e-01 -1.13e-01  0.00e+00  5.30e+00 
  1200| 7.93e-04  9.07e-05  1.00e-02 -1.24e-01 -1.12e-01  0.00e+00  5.83e+00 
  1300| 7.47e-04  8.67e-05  9.76e-03 -1.23e-01 -1.11e-01  0.00e+00  6.37e+00 
  1400| 7.08e-04  8.34e-05  9.55e-03 -1.23e-01 -1.11e-01  0.00e+00  6.90e+00 
  1500| 6.69e-04  8.20e-05  9.37e-03 -1.22e-01 -1.10e-01  0.00e+00  7.45e+00 
  1600| 6.37e-04  7.83e-05  9.18e-03 -1.21e-01 -1.10e-01  0.00e+00  8.01e+00 
  1700| 6.09e-04  7.61e-05  9.00e-03 -1.21e-01 -1.09e-01  0.00e+00  8.56e+00 
  1800| 5.84e-04  7.41e-05  8.85e-03 -1.20e-01 -1.09e-01  0.00e+00  9.17e+00 
  1900| 5.61e-04  7.23e-05  8.70e-03 -1.19e-01 -1.09e-01  0.00e+00  9.83e+00 
  2000| 5.38e-04  7.14e-05  8.56e-03 -1.19e-01 -1.08e-01  0.00e+00  1.04e+01 
  2100| 5.19e-04  6.93e-05  8.42e-03 -1.18e-01 -1.08e-01  0.00e+00  1.09e+01 
  2200| 5.01e-04  6.78e-05  8.29e-03 -1.18e-01 -1.08e-01  0.00e+00  1.15e+01 
  2300| 4.81e-04  6.66e-05  8.16e-03 -1.17e-01 -1.07e-01  0.00e+00  1.20e+01 
  2400| 4.65e-04  6.52e-05  8.03e-03 -1.17e-01 -1.07e-01  0.00e+00  1.25e+01 
  2500| 4.50e-04  6.40e-05  7.91e-03 -1.17e-01 -1.07e-01  0.00e+00  1.30e+01 
  2600| 4.36e-04  6.28e-05  7.79e-03 -1.16e-01 -1.07e-01  0.00e+00  1.35e+01 
  2700| 4.22e-04  6.21e-05  7.68e-03 -1.16e-01 -1.06e-01  0.00e+00  1.39e+01 
  2800| 4.09e-04  6.07e-05  7.56e-03 -1.15e-01 -1.06e-01  0.00e+00  1.43e+01 
  2900| 3.98e-04  5.96e-05  7.45e-03 -1.15e-01 -1.06e-01  0.00e+00  1.47e+01 
  3000| 3.84e-04  5.87e-05  7.34e-03 -1.15e-01 -1.06e-01  0.00e+00  1.51e+01 
  3100| 3.73e-04  5.76e-05  7.23e-03 -1.14e-01 -1.05e-01  0.00e+00  1.55e+01 
  3200| 3.63e-04  5.66e-05  7.12e-03 -1.14e-01 -1.05e-01  0.00e+00  1.58e+01 
  3300| 3.54e-04  5.57e-05  7.01e-03 -1.14e-01 -1.05e-01  0.00e+00  1.61e+01 
  3400| 3.45e-04  5.48e-05  6.91e-03 -1.13e-01 -1.05e-01  0.00e+00  1.65e+01 
  3500| 3.36e-04  5.39e-05  6.81e-03 -1.13e-01 -1.05e-01  0.00e+00  1.68e+01 
  3600| 3.28e-04  5.30e-05  6.72e-03 -1.13e-01 -1.05e-01  0.00e+00  1.71e+01 
  3700| 3.20e-04  5.22e-05  6.62e-03 -1.12e-01 -1.04e-01  0.00e+00  1.74e+01 
  3800| 3.13e-04  5.14e-05  6.53e-03 -1.12e-01 -1.04e-01  0.00e+00  1.77e+01 
  3900| 3.06e-04  5.06e-05  6.44e-03 -1.12e-01 -1.04e-01  7.11e-16  1.80e+01 
  4000| 2.99e-04  4.98e-05  6.35e-03 -1.12e-01 -1.04e-01  3.60e-16  1.83e+01 
  4100| 2.92e-04  4.91e-05  6.27e-03 -1.11e-01 -1.04e-01  7.30e-16  1.86e+01 
  4200| 2.86e-04  4.84e-05  6.18e-03 -1.11e-01 -1.04e-01  0.00e+00  1.89e+01 
  4300| 2.80e-04  4.77e-05  6.10e-03 -1.11e-01 -1.03e-01  3.75e-16  1.91e+01 
  4400| 2.74e-04  4.70e-05  6.02e-03 -1.11e-01 -1.03e-01  0.00e+00  1.94e+01 
  4500| 2.69e-04  4.63e-05  5.94e-03 -1.10e-01 -1.03e-01  3.85e-16  1.97e+01 
  4600| 2.64e-04  4.57e-05  5.86e-03 -1.10e-01 -1.03e-01  0.00e+00  2.00e+01 
  4700| 2.58e-04  4.50e-05  5.78e-03 -1.10e-01 -1.03e-01  3.95e-16  2.03e+01 
  4800| 2.54e-04  4.44e-05  5.71e-03 -1.10e-01 -1.03e-01  3.99e-16  2.06e+01 
  4900| 2.49e-04  4.38e-05  5.63e-03 -1.10e-01 -1.03e-01  4.04e-16  2.09e+01 
  5000| 2.44e-04  4.32e-05  5.56e-03 -1.09e-01 -1.03e-01  0.00e+00  2.12e+01 
  5100| 2.40e-04  4.26e-05  5.49e-03 -1.09e-01 -1.03e-01  4.14e-16  2.15e+01 
  5200| 2.35e-04  4.20e-05  5.42e-03 -1.09e-01 -1.02e-01  4.19e-16  2.18e+01 
  5300| 2.31e-04  4.14e-05  5.35e-03 -1.09e-01 -1.02e-01  4.24e-16  2.21e+01 
  5400| 2.27e-04  4.08e-05  5.28e-03 -1.09e-01 -1.02e-01  4.29e-16  2.24e+01 
  5500| 2.23e-04  4.03e-05  5.21e-03 -1.08e-01 -1.02e-01  4.33e-16  2.27e+01 
  5600| 2.20e-04  3.97e-05  5.14e-03 -1.08e-01 -1.02e-01  0.00e+00  2.29e+01 
  5700| 2.16e-04  3.92e-05  5.08e-03 -1.08e-01 -1.02e-01  0.00e+00  2.32e+01 
  5800| 2.12e-04  3.87e-05  5.01e-03 -1.08e-01 -1.02e-01  0.00e+00  2.35e+01 
  5900| 2.09e-04  3.82e-05  4.95e-03 -1.08e-01 -1.02e-01  0.00e+00  2.38e+01 
  6000| 2.06e-04  3.77e-05  4.89e-03 -1.08e-01 -1.02e-01  0.00e+00  2.41e+01 
  6100| 2.02e-04  3.72e-05  4.82e-03 -1.07e-01 -1.02e-01  0.00e+00  2.44e+01 
  6200| 1.99e-04  3.67e-05  4.76e-03 -1.07e-01 -1.02e-01  0.00e+00  2.47e+01 
  6300| 1.96e-04  3.62e-05  4.70e-03 -1.07e-01 -1.02e-01  0.00e+00  2.50e+01 
  6400| 1.93e-04  3.57e-05  4.64e-03 -1.07e-01 -1.01e-01  0.00e+00  2.52e+01 
  6500| 1.90e-04  3.52e-05  4.58e-03 -1.07e-01 -1.01e-01  0.00e+00  2.55e+01 
  6600| 1.88e-04  3.48e-05  4.53e-03 -1.07e-01 -1.01e-01  0.00e+00  2.58e+01 
  6700| 1.85e-04  3.43e-05  4.47e-03 -1.07e-01 -1.01e-01  0.00e+00  2.61e+01 
  6800| 1.82e-04  3.39e-05  4.41e-03 -1.07e-01 -1.01e-01  0.00e+00  2.63e+01 
  6900| 1.80e-04  3.34e-05  4.36e-03 -1.06e-01 -1.01e-01  0.00e+00  2.66e+01 
  7000| 1.77e-04  3.30e-05  4.30e-03 -1.06e-01 -1.01e-01  0.00e+00  2.69e+01 
  7100| 1.75e-04  3.26e-05  4.25e-03 -1.06e-01 -1.01e-01  0.00e+00  2.71e+01 
  7200| 1.72e-04  3.21e-05  4.19e-03 -1.06e-01 -1.01e-01  0.00e+00  2.74e+01 
  7300| 1.70e-04  3.17e-05  4.14e-03 -1.06e-01 -1.01e-01  0.00e+00  2.77e+01 
  7400| 1.68e-04  3.13e-05  4.09e-03 -1.06e-01 -1.01e-01  0.00e+00  2.79e+01 
  7500| 1.65e-04  3.09e-05  4.04e-03 -1.06e-01 -1.01e-01  0.00e+00  2.82e+01 
  7600| 1.63e-04  3.05e-05  3.99e-03 -1.06e-01 -1.01e-01  0.00e+00  2.84e+01 
  7700| 1.61e-04  3.01e-05  3.93e-03 -1.05e-01 -1.01e-01  0.00e+00  2.87e+01 
  7800| 1.59e-04  2.97e-05  3.89e-03 -1.05e-01 -1.01e-01  0.00e+00  2.89e+01 
  7900| 1.57e-04  2.93e-05  3.84e-03 -1.05e-01 -1.01e-01  0.00e+00  2.92e+01 
  8000| 1.55e-04  2.89e-05  3.79e-03 -1.05e-01 -1.01e-01  0.00e+00  2.95e+01 
  8100| 1.53e-04  2.86e-05  3.74e-03 -1.05e-01 -1.00e-01  0.00e+00  2.97e+01 
  8200| 1.51e-04  2.82e-05  3.69e-03 -1.05e-01 -1.00e-01  0.00e+00  3.00e+01 
  8300| 1.49e-04  2.78e-05  3.65e-03 -1.05e-01 -1.00e-01  0.00e+00  3.02e+01 
  8400| 1.48e-04  2.75e-05  3.60e-03 -1.05e-01 -1.00e-01  0.00e+00  3.05e+01 
  8500| 1.46e-04  2.71e-05  3.55e-03 -1.05e-01 -1.00e-01  0.00e+00  3.07e+01 
  8600| 1.44e-04  2.68e-05  3.51e-03 -1.04e-01 -1.00e-01  0.00e+00  3.10e+01 
  8700| 1.42e-04  2.64e-05  3.46e-03 -1.04e-01 -1.00e-01  0.00e+00  3.12e+01 
  8800| 1.41e-04  2.61e-05  3.42e-03 -1.04e-01 -1.00e-01  0.00e+00  3.14e+01 
  8900| 1.39e-04  2.57e-05  3.38e-03 -1.04e-01 -1.00e-01  0.00e+00  3.17e+01 
  9000| 1.38e-04  2.54e-05  3.33e-03 -1.04e-01 -1.00e-01  0.00e+00  3.19e+01 
  9100| 1.36e-04  2.51e-05  3.29e-03 -1.04e-01 -1.00e-01  0.00e+00  3.22e+01 
  9200| 1.35e-04  2.47e-05  3.25e-03 -1.04e-01 -1.00e-01  0.00e+00  3.24e+01 
  9300| 1.33e-04  2.44e-05  3.21e-03 -1.04e-01 -1.00e-01  0.00e+00  3.27e+01 
  9400| 1.32e-04  2.41e-05  3.17e-03 -1.04e-01 -1.00e-01  0.00e+00  3.29e+01 
  9500| 1.30e-04  2.38e-05  3.13e-03 -1.04e-01 -9.99e-02  0.00e+00  3.32e+01 
  9600| 1.29e-04  2.35e-05  3.09e-03 -1.04e-01 -9.99e-02  0.00e+00  3.34e+01 
  9700| 1.28e-04  2.32e-05  3.05e-03 -1.04e-01 -9.99e-02  0.00e+00  3.36e+01 
  9800| 1.26e-04  2.29e-05  3.01e-03 -1.03e-01 -9.98e-02  0.00e+00  3.39e+01 
  9900| 1.25e-04  2.26e-05  2.97e-03 -1.03e-01 -9.98e-02  0.00e+00  3.41e+01 
 10000| 1.24e-04  2.23e-05  2.93e-03 -1.03e-01 -9.98e-02  0.00e+00  3.44e+01 
 10100| 1.22e-04  2.20e-05  2.89e-03 -1.03e-01 -9.98e-02  0.00e+00  3.46e+01 
 10200| 1.21e-04  2.17e-05  2.86e-03 -1.03e-01 -9.97e-02  0.00e+00  3.49e+01 
 10300| 1.20e-04  2.14e-05  2.82e-03 -1.03e-01 -9.97e-02  0.00e+00  3.51e+01 
 10400| 1.19e-04  2.11e-05  2.78e-03 -1.03e-01 -9.97e-02  0.00e+00  3.54e+01 
 10500| 1.18e-04  2.09e-05  2.75e-03 -1.03e-01 -9.96e-02  0.00e+00  3.56e+01 
 10600| 1.17e-04  2.06e-05  2.71e-03 -1.03e-01 -9.96e-02  0.00e+00  3.58e+01 
 10700| 1.16e-04  2.03e-05  2.68e-03 -1.03e-01 -9.96e-02  0.00e+00  3.61e+01 
 10800| 1.15e-04  2.01e-05  2.64e-03 -1.03e-01 -9.96e-02  0.00e+00  3.63e+01 
 10900| 1.14e-04  1.98e-05  2.61e-03 -1.03e-01 -9.96e-02  0.00e+00  3.66e+01 
 11000| 1.13e-04  1.95e-05  2.58e-03 -1.03e-01 -9.95e-02  0.00e+00  3.68e+01 
 11100| 1.12e-04  1.93e-05  2.54e-03 -1.03e-01 -9.95e-02  0.00e+00  3.71e+01 
 11200| 1.11e-04  1.90e-05  2.51e-03 -1.03e-01 -9.95e-02  0.00e+00  3.73e+01 
 11300| 1.10e-04  1.88e-05  2.48e-03 -1.02e-01 -9.95e-02  0.00e+00  3.75e+01 
 11400| 1.09e-04  1.86e-05  2.45e-03 -1.02e-01 -9.94e-02  0.00e+00  3.78e+01 
 11500| 1.08e-04  1.83e-05  2.42e-03 -1.02e-01 -9.94e-02  0.00e+00  3.80e+01 
 11600| 1.07e-04  1.81e-05  2.38e-03 -1.02e-01 -9.94e-02  0.00e+00  3.83e+01 
 11700| 1.06e-04  1.78e-05  2.35e-03 -1.02e-01 -9.94e-02  0.00e+00  3.85e+01 
 11800| 1.05e-04  1.76e-05  2.32e-03 -1.02e-01 -9.94e-02  0.00e+00  3.88e+01 
 11900| 1.04e-04  1.74e-05  2.29e-03 -1.02e-01 -9.93e-02  3.52e-16  3.90e+01 
 12000| 1.03e-04  1.72e-05  2.26e-03 -1.02e-01 -9.93e-02  3.53e-16  3.92e+01 
 12100| 1.03e-04  1.69e-05  2.24e-03 -1.02e-01 -9.93e-02  7.10e-16  3.95e+01 
 12200| 1.02e-04  1.67e-05  2.21e-03 -1.02e-01 -9.93e-02  7.13e-16  3.97e+01 
 12300| 1.01e-04  1.65e-05  2.18e-03 -1.02e-01 -9.93e-02  0.00e+00  4.00e+01 
 12400| 1.00e-04  1.63e-05  2.15e-03 -1.02e-01 -9.93e-02  0.00e+00  4.02e+01 
 12500| 9.96e-05  1.61e-05  2.12e-03 -1.02e-01 -9.92e-02  3.62e-16  4.05e+01 
 12600| 9.88e-05  1.59e-05  2.09e-03 -1.02e-01 -9.92e-02  3.63e-16  4.07e+01 
 12700| 9.81e-05  1.56e-05  2.07e-03 -1.02e-01 -9.92e-02  3.65e-16  4.09e+01 
 12800| 9.74e-05  1.54e-05  2.04e-03 -1.02e-01 -9.92e-02  0.00e+00  4.12e+01 
 12900| 9.67e-05  1.52e-05  2.02e-03 -1.02e-01 -9.92e-02  3.68e-16  4.14e+01 
 13000| 9.61e-05  1.50e-05  1.99e-03 -1.02e-01 -9.92e-02  3.69e-16  4.17e+01 
 13100| 9.54e-05  1.49e-05  1.96e-03 -1.02e-01 -9.91e-02  7.42e-16  4.19e+01 
 13200| 9.48e-05  1.47e-05  1.94e-03 -1.01e-01 -9.91e-02  3.73e-16  4.22e+01 
 13300| 9.41e-05  1.45e-05  1.91e-03 -1.01e-01 -9.91e-02  3.74e-16  4.24e+01 
 13400| 9.35e-05  1.43e-05  1.89e-03 -1.01e-01 -9.91e-02  3.76e-16  4.27e+01 
 13500| 9.29e-05  1.41e-05  1.86e-03 -1.01e-01 -9.91e-02  0.00e+00  4.31e+01 
 13600| 9.23e-05  1.39e-05  1.84e-03 -1.01e-01 -9.91e-02  0.00e+00  4.34e+01 
 13700| 9.17e-05  1.37e-05  1.82e-03 -1.01e-01 -9.91e-02  0.00e+00  4.38e+01 
 13800| 9.12e-05  1.36e-05  1.79e-03 -1.01e-01 -9.91e-02  0.00e+00  4.41e+01 
 13900| 9.06e-05  1.34e-05  1.77e-03 -1.01e-01 -9.90e-02  0.00e+00  4.45e+01 
 14000| 9.01e-05  1.32e-05  1.75e-03 -1.01e-01 -9.90e-02  3.84e-16  4.48e+01 
 14100| 8.95e-05  1.30e-05  1.73e-03 -1.01e-01 -9.90e-02  3.86e-16  4.51e+01 
 14200| 8.90e-05  1.29e-05  1.70e-03 -1.01e-01 -9.90e-02  3.87e-16  4.55e+01 
 14300| 8.85e-05  1.27e-05  1.68e-03 -1.01e-01 -9.90e-02  0.00e+00  4.57e+01 
 14400| 8.80e-05  1.25e-05  1.66e-03 -1.01e-01 -9.90e-02  3.90e-16  4.60e+01 
 14500| 8.75e-05  1.24e-05  1.64e-03 -1.01e-01 -9.90e-02  3.91e-16  4.62e+01 
 14600| 8.70e-05  1.22e-05  1.62e-03 -1.01e-01 -9.90e-02  7.85e-16  4.65e+01 
 14700| 8.66e-05  1.21e-05  1.60e-03 -1.01e-01 -9.89e-02  0.00e+00  4.67e+01 
 14800| 8.61e-05  1.19e-05  1.58e-03 -1.01e-01 -9.89e-02  3.95e-16  4.70e+01 
 14900| 8.56e-05  1.18e-05  1.56e-03 -1.01e-01 -9.89e-02  0.00e+00  4.72e+01 
 15000| 8.52e-05  1.16e-05  1.54e-03 -1.01e-01 -9.89e-02  3.98e-16  4.75e+01 
 15100| 8.48e-05  1.15e-05  1.52e-03 -1.01e-01 -9.89e-02  3.99e-16  4.77e+01 
 15200| 8.43e-05  1.13e-05  1.50e-03 -1.01e-01 -9.89e-02  4.00e-16  4.79e+01 
 15300| 8.39e-05  1.12e-05  1.48e-03 -1.01e-01 -9.89e-02  0.00e+00  4.82e+01 
 15400| 8.35e-05  1.10e-05  1.46e-03 -1.01e-01 -9.89e-02  4.03e-16  4.84e+01 
 15500| 8.31e-05  1.09e-05  1.44e-03 -1.01e-01 -9.89e-02  4.04e-16  4.87e+01 
 15600| 8.27e-05  1.07e-05  1.42e-03 -1.01e-01 -9.89e-02  0.00e+00  4.89e+01 
 15700| 8.23e-05  1.06e-05  1.40e-03 -1.01e-01 -9.89e-02  4.07e-16  4.92e+01 
 15800| 8.20e-05  1.05e-05  1.39e-03 -1.01e-01 -9.88e-02  4.08e-16  4.94e+01 
 15900| 8.16e-05  1.03e-05  1.37e-03 -1.00e-01 -9.88e-02  8.18e-16  4.96e+01 
 16000| 8.12e-05  1.02e-05  1.35e-03 -1.00e-01 -9.88e-02  4.10e-16  4.99e+01 
 16100| 8.09e-05  1.01e-05  1.34e-03 -1.00e-01 -9.88e-02  4.11e-16  5.01e+01 
 16200| 8.05e-05  9.95e-06  1.32e-03 -1.00e-01 -9.88e-02  0.00e+00  5.04e+01 
 16300| 8.02e-05  9.82e-06  1.30e-03 -1.00e-01 -9.88e-02  4.14e-16  5.06e+01 
 16400| 7.98e-05  9.70e-06  1.29e-03 -1.00e-01 -9.88e-02  8.30e-16  5.09e+01 
 16500| 7.95e-05  9.57e-06  1.27e-03 -1.00e-01 -9.88e-02  4.16e-16  5.11e+01 
 16600| 7.92e-05  9.45e-06  1.25e-03 -1.00e-01 -9.88e-02  4.17e-16  5.13e+01 
 16700| 7.89e-05  9.33e-06  1.24e-03 -1.00e-01 -9.88e-02  4.18e-16  5.16e+01 
 16800| 7.86e-05  9.22e-06  1.22e-03 -1.00e-01 -9.88e-02  4.19e-16  5.18e+01 
 16900| 7.83e-05  9.10e-06  1.21e-03 -1.00e-01 -9.88e-02  4.20e-16  5.21e+01 
 17000| 7.80e-05  8.99e-06  1.19e-03 -1.00e-01 -9.87e-02  0.00e+00  5.23e+01 
 17100| 7.77e-05  8.88e-06  1.18e-03 -1.00e-01 -9.87e-02  4.22e-16  5.26e+01 
 17200| 7.74e-05  8.77e-06  1.16e-03 -1.00e-01 -9.87e-02  4.23e-16  5.28e+01 
 17300| 7.71e-05  8.66e-06  1.15e-03 -1.00e-01 -9.87e-02  0.00e+00  5.30e+01 
 17400| 7.68e-05  8.55e-06  1.13e-03 -1.00e-01 -9.87e-02  0.00e+00  5.33e+01 
 17500| 7.66e-05  8.44e-06  1.12e-03 -1.00e-01 -9.87e-02  4.27e-16  5.35e+01 
 17600| 7.63e-05  8.34e-06  1.11e-03 -1.00e-01 -9.87e-02  0.00e+00  5.38e+01 
 17700| 7.60e-05  8.24e-06  1.09e-03 -1.00e-01 -9.87e-02  4.29e-16  5.40e+01 
 17800| 7.58e-05  8.13e-06  1.08e-03 -1.00e-01 -9.87e-02  8.59e-16  5.43e+01 
 17900| 7.56e-05  8.03e-06  1.07e-03 -1.00e-01 -9.87e-02  4.31e-16  5.45e+01 
 18000| 7.53e-05  7.93e-06  1.05e-03 -9.99e-02 -9.87e-02  4.31e-16  5.47e+01 
 18100| 7.51e-05  7.84e-06  1.04e-03 -9.99e-02 -9.87e-02  4.32e-16  5.50e+01 
 18200| 7.48e-05  7.74e-06  1.03e-03 -9.99e-02 -9.87e-02  4.33e-16  5.54e+01 
 18300| 7.46e-05  7.65e-06  1.01e-03 -9.99e-02 -9.87e-02  4.34e-16  5.57e+01 
 18400| 7.44e-05  7.55e-06  1.00e-03 -9.99e-02 -9.87e-02  0.00e+00  5.60e+01 
 18500| 7.41e-05  7.46e-06  9.91e-04 -9.98e-02 -9.86e-02  4.36e-16  5.63e+01 
 18600| 7.39e-05  7.37e-06  9.79e-04 -9.98e-02 -9.86e-02  0.00e+00  5.65e+01 
 18700| 7.37e-05  7.28e-06  9.67e-04 -9.98e-02 -9.86e-02  0.00e+00  5.67e+01 
 18800| 7.35e-05  7.19e-06  9.55e-04 -9.98e-02 -9.86e-02  0.00e+00  5.70e+01 
 18900| 7.33e-05  7.11e-06  9.44e-04 -9.98e-02 -9.86e-02  0.00e+00  5.73e+01 
 19000| 7.31e-05  7.02e-06  9.32e-04 -9.97e-02 -9.86e-02  0.00e+00  5.76e+01 
 19100| 7.29e-05  6.94e-06  9.21e-04 -9.97e-02 -9.86e-02  0.00e+00  5.79e+01 
 19200| 7.27e-05  6.86e-06  9.10e-04 -9.97e-02 -9.86e-02  0.00e+00  5.81e+01 
 19300| 7.25e-05  6.77e-06  8.99e-04 -9.97e-02 -9.86e-02  0.00e+00  5.83e+01 
 19400| 7.23e-05  6.69e-06  8.89e-04 -9.97e-02 -9.86e-02  0.00e+00  5.86e+01 
 19500| 7.21e-05  6.61e-06  8.78e-04 -9.96e-02 -9.86e-02  0.00e+00  5.88e+01 
 19600| 7.19e-05  6.54e-06  8.68e-04 -9.96e-02 -9.86e-02  0.00e+00  5.91e+01 
 19700| 7.18e-05  6.46e-06  8.58e-04 -9.96e-02 -9.86e-02  0.00e+00  5.93e+01 
 19800| 7.16e-05  6.38e-06  8.48e-04 -9.96e-02 -9.86e-02  0.00e+00  5.96e+01 
 19900| 7.14e-05  6.31e-06  8.38e-04 -9.96e-02 -9.86e-02  0.00e+00  5.98e+01 
 20000| 7.12e-05  6.23e-06  8.28e-04 -9.96e-02 -9.86e-02  0.00e+00  6.01e+01 
 20100| 7.11e-05  6.16e-06  8.18e-04 -9.95e-02 -9.86e-02  0.00e+00  6.03e+01 
 20200| 7.09e-05  6.09e-06  8.09e-04 -9.95e-02 -9.86e-02  0.00e+00  6.05e+01 
 20300| 7.07e-05  6.02e-06  8.00e-04 -9.95e-02 -9.85e-02  0.00e+00  6.08e+01 
 20400| 7.06e-05  5.95e-06  7.90e-04 -9.95e-02 -9.85e-02  0.00e+00  6.10e+01 
 20500| 7.04e-05  5.88e-06  7.81e-04 -9.95e-02 -9.85e-02  0.00e+00  6.13e+01 
 20600| 7.03e-05  5.81e-06  7.72e-04 -9.95e-02 -9.85e-02  0.00e+00  6.15e+01 
 20700| 7.01e-05  5.75e-06  7.64e-04 -9.94e-02 -9.85e-02  0.00e+00  6.18e+01 
 20800| 7.00e-05  5.68e-06  7.55e-04 -9.94e-02 -9.85e-02  0.00e+00  6.20e+01 
 20900| 6.98e-05  5.62e-06  7.46e-04 -9.94e-02 -9.85e-02  0.00e+00  6.22e+01 
 21000| 6.97e-05  5.55e-06  7.38e-04 -9.94e-02 -9.85e-02  0.00e+00  6.25e+01 
 21100| 6.95e-05  5.49e-06  7.30e-04 -9.94e-02 -9.85e-02  0.00e+00  6.27e+01 
 21200| 6.94e-05  5.43e-06  7.21e-04 -9.94e-02 -9.85e-02  0.00e+00  6.30e+01 
 21300| 6.93e-05  5.37e-06  7.13e-04 -9.94e-02 -9.85e-02  0.00e+00  6.32e+01 
 21400| 6.91e-05  5.31e-06  7.05e-04 -9.93e-02 -9.85e-02  0.00e+00  6.35e+01 
 21500| 6.90e-05  5.25e-06  6.98e-04 -9.93e-02 -9.85e-02  0.00e+00  6.37e+01 
 21600| 6.89e-05  5.19e-06  6.90e-04 -9.93e-02 -9.85e-02  0.00e+00  6.39e+01 
 21700| 6.87e-05  5.13e-06  6.82e-04 -9.93e-02 -9.85e-02  0.00e+00  6.42e+01 
 21800| 6.86e-05  5.08e-06  6.75e-04 -9.93e-02 -9.85e-02  0.00e+00  6.44e+01 
 21900| 6.85e-05  5.02e-06  6.67e-04 -9.93e-02 -9.85e-02  0.00e+00  6.47e+01 
 22000| 6.83e-05  4.97e-06  6.60e-04 -9.93e-02 -9.85e-02  0.00e+00  6.49e+01 
 22100| 6.82e-05  4.91e-06  6.53e-04 -9.92e-02 -9.85e-02  0.00e+00  6.52e+01 
 22200| 6.81e-05  4.86e-06  6.46e-04 -9.92e-02 -9.85e-02  0.00e+00  6.54e+01 
 22300| 6.80e-05  4.81e-06  6.39e-04 -9.92e-02 -9.85e-02  0.00e+00  6.56e+01 
 22400| 6.79e-05  4.75e-06  6.32e-04 -9.92e-02 -9.85e-02  0.00e+00  6.59e+01 
 22500| 6.78e-05  4.70e-06  6.25e-04 -9.92e-02 -9.84e-02  0.00e+00  6.61e+01 
 22600| 6.76e-05  4.65e-06  6.19e-04 -9.92e-02 -9.84e-02  0.00e+00  6.64e+01 
 22700| 6.75e-05  4.60e-06  6.12e-04 -9.92e-02 -9.84e-02  0.00e+00  6.66e+01 
 22800| 6.74e-05  4.56e-06  6.06e-04 -9.92e-02 -9.84e-02  0.00e+00  6.69e+01 
 22900| 6.73e-05  4.51e-06  5.99e-04 -9.92e-02 -9.84e-02  0.00e+00  6.71e+01 
 23000| 6.72e-05  4.46e-06  5.93e-04 -9.91e-02 -9.84e-02  0.00e+00  6.73e+01 
 23100| 6.71e-05  4.41e-06  5.87e-04 -9.91e-02 -9.84e-02  0.00e+00  6.76e+01 
 23200| 6.70e-05  4.37e-06  5.81e-04 -9.91e-02 -9.84e-02  0.00e+00  6.78e+01 
 23300| 6.69e-05  4.32e-06  5.75e-04 -9.91e-02 -9.84e-02  0.00e+00  6.81e+01 
 23400| 6.68e-05  4.28e-06  5.69e-04 -9.91e-02 -9.84e-02  0.00e+00  6.83e+01 
 23500| 6.67e-05  4.23e-06  5.63e-04 -9.91e-02 -9.84e-02  0.00e+00  6.86e+01 
 23600| 6.66e-05  4.19e-06  5.57e-04 -9.91e-02 -9.84e-02  0.00e+00  6.88e+01 
 23700| 6.65e-05  4.15e-06  5.52e-04 -9.91e-02 -9.84e-02  0.00e+00  6.90e+01 
 23800| 6.64e-05  4.11e-06  5.46e-04 -9.91e-02 -9.84e-02  0.00e+00  6.93e+01 
 23900| 6.63e-05  4.07e-06  5.41e-04 -9.90e-02 -9.84e-02  0.00e+00  6.95e+01 
 24000| 6.62e-05  4.02e-06  5.35e-04 -9.90e-02 -9.84e-02  0.00e+00  6.98e+01 
 24100| 6.61e-05  3.98e-06  5.30e-04 -9.90e-02 -9.84e-02  0.00e+00  7.00e+01 
 24200| 6.60e-05  3.94e-06  5.25e-04 -9.90e-02 -9.84e-02  0.00e+00  7.03e+01 
 24300| 6.59e-05  3.91e-06  5.19e-04 -9.90e-02 -9.84e-02  0.00e+00  7.05e+01 
 24400| 6.58e-05  3.87e-06  5.14e-04 -9.90e-02 -9.84e-02  0.00e+00  7.07e+01 
 24500| 6.57e-05  3.83e-06  5.09e-04 -9.90e-02 -9.84e-02  0.00e+00  7.10e+01 
 24600| 6.56e-05  3.79e-06  5.04e-04 -9.90e-02 -9.84e-02  0.00e+00  7.12e+01 
 24700| 6.55e-05  3.76e-06  4.99e-04 -9.90e-02 -9.84e-02  0.00e+00  7.15e+01 
 24800| 6.54e-05  3.72e-06  4.95e-04 -9.90e-02 -9.84e-02  0.00e+00  7.17e+01 
 24900| 6.54e-05  3.68e-06  4.90e-04 -9.89e-02 -9.84e-02  0.00e+00  7.20e+01 
 25000| 6.53e-05  3.65e-06  4.85e-04 -9.89e-02 -9.84e-02  0.00e+00  7.22e+01 
 25100| 6.52e-05  3.61e-06  4.81e-04 -9.89e-02 -9.83e-02  0.00e+00  7.24e+01 
 25200| 6.51e-05  3.58e-06  4.76e-04 -9.89e-02 -9#SOLVERNAME# SCS
#SOLVER# SCS.SCSSolver(Any[(:verbose, 1), (:eps, 0.0001), (:max_iters, 50000)])
#INSTANCE# multiportfolio_socexp_10.cbf.gz
#TIMELIMIT# 300.0
#STATUS# Optimal
#OBJVAL# -0.09837321932852508
#OBJBOUND# NaN
#NODECOUNT# NaN
#TIMESOLVER# 80.50854992866516
#TIMEALL# 82.40832281112671
#SOLUTION# [0.04130142594088504,2.2973224726277403e-10,1.265989486507307e-8,5.933313271180959e-8,1.0390508469079797e-8,-4.419741301576946e-8,1.0799661952513138e-8,-1.1105821844477683e-7,-8.4399249523808e-8,-7.986107081064422e-8,0.04117697584255546,-1.1747935893652643e-8,-3.330376393158668e-9,0.005217100274851639,-6.201490303309789e-8,0.014993545242082355,0.0132235159531314,0.0486564902163261,5.724042337519621e-10,-4.9644455591984075e-8,0.027636512752335723,-8.684938994578438e-8,0.031571504799172576,-6.485634151354038e-8,-7.426679571501714e-8,0.02755475743641041,-2.1494289091619978e-9,-1.7925378575442505e-8,0.057040079026351075,0.001340654430680931,-9.64537322152934e-9,-5.590375216572907e-8,0.03425559658040631,0.029873998660669178,0.0360828753280519,-3.3647936331262966e-9,-1.7451209300519454e-8,0.001437360747202966,-5.246975662924427e-8,-7.95222244905725e-8,2.783442728969542e-8,0.018321879603545182,2.3196895402576693e-8,-5.376162001210873e-9,0.020980359057753303,-3.602061913892053e-8,0.016355800951827718,0.03189253728828957,-6.567846936726934e-9,6.680969990905959e-9,0.020791135881009972,0.015416453531125944,0.030090232567737858,-6.574254919674736e-8,-4.742731736830742e-8,0.02562461437746356,-2.9733195168829348e-8,-5.617604451250509e-8,0.013657070950834531,1.3481367414345482e-8,-6.500874435443772e-9,-7.599310726557677e-8,-1.988419152563618e-8,1.5550062887517962e-9,0.014992061615786385,-7.401838594332399e-8,0.020397497624586074,-3.243828177533194e-8,0.031553265226096014,-3.6542968677633334e-9,-5.076791723124985e-8,-2.2175795455870744e-8,0.02091358472499332,-3.4418440153869086e-8,-7.322588624970586e-9,-9.996784097891233e-8,-9.505865147031868e-8,-8.929847564959106e-8,-2.9935778016658983e-7,-5.810877816978797e-8,-1.2021191444692666e-7,-7.569524115542552e-8,-1.3305209805296667e-7,-6.792873050492879e-8,-2.670153085260821e-7,-6.799147459516801e-8,-7.38812371395145e-8,0.05283851680069834,-5.7914210360913664e-8,-1.224159314414155e-7,0.028307873765923662,0.16914313384279248,-4.0341125138477414e-8,0.03651160277865983,-7.270316621361057e-8,-3.62893725467211e-8,-1.1166555139092897e-7,-9.764807384704176e-8,-1.4381498900613126e-7,-7.672300674863587e-8,-4.050430564063007e-8,-1.5649013452531107e-7,-6.123162236523324e-8,-5.059513481731751e-8,-5.320402719930232e-8,-9.925188369702436e-8,-3.014548301405364e-8,-1.9257207102775487e-7,-6.031016133178111e-7,-6.34992366460542e-8,-4.031864713975995e-8,-6.564343176196014e-8,-8.253984542145607e-8,-9.032995208507318e-8,-1.4070965174148843e-7,-6.463216260478698e-8,-2.903734168158467e-7,-2.026018921987889e-7,-8.09475471268703e-8,0.014554458858485202,0.020726716246729667,0.0011868028476340413,0.0023828949808083685,0.004212598963600333,0.0017954521534087645,0.002980838059167063,0.003545681527928829,0.0017159955441333275,0.0033756719692451475,0.002594774496207136,0.018618014271715753,0.0023699217979116067,0.0007775146995076403,0.0093666429320347,0.0012657172026210566,0.014729800639295958,0.014908500382612155,0.01845638624856492,0.00317218596941126,0.005244110135138936,0.022148131675364953,0.0005623882612279973,0.014860626181662388,0.004960633510402134,0.0018634310435634727,0.012299235168414191,0.0027586351297874006,0.004192282578563119,0.018384034765971925,0.009085818958229151,0.0010529097609210366,0.0016754349806507084,0.013426394588331829,0.01971718104067768,0.01461093178495771,0.0029145280462675493,0.0014973882941679635,0.007219562254172116,0.005184006059144383,0.004387332838697358,0.002288699761244399,0.01473359502254434,0.0027642419544069378,0.003232606933686307,0.013697397320999111,0.0026320981248009094,0.011875057531528519,0.0203592180844748,0.0018433900273898908,0.003639336202633825,0.019650558317420772,0.012328865216283574,0.015503458165254903,0.0021674210591924844,0.004306220675334364,0.017660936252601168,0.002185590071089967,0.00431907720925126,0.01328624596838389,0.003629688798568348,0.00253600308314662,0.003015630184854425,0.0019036451949201358,0.0030561758583818478,0.017212493838758544,0.001899413121859953,0.01634636426427862,0.0004002918381383729,0.014969186002290935,0.0013320459127162084,0.0024828407379250575,0.0013200030442086532,0.01698474615162187,0.007329734580281966,0.0010688880215973646,0.0013765002142205017,0.000640862344040862,0.00023371840721704034,0.0006004287597289308,0.00035560799573275853,0.0010062765492698938,-0.001004787080020712,-0.0008591950810723983,-0.0004491558260083905,-0.0004927064520586039,0.001906947829497263,-0.00011660081551209321,0.04408577662024233,-2.2155161256356406e-5,0.00027474959340443753,0.021062628651034098,0.045612375238957586,0.006859111535931733,0.03090688315588123,0.0003487334483243701,0.0036403742958863684,0.004990303064857433,0.006361302036038948,0.003642169201905143,-4.4114622077179916e-6,0.002682798724925964,0.0042938456960168025,0.017348341863301215,0.007223380903715072,0.001370304109382425,0.00011168837733661213,7.038600786300432e-5,0.0002164452459473366,0.0009215075139200317,0.00033881748131748944,0.0001251696822437307,-0.0003679440801406319,-0.00012640715530940885,0.00014750169242446246,-0.0005002488747851671,0.00026383779592405876,0.00020014945015926858,0.0005428051765137003,7.062277990214539e-5,0.03272400849370056,0.0013878751564416183,0.0006514873680848086,0.0002441419787120507,0.000611006198475162,0.00036607407628875676,0.0010172208421165884,-0.0009939200649988099,-0.0008484517011790383,-0.0004386819566399509,-0.0004821691391466828,0.0019191744870279688,-0.00010619613263741563,0.04505462880600294,-1.176256664698414e-5,0.00028520946076251053,-0.0013651816301369793,-0.0006302805648110269,-0.0002232702114327991,-0.00058986686930115,-0.00034513948971917526,-0.00099538119204559,0.0010157131809995052,0.0008699935403879788,0.00045967936288491515,0.0005032549589955768,-0.0018947429642334973,0.00012703067559043975,-0.043089627949572766,3.254592003018217e-5,-0.00026429115934196854,0.021254169087374243,0.046608232566819126,0.006853941110669606,0.03135083639273974,0.00032022848879366796,0.0036183745839241583,0.004974097019114723,0.0063528997005477,0.0036202265908904154,-3.300861661162714e-5,0.002657789670781555,0.004274463128443379,0.01746925317280477,0.007220763451550024,0.0013426740441753837,-0.020867652973933684,-0.04458414979369124,-0.0068640189923897315,-0.030452578664236018,-0.00037725791872017685,-0.003662253858754587,-0.005006354738407226,-0.006369552660042166,-0.0036641058653654763,-2.4172046829097893e-5,-0.002707741469836371,-0.0043131493478491744,-0.017225394844449418,-0.007225736691547536,-0.001397893347004409,0.00013888960626686807,9.757550068499712e-5,0.00024367671183417555,0.0009491574443575867,0.0003660904236154274,0.0001523538568093083,-0.0003407141673201748,-9.921616260654288e-5,0.00017469655789174925,-0.000472948616353214,0.00029108427985148237,0.0002273344054925596,0.0005701644608296664,9.780583749418014e-5,0.03328176805702569,-8.449552632649059e-5,-4.320236202804687e-5,-0.0001892616933269517,-0.0008939211213310148,-0.0003115613965591014,-9.798071805426638e-5,0.00039518735010350095,0.00015358464648373898,-0.000120302479301703,0.0005275730324291896,-0.00023664832184224955,-0.0001729449821198079,-0.0005154981653964569,-4.343269881786968e-5,-0.03215634822958408]
.83e-02  0.00e+00  7.27e+01 
 25300| 6.50e-05  3.55e-06  4.72e-04 -9.89e-02 -9.83e-02  0.00e+00  7.29e+01 
 25400| 6.49e-05  3.51e-06  4.67e-04 -9.89e-02 -9.83e-02  0.00e+00  7.32e+01 
 25500| 6.49e-05  3.48e-06  4.63e-04 -9.89e-02 -9.83e-02  0.00e+00  7.34e+01 
 25600| 6.28e-05  3.09e-06  4.04e-04 -9.88e-02 -9.83e-02  0.00e+00  7.37e+01 
 25700| 6.26e-05  2.86e-06  3.85e-04 -9.88e-02 -9.83e-02  0.00e+00  7.39e+01 
 25800| 6.24e-05  2.73e-06  3.66e-04 -9.88e-02 -9.83e-02  0.00e+00  7.41e+01 
 25900| 6.22e-05  2.60e-06  3.48e-04 -9.87e-02 -9.83e-02  0.00e+00  7.44e+01 
 26000| 6.20e-05  2.47e-06  3.30e-04 -9.87e-02 -9.83e-02  0.00e+00  7.46e+01 
 26100| 6.19e-05  2.34e-06  3.13e-04 -9.87e-02 -9.83e-02  0.00e+00  7.49e+01 
 26200| 6.17e-05  2.22e-06  2.97e-04 -9.87e-02 -9.83e-02  0.00e+00  7.51e+01 
 26300| 6.16e-05  2.11e-06  2.82e-04 -9.86e-02 -9.83e-02  0.00e+00  7.54e+01 
 26400| 6.14e-05  2.00e-06  2.68e-04 -9.86e-02 -9.83e-02  0.00e+00  7.56e+01 
 26500| 6.13e-05  1.90e-06  2.54e-04 -9.86e-02 -9.83e-02  0.00e+00  7.58e+01 
 26600| 6.11e-05  1.80e-06  2.41e-04 -9.86e-02 -9.83e-02  0.00e+00  7.61e+01 
 26700| 6.10e-05  1.71e-06  2.28e-04 -9.86e-02 -9.83e-02  0.00e+00  7.63e+01 
 26800| 6.09e-05  1.62e-06  2.17e-04 -9.86e-02 -9.83e-02  0.00e+00  7.66e+01 
 26900| 6.07e-05  1.54e-06  2.05e-04 -9.85e-02 -9.83e-02  0.00e+00  7.68e+01 
 27000| 6.06e-05  1.46e-06  1.95e-04 -9.85e-02 -9.83e-02  0.00e+00  7.71e+01 
 27100| 6.05e-05  1.38e-06  1.84e-04 -9.85e-02 -9.83e-02  0.00e+00  7.73e+01 
 27200| 6.04e-05  1.31e-06  1.75e-04 -9.85e-02 -9.83e-02  0.00e+00  7.75e+01 
 27300| 6.03e-05  1.24e-06  1.66e-04 -9.85e-02 -9.83e-02  0.00e+00  7.78e+01 
 27400| 6.01e-05  1.17e-06  1.57e-04 -9.85e-02 -9.83e-02  0.00e+00  7.80e+01 
 27500| 6.00e-05  1.11e-06  1.48e-04 -9.85e-02 -9.83e-02  0.00e+00  7.83e+01 
 27600| 5.99e-05  1.05e-06  1.40e-04 -9.84e-02 -9.83e-02  0.00e+00  7.85e+01 
 27700| 5.98e-05  9.99e-07  1.33e-04 -9.84e-02 -9.83e-02  0.00e+00  7.87e+01 
 27800| 5.97e-05  9.45e-07  1.26e-04 -9.84e-02 -9.83e-02  0.00e+00  7.90e+01 
 27900| 5.96e-05  8.95e-07  1.19e-04 -9.84e-02 -9.83e-02  0.00e+00  7.92e+01 
 28000| 5.95e-05  8.48e-07  1.12e-04 -9.84e-02 -9.83e-02  0.00e+00  7.95e+01 
 28100| 5.94e-05  8.01e-07  1.06e-04 -9.84e-02 -9.83e-02  0.00e+00  7.97e+01 
 28200| 5.93e-05  7.58e-07  1.00e-04 -9.84e-02 -9.83e-02  0.00e+00  8.00e+01 
 28220| 5.93e-05  7.49e-07  9.92e-05 -9.84e-02 -9.83e-02  0.00e+00  8.00e+01 
----------------------------------------------------------------------------
Status: Solved
Timing: Solve time: 8.00e+01s
	Lin-sys: nnz in L factor: 6847, avg solve time: 2.31e-05s
	Cones: avg projection time: 2.80e-03s
----------------------------------------------------------------------------
Error metrics:
dist(s, K) = 1.8524e-14, dist(y, K*) = 5.5511e-17, s'y/|s||y| = 4.5760e-10
|Ax + s - b|_2 / (1 + |b|_2) = 5.9294e-05
|A'y + c|_2 / (1 + |c|_2) = 7.4929e-07
|c'x + b'y| / (1 + |c'x| + |b'y|) = 9.9197e-05
----------------------------------------------------------------------------
c'x = -0.0984, -b'y = -0.0983
============================================================================
