WARNING: Method definition require(Symbol) in module Base at loading.jl:345 overwritten in module ConicBenchmarkUtilities at /home/ubuntu/.julia/v0.5/Requires/src/require.jl:12.
#SOLVERNAME# PAJ_NEW_MSD_CPLEX_MOSEK_tols
#SOLVER# Pajarito.PajaritoSolver(2,3600.0,1.0e-5,true,CPLEX.CplexSolver(Any[(:CPX_PARAM_THREADS,1),(:CPX_PARAM_TILIM,3600.0),(:CPX_PARAM_EPINT,1.0e-8),(:CPX_PARAM_EPRHS,1.0e-8),(:CPX_PARAM_SCRIND,0),(:CPX_PARAM_EPGAP,1.0e-5)]),CPLEX.CplexSolver(Any[]),0,false,true,Mosek.MosekMathProgSolverInterface.MosekSolver(Any[(:LOG,0),(:NUM_THREADS,1),(:OPTIMIZER_MAX_TIME,120.0),(:INTPNT_CO_TOL_REL_GAP,1.0e-9),(:INTPNT_CO_TOL_DFEAS,1.0e-10)]),true,false,false,true,false,true,false,true,true,true,true,false,false,true,false,false,false,true,1.0e-8,1.0e-6,1.0e-6,0.01,1.0e-6)
#INSTANCE# shortfall_200_0.cbf.gz
#TIMELIMIT# 3600.0

Transforming original data......Done     0.01s

Creating conic model data......Done     0.01s

Creating MIP model......Done     0.03s

Cone types summary:
Cone       | Count    | Min dim  | Max dim 
       SOC |        2 |      201 |      201

Solving conic relaxation......Done     0.13s
 - Relaxation status    =        Optimal
 - Relaxation objective =      -1.148459

Creating conic subproblem model......Done

Starting MIP-solver-driven outer approximation algorithm

Pajarito MICP solve summary:
 - Total time (s)       =       3.60e+03
 - Status               =      UserLimit
 - Best feasible obj.   =  -1.127935e+00
 - Final OA obj. bound  =  -1.143154e+00
 - Relative opt. gap    =      1.349e-02
 - Conic solve count    =             28
 - Feas. solution count =              2
 - Integer repeat count =             62

Timers (s):
 - Setup                =       1.90e-01
 -- Transform data      =       1.01e-02
 -- Create conic data   =       5.77e-03
 -- Create MIP data     =       2.85e-02
 -- Load/solve relax    =       1.34e-01
 - MIP-driven algorithm =       3.60e+03
 -- Solve conic model   =       4.66e-01

#STATUS# UserLimit
#OBJVAL# -1.1279346400057102
#OBJBOUND# -1.1431541064641697
#TIMESOLVER# 3600.017117023468
#TIMEALL# 3600.0173511505127
#SOLUTION# [0.0,0.0,0.0,0.0,0.0,0.0,0.0,0.0,0.0,0.0,0.08708219492188252,0.0,0.0,0.0,0.0,0.0,0.0,0.0,0.0,0.06269135195495856,0.0,0.0,0.0,0.0,0.0,0.06918943121987668,0.0,0.0,0.0,0.0,0.0,0.0,0.0,0.0,0.0,0.0,0.0,0.0,0.0,0.0,0.0,0.0,0.0,0.0,0.0,0.0,0.0,0.0,0.0,0.0,0.0,0.06476765730622008,0.0,0.0,0.0,0.0,0.0,0.0,0.0,0.0,0.0,0.0,0.0,0.0,0.0,0.0,0.0,0.0,0.0,0.0,0.0,0.0,0.0,0.0,0.0,0.0,0.0,0.0,0.0,0.0,0.0,0.0,0.0,0.0,0.0,0.0,0.0,0.0,0.0,0.0,0.0,0.0,0.0,0.03999923361220706,0.0,0.0,0.0,0.0,0.0,0.0,0.0,0.15969418355463547,0.0,0.0,0.0,0.0,0.0,0.0,0.0,0.07628252463676642,0.0,0.0,0.0,0.11196852612331269,0.0,0.0,0.0,0.0,0.0,0.0,0.0,0.0,0.0,0.0,0.0,0.0,0.0,0.0,0.0,0.0,0.0,0.0,0.0,0.0,0.0,0.0,0.0,0.0,0.0,0.0,0.0,0.0,0.0,0.0,0.0,0.0,0.0,0.0,0.0,0.0,0.0,0.0,0.0,0.0,0.0,0.0,0.0,0.0,0.0,0.0,0.0,0.0,0.2852345257580739,0.04309037091206652,0.0,0.0,0.0,0.0,0.0,0.0,0.0,0.0,0.0,0.0,0.0,0.0,0.0,0.0,0.0,0.0,0.0,0.0,0.0,0.0,0.0,0.0,0.0,0.0,0.0,0.0,0.0,0.0,0.0,0.0,0.0,0.0,0.0,0.0,0.0,0.0,0.0,0.0,-0.0,-0.0,-0.0,-0.0,-0.0,-0.0,-0.0,-0.0,0.0,-0.0,1.0,-0.0,-0.0,-0.0,-0.0,-0.0,-0.0,-0.0,0.0,1.0,0.0,0.0,0.0,-0.0,-0.0,1.0,-0.0,-0.0,-0.0,-0.0,0.0,-0.0,-0.0,-0.0,-0.0,0.0,-0.0,-0.0,-0.0,-0.0,-0.0,-0.0,0.0,-0.0,-0.0,-0.0,-0.0,-0.0,-0.0,0.0,-0.0,1.0,-0.0,0.0,-0.0,-0.0,-0.0,-0.0,-0.0,-0.0,-0.0,-0.0,-0.0,-0.0,-0.0,-0.0,0.0,-0.0,-0.0,-0.0,0.0,-0.0,-0.0,-0.0,0.0,-0.0,0.0,-0.0,-0.0,-0.0,-0.0,-0.0,0.0,-0.0,-0.0,0.0,0.0,-0.0,-0.0,-0.0,-0.0,-0.0,-0.0,1.0,0.0,-0.0,-0.0,0.0,-0.0,-0.0,-0.0,1.0,-0.0,-0.0,-0.0,-0.0,-0.0,-0.0,-0.0,1.0,-0.0,-0.0,-0.0,1.0,-0.0,-0.0,-0.0,-0.0,-0.0,-0.0,-0.0,-0.0,-0.0,-0.0,-0.0,-0.0,-0.0,-0.0,-0.0,-0.0,-0.0,-0.0,-0.0,-0.0,-0.0,0.0,-0.0,0.0,-0.0,-0.0,-0.0,-0.0,-0.0,-0.0,-0.0,-0.0,-0.0,-0.0,-0.0,-0.0,-0.0,-0.0,-0.0,-0.0,-0.0,-0.0,-0.0,-0.0,-0.0,-0.0,-0.0,-0.0,1.0,1.0,-0.0,-0.0,0.0,-0.0,0.0,-0.0,-0.0,-0.0,-0.0,-0.0,-0.0,-0.0,-0.0,-0.0,0.0,-0.0,-0.0,-0.0,-0.0,-0.0,-0.0,-0.0,-0.0,-0.0,0.0,-0.0,-0.0,-0.0,0.0,-0.0,-0.0,-0.0,-0.0,-0.0,-0.0,-0.0,-0.0,0.004455232806107841,0.004556457548857499,0.00792042485217021,0.008307534731632153,0.012263474159837506,0.010588486338146637,0.017779639519629818,0.0013415145938442982,0.007347987499923419,0.010566117464518788,0.05336215288225142,0.01013774159688001,0.004302405516326006,0.010283911918898034,0.0087584224202315,0.00509741000535004,0.0047175264777819595,0.005945254788568542,0.006661934001453983,0.05508519439185933,-0.0017161640877430522,0.00803229284886627,0.005918499582851725,0.00785161982091068,0.004930224277848316,0.05019031780893737,0.0034166218643709593,0.006852350784560809,0.001914534144714146,0.012755209881270557,0.007257844217114538,0.011096064424043286,0.007659717397406356,0.006132932858069156,0.01356247337207981,0.014725697327537392,0.005706668152727343,0.0021129676714867897,0.00203080333572091,0.00508794239352095,0.004223761145941575,0.005799320442756304,0.009876555129891792,0.006589713035625532,0.0027949222447979515,0.011490997435435616,0.007117591016077372,0.003544543203984602,0.0007522338531640601,0.007887675328857707,0.002053700011043897,0.07165959051874003,7.354581284916748e-5,0.004905001400031826,0.006438911675715589,0.004503773358823483,0.0038465653558695965,0.0027280249318537664,0.01814025830970888,0.0071772523517340805,0.003995529254738765,0.004763063051720198,0.006702044804111706,0.0012181737703295934,0.012958814738975435,0.0068335471466233425,0.001560501546924118,0.002205753424860361,0.007516077263658531,0.010267334590782586,0.002091504125162919,0.013715919258081577,0.0031153268015671294,0.004428940073451349,0.008625977222543962,0.002402698428079511,0.010921579924999732,0.00678109211915181,0.002845806115576596,0.0036257180608894836,0.00784792677013553,0.008641820733965435,-0.0016462821877519832,0.006019628881413663,0.013410843507317013,0.007992732635028952,0.0017361452171292088,0.016093054481829856,0.0029506412854045753,0.007827411355001989,0.012119987425526633,0.004938024523818266,0.003331835750589389,0.04366269438869514,0.005531030681161123,0.008234672969034264,0.0008623604263907732,0.014955313788453732,0.00888221965041793,0.005731063034486467,0.013730932677312657,0.03975130019555042,0.0037884140467186462,0.006055697491480702,0.01509230962258574,0.0012897432150605348,0.002761324940227655,0.00521373302687338,0.009104946898720859,0.04217604257641784,-0.005368697394848954,0.008377819826536365,0.02273937933963016,0.03615736143128802,0.0017060099830364921,0.0020962921039197058,0.004071112192975917,0.012178897266646336,0.002842290437799217,0.005229866292723346,0.004630472343523664,0.013939387301451679,0.005874492834468627,0.0069596299996665875,0.009347704186327068,0.00804914295287096,0.008537846015424781,0.004761437220558404,0.013156098635545966,0.006630531862958232,0.007462205548164032,0.014334214986741438,0.004860450304622342,0.009571741480678223,0.010959942703661248,0.014297592031746319,-0.004913875999697906,0.005180932305614454,0.010313684927912433,0.010034824871758852,0.019528049139683073,0.019098392114725988,0.0019098247233150921,0.006183702200241628,0.0027951036584489353,0.006733655179907897,0.0062191380123674655,0.002540678708875637,0.0165162261993796,0.0021838109601255685,0.011271430410111739,0.007081093193118099,0.00384965536105063,0.008542857688897789,-0.0006186024815553727,0.005861944792360211,0.005018828932070869,0.004494722283479288,0.016444104360094913,0.0098912254605633,0.007844573814000513,0.0036593784294616147,0.0380755252211332,0.036975628688990875,0.010225492708919294,0.007292736131766906,0.018505300754938964,-0.0002993685324033128,0.015288774225382565,0.007293806089434363,-0.00030302569797678635,0.018890058190546077,0.007891704293747692,0.002563572430413097,0.007269405968376314,0.0002765156383229881,0.0013991757418949004,0.0032088772740586557,0.001669883804664789,0.0022662578248238145,-0.0006632153831737351,0.001653295351681454,0.0010892537028782733,0.010582878858647754,0.0057149750804071225,0.006849312325118524,0.00731586490288888,0.004055286441372758,0.005341493788218015,0.011110449967104296,0.005419217183132392,0.01964472824284216,0.00669284579683343,0.01101786510695168,0.005303655048807038,0.020561807159685024,0.00543473068662647,0.004247855976949154,0.008546705306445253,0.00471344637425668,0.2279346400057102,0.009956212249218563,0.010182421533345417,0.01769995741279414,0.018565040853194516,0.027405470591965714,0.02366233639598203,0.03973257346492614,0.0029979138269558498,0.01642071836370638,0.02361234815444518,0.1192496426769412,0.022655046651635258,0.009614685554484517,0.022981696865862745,0.019572650045266447,0.011391300554480352,0.010542366010529101,0.013285998987420514,0.014887578673291893,0.12310016356562534,-0.003835151754276888,0.01794995142376341,0.013226208507667588,0.017546197211061272,0.011017686725419576,0.11216146915520314,0.0076352042502388215,0.015313107481983135,0.004278453928831285,0.02850436383193251,0.01621927307553741,0.024796632935842083,0.017117348407261576,0.01370540752919412,0.030308374308000777,0.032907857903568316,0.012752823889812692,0.004721897940825648,0.00453828339096877,0.011370143062388266,0.009438937153036167,0.012959876114702023,0.022071367186357264,0.01472618480322394,0.0062458776679687605,0.025679198910902905,0.015905845989023743,0.007921073039553686,0.0016810344664551307,0.017626771292258873,0.004589451123214892,0.16013935162233456,0.00016435453648208078,0.010961320574422263,0.01438918550103801,0.01006468694999486,0.00859600895850505,0.006096380688672501,0.04053845665248073,0.016039172561780134,0.008928902043817976,0.010644127650147547,0.01497721521578626,0.0027222812233751196,0.028959364337293896,0.015271086555465862,0.0034872890581857893,0.0049292484193515975,0.016796352463539208,0.022944651125623036,0.0046739328552462085,0.030651283394077914,0.006961893174147796,0.009897455268757032,0.019276671685222298,0.005369365993181804,0.024406708372462525,0.015153864087017233,0.0063595890360569896,0.0081024763780138,0.01753794426470251,0.01931207754824897,-0.003678985048973411,0.013452204500450938,0.029969523526773713,0.017861545294896492,0.0038798040482882876,0.03596352270069398,0.006593866625447864,0.017492097989919672,0.027084817453528608,0.011035118116292415,0.007445730752144983,0.09757403745785113,0.012360322751952521,0.018402214979699846,0.0019271368779432755,0.03342098714288964,0.019849302591439053,0.012807339698785713,0.030684834230803325,0.0888331539906789,0.008466056877059818,0.013532807861260567,0.03372713491590988,0.0028822191241113463,0.006170796990962404,0.01165125031292376,0.020347036347293162,0.09425178211724858,-0.011997552785942818,0.01872210858753679,0.05081621925805431,0.08080169554508762,0.0038124601406039206,0.004684632662601266,0.009097808991728065,0.0272164646439856,0.00635173246925683,0.011687303696902879,0.010347824114388615,0.031150672621877623,0.013127865604755864,0.015552846836132818,0.020889531697286648,0.01798760674261952,0.01907972282933857,0.010640494367481424,0.02940023924396907,0.014817403584907251,0.01667596408945527,0.03203300322225023,0.010861761206565282,0.021390193043477782,0.024492438565124976,0.031951161053952015,-0.010981152848457711,0.011577949779148368,0.023048231300749886,0.022425056255197237,0.04363978505933727,0.04267962052450632,0.004267929675428488,0.013818862957545528,0.006246283077268945,0.015047855656903737,0.013898052190095756,0.0056777137320316445,0.03690919436840479,0.004880213083673727,0.025188527378753656,0.015824283456192918,0.008602914264865561,0.019090922532472514,-0.0013824053359939236,0.013099824203558562,0.011215693604543562,0.010044460301661897,0.036748022018726824,0.022104151315108414,0.017530451335736694,0.008177697985610044,0.08508826072621188,0.08263029639465644,0.022851146100214124,0.01629724684776858,0.041354225484964875,-0.0006690058138506944,0.034166178927756405,0.0162996379070238,-0.0006771785667156021,0.042214051864434436,0.017635774913693624,0.005728874863384631,0.016245110389667677,0.000617935920564597,0.0031267705340034396,0.007170952588251455,0.0037317281305665004,0.005064459007499083,-0.0014821028236217326,0.003694657529326112,0.0024341805537604617,0.023649805231281167,0.01277138757407302,0.015306317366082442,0.01634893324988846,0.009062442816979932,0.011936760254250488,0.02482878064310428,0.012110450530421125,0.0439005305616841,0.014956657980523718,0.024621879105326157,0.011852201144274942,0.04594994812138003,0.01214511891706622,0.009492782431624462,0.01909952089278805,0.010533248108398223,0.42793464000571024]
WARNING: For the MIP-solver-driven algorithm, optimality tolerance must be specified as MIP solver option, not Pajarito option
WARNING: When using primal cuts, primal cut zero tolerance should be at least 1e-5 to avoid numerical issues
WARNING: For the MIP-solver-driven algorithm, optimality tolerance must be specified as MIP solver option, not Pajarito option
WARNING: When using primal cuts, primal cut zero tolerance should be at least 1e-5 to avoid numerical issues
WARNING: Not solved to optimality, status: UserLimit
