WARNING: Method definition require(Symbol) in module Base at loading.jl:345 overwritten in module ConicBenchmarkUtilities at /home/ubuntu/.julia/v0.5/Requires/src/require.jl:12.
#SOLVERNAME# PAJ_NEW_MSD_CPLEX_MOSEK_tols
#SOLVER# Pajarito.PajaritoSolver(2,3600.0,1.0e-5,true,CPLEX.CplexSolver(Any[(:CPX_PARAM_THREADS,1),(:CPX_PARAM_TILIM,3600.0),(:CPX_PARAM_EPINT,1.0e-8),(:CPX_PARAM_EPRHS,1.0e-8),(:CPX_PARAM_SCRIND,0),(:CPX_PARAM_EPGAP,1.0e-5)]),CPLEX.CplexSolver(Any[]),0,false,true,Mosek.MosekMathProgSolverInterface.MosekSolver(Any[(:LOG,0),(:NUM_THREADS,1),(:OPTIMIZER_MAX_TIME,120.0),(:INTPNT_CO_TOL_REL_GAP,1.0e-9),(:INTPNT_CO_TOL_DFEAS,1.0e-10)]),true,false,false,true,false,true,false,true,true,true,true,false,false,true,false,false,false,true,1.0e-8,1.0e-6,1.0e-6,0.01,1.0e-6)
#INSTANCE# uflquad-nopsc-30-100.cbf.gz
#TIMELIMIT# 3600.0

Transforming original data......Done     0.01s

Creating conic model data......Done     0.00s

Creating MIP model......Done     0.28s

Cone types summary:
Cone       | Count    | Min dim  | Max dim 
       SOC |     3000 |        3 |        3

Solving conic relaxation......Done     0.42s
 - Relaxation status    =        Optimal
 - Relaxation objective =     131.297449

Creating conic subproblem model......Done

Starting MIP-solver-driven outer approximation algorithm

Pajarito MICP solve summary:
 - Total time (s)       =       4.76e+02
 - Status               =        Optimal
 - Best feasible obj.   =  +3.552403e+02
 - Final OA obj. bound  =  +3.552403e+02
 - Relative opt. gap    =      0.000e+00
 - Conic solve count    =             12
 - Feas. solution count =             12
 - Integer repeat count =           1730

Timers (s):
 - Setup                =       8.76e-01
 -- Transform data      =       1.37e-02
 -- Create conic data   =       2.93e-03
 -- Create MIP data     =       2.83e-01
 -- Load/solve relax    =       4.16e-01
 - MIP-driven algorithm =       4.75e+02
 -- Solve conic model   =       1.68e+00

#STATUS# Optimal
#OBJVAL# 355.2403361831955
#OBJBOUND# 355.2403361832039
#TIMESOLVER# 475.7558319568634
#TIMEALL# 475.7737100124359
#SOLUTION# [0.0,0.0,0.0,0.0,0.0,0.0,0.0,0.0,0.0,0.0,0.0,0.0,0.0,0.0,0.0,0.0,0.0,0.0,0.0,0.0,0.0,0.0,0.0,0.0,0.0,0.0,0.0,0.0,0.0,0.0,0.0,0.0,0.0,0.0,0.0,0.0,0.0,0.0,0.0,0.0,0.0,0.0,0.0,0.0,0.0,0.0,0.0,0.0,0.0,0.0,0.0,0.0,0.0,0.0,0.0,0.0,0.0,0.0,0.0,0.0,0.0,0.0,0.0,0.0,0.0,0.0,0.0,0.0,0.0,0.0,0.0,0.0,0.0,0.0,0.0,0.0,0.0,0.0,0.0,0.0,0.0,0.0,0.0,0.0,0.0,0.0,0.0,0.0,0.0,0.0,0.0,0.0,0.0,0.0,0.0,0.0,0.0,0.0,0.0,0.0,0.0,0.0,0.0,0.0,0.0,0.0,0.0,0.0,0.0,0.0,0.0,0.0,0.0,0.0,0.0,0.0,0.0,0.0,0.0,0.0,0.0,0.0,0.0,0.0,0.0,0.0,0.0,0.0,0.0,0.0,0.0,0.0,0.0,0.0,0.0,0.0,0.0,0.0,0.0,0.0,0.0,0.0,0.0,0.0,0.0,0.0,0.0,0.0,0.0,0.0,0.0,0.0,0.0,0.0,0.0,0.0,0.0,0.0,0.0,0.0,0.0,0.0,0.0,0.0,0.0,0.0,0.0,0.0,0.0,0.0,0.0,0.0,0.0,0.0,0.0,0.0,0.0,0.0,0.0,0.0,0.0,0.0,0.0,0.0,0.0,0.0,0.0,0.0,0.0,0.0,0.0,0.0,0.0,0.0,0.0,0.0,0.0,0.0,0.0,0.0,0.0,0.0,0.0,0.0,0.0,0.0,0.0,0.0,0.0,0.0,0.0,0.0,0.0,0.0,0.0,0.0,0.0,0.0,0.0,0.0,0.0,0.0,0.0,0.0,0.0,0.0,0.0,0.0,0.0,0.0,0.0,0.0,0.0,0.0,0.0,0.0,0.0,0.0,0.0,0.0,0.0,0.0,0.0,0.0,0.0,0.0,0.0,0.0,0.0,0.0,0.0,0.0,0.0,0.0,0.0,0.0,0.0,0.0,0.0,0.0,0.0,0.0,0.0,0.0,0.0,0.0,0.0,0.0,0.0,0.0,0.0,0.0,0.0,0.0,0.0,0.0,0.0,0.0,0.0,0.0,0.0,0.0,0.0,0.0,0.0,0.0,0.0,0.0,0.0,0.0,0.0,0.0,0.0,0.0,0.0,0.0,0.0,0.0,0.0,0.0,0.0,0.0,0.0,0.0,0.0,0.0,0.0,0.0,0.0,0.0,0.0,0.0,0.0,0.0,0.0,0.0,0.0,0.0,0.0,0.0,0.0,0.0,0.0,0.0,0.0,0.0,0.0,0.0,0.0,0.0,0.0,0.0,0.0,0.0,0.0,0.0,0.0,0.0,0.0,0.0,0.0,0.0,0.0,0.0,0.0,0.0,0.0,0.0,0.0,0.0,0.0,0.0,0.0,0.0,0.0,0.0,0.0,0.0,0.0,0.0,0.0,0.0,0.0,0.0,0.0,0.0,0.0,0.0,0.0,0.0,0.0,0.0,0.0,0.0,0.0,0.0,0.0,0.0,0.0,0.0,0.0,0.0,0.0,0.0,0.0,0.0,0.0,0.0,0.0,0.0,0.0,0.0,0.0,0.0,0.0,0.0,0.0,0.0,0.0,0.0,0.0,0.0,0.0,0.0,0.0,0.0,0.0,0.0,0.0,0.0,0.0,0.0,0.0,0.0,0.0,0.0,0.0,0.0,0.0,0.0,0.0,0.0,0.0,0.0,0.0,0.0,0.0,0.0,0.0,0.0,0.0,0.0,0.0,0.0,0.0,0.0,0.0,0.0,0.0,0.0,0.0,0.0,0.0,0.0,0.0,0.0,0.0,0.0,0.0,0.0,0.0,0.0,0.0,0.0,0.0,0.0,0.0,0.0,0.0,0.0,0.0,0.0,0.0,0.0,0.0,0.0,0.0,0.0,0.0,0.0,0.0,0.0,0.0,0.0,0.0,0.0,0.0,0.0,0.0,0.0,0.0,0.0,0.0,0.0,0.0,0.0,0.0,0.0,0.0,0.0,0.0,0.0,0.0,0.0,0.0,0.0,0.0,0.0,0.0,0.0,0.0,0.0,0.0,0.0,0.0,0.0,0.0,0.0,0.0,0.0,0.0,0.0,0.0,0.0,0.0,0.0,0.0,0.0,0.0,0.0,0.0,0.0,0.0,0.0,0.0,0.0,0.0,0.0,0.0,0.0,0.0,0.0,0.0,0.0,0.0,0.0,0.0,0.0,0.0,0.0,0.0,0.0,0.0,0.0,0.0,0.0,0.0,0.0,0.0,0.0,0.0,0.0,0.0,0.0,0.0,0.0,0.0,0.0,0.0,0.0,0.0,0.0,0.0,0.0,0.0,0.0,0.0,0.0,0.0,0.0,0.0,0.0,0.0,0.0,0.0,0.0,0.0,0.0,0.0,0.0,0.0,0.0,0.0,0.0,0.0,0.0,0.0,0.0,0.0,0.0,0.0,0.0,0.0,0.0,0.0,0.0,0.0,0.0,0.0,0.0,0.0,0.0,0.0,0.0,0.0,0.0,0.0,0.0,0.0,0.0,0.0,0.0,0.0,0.0,0.0,0.0,0.0,0.0,0.0,0.0,0.0,0.0,0.0,0.0,0.0,0.0,0.0,0.0,0.0,0.0,0.0,0.0,0.0,0.0,0.0,0.0,0.0,0.0,0.0,0.0,0.0,0.0,0.0,0.0,0.0,0.0,0.0,0.0,0.0,0.0,0.0,0.0,0.0,0.0,0.0,0.0,0.0,0.0,0.0,0.0,0.0,0.0,0.0,0.0,0.0,0.0,0.0,0.0,0.0,0.0,0.0,0.0,0.0,0.0,0.0,0.0,0.0,0.0,0.0,0.0,0.0,0.0,0.0,0.0,0.0,0.0,0.0,0.0,0.0,0.0,0.0,0.0,0.0,0.0,0.0,0.0,0.0,0.0,0.0,0.0,0.1620862133246188,0.06071668026036197,0.07352880877888056,0.05866382587647361,0.18769084341162273,0.14173505303877781,0.06008728208370703,0.100850807962312,0.07850700108338957,0.19415669920633663,0.16293174789392803,0.07987307990234811,0.10264061286620187,0.10115838338674614,0.17100067896032525,0.2824257410596951,0.05960037072298934,0.14854435844356573,0.0687156287239596,0.09036424323031059,0.23224473231922207,0.05581580997984564,0.12907220841831304,0.10118704590503105,0.11274969098497098,0.1569484968060272,0.1048119270934244,0.16196903521618763,0.1686511639344895,0.06012114034653932,0.10312336171613623,0.1205488035071706,0.18332016170587165,0.15067436235744155,0.08314561180347635,0.16030915943996377,0.37626337197849347,0.16148833540020965,0.1414949641991273,0.15243845407508017,0.055871486649005236,0.12211228068546735,0.06207213308823931,0.11162867411325117,0.06627936187937539,0.11627310848612074,0.05360586010782769,0.13950917516181416,0.05977651023850427,0.16381274723226663,0.15157866421513505,0.06344307225018049,0.16145944344610452,0.09986318113549521,0.16231384548313962,0.33751423251424195,0.20709054484093828,0.20308407189678376,0.06477945857627666,0.16726047802124355,0.2222045853501539,0.16820508821400962,0.22285558186338883,0.06617133650601044,0.16181232799901576,0.12295170351106816,0.05848670375223243,0.19567148623552794,0.1816077756699716,0.12859828878301632,0.07687430782016914,0.12604182306955408,0.19562039202597226,0.14851648293741576,0.16258919258865284,0.37035540340515344,0.12110362381960203,0.184088904363084,0.2550281532780682,0.741464532184539,0.2633742406136073,0.09105593363097804,0.15367374031587164,0.13362197066776949,0.05960042301707578,0.05469780475071644,0.11460813136632551,0.2433418756889027,0.1914991904136765,0.12249804562574286,0.16377192330446783,0.1273814805239261,0.17344076123759197,0.1676588351256349,0.06055863483439527,0.14843776742448375,0.1962005432244353,0.17381431914646137,0.1623295664723699,0.1715836133860594,0.0,0.0,0.0,0.0,0.0,0.0,0.0,0.0,0.0,0.0,0.0,0.0,0.0,0.0,0.0,0.0,0.0,0.0,0.0,0.0,0.0,0.0,0.0,0.0,0.0,0.0,0.0,0.0,0.0,0.0,0.0,0.0,0.0,0.0,0.0,0.0,0.0,0.0,0.0,0.0,0.0,0.0,0.0,0.0,0.0,0.0,0.0,0.0,0.0,0.0,0.0,0.0,0.0,0.0,0.0,0.0,0.0,0.0,0.0,0.0,0.0,0.0,0.0,0.0,0.0,0.0,0.0,0.0,0.0,0.0,0.0,0.0,0.0,0.0,0.0,0.0,0.0,0.0,0.0,0.0,0.0,0.0,0.0,0.0,0.0,0.0,0.0,0.0,0.0,0.0,0.0,0.0,0.0,0.0,0.0,0.0,0.0,0.0,0.0,0.0,0.0,0.0,0.0,0.0,0.0,0.0,0.0,0.0,0.0,0.0,0.0,0.0,0.0,0.0,0.0,0.0,0.0,0.0,0.0,0.0,0.0,0.0,0.0,0.0,0.0,0.0,0.0,0.0,0.0,0.0,0.0,0.0,0.0,0.0,0.0,0.0,0.0,0.0,0.0,0.0,0.0,0.0,0.0,0.0,0.0,0.0,0.0,0.0,0.0,0.0,0.0,0.0,0.0,0.0,0.0,0.0,0.0,0.0,0.0,0.0,0.0,0.0,0.0,0.0,0.0,0.0,0.0,0.0,0.0,0.0,0.0,0.0,0.0,0.0,0.0,0.0,0.0,0.0,0.0,0.0,0.0,0.0,0.0,0.0,0.0,0.0,0.0,0.0,0.0,0.0,0.0,0.0,0.0,0.0,0.0,0.0,0.0,0.0,0.0,0.0,0.0,0.0,0.0,0.0,0.0,0.0,0.0,0.0,0.0,0.0,0.0,0.0,0.0,0.0,0.0,0.0,0.0,0.0,0.0,0.0,0.0,0.0,0.0,0.0,0.0,0.0,0.0,0.0,0.0,0.0,0.0,0.0,0.0,0.0,0.0,0.0,0.0,0.0,0.0,0.0,0.0,0.0,0.0,0.0,0.0,0.0,0.0,0.0,0.0,0.0,0.0,0.0,0.0,0.0,0.0,0.0,0.0,0.0,0.0,0.0,0.0,0.0,0.0,0.0,0.0,0.0,0.0,0.0,0.0,0.0,0.0,0.0,0.0,0.0,0.0,0.0,0.0,0.0,0.0,0.0,0.0,0.0,0.0,0.0,0.0,0.0,0.0,0.0,0.0,0.0,0.0,0.0,0.0,0.0,0.0,0.0,0.0,0.0,0.0,0.0,0.0,0.0,0.0,0.0,0.0,0.0,0.0,0.0,0.0,0.0,0.0,0.0,0.0,0.0,0.0,0.0,0.0,0.0,0.0,0.0,0.0,0.0,0.0,0.0,0.0,0.0,0.0,0.0,0.0,0.0,0.0,0.0,0.0,0.0,0.0,0.0,0.0,0.0,0.0,0.0,0.0,0.0,0.0,0.0,0.0,0.0,0.0,0.0,0.0,0.0,0.0,0.0,0.0,0.0,0.0,0.0,0.0,0.0,0.0,0.0,0.0,0.0,0.0,0.0,0.0,0.0,0.0,0.0,0.0,0.0,0.0,0.0,0.0,0.0,0.0,0.0,0.0,0.0,0.0,0.0,0.0,0.0,0.0,0.0,0.0,0.0,0.0,0.0,0.0,0.0,0.0,0.0,0.0,0.0,0.0,0.0,0.0,0.0,0.0,0.0,0.0,0.0,0.0,0.0,0.0,0.0,0.0,0.0,0.0,0.0,0.0,0.0,0.0,0.0,0.0,0.0,0.0,0.0,0.0,0.0,0.0,0.0,0.0,0.0,0.0,0.0,0.0,0.0,0.0,0.0,0.0,0.0,0.0,0.0,0.0,0.0,0.0,0.0,0.0,0.0,0.0,0.0,0.0,0.0,0.0,0.0,0.0,0.0,0.0,0.0,0.0,0.0,0.0,0.0,0.0,0.0,0.0,0.0,0.0,0.0,0.0,0.0,0.0,0.0,0.0,0.0,0.0,0.0,0.0,0.0,0.0,0.0,0.0,0.0,0.0,0.0,0.0,0.0,0.0,0.0,0.0,0.0,0.0,0.0,0.0,0.0,0.0,0.0,0.0,0.0,0.0,0.0,0.0,0.0,0.0,0.0,0.0,0.0,0.0,0.0,0.11167535563651887,0.05394309621811362,0.06167929894574498,0.05146305254483954,0.0955696874106968,0.09258762743301227,0.044765251725945296,0.04977097469541691,0.07192097468217815,0.1271238387743167,0.10670189674264241,0.06962210325853213,0.04856134018128225,0.3714081047857561,0.09755257242060462,0.1327257594786702,0.053693973088785284,0.07452191706385244,0.07300182774850363,0.06700803757731744,0.07755843595011837,0.041741780708245316,0.09167527946767441,0.369904388092755,0.30229303415948994,0.09801228518697112,0.3459538793218887,0.113843332098261,0.19075869171398546,0.05922148933301255,0.38387064366879625,0.08497785700348172,0.18930235423341105,0.09979753325648347,0.061195452789333575,0.10308895359389203,0.10327892144267511,0.10282588305071855,0.09514707655740715,0.10033016003556641,0.047576848206803114,0.13384756851124527,0.054574351399995225,0.3359809560175184,0.051630810627921506,0.26430828586238103,0.05115530362720112,0.09150628596895277,0.05420408705769636,0.11378235117009367,0.07737093656811316,0.0465403625743456,0.10933977193895389,0.0751223645045799,0.09267547193208354,0.10457275765354314,0.08987275934046263,0.0961204703459628,0.057644173155245164,0.09940799117220797,0.09023965394149716,0.10890839936796103,0.16491506582295787,0.5460410239267647,0.11757031741323395,0.29107475655607057,0.04790845741294516,0.09617850247644469,0.1236567865324308,0.08051565386492254,0.0662967708564855,0.09345166517951864,0.10189045400335278,0.08741452728466947,0.10036090651666846,0.09005683632513753,0.08011603055070247,0.12894582524175163,0.13519361024086085,0.046857670832583936,0.10116444986437084,0.06848706168684163,0.10208329892552524,0.08861506684357304,0.053932496815284725,0.05353249556094034,0.07525259169775989,0.13056287621815824,0.21194625497211933,0.09029485735211906,0.1020056932354022,0.08253246882197261,0.22931903014487848,0.15507650651954374,0.059992157372834386,0.10562140987284731,0.12949999086067834,0.09745924707661466,0.11167399655677415,0.11459057345772679,0.0896674792480391,0.22717319755835066,0.29283649223601355,0.26426565862131257,0.1391163138637686,0.15893134052752192,0.25897099289753606,0.03254792638969489,0.17249044757253693,0.062470650675189934,0.0835515934076317,0.22341120198072556,0.036247761734903544,0.05704144105118877,0.12256545725439878,0.0877193959674646,0.2284694851952589,0.059489105520392056,0.09526108076887597,0.21547310432921418,0.05337154347644369,0.3175475276802506,0.16455768362927597,0.057089793430377504,0.06655129067648821,0.13479548739370034,0.06061474359476333,0.09084264150209317,0.04988630131980656,0.12029085622348387,0.05293183628473156,0.18025492069440102,0.04600637250298759,0.13583815320778517,0.23320018236850812,0.11559961456521821,0.0766128603822487,0.07446985904869885,0.15211705592116095,0.13320921714901532,0.23944890273652472,0.11236328990990842,0.22384637548297207,0.061164817610013654,0.21693205698817628,0.04519949749144235,0.1395816814235911,0.16226309496480804,0.21295321229079667,0.08123644616543711,0.0471452365536662,0.3120033467221757,0.09590629445956535,0.2638904932051507,0.1588529332284753,0.05303980133116444,0.08536269384451733,0.11472330324423785,0.21159104431721273,0.09193017207902189,0.08118047665797518,0.06608312788986712,0.05289286046517197,0.029644912930402573,0.08983863421983414,0.06788119499616774,0.2154368231260099,0.13206626325313744,0.06496972848064433,0.2129539396150793,0.24820255246217596,0.16154891390197693,0.15018457063420732,0.19386573391856532,0.08125626097689709,0.05181583068924537,0.19897591781975613,0.06537328404790989,0.09500299590730074,0.02450846220762692,0.05317991878518719,0.20981544907545407,0.12819081013715228,0.1712660483195278,0.21967387629247376,0.12718412251246858,0.22374460948252936,0.10239111415345949,0.06217587329910559,0.16791641899186413,0.08929278045494977,0.19268684315936682,0.06201299803650231,0.10577780234416005,0.11744511745465111,0.16443527361934057,0.062455334448871844,0.10576996282905389,0.09001994369633842,0.06719627843446102,0.0,0.0,0.0,0.0,0.0,0.0,0.0,0.0,0.0,0.0,0.0,0.0,0.0,0.0,0.0,0.0,0.0,0.0,0.0,0.0,0.0,0.0,0.0,0.0,0.0,0.0,0.0,0.0,0.0,0.0,0.0,0.0,0.0,0.0,0.0,0.0,0.0,0.0,0.0,0.0,0.0,0.0,0.0,0.0,0.0,0.0,0.0,0.0,0.0,0.0,0.0,0.0,0.0,0.0,0.0,0.0,0.0,0.0,0.0,0.0,0.0,0.0,0.0,0.0,0.0,0.0,0.0,0.0,0.0,0.0,0.0,0.0,0.0,0.0,0.0,0.0,0.0,0.0,0.0,0.0,0.0,0.0,0.0,0.0,0.0,0.0,0.0,0.0,0.0,0.0,0.0,0.0,0.0,0.0,0.0,0.0,0.0,0.0,0.0,0.0,0.0,0.0,0.0,0.0,0.0,0.0,0.0,0.0,0.0,0.0,0.0,0.0,0.0,0.0,0.0,0.0,0.0,0.0,0.0,0.0,0.0,0.0,0.0,0.0,0.0,0.0,0.0,0.0,0.0,0.0,0.0,0.0,0.0,0.0,0.0,0.0,0.0,0.0,0.0,0.0,0.0,0.0,0.0,0.0,0.0,0.0,0.0,0.0,0.0,0.0,0.0,0.0,0.0,0.0,0.0,0.0,0.0,0.0,0.0,0.0,0.0,0.0,0.0,0.0,0.0,0.0,0.0,0.0,0.0,0.0,0.0,0.0,0.0,0.0,0.0,0.0,0.0,0.0,0.0,0.0,0.0,0.0,0.0,0.0,0.0,0.0,0.0,0.0,0.0,0.0,0.0,0.0,0.0,0.0,0.0,0.0,0.0,0.0,0.0,0.0,0.08106565783951389,0.11833334989185722,0.1595216947888964,0.12441176647691804,0.09521018184863582,0.10044346553959047,0.07225328964255658,0.031295107146361426,0.28417661159035723,0.06471627339696215,0.0758433655947826,0.2130229371528,0.032439668249627275,0.08780025770428752,0.089850947271419,0.09643332175105718,0.1357547706701627,0.051914520984259645,0.46866943933136207,0.09509371734415725,0.04950903522802927,0.0701846452420651,0.1036622932438637,0.08695314696358206,0.09761747173038783,0.09525411556526926,0.09233842946574582,0.08249714541193555,0.058952254525623,0.36045598689095587,0.08109338233805648,0.10280939580669284,0.056695810046877,0.09761395072783602,0.0892971883169266,0.09060676440378908,0.07559566516677875,0.06874671473423616,0.10076913803327192,0.0970370776433306,0.09269731197632922,0.2391534052059009,0.11363476435259955,0.09737333639312572,0.08260346173456433,0.05708216392483884,0.12696254512439856,0.10062928701647844,0.1471236362570827,0.07625737296867105,0.04504998625954804,0.07642691649098324,0.08433822827372364,0.14291175961016084,0.09949068791070896,0.05351765179927706,0.07088587706510403,0.08590036001847413,0.11710113265684154,0.0774360633449339,0.06893204577748116,0.0644361336166147,0.05880295091036009,0.04041758161419812,0.08339553351843929,0.11044039277879505,0.08382060256541932,0.09300481766807152,0.06672991399650026,0.10367399901186428,0.19109917946220709,0.10607349739296508,0.11314799894929956,0.1081530931488459,0.07250525483603584,0.05073801949730493,0.10025174653611575,0.06773711753745913,0.1060452385511259,0.025213910756005112,0.054201206730838246,0.09701123604972624,0.09606384381741367,0.10122314016566336,0.1386155164512196,0.20932262372497462,0.10077616538435104,0.11169969070845313,0.08158152758454844,0.1059007731205179,0.07778235868930208,0.10067706990452066,0.08339509854965828,0.1550477733052647,0.42069678940478517,0.16007919790731293,0.06496684290343911,0.08251486509806878,0.08128236385420558,0.0661832709318357,0.12602460814569222,0.05360413686491244,0.06169190792207068,0.051086909595580016,0.10705469875291328,0.09966043405047291,0.04620080438065016,0.0611914532955446,0.0706926180479635,0.16195991877201343,0.12238002526151733,0.06893770290081537,0.059278233610955286,0.20603734802380272,0.10890299641649452,0.15428116224075794,0.05303405115383974,0.08803687044926142,0.06860347596106571,0.06978106964639105,0.09624360486167746,0.04307280794598323,0.09751190542509705,0.20707331013970087,0.2098720596411206,0.10798863311928858,0.20737254447330325,0.1280192029873551,0.3247772629825525,0.05723026957050402,0.21761352846681845,0.08989859755276315,0.3596089001476101,0.10894788550601205,0.0637460817796238,0.11512915996412715,0.12357341179857373,0.11939223068710966,0.102565113118206,0.10926583483434262,0.04785270233589266,0.12549416451866283,0.054573170974411965,0.2114176099705704,0.05320598561145645,0.3502999774021219,0.04983165752483627,0.09854560372799852,0.05362609786250842,0.13036699209371747,0.09610369145210819,0.048171136484890686,0.12293505253371016,0.07675441115679492,0.10167944734436787,0.14211849344339306,0.1060387788345635,0.11005023170151194,0.05687954706996167,0.1127272595859875,0.10581129622651689,0.1306301323765478,0.2747232699141002,0.21933267149452962,0.1320845634910791,0.2101969073727268,0.04874756758325669,0.10807454537424749,0.15243381929207134,0.08616692757398224,0.06570280208351038,0.09870715719840747,0.1122950160107387,0.09462281793335105,0.11568666666826205,0.11791890797290801,0.0853158531712619,0.15988354475167077,0.15322492969851814,0.0629053559703676,0.13356687140015186,0.07118068007620648,0.11143367845937789,0.09525534969451255,0.053256230972934936,0.05190637885291112,0.0799002448118586,0.1460979855692713,0.2587569366520153,0.09515372887821881,0.1164964654275936,0.08827655231704429,0.26096614396244106,0.15544205612130255,0.057237309416574164,0.10944335794692815,0.1659343549383033,0.11109943566436972,0.12588897732294,0.13777681908911685,0.0,0.0,0.0,0.0,0.0,0.0,0.0,0.0,0.0,0.0,0.0,0.0,0.0,0.0,0.0,0.0,0.0,0.0,0.0,0.0,0.0,0.0,0.0,0.0,0.0,0.0,0.0,0.0,0.0,0.0,0.0,0.0,0.0,0.0,0.0,0.0,0.0,0.0,0.0,0.0,0.0,0.0,0.0,0.0,0.0,0.0,0.0,0.0,0.0,0.0,0.0,0.0,0.0,0.0,0.0,0.0,0.0,0.0,0.0,0.0,0.0,0.0,0.0,0.0,0.0,0.0,0.0,0.0,0.0,0.0,0.0,0.0,0.0,0.0,0.0,0.0,0.0,0.0,0.0,0.0,0.0,0.0,0.0,0.0,0.0,0.0,0.0,0.0,0.0,0.0,0.0,0.0,0.0,0.0,0.0,0.0,0.0,0.0,0.0,0.0,0.0,0.0,0.0,0.0,0.0,0.0,0.0,0.0,0.0,0.0,0.0,0.0,0.0,0.0,0.0,0.0,0.0,0.0,0.0,0.0,0.0,0.0,0.0,0.0,0.0,0.0,0.0,0.0,0.0,0.0,0.0,0.0,0.0,0.0,0.0,0.0,0.0,0.0,0.0,0.0,0.0,0.0,0.0,0.0,0.0,0.0,0.0,0.0,0.0,0.0,0.0,0.0,0.0,0.0,0.0,0.0,0.0,0.0,0.0,0.0,0.0,0.0,0.0,0.0,0.0,0.0,0.0,0.0,0.0,0.0,0.0,0.0,0.0,0.0,0.0,0.0,0.0,0.0,0.0,0.0,0.0,0.0,0.0,0.0,0.0,0.0,0.0,0.0,0.0,0.0,0.0,0.0,0.0,0.0,0.0,0.0,0.0,0.0,0.0,0.0,0.08635432287799454,0.23745859545625495,0.1684031900886602,0.2197937488017109,0.12764502405401457,0.1641998112458605,0.3920588834270114,0.030621170232748417,0.12156497691333826,0.05701281765936601,0.07976611236797611,0.14624507586027247,0.03349766394071774,0.05082273852512847,0.11849701268786836,0.07335416328195274,0.19469163352226826,0.05482000762614255,0.07493646721833966,0.2814492712815374,0.04820740839429521,0.355184907270654,0.17768369712324908,0.05098707769650159,0.059793539335906434,0.1344966625403762,0.054026115216329676,0.0875516602990235,0.04532854581248997,0.09494862755053678,0.04653203160693336,0.20116454967713465,0.04068928244912818,0.1376681483442632,0.304393022870603,0.11322115660531888,0.06642600805467239,0.07049177873845484,0.1581901961091129,0.13507015183338686,0.34047198222171837,0.0896710659549696,0.2560887417878981,0.053431240288801,0.37780761802027824,0.040996602426912894,0.13222183336006574,0.16844443335368814,0.1751250232484416,0.077221124631221,0.0427123013995021,0.32606805054355975,0.09278918735694627,0.16630199701522988,0.14969963012234425,0.04659780874687672,0.07901918700491112,0.10523482425449278,0.24170936398430515,0.08820283049889406,0.07451532137862976,0.061209278145812784,0.04657045703124114,0.026771793770285914,0.08649696644189557,0.05855469588873819,0.3898303897154414,0.1208652785234919,0.06004387309236871,0.19213350012333458,0.15578637268547144,0.17664963615765655,0.12264660322997964,0.1650221784841363,0.07748612539736832,0.04600026989545936,0.20923591617843756,0.06029538617639786,0.07859844185317505,0.02128193111801815,0.048207469054333756,0.27651849149327457,0.1287427288120503,0.1799181998274001,0.18707930835463613,0.103397695710664,0.21791199090270816,0.08437529189587539,0.05396151149578412,0.1860063621728818,0.08568761973293436,0.19788203593332307,0.053820517759851465,0.08597981811602959,0.09001567805995478,0.12358559030817438,0.05692867656478065,0.10089254485847653,0.0867731042853454,0.062039328742785595,0.0,0.0,0.0,0.0,0.0,0.0,0.0,0.0,0.0,0.0,0.0,0.0,0.0,0.0,0.0,0.0,0.0,0.0,0.0,0.0,0.0,0.0,0.0,0.0,0.0,0.0,0.0,0.0,0.0,0.0,0.0,0.0,0.0,0.0,0.0,0.0,0.0,0.0,0.0,0.0,0.0,0.0,0.0,0.0,0.0,0.0,0.0,0.0,0.0,0.0,0.0,0.0,0.0,0.0,0.0,0.0,0.0,0.0,0.0,0.0,0.0,0.0,0.0,0.0,0.0,0.0,0.0,0.0,0.0,0.0,0.0,0.0,0.0,0.0,0.0,0.0,0.0,0.0,0.0,0.0,0.0,0.0,0.0,0.0,0.0,0.0,0.0,0.0,0.0,0.0,0.0,0.0,0.0,0.0,0.0,0.0,0.0,0.0,0.0,0.0,0.2741946306315676,0.049656239317459584,0.054008147101892785,0.04639479805459437,0.16923648439438532,0.1489711727582211,0.050305208090711005,0.668901472463397,0.056008384949963186,0.28316698563698733,0.3051422720213657,0.05743463522525311,0.6608924732848971,0.06925319966434872,0.21398461904037575,0.11037466064709821,0.04739887585020296,0.4804718999095402,0.04710058547932072,0.08104467108930406,0.4047765786163039,0.045411400607624886,0.13452171546742867,0.07019564916540105,0.08394225960702136,0.18671396679112753,0.07413054207284839,0.2648562652187391,0.11912924201198694,0.04427996528192181,0.06451443634498355,0.11831594766918527,0.08559677983789837,0.17966432684174083,0.07275123173171824,0.22158803616012593,0.1254133728964098,0.34555657604056605,0.15520088065525026,0.18421911053077653,0.04652124181731591,0.0757339572458819,0.05104872814037065,0.07011387982257929,0.05736109659684334,0.08456179856432647,0.0434883550701854,0.14502669604257648,0.04678680615521292,0.2937435504505294,0.5048430388564983,0.05137465922049962,0.2603761296356275,0.07033274403211727,0.1505505640770548,0.22315711525319826,0.30451978471920016,0.21484646817847947,0.05349909134911696,0.2971919336760733,0.30225476777878435,0.3488402947997203,0.13652668380600233,0.04431031863014124,0.2580088929455178,0.07469129823843833,0.04988692424476433,0.17808606372419655,0.29847083010656134,0.1057431290261932,0.055849297126812594,0.13135794288857028,0.1219109040615036,0.11395838590315216,0.32944318957185453,0.23559036544861336,0.11073050728096383,0.2810212859868196,0.10955195552599443,0.059837658019924266,0.30583050055206845,0.08246922420019134,0.19234069424809833,0.1345889618132277,0.047350260420061505,0.04204331541346973,0.09659351946117956,0.11052541182114148,0.08832720432494474,0.12491914047119253,0.2988169468352208,0.11725599099569013,0.08452363460965912,0.09094213437203412,0.04361038143438123,0.09074582519712132,0.2745643788706575,0.25793862394636935,0.2727985981650968,0.327638453358859,0.0,0.0,0.0,0.0,0.0,0.0,0.0,0.0,0.0,0.0,0.0,0.0,0.0,0.0,0.0,0.0,0.0,0.0,0.0,0.0,0.0,0.0,0.0,0.0,0.0,0.0,0.0,0.0,0.0,0.0,0.0,0.0,0.0,0.0,0.0,0.0,0.0,0.0,0.0,0.0,0.0,0.0,0.0,0.0,0.0,0.0,0.0,0.0,0.0,0.0,0.0,0.0,0.0,0.0,0.0,0.0,0.0,0.0,0.0,0.0,0.0,0.0,0.0,0.0,0.0,0.0,0.0,0.0,0.0,0.0,0.0,0.0,0.0,0.0,0.0,0.0,0.0,0.0,0.0,0.0,0.0,0.0,0.0,0.0,0.0,0.0,0.0,0.0,0.0,0.0,0.0,0.0,0.0,0.0,0.0,0.0,0.0,0.0,0.0,0.0,0.0,0.0,0.0,0.0,0.0,0.0,0.0,0.0,0.0,0.0,0.0,0.0,0.0,0.0,0.0,0.0,0.0,0.0,0.0,0.0,0.0,0.0,0.0,0.0,0.0,0.0,0.0,0.0,0.0,0.0,0.0,0.0,0.0,0.0,0.0,0.0,0.0,0.0,0.0,0.0,0.0,0.0,0.0,0.0,0.0,0.0,0.0,0.0,0.0,0.0,0.0,0.0,0.0,0.0,0.0,0.0,0.0,0.0,0.0,0.0,0.0,0.0,0.0,0.0,0.0,0.0,0.0,0.0,0.0,0.0,0.0,0.0,0.0,0.0,0.0,0.0,0.0,0.0,0.0,0.0,0.0,0.0,0.0,0.0,0.0,0.0,0.0,0.0,0.0,0.0,0.0,0.0,0.0,0.0,0.0,0.0,0.0,0.0,0.0,0.0,0.06893173229605501,0.1991147044326896,0.12833046013784097,0.18392024002857105,0.07847676626396267,0.09347109540654311,0.07535828775188258,0.024821087814524984,0.144638985160273,0.04939281587882786,0.06368298671015638,0.14145326371925335,0.02644224613141497,0.056478526858741565,0.07764571594851377,0.06268579557330388,0.22735683979649277,0.04220132000298608,0.10371149476857268,0.09978588550176799,0.038088661153910026,0.0710411205653312,0.10131521722509797,0.0566095886066508,0.06718065386461487,0.08579035259723983,0.06075181876169648,0.07042071726640511,0.0425165376990659,0.203451664803046,0.05032077957354399,0.10202992808917073,0.03878033907621593,0.08979563975843755,0.09227122833981022,0.08045715526756485,0.052836388280147875,0.057028622300006236,0.0945155754064637,0.08842999389850159,0.12955952405641075,0.10162426796796377,0.18416173477351314,0.05888948578414024,0.0941796085413843,0.04127856584185565,0.40315276376189424,0.0940754237636835,0.25040462688975706,0.06357941528806364,0.03519614469542897,0.07597245571336472,0.07285589235536874,0.10482304934047132,0.0847374199018256,0.03948213925830532,0.05721037435030301,0.07004027036005712,0.19679618889104,0.06584327162163796,0.05486185288896168,0.05168754558946669,0.04271313018677773,0.027310361127667424,0.07079276397098444,0.06420905065799513,0.10588253159993077,0.07605304274488246,0.0520872728294518,0.09021456200160761,0.14018871750316794,0.10616936421135052,0.08230406108494596,0.08844678038986399,0.060672403444260815,0.03752436676617814,0.09427040464316042,0.05265465189490683,0.0673546749449566,0.017930478910934855,0.04047534299944229,0.10346192378732753,0.08747120528451058,0.09551126266832585,0.24049188767631352,0.35791556347385484,0.09121274689328777,0.07100575394473835,0.051751501257806046,0.10731067338746293,0.06614621232013002,0.0933075583441562,0.052521815699417336,0.08407507409603045,0.15044393202242384,0.09765157772379167,0.04944987818883376,0.07051100138058579,0.06923344964692991,0.052991662599155456,0.0,0.0,0.0,0.0,0.0,0.0,0.0,0.0,0.0,0.0,0.0,0.0,0.0,0.0,0.0,0.0,0.0,0.0,0.0,0.0,0.0,0.0,0.0,0.0,0.0,0.0,0.0,0.0,0.0,0.0,0.0,0.0,0.0,0.0,0.0,0.0,0.0,0.0,0.0,0.0,0.0,0.0,0.0,0.0,0.0,0.0,0.0,0.0,0.0,0.0,0.0,0.0,0.0,0.0,0.0,0.0,0.0,0.0,0.0,0.0,0.0,0.0,0.0,0.0,0.0,0.0,0.0,0.0,0.0,0.0,0.0,0.0,0.0,0.0,0.0,0.0,0.0,0.0,0.0,0.0,0.0,0.0,0.0,0.0,0.0,0.0,0.0,0.0,0.0,0.0,0.0,0.0,0.0,0.0,0.0,0.0,0.0,0.0,0.0,0.0,0.0,0.0,0.0,0.0,0.0,0.0,0.0,0.0,0.0,0.0,0.0,0.0,0.0,0.0,0.0,0.0,0.0,0.0,0.0,0.0,0.0,0.0,0.0,0.0,0.0,0.0,0.0,0.0,0.0,0.0,0.0,0.0,0.0,0.0,0.0,0.0,0.0,0.0,0.0,0.0,0.0,0.0,0.0,0.0,0.0,0.0,0.0,0.0,0.0,0.0,0.0,0.0,0.0,0.0,0.0,0.0,0.0,0.0,0.0,0.0,0.0,0.0,0.0,0.0,0.0,0.0,0.0,0.0,0.0,0.0,0.0,0.0,0.0,0.0,0.0,0.0,0.0,0.0,0.0,0.0,0.0,0.0,0.0,0.0,0.0,0.0,0.0,0.0,0.0,0.0,0.0,0.0,0.0,0.0,0.0,0.0,0.0,0.0,0.0,0.0,0.0,0.0,0.0,0.0,0.0,0.0,0.0,0.0,0.0,0.0,0.0,0.0,0.0,0.0,0.0,0.0,0.0,0.0,0.0,0.0,0.0,0.0,0.0,0.0,0.0,0.0,0.0,0.0,0.0,0.0,0.0,0.0,0.0,0.0,0.0,0.0,0.0,0.0,0.0,0.0,0.0,0.0,0.0,0.0,0.0,0.0,0.0,0.0,0.0,0.0,0.0,0.0,0.0,0.0,0.0,0.0,0.0,0.0,0.0,0.0,0.0,0.0,0.0,0.0,0.0,0.0,0.0,0.0,0.0,0.0,0.0,0.0,0.0,0.0,0.0,0.0,0.0,0.0,0.0,0.0,0.0,0.0,0.0,0.0,0.0,0.0,0.0,0.0,0.0,0.0,0.0,0.0,0.0,0.0,0.0,0.0,0.0,0.0,0.0,0.0,0.0,0.0,0.0,0.0,0.0,0.0,0.0,1.0,0.0,0.0,0.0,0.0,0.0,1.0,1.0,0.0,0.0,1.0,1.0,0.0,0.0,1.0,0.0,1.0,0.0,0.0,1.0,0.0,0.0,0.0,0.0,0.0,0.0,0.0,0.0,0.0,0.0,0.0,0.0,0.0,0.0,0.0,0.0,0.0,0.0,0.0,0.0,0.0,0.0,0.0,0.0,0.0,0.0,0.0,0.0,0.0,0.0,0.0,0.0,0.0,0.0,0.0,0.0,0.0,0.0,0.0,0.0,0.0,0.0,0.0,0.0,0.0,0.0,0.0,0.0,0.0,0.0,0.0,0.0,0.0,0.0,0.0,0.0,0.0,0.0,0.0,0.0,0.0,0.0,0.0,0.0,0.0,0.0,0.0,0.0,0.0,0.0,0.0,0.0,0.0,0.0,0.0,0.0,0.0,0.0,0.0,0.0,0.0,0.0,0.0,0.0,0.0,0.0,0.0,0.0,0.0,0.0,0.0,0.0,0.0,0.0,0.0,0.0,0.0,0.0,0.0,0.0,0.0,0.0,0.0,0.0,0.0,0.0,0.0,0.0,0.0,0.0,0.0,0.0,0.0,0.0,0.0,0.0,0.0,0.0,0.0,0.0,0.0,0.0,0.0,0.0,0.0,0.0,0.0,0.0,0.0,0.0,0.0,0.0,0.0,0.0,0.0,0.0,0.0,0.0,0.0,0.0,0.0,0.0,0.0,0.0,0.0,0.0,0.0,0.0,0.0,0.0,0.0,0.0,0.0,0.0,0.0,0.0,0.0,0.0,-5.551115123125783e-17,0.0,0.0,0.0,0.0,0.0,0.0,0.0,0.0,0.0,0.0,0.0,1.1102230246251565e-16,0.0,0.0,0.0,0.0,0.0,0.0,0.0,0.0,0.0,0.0,0.0,0.0,0.0,0.0,0.0,0.0,0.0,0.0,0.0,0.0,0.0,0.0,0.0,0.0,0.0,0.0,0.0,0.0,0.0,0.0,0.0,0.0,0.0,0.0,0.0,0.0,0.0,0.0,0.0,0.0,0.0,0.0,0.0,0.0,0.0,0.0,0.0,0.0,0.0,0.0,0.0,0.0,0.0,0.0,0.0,0.0,0.0,0.0,0.0,0.0,0.0,0.0,0.0,0.0,0.0,0.0,0.0,0.0,0.0,0.0,0.0,0.0,0.0,0.0,0.0,0.0,0.0,0.0,0.0,0.0,0.0,0.0,0.0,0.0,0.0,0.0,0.0,0.0,0.0,0.0,0.0,0.0,0.0,0.0,0.0,0.0,0.0,0.0,0.0,0.0,0.0,0.0,0.0,0.0,0.0,0.0,0.0,0.0,0.0,0.0,0.0,0.0,0.0,0.0,0.0,0.0,0.0,0.0,0.0,0.0,0.0,0.0,0.0,0.0,0.0,0.0,0.0,0.0,0.0,0.0,0.0,0.0,0.0,0.0,-5.551115123125783e-17,0.0,0.0,0.0,0.0,0.0,0.0,0.0,0.0,0.0,0.0,0.0,0.0,0.0,0.0,0.0,0.0,0.0,0.0,0.0,0.0,0.0,0.0,0.0,0.0,0.0,0.0,0.0,0.0,0.0,0.0,0.0,0.0,0.0,0.0,0.0,0.0,0.0,0.0,0.0,0.0,0.0,0.0,0.0,0.0,0.0,0.0,0.0,0.0,0.0,0.0,0.0,0.0,0.0,0.0,0.0,0.0,0.0,0.0,0.0,0.0,0.0,0.0,0.0,0.0,0.0,0.0,0.0,0.0,0.0,0.0,0.0,0.0,0.0,0.0,0.0,0.0,0.0,0.0,0.0,0.0,0.0,0.0,0.0,0.0,0.0,0.0,0.0,0.0,0.0,0.0,0.0,0.0,0.0,0.0,0.0,0.0,0.0,0.0,0.0,0.0,0.0,0.0,0.0,0.0,0.0,0.0,0.0,0.0,0.0,0.0,0.0,0.0,0.0,0.0,0.0,0.0,0.0,0.0,0.0,0.0,0.0,0.0,0.0,0.0,0.0,0.0,0.0,0.0,0.0,0.0,0.0,0.0,0.0,0.0,0.0,0.0,0.0,0.0,0.0,0.0,0.0,0.0,0.0,0.0,0.0,0.0,0.0,0.0,0.0,0.0,0.0,0.0,0.0,0.0,0.0,0.0,0.0,0.0,0.0,0.0,0.0,0.0,0.0,0.0,0.0,0.0,0.0,0.0,0.0,0.0,0.0,0.0,0.0,0.0,0.0,0.0,0.0,0.0,0.0,0.0,0.0,0.0,0.0,0.0,0.0,0.0,0.0,0.0,0.0,0.0,0.0,0.0,0.0,0.0,0.0,0.0,0.0,0.0,0.0,0.0,0.0,0.0,0.0,0.0,0.0,0.0,0.0,0.0,0.0,0.0,0.0,0.0,0.0,0.0,0.0,0.0,0.0,0.0,0.0,0.0,0.0,0.0,0.0,0.0,0.0,0.0,0.0,0.0,0.0,0.0,0.0,0.0,0.0,0.0,0.0,0.0,0.0,0.0,0.0,0.0,0.0,0.0,0.0,0.0,0.0,0.0,0.0,0.0,0.0,0.0,0.0,0.0,0.0,0.0,0.0,0.0,0.0,0.0,0.0,0.0,0.0,0.0,0.0,0.0,0.0,0.0,0.0,0.0,0.0,0.0,0.0,0.0,0.0,0.0,0.0,0.0,0.0,0.0,0.0,0.0,0.0,0.0,0.0,0.0,0.0,0.0,0.0,0.0,0.0,0.0,0.0,0.0,0.0,0.0,0.0,0.0,0.0,0.0,0.0,0.0,0.0,0.0,0.0,0.0,0.0,0.0,0.0,0.0,0.0,0.0,4.440892098500626e-16,0.0,0.0,0.0,0.0,0.0,0.0,0.0,0.0,0.0,0.0,0.0,0.0,0.0,0.0,0.0,0.0,0.0,0.0,0.0,0.0,0.0,0.0,0.0,0.0,0.0,0.0,0.0,0.0,0.0,0.0,0.0,0.0,0.0,0.0,0.0,0.0,0.0,0.0,0.0,0.0,0.0,0.0,0.0,0.0,0.0,0.0,0.0,0.0,0.0,0.0,0.0,0.0,0.0,0.0,0.0,0.0,0.0,0.0,0.0,0.0,0.0,0.0,0.0,0.0,0.0,0.0,0.0,0.0,0.0,0.0,0.0,0.0,0.0,0.0,0.0,0.0,0.0,0.0,0.0,0.0,0.0,0.0,0.0,0.0,0.0,0.0,0.02627181061815176,0.0036862873598066948,0.005406465907199287,0.0034414092190862,0.035227697294643034,0.020088679366768947,0.003610468507799558,0.010170884952092174,0.006163318688279795,0.03769674120721245,0.02654629919096807,0.006379626414693806,0.010535057891321697,0.010233004756265984,0.02924096220792527,0.07976429904695448,0.003551951060378311,0.02206516241618628,0.004721600012556948,0.008165668981515717,0.0539372237080038,0.0031153517620683413,0.016659534553983946,0.01023879108672121,0.012712395644606467,0.024632524722368654,0.010985507807191763,0.026233472198247565,0.028443214906789915,0.00361417262578434,0.010634424208574522,0.01453159976797147,0.03360627725462084,0.02270251137356094,0.0069128849673181225,0.02569889075825882,0.1415740959826447,0.026078179154634507,0.020020692402200613,0.023237239021352107,0.003121438198463,0.014911223501226312,0.0038527862044523964,0.012460950813909744,0.004392929331777151,0.013519426622106145,0.002873226084667002,0.019462694487356824,0.0035730452531157475,0.02683431225506161,0.022976017476792787,0.004025022093417041,0.026068970653676415,0.009972466708190297,0.026345782669719764,0.11391558996410966,0.04288604133456553,0.04124281416944786,0.004196376308923999,0.027975791757219648,0.0493748713530997,0.028292807961204147,0.049664605039677956,0.00437848738030211,0.026182836126607212,0.015117027479152667,0.0034205173543385703,0.03828719603387576,0.03298128769653952,0.016537215982278974,0.0059094945478811445,0.015886510175262547,0.03826720889990465,0.022056941067415403,0.026434842190258157,0.13716299937213006,0.014665759038619663,0.033888641111009976,0.06503926500076163,0.5497696141030175,0.06936578357818435,0.008291120134060415,0.02361542576589759,0.01785480774667314,0.003551980997607229,0.0029918015022081246,0.013134788665585484,0.05921506397203935,0.03667188254123688,0.015005509845394505,0.026821081254474244,0.01622573428722185,0.030081616757605234,0.028109305155888276,0.0036673441990892064,0.02203354871899199,0.03849457535195333,0.030211270949832114,0.026350435184421372,0.029440803886536804,0.0,0.0,0.0,0.0,0.0,0.0,0.0,0.0,0.0,0.0,0.0,0.0,0.0,0.0,0.0,0.0,0.0,0.0,0.0,0.0,0.0,0.0,0.0,0.0,0.0,0.0,0.0,0.0,0.0,0.0,0.0,0.0,0.0,0.0,0.0,0.0,0.0,0.0,0.0,0.0,0.0,0.0,0.0,0.0,0.0,0.0,0.0,0.0,0.0,0.0,0.0,0.0,0.0,0.0,0.0,0.0,0.0,0.0,0.0,0.0,0.0,0.0,0.0,0.0,0.0,0.0,0.0,0.0,0.0,0.0,0.0,0.0,0.0,0.0,0.0,0.0,0.0,0.0,0.0,0.0,0.0,0.0,0.0,0.0,0.0,0.0,0.0,0.0,0.0,0.0,0.0,0.0,0.0,0.0,0.0,0.0,0.0,0.0,0.0,0.0,0.0,0.0,0.0,0.0,0.0,0.0,0.0,0.0,0.0,0.0,0.0,0.0,0.0,0.0,0.0,0.0,0.0,0.0,0.0,0.0,0.0,0.0,0.0,0.0,0.0,0.0,0.0,0.0,0.0,0.0,0.0,0.0,0.0,0.0,0.0,0.0,0.0,0.0,0.0,0.0,0.0,0.0,0.0,0.0,0.0,0.0,0.0,0.0,0.0,0.0,0.0,0.0,0.0,0.0,0.0,0.0,0.0,0.0,0.0,0.0,0.0,0.0,0.0,0.0,0.0,0.0,0.0,0.0,0.0,0.0,0.0,0.0,0.0,0.0,0.0,0.0,0.0,0.0,0.0,0.0,0.0,0.0,0.0,0.0,0.0,0.0,0.0,0.0,0.0,0.0,0.0,0.0,0.0,0.0,0.0,0.0,0.0,0.0,0.0,0.0,0.0,0.0,0.0,0.0,0.0,0.0,0.0,0.0,0.0,0.0,0.0,0.0,0.0,0.0,0.0,0.0,0.0,0.0,0.0,0.0,0.0,-5.551115123125783e-17,0.0,0.0,0.0,0.0,0.0,0.0,0.0,0.0,0.0,0.0,0.0,0.0,0.0,0.0,0.0,0.0,0.0,0.0,0.0,0.0,0.0,0.0,0.0,0.0,0.0,0.0,0.0,0.0,-5.551115123125783e-17,0.0,0.0,0.0,0.0,0.0,0.0,0.0,-5.551115123125783e-17,0.0,0.0,0.0,0.0,0.0,0.0,0.0,0.0,0.0,0.0,0.0,0.0,0.0,0.0,0.0,0.0,0.0,0.0,0.0,0.0,0.0,-5.551115123125783e-17,0.0,0.0,0.0,0.0,0.0,0.0,0.0,0.0,0.0,0.0,0.0,0.0,0.0,0.0,0.0,0.0,0.0,0.0,0.0,0.0,0.0,0.0,0.0,0.0,0.0,0.0,0.0,0.0,0.0,0.0,0.0,0.0,0.0,0.0,0.0,0.0,0.0,0.0,0.0,0.0,0.0,0.0,0.0,0.0,0.0,0.0,0.0,0.0,0.0,0.0,0.0,0.0,0.0,0.0,0.0,0.0,0.0,0.0,0.0,0.0,0.0,0.0,0.0,0.0,0.0,0.0,0.0,0.0,0.0,0.0,0.0,0.0,0.0,0.0,0.0,0.0,0.0,0.0,0.0,0.0,0.0,0.0,0.0,0.0,0.0,0.0,0.0,0.0,0.0,0.0,0.0,0.0,0.0,0.0,0.0,0.0,0.0,0.0,0.0,0.0,0.0,0.0,0.0,0.0,0.0,0.0,0.0,0.0,0.0,0.0,0.0,0.0,0.0,0.0,0.0,0.0,0.0,0.0,0.0,0.0,0.0,0.0,0.0,0.0,0.0,0.0,0.0,0.0,0.0,0.0,0.0,0.0,0.0,0.0,0.0,0.0,0.0,0.0,0.0,0.0,0.0,0.0,0.0,0.0,0.0,0.0,0.0,0.0,0.0,0.0,-5.551115123125783e-17,0.0,0.0,0.0,0.0,-5.551115123125783e-17,0.0,0.0,0.0,0.0,0.0,0.0,0.0,0.0,0.0,0.0,0.0,0.0,0.0,0.0,0.0,0.0,0.0,0.0,0.0,0.0,0.0,0.0,0.0,0.0,0.0,0.0,0.0,0.0,0.0,0.0,0.0,0.0,0.0,0.0,0.0,0.0,0.0,0.0,0.0,0.0,0.0,0.0,0.0,0.0,0.0,0.0,0.0,0.0,0.0,0.0,0.0,0.0,0.0,0.0,0.0,0.0,0.0,0.0,0.0,0.0,0.0,0.0,0.0,0.012471136779283687,0.002909677749724504,0.0038041469449554555,0.002648231754022179,0.009133330988977617,0.008572334979283114,0.00200363981729923,0.0024770924960222374,0.005172271156477115,0.016160434827156234,0.01138529476680361,0.004846917495974101,0.002357756205555561,0.13794384363493284,0.009516232597205021,0.017616127192487063,0.0028828643372255103,0.005553449143620881,0.005329058272645848,0.004489867170185291,0.006015266937691832,0.0017421268218190678,0.008404306207985601,0.1368288058228071,0.09138090379137864,0.00960594044834362,0.11968365520728486,0.012960056659667374,0.03638887822182135,0.0035069013673445504,0.147356659813621,0.007220908322211561,0.03583537658701297,0.009959126894869108,0.00374471712807678,0.010627030669967508,0.010666412016600013,0.01057303826774958,0.009052906280559658,0.010066005475774742,0.0022633932272468904,0.017915004764396114,0.0029780530152089257,0.11288311189058109,0.002665279908611762,0.06985882273670962,0.0026166561556443257,0.008373189405208148,0.0029376685871179697,0.012946276769741805,0.00598624254899871,0.002165661191957491,0.011954914525650784,0.005643242600766651,0.008588742522466442,0.010935435843283048,0.008076719804479326,0.0092389842465741,0.0033228491589973874,0.009881627965297568,0.00814290942939433,0.011860978872550776,0.027196976017559327,0.29816047633657083,0.01382257000188536,0.08472438245929703,0.002294761733697026,0.009250008325078718,0.015290956111755794,0.006482461427826491,0.004394976273125795,0.00873319669159145,0.01038123423133952,0.0076409401280101985,0.010072311319476168,0.00811020388268835,0.00641828802535982,0.016626984822744384,0.018277285751586048,0.002195638439779213,0.010234215208151376,0.004690253318909043,0.010420772879217166,0.007852298767080379,0.002908494617026691,0.0028654131281555806,0.00566268460962438,0.017046605979517793,0.044921144483270115,0.00815278950438958,0.010404804931008371,0.006811305825175307,0.052587193372808816,0.024048541701111037,0.0035990444573517077,0.011155742620715614,0.016770213727526184,0.009498078881118088,0.012470827301756526,0.0131309404155604,0.008039919904414994,0.05160751314646972,0.08575320796894981,0.069836180497867,0.019353215934452717,0.02525893761750231,0.06706571494781755,0.00105913440951666,0.02975262967474057,0.00390257850900666,0.0069806686760254255,0.04991241398127366,0.0013138621214900947,0.0032535475325699004,0.015021911981527136,0.007694555926950786,0.05219816868623273,0.0035388817235391112,0.00907444137108393,0.04642837109888087,0.0028484691599071077,0.10083623712754664,0.02707894081350548,0.0032590663283162957,0.004428874755875611,0.018169491571793817,0.0036739220172590237,0.008251966713132441,0.002488290368506174,0.014469889580311146,0.0028016476103557286,0.032491497914930445,0.0021163231400067595,0.01845169158249882,0.05438191066430664,0.013363067436367393,0.005869157783284673,0.005545590383800092,0.023139582738388453,0.017744686155152567,0.05733561045039748,0.012625507540142689,0.05010680160155201,0.0037409587341872275,0.04705929837446199,0.0020427395103791435,0.01948255656342246,0.02632907312466315,0.04534893769877424,0.006599175410359259,0.0022225459031590677,0.09734589066430777,0.00919800641511781,0.06963776963862078,0.02523405237917986,0.0028130324190650535,0.0072867303683216145,0.013161143435959088,0.044770636707265554,0.008450860763982937,0.006590094244672828,0.00436697736047631,0.002797373344174736,0.0008788208553710541,0.008070530141562227,0.004607555749592929,0.046412623243674234,0.017441250296908573,0.004220841090204042,0.04534916447601045,0.061604299559373965,0.026097985123625933,0.022554981099560778,0.037583536211273305,0.006602363632352226,0.0026848323941239816,0.03959122898356138,0.004273510122994262,0.009025568495363068,0.0006005642088001695,0.00282781942650856,0.044022377986212,0.01643269457602614,0.029331588943556808,0.04825629614903382,0.016175513137153263,0.05006140697660244,0.010483756636757269,0.003865623317527378,0.028195432222843708,0.007973195904839026,0.03712797040325111,0.0038453933793948236,0.011188815394908458,0.013793340367873053,0.027038686715151528,0.003900667981875716,0.011186953996016769,0.008103120102251005,0.0045153359499785495,0.0,0.0,0.0,0.0,0.0,0.0,0.0,0.0,0.0,0.0,0.0,0.0,0.0,0.0,0.0,0.0,0.0,0.0,0.0,0.0,0.0,0.0,0.0,0.0,0.0,0.0,0.0,0.0,0.0,0.0,0.0,0.0,0.0,0.0,0.0,0.0,0.0,0.0,0.0,0.0,0.0,0.0,0.0,0.0,0.0,0.0,0.0,0.0,0.0,0.0,0.0,0.0,0.0,0.0,0.0,0.0,0.0,0.0,0.0,0.0,0.0,0.0,0.0,0.0,0.0,0.0,0.0,0.0,0.0,0.0,0.0,0.0,0.0,0.0,0.0,0.0,0.0,0.0,0.0,0.0,0.0,0.0,0.0,0.0,0.0,0.0,0.0,0.0,0.0,0.0,0.0,0.0,0.0,0.0,0.0,0.0,0.0,0.0,0.0,0.0,0.0,0.0,0.0,0.0,0.0,0.0,0.0,0.0,0.0,0.0,0.0,0.0,0.0,0.0,0.0,0.0,0.0,0.0,0.0,0.0,0.0,0.0,0.0,0.0,0.0,0.0,0.0,0.0,0.0,0.0,0.0,0.0,0.0,0.0,0.0,0.0,0.0,0.0,0.0,0.0,0.0,0.0,0.0,0.0,0.0,0.0,0.0,0.0,0.0,0.0,0.0,0.0,0.0,0.0,0.0,0.0,0.0,0.0,0.0,0.0,0.0,0.0,0.0,0.0,0.0,0.0,0.0,0.0,0.0,0.0,0.0,0.0,0.0,0.0,0.0,0.0,0.0,0.0,0.0,0.0,0.0,0.0,0.0,0.0,0.0,0.0,0.0,0.0,0.0,0.0,0.0,0.0,0.0,0.0,0.0,0.0,0.0,0.0,0.0,0.0,0.006571428927870215,0.014002755577738668,0.02544700171071257,0.015478152067335604,0.009064743851949442,0.010088769492643368,0.005220519125158862,0.0009793746899644518,0.08075608982914662,0.004188186825913931,0.005752058978434782,0.045378503883589216,0.0010520747119830975,0.0077088748776351634,0.008073066045338528,0.009299368463148716,0.018429181977841602,0.002694689927720484,0.2196507079373694,0.009042679074813709,0.002450972371107918,0.004925697040464749,0.01074580626665822,0.0075608297029294835,0.009529158885860367,0.009072904969890327,0.0085263605241922,0.006805444358241486,0.003475368290481451,0.12992851389953808,0.006576134480509532,0.010569615803499133,0.0032144144525824148,0.009528080899669278,0.007973987171206787,0.008209317392789295,0.005714639792964382,0.004725649149568079,0.010154351994129951,0.009416067687019192,0.008592761951466743,0.057194105962161346,0.01291278167334986,0.009481566570988642,0.006823116762215253,0.0032583712370084505,0.01611936326833785,0.010125998223488586,0.021644970831216526,0.005814944020477442,0.0020293218826966664,0.005840923980327317,0.007112928317968947,0.020423615640823733,0.009898396317847391,0.002863974572086536,0.005024766793189528,0.007378710860000526,0.01371266891603895,0.005996134069619297,0.004751626319206337,0.004151879804109138,0.0034575094435758125,0.0016335808900126425,0.006954671024000492,0.01219701576433363,0.007025677930340257,0.008649619331262182,0.004452868390307008,0.010747994367659608,0.036518527395212774,0.011251564903516642,0.012802212837809468,0.011696887757407626,0.0052568808785932175,0.0025741889644255167,0.01005027906829703,0.004588305769687717,0.011245576314499628,0.0006357343503473611,0.002937762026079427,0.009410959652489503,0.009228114485828276,0.010245928709103236,0.01921415758094891,0.043815786352156216,0.010155653304119938,0.012476777791296856,0.0066554784602490535,0.011214764603596938,0.006050091729209672,0.010135667404489013,0.006954723700193011,0.02403963667878395,0.17698559403957415,0.025625091345389595,0.004220682142440535,0.006808210499777312,0.006606552701894253,0.004380010501833231,0.015881888687840795,0.002873225863070372,0.003805707373396583,0.0026096349033633004,0.011460687812070658,0.009931806210197291,0.0021341531889523813,0.003744385943996731,0.0049974214915786686,0.026230957579407077,0.014976613530034655,0.004752094948692331,0.003513896512449266,0.042451341102728524,0.011859651153059092,0.023802676972766612,0.002812410185405345,0.007750397087758265,0.004706252748764794,0.00486916994589448,0.009262763650899508,0.0018550011678766243,0.009508514385249023,0.04287934913740177,0.044045944942253,0.011661501228719118,0.0430031407758511,0.01638860615233606,0.10548026984697678,0.003275297670296329,0.04735563207802951,0.008081390662783905,0.1293185439813601,0.011869576845477847,0.004063382429475237,0.013254443744541877,0.015270384961773908,0.014254338848737946,0.010519532826404498,0.011938790079530026,0.002289745592666481,0.015748512009641003,0.002978104647902935,0.044697369768269435,0.002830625549287258,0.12270995693717013,0.0024828811502156656,0.009710991302492422,0.0028756087579322465,0.016995360107222246,0.009235889771396,0.0023200896517548975,0.015113009186491055,0.005890791466694467,0.010338709319661965,0.02019761853148605,0.01124413564903537,0.012110998695379571,0.0032350940173008214,0.012707309563069868,0.011196028957045856,0.01706414433676362,0.07547286694323174,0.048106767736638356,0.01744606747755506,0.044182465698853646,0.002376010221078917,0.011679819446811068,0.02323600127858061,0.00742443484099331,0.004316372161833559,0.009743083879064196,0.012610010044027509,0.008953321883057086,0.01338319878082217,0.013904817622480414,0.007278465341611584,0.025562684816879955,0.02347784504456174,0.003957039507488824,0.017840055611114347,0.005066446850791495,0.012417173567197848,0.00907344230043039,0.002836042979800668,0.0026942286319575626,0.0063837468760734595,0.02134454793836338,0.06695487888607343,0.009053907373620107,0.013571418381507105,0.007792403252661173,0.06810309502556788,0.02416207809156601,0.003275978253153733,0.011977502924937045,0.02753415448752572,0.012342845227000798,0.01584776199648852,0.01898236643586937,0.0,0.0,0.0,0.0,0.0,0.0,0.0,0.0,0.0,0.0,0.0,0.0,0.0,0.0,0.0,0.0,0.0,0.0,0.0,0.0,0.0,0.0,0.0,0.0,0.0,0.0,0.0,0.0,0.0,0.0,0.0,0.0,0.0,0.0,0.0,0.0,0.0,0.0,0.0,0.0,0.0,0.0,0.0,0.0,0.0,0.0,0.0,0.0,0.0,0.0,0.0,0.0,0.0,0.0,0.0,0.0,0.0,0.0,0.0,0.0,0.0,0.0,0.0,0.0,0.0,0.0,0.0,0.0,0.0,0.0,0.0,0.0,0.0,0.0,0.0,0.0,0.0,0.0,0.0,0.0,0.0,0.0,0.0,0.0,0.0,0.0,0.0,0.0,0.0,0.0,0.0,0.0,0.0,0.0,0.0,0.0,0.0,0.0,0.0,0.0,0.0,0.0,0.0,0.0,0.0,0.0,0.0,0.0,0.0,0.0,0.0,0.0,0.0,0.0,0.0,0.0,0.0,0.0,0.0,0.0,0.0,0.0,0.0,0.0,0.0,0.0,0.0,0.0,0.0,0.0,0.0,0.0,0.0,0.0,0.0,0.0,0.0,0.0,0.0,0.0,0.0,0.0,0.0,0.0,0.0,0.0,0.0,0.0,0.0,0.0,0.0,0.0,0.0,0.0,0.0,0.0,0.0,0.0,0.0,0.0,0.0,0.0,0.0,0.0,0.0,0.0,0.0,0.0,0.0,0.0,0.0,0.0,0.0,0.0,0.0,0.0,0.0,0.0,0.0,0.0,0.0,0.0,0.0,0.0,0.0,0.0,0.0,0.0,0.0,0.0,0.0,0.0,0.0,0.0,0.0,0.0,0.0,0.0,0.0,0.0,0.007456938508944355,0.056386287763097176,0.02835933473525376,0.048309149966762055,0.01629309535009149,0.026961382350549457,0.1537100297026588,0.0009376476925473387,0.014777970396482765,0.003250223664648222,0.006362450527507946,0.021387243628678165,0.0011220933936324506,0.002582904116006368,0.014041513852375731,0.0053808332595853825,0.037904678859767116,0.003004906098882154,0.005615326591975056,0.07921356132016877,0.002323653951806004,0.12615607425808983,0.031571212121490166,0.0025996425513705734,0.003575214308862429,0.018089217797386814,0.0029188125575217994,0.00766508025207302,0.002054677051775755,0.009015241555568543,0.0021651878126062174,0.040466889832003416,0.0016556115308297148,0.018952308385375316,0.09265463638407112,0.012818919441945242,0.004412364809331049,0.00496895633952521,0.025023804682779205,0.018243498632473765,0.11592096254309792,0.008040519959958026,0.065581054952222,0.0028548902812559618,0.14273833626623,0.0016807202750972472,0.01748223886457989,0.028373363315985167,0.030668292950536635,0.005962935097648114,0.0018241383764467933,0.10632007276658084,0.008609823085704571,0.027656034299435306,0.022409977756744137,0.0021708569158260804,0.006243981245967256,0.011074126389323702,0.0584233895819134,0.007779467040326504,0.00555238010809167,0.0037463051811393866,0.002168730459401136,0.0007165099044199597,0.007481565910816612,0.003428582171358663,0.15196744981035293,0.014608161291706834,0.0036049627420229324,0.036915013509250194,0.02426896037227677,0.03120465365020819,0.015041985775467115,0.027231853658750027,0.006003947895722006,0.002115895831117154,0.04377942855161554,0.0036352768073657504,0.0061774941238030845,0.0004529176953641523,0.002323717078938081,0.07646221230231565,0.016574554740572123,0.03237039902597871,0.03499843290444726,0.010690910689745703,0.0474851850421405,0.007118924162150653,0.002911811162170874,0.03459821607234459,0.00734236381372555,0.03915711745544803,0.0028966034281830977,0.007392344525072092,0.008102813339981751,0.015273244166412514,0.0032406548161355575,0.010179248411575026,0.007529387034303614,0.0038484255532960088,0.0,0.0,0.0,0.0,0.0,0.0,0.0,0.0,0.0,0.0,0.0,0.0,0.0,0.0,0.0,0.0,0.0,0.0,0.0,0.0,0.0,0.0,0.0,0.0,0.0,0.0,0.0,0.0,0.0,0.0,0.0,0.0,0.0,0.0,0.0,0.0,0.0,0.0,0.0,0.0,0.0,0.0,0.0,0.0,0.0,0.0,0.0,0.0,0.0,0.0,0.0,0.0,0.0,0.0,0.0,0.0,0.0,0.0,0.0,0.0,0.0,0.0,0.0,0.0,0.0,0.0,0.0,0.0,0.0,0.0,0.0,0.0,0.0,0.0,0.0,0.0,0.0,0.0,0.0,0.0,0.0,0.0,0.0,0.0,0.0,0.0,0.0,0.0,0.0,0.0,0.0,0.0,0.0,0.0,0.0,0.0,0.0,0.0,0.0,0.0,0.07518232524194546,0.002465589681652447,0.0029167388551829543,0.002152281489284813,0.028640860984649352,0.022192249178852874,0.002530596337985247,0.44742895273173533,0.0031369236463508754,0.08018336615988009,0.09311140767115944,0.003298520825438689,0.4367784946830535,0.004795999209208035,0.045788996223808276,0.01218228319457959,0.00224649337797056,0.23085307622893791,0.002218113872990868,0.006567931099675572,0.16384378217067463,0.002061900021341323,0.01809604770395945,0.004927416086918823,0.007046213239971566,0.034861673774131074,0.005495321135988385,0.07014850949927698,0.014191331436978483,0.0019607152561459396,0.004162098669232117,0.013998598929513162,0.007326623090254336,0.032278912890048805,0.005292506372727379,0.04910099942694235,0.01572851086522087,0.11940900121362241,0.024086866722781597,0.03393632648454825,0.0021640978560096835,0.005735361246922754,0.0026055247443178553,0.004915879365220532,0.003290003183786583,0.007150692953377336,0.0018909986987374339,0.021032258235074153,0.002188543159890699,0.0862850311868868,0.2548662913140395,0.002638936100467948,0.06779536841320011,0.004946318646330994,0.02266547082563397,0.049798980647323354,0.09273205577003352,0.046158640367948145,0.0028619948356214397,0.0883228289720156,0.09135793281073767,0.1216893970688363,0.018639533391274776,0.0019634043259213474,0.06656833871842394,0.005578674666573691,0.002488397389350583,0.0317142009392406,0.08908457723586127,0.011181366984987617,0.0031187928376277263,0.017254875502933253,0.014862047627550945,0.012986510456322486,0.10853240237325257,0.05550261589608574,0.01226110874820252,0.07897276845185686,0.012001613558654811,0.0035805053393790365,0.09353201609869166,0.006800847141616551,0.03699464179121159,0.018113832418704123,0.002241902391743822,0.0017676118105204308,0.009329908597405456,0.01221582444672431,0.007801682818274425,0.015604519913838932,0.08929128958943677,0.013748733776811295,0.007144225534392312,0.008270265275813093,0.001901711086641611,0.0082346695075457,0.07538544581850726,0.06653201311710688,0.07441875542293763,0.10734647665542607,0.0,0.0,0.0,0.0,0.0,0.0,0.0,0.0,0.0,0.0,0.0,0.0,0.0,0.0,0.0,0.0,0.0,0.0,0.0,0.0,0.0,0.0,0.0,0.0,0.0,0.0,0.0,0.0,0.0,0.0,0.0,0.0,0.0,0.0,0.0,0.0,0.0,0.0,0.0,0.0,0.0,0.0,0.0,0.0,0.0,0.0,0.0,0.0,0.0,0.0,0.0,0.0,0.0,0.0,0.0,0.0,0.0,0.0,0.0,0.0,0.0,0.0,0.0,0.0,0.0,0.0,0.0,0.0,0.0,0.0,0.0,0.0,0.0,0.0,0.0,0.0,0.0,0.0,0.0,0.0,0.0,0.0,0.0,0.0,0.0,0.0,0.0,0.0,0.0,0.0,0.0,0.0,0.0,0.0,0.0,0.0,0.0,0.0,0.0,0.0,0.0,0.0,0.0,0.0,0.0,0.0,0.0,0.0,0.0,0.0,0.0,0.0,0.0,0.0,0.0,0.0,0.0,0.0,0.0,0.0,0.0,0.0,0.0,0.0,0.0,0.0,0.0,0.0,0.0,0.0,0.0,0.0,0.0,0.0,0.0,0.0,0.0,0.0,0.0,0.0,0.0,0.0,0.0,0.0,0.0,0.0,0.0,0.0,0.0,0.0,0.0,0.0,0.0,0.0,0.0,0.0,0.0,0.0,0.0,0.0,0.0,0.0,0.0,0.0,0.0,0.0,0.0,0.0,0.0,0.0,0.0,0.0,0.0,0.0,0.0,0.0,0.0,0.0,0.0,0.0,0.0,0.0,0.0,0.0,0.0,0.0,0.0,0.0,0.0,0.0,0.0,0.0,0.0,0.0,0.0,0.0,0.0,0.0,0.0,0.0,0.004751186002658114,0.039646278354453,0.016468571540912524,0.033826460539629455,0.006158443310388617,0.008736709332159087,0.005678851148995578,0.0006160823294664164,0.020920373692684402,0.002439181897374687,0.004055224771797206,0.020008898428616972,0.0006991857791530665,0.0031898197033430886,0.006028476212004641,0.003929508958471661,0.051690779373422924,0.001780669005167157,0.010755799090065965,0.009957072095003738,0.0014505496202675827,0.0050466593143803085,0.010264711049449482,0.003204637019131984,0.004513182377513969,0.007359626653846374,0.003690772648781593,0.004958649209965471,0.0018076559658638525,0.041392578450266115,0.0025321309387899005,0.01040990961778121,0.0015037031107446586,0.008062916510363283,0.00851365903511625,0.006473142341932747,0.002791676636729634,0.0032520669613029796,0.008933134890138805,0.007819440042306947,0.01678539386390543,0.010327025699001235,0.033915342912390956,0.0034679615924805285,0.00886960777031065,0.0017035220472195745,0.16253195406020116,0.008849962364664399,0.06270226704429882,0.004042050404426734,0.0012384975291087619,0.005771628094865755,0.005307974759876766,0.010987655647059724,0.007180011864537095,0.0015585207882633512,0.0032730003751744174,0.004905207673412959,0.038728721994323756,0.004335184718397445,0.0030098225123088573,0.0026714593760969185,0.001824411294727879,0.0007458550023405897,0.005011183058516444,0.004122717724682756,0.01121076696954404,0.005783880303735778,0.002712936972267377,0.00813853187211211,0.019652615425991393,0.0112719119116933,0.006773822665112728,0.0078226969190609,0.0036808883047071417,0.0014076279811239267,0.008886758706413533,0.0027723593385947654,0.0045364801107490305,0.00032149639490375304,0.0016380425523974118,0.010704190696770866,0.007651056624034425,0.009122202443228922,0.057836196426770625,0.1281031601211966,0.00831962301989686,0.005041628966496181,0.0026781875498516072,0.01151534273793342,0.004375318805164952,0.008706160397955576,0.002758498774976803,0.007068441576660978,0.022633351724407502,0.009535511245720829,0.0024448199097838463,0.004971441847279046,0.0047928662040458425,0.0028079594438193967,0.0,0.0,0.0,0.0,0.0,0.0,0.0,0.0,0.0,0.0,0.0,0.0,0.0,0.0,0.0,0.0,0.0,0.0,0.0,0.0,0.0,0.0,0.0,0.0,0.0,0.0,0.0,0.0,0.0,0.0,0.0,0.0,0.0,0.0,0.0,0.0,0.0,0.0,0.0,0.0,0.0,0.0,0.0,0.0,0.0,0.0,0.0,0.0,0.0,0.0,0.0,0.0,0.0,0.0,0.0,0.0,0.0,0.0,0.0,0.0,0.0,0.0,0.0,0.0,0.0,0.0,0.0,0.0,0.0,0.0,0.0,0.0,0.0,0.0,0.0,0.0,0.0,0.0,0.0,0.0,0.0,0.0,0.0,0.0,0.0,0.0,0.0,0.0,0.0,0.0,0.0,0.0,0.0,0.0,0.0,0.0,0.0,0.0,0.0,0.0,0.0,0.0,0.0,0.0,0.0,0.0,0.0,-1.3322676295501878e-15,0.0,0.0,0.0,0.0,0.0,3.3306690738754696e-16,0.0,0.0,0.0,0.0,0.0,0.0,0.0,0.0,0.0,-8.326672684688674e-16,-2.220446049250313e-16,0.0,-1.1102230246251565e-16,0.0,-5.551115123125783e-17,0.0,0.0,0.0,0.0,0.0,0.0,0.0,0.0,0.0,0.0,0.0,0.0,7.771561172376096e-16,0.0,-3.885780586188048e-16,0.0,0.0,0.0,0.0,0.0,0.0,0.0,0.0,0.0,0.0,0.0,0.0,0.0,0.0,0.0,0.0,0.0,0.0,0.0,0.0,0.0,6.661338147750939e-16,0.0,0.0,0.0,0.0,0.0,0.0,0.0,0.0,0.0,0.0,0.0,0.0,0.0,0.0,0.0,0.0,0.0,0.0,0.0,0.0,0.0,0.0,0.0,0.0,0.0,0.0,0.0,0.0,0.0,0.0,0.0,0.0,0.0,0.0,0.0,0.0,0.0,0.0,0.0,0.0,0.0,0.0,0.0,0.0,0.0,0.0,0.0,0.0,0.0,0.0,0.0,0.0,0.0,0.0,0.0,0.0,0.0,0.0,0.0,0.0,0.0,0.0,0.0,0.0,0.0,0.0,0.0,0.0,0.0,0.0,0.0,0.0,0.0,0.0,0.0,0.0,0.0,0.0,0.0,0.0,0.0,0.0,0.0,0.0,0.0,0.0,0.0,0.0,0.0,0.0,0.0,0.0,0.0,0.0,0.0,0.0,0.0,0.0,0.0,0.0,0.0,0.0,0.0,0.0,0.0,0.0,0.0,0.0,0.0,0.0,0.0,0.0,0.0,0.0,0.0,0.0,0.0,0.0,0.0,0.0,0.0,0.0,0.0,0.0,0.0,0.0,0.0,0.0,0.0,0.0,0.0,0.0,0.0,0.0,0.5,0.5,0.5,0.5,0.5,0.5,0.5,0.5,0.5,0.5,0.5,0.5,0.5,0.5,0.5,0.5,0.5,0.5,0.5,0.5,0.5,0.5,0.5,0.5,0.5,0.5,0.5,0.5,0.5,0.5,0.5,0.5,0.5,0.5,0.5,0.5,0.5,0.5,0.5,0.5,0.5,0.5,0.5,0.5,0.5,0.5,0.5,0.5,0.5,0.5,0.5,0.5,0.5,0.5,0.5,0.5,0.5,0.5,0.5,0.5,0.5,0.5,0.5,0.5,0.5,0.5,0.5,0.5,0.5,0.5,0.5,0.5,0.5,0.5,0.5,0.5,0.5,0.5,0.5,0.5,0.5,0.5,0.5,0.5,0.5,0.5,0.5,0.5,0.5,0.5,0.5,0.5,0.5,0.5,0.5,0.5,0.5,0.5,0.5,0.5,0.5,0.5,0.5,0.5,0.5,0.5,0.5,0.5,0.5,0.5,0.5,0.5,0.5,0.5,0.5,0.5,0.5,0.5,0.5,0.5,0.5,0.5,0.5,0.5,0.5,0.5,0.5,0.5,0.5,0.5,0.5,0.5,0.5,0.5,0.5,0.5,0.5,0.5,0.5,0.5,0.5,0.5,0.5,0.5,0.5,0.5,0.5,0.5,0.5,0.5,0.5,0.5,0.5,0.5,0.5,0.5,0.5,0.5,0.5,0.5,0.5,0.5,0.5,0.5,0.5,0.5,0.5,0.5,0.5,0.5,0.5,0.5,0.5,0.5,0.5,0.5,0.5,0.5,0.5,0.5,0.5,0.5,0.5,0.5,0.5,0.5,0.5,0.5,0.5,0.5,0.5,0.5,0.5,0.5,0.5,0.5,0.5,0.5,0.5,0.5,0.5,0.5,0.5,0.5,0.5,0.5,0.5,0.5,0.5,0.5,0.5,0.5,0.5,0.5,0.5,0.5,0.5,0.5,0.5,0.5,0.5,0.5,0.5,0.5,0.5,0.5,0.5,0.5,0.5,0.5,0.5,0.5,0.5,0.5,0.5,0.5,0.5,0.5,0.5,0.5,0.5,0.5,0.5,0.5,0.5,0.5,0.5,0.5,0.5,0.5,0.5,0.5,0.5,0.5,0.5,0.5,0.5,0.5,0.5,0.5,0.5,0.5,0.5,0.5,0.5,0.5,0.5,0.5,0.5,0.5,0.5,0.5,0.5,0.5,0.5,0.5,0.5,0.5,0.5,0.5,0.5,0.5,0.5,0.5,0.5,0.5,0.5,0.5,0.5,0.5,0.5,0.5,0.5,0.5,0.5,0.5,0.5,0.5,0.5,0.5,0.5,0.5,0.5,0.5,0.5,0.5,0.5,0.5,0.5,0.5,0.5,0.5,0.5,0.5,0.5,0.5,0.5,0.5,0.5,0.5,0.5,0.5,0.5,0.5,0.5,0.5,0.5,0.5,0.5,0.5,0.5,0.5,0.5,0.5,0.5,0.5,0.5,0.5,0.5,0.5,0.5,0.5,0.5,0.5,0.5,0.5,0.5,0.5,0.5,0.5,0.5,0.5,0.5,0.5,0.5,0.5,0.5,0.5,0.5,0.5,0.5,0.5,0.5,0.5,0.5,0.5,0.5,0.5,0.5,0.5,0.5,0.5,0.5,0.5,0.5,0.5,0.5,0.5,0.5,0.5,0.5,0.5,0.5,0.5,0.5,0.5,0.5,0.5,0.5,0.5,0.5,0.5,0.5,0.5,0.5,0.5,0.5,0.5,0.5,0.5,0.5,0.5,0.5,0.5,0.5,0.5,0.5,0.5,0.5,0.5,0.5,0.5,0.5,0.5,0.5,0.5,0.5,0.5,0.5,0.5,0.5,0.5,0.5,0.5,0.5,0.5,0.5,0.5,0.5,0.5,0.5,0.5,0.5,0.5,0.5,0.5,0.5,0.5,0.5,0.5,0.5,0.5,0.5,0.5,0.5,0.5,0.5,0.5,0.5,0.5,0.5,0.5,0.5,0.5,0.5,0.5,0.5,0.5,0.5,0.5,0.5,0.5,0.5,0.5,0.5,0.5,0.5,0.5,0.5,0.5,0.5,0.5,0.5,0.5,0.5,0.5,0.5,0.5,0.5,0.5,0.5,0.5,0.5,0.5,0.5,0.5,0.5,0.5,0.5,0.5,0.5,0.5,0.5,0.5,0.5,0.5,0.5,0.5,0.5,0.5,0.5,0.5,0.5,0.5,0.5,0.5,0.5,0.5,0.5,0.5,0.5,0.5,0.5,0.5,0.5,0.5,0.5,0.5,0.5,0.5,0.5,0.5,0.5,0.5,0.5,0.5,0.5,0.5,0.5,0.5,0.5,0.5,0.5,0.5,0.5,0.5,0.5,0.5,0.5,0.5,0.5,0.5,0.5,0.5,0.5,0.5,0.5,0.5,0.5,0.5,0.5,0.5,0.5,0.5,0.5,0.5,0.5,0.5,0.5,0.5,0.5,0.5,0.5,0.5,0.5,0.5,0.5,0.5,0.5,0.5,0.5,0.5,0.5,0.5,0.5,0.5,0.5,0.5,0.5,0.5,0.5,0.5,0.5,0.5,0.5,0.5,0.5,0.5,0.5,0.5,0.5,0.5,0.5,0.5,0.5,0.5,0.5,0.5,0.5,0.5,0.5,0.5,0.5,0.5,0.5,0.5,0.5,0.5,0.5,0.5,0.5,0.5,0.5,0.5,0.5,0.5,0.5,0.5,0.5,0.5,0.5,0.5,0.5,0.5,0.5,0.5,0.5,0.5,0.5,0.5,0.5,0.5,0.5,0.5,0.5,0.5,0.5,0.5,0.5,0.5,0.5,0.5,0.5,0.5,0.5,0.5,0.5,0.5,0.5,0.5,0.5,0.5,0.5,0.5,0.5,0.5,0.5,0.5,0.5,0.5,0.5,0.5,0.5,0.5,0.5,0.5,0.5,0.5,0.5,0.5,0.5,0.5,0.5,0.5,0.5,0.5,0.5,0.5,0.5,0.5,0.5,0.5,0.5,0.5,0.5,0.5,0.5,0.5,0.5,0.5,0.5,0.5,0.5,0.5,0.5,0.5,0.5,0.5,0.5,0.5,0.5,0.5,0.5,0.5,0.5,0.5,0.5,0.5,0.5,0.5,0.5,0.5,0.5,0.5,0.5,0.5,0.5,0.5,0.5,0.5,0.5,0.5,0.5,0.5,0.5,0.5,0.5,0.5,0.5,0.5,0.5,0.5,0.5,0.5,0.5,0.5,0.5,0.5,0.5,0.5,0.5,0.5,0.5,0.5,0.5,0.5,0.5,0.5,0.5,0.5,0.5,0.5,0.5,0.5,0.5,0.5,0.5,0.5,0.5,0.5,0.5,0.5,0.5,0.5,0.5,0.5,0.5,0.5,0.5,0.5,0.5,0.5,0.5,0.5,0.5,0.5,0.5,0.5,0.5,0.5,0.5,0.5,0.5,0.5,0.5,0.5,0.5,0.5,0.5,0.5,0.5,0.5,0.5,0.5,0.5,0.5,0.5,0.5,0.5,0.5,0.5,0.5,0.5,0.5,0.5,0.5,0.5,0.5,0.5,0.5,0.5,0.5,0.5,0.5,0.5,0.5,0.5,0.5,0.5,0.5,0.5,0.5,0.5,0.5,0.5,0.5,0.5,0.5,0.5,0.5,0.5,0.5,0.5,0.5,0.5,0.5,0.5,0.5,0.5,0.5,0.5,0.5,0.5,0.5,0.5,0.5,0.5,0.5,0.5,0.5,0.5,0.5,0.5,0.5,0.5,0.5,0.5,0.5,0.5,0.5,0.5,0.5,0.5,0.5,0.5,0.5,0.5,0.5,0.5,0.5,0.5,0.5,0.5,0.5,0.5,0.5,0.5,0.5,0.5,0.5,0.5,0.5,0.5,0.5,0.5,0.5,0.5,0.5,0.5,0.5,0.5,0.5,0.5,0.5,0.5,0.5,0.5,0.5,0.5,0.5,0.5,0.5,0.5,0.5,0.5,0.5,0.5,0.5,0.5,0.5,0.5,0.5,0.5,0.5,0.5,0.5,0.5,0.5,0.5,0.5,0.5,0.5,0.5,0.5,0.5,0.5,0.5,0.5,0.5,0.5,0.5,0.5,0.5,0.5,0.5,0.5,0.5,0.5,0.5,0.5,0.5,0.5,0.5,0.5,0.5,0.5,0.5,0.5,0.5,0.5,0.5,0.5,0.5,0.5,0.5,0.5,0.5,0.5,0.5,0.5,0.5,0.5,0.5,0.5,0.5,0.5,0.5,0.5,0.5,0.5,0.5,0.5,0.5,0.5,0.5,0.5,0.5,0.5,0.5,0.5,0.5,0.5,0.5,0.5,0.5,0.5,0.5,0.5,0.5,0.5,0.5,0.5,0.5,0.5,0.5,0.5,0.5,0.5,0.5,0.5,0.5,0.5,0.5,0.5,0.5,0.5,0.5,0.5,0.5,0.5,0.5,0.5,0.5,0.5,0.5,0.5,0.5,0.5,0.5,0.5,0.5,0.5,0.5,0.5,0.5,0.5,0.5,0.5,0.5,0.5,0.5,0.5,0.5,0.5,0.5,0.5,0.5,0.5,0.5,0.5,0.5,0.5,0.5,0.5,0.5,0.5,0.5,0.5,0.5,0.5,0.5,0.5,0.5,0.5,0.5,0.5,0.5,0.5,0.5,0.5,0.5,0.5,0.5,0.5,0.5,0.5,0.5,0.5,0.5,0.5,0.5,0.5,0.5,0.5,0.5,0.5,0.5,0.5,0.5,0.5,0.5,0.5,0.5,0.5,0.5,0.5,0.5,0.5,0.5,0.5,0.5,0.5,0.5,0.5,0.5,0.5,0.5,0.5,0.5,0.5,0.5,0.5,0.5,0.5,0.5,0.5,0.5,0.5,0.5,0.5,0.5,0.5,0.5,0.5,0.5,0.5,0.5,0.5,0.5,0.5,0.5,0.5,0.5,0.5,0.5,0.5,0.5,0.5,0.5,0.5,0.5,0.5,0.5,0.5,0.5,0.5,0.5,0.5,0.5,0.5,0.5,0.5,0.5,0.5,0.5,0.5,0.5,0.5,0.5,0.5,0.5,0.5,0.5,0.5,0.5,0.5,0.5,0.5,0.5,0.5,0.5,0.5,0.5,0.5,0.5,0.5,0.5,0.5,0.5,0.5,0.5,0.5,0.5,0.5,0.5,0.5,0.5,0.5,0.5,0.5,0.5,0.5,0.5,0.5,0.5,0.5,0.5,0.5,0.5,0.5,0.5,0.5,0.5,0.5,0.5,0.5,0.5,0.5,0.5,0.5,0.5,0.5,0.5,0.5,0.5,0.5,0.5,0.5,0.5,0.5,0.5,0.5,0.5,0.5,0.5,0.5,0.5,0.5,0.5,0.5,0.5,0.5,0.5,0.5,0.5,0.5,0.5,0.5,0.5,0.5,0.5,0.5,0.5,0.5,0.5,0.5,0.5,0.5,0.5,0.5,0.5,0.5,0.5,0.5,0.5,0.5,0.5,0.5,0.5,0.5,0.5,0.5,0.5,0.5,0.5,0.5,0.5,0.5,0.5,0.5,0.5,0.5,0.5,0.5,0.5,0.5,0.5,0.5,0.5,0.5,0.5,0.5,0.5,0.5,0.5,0.5,0.5,0.5,0.5,0.5,0.5,0.5,0.5,0.5,0.5,0.5,0.5,0.5,0.5,0.5,0.5,0.5,0.5,0.5,0.5,0.5,0.5,0.5,0.5,0.5,0.5,0.5,0.5,0.5,0.5,0.5,0.5,0.5,0.5,0.5,0.5,0.5,0.5,0.5,0.5,0.5,0.5,0.5,0.5,0.5,0.5,0.5,0.5,0.5,0.5,0.5,0.5,0.5,0.5,0.5,0.5,0.5,0.5,0.5,0.5,0.5,0.5,0.5,0.5,0.5,0.5,0.5,0.5,0.5,0.5,0.5,0.5,0.5,0.5,0.5,0.5,0.5,0.5,0.5,0.5,0.5,0.5,0.5,0.5,0.5,0.5,0.5,0.5,0.5,0.5,0.5,0.5,0.5,0.5,0.5,0.5,0.5,0.5,0.5,0.5,0.5,0.5,0.5,0.5,0.5,0.5,0.5,0.5,0.5,0.5,0.5,0.5,0.5,0.5,0.5,0.5,0.5,0.5,0.5,0.5,0.5,0.5,0.5,0.5,0.5,0.5,0.5,0.5,0.5,0.5,0.5,0.5,0.5,0.5,0.5,0.5,0.5,0.5,0.5,0.5,0.5,0.5,0.5,0.5,0.5,0.5,0.5,0.5,0.5,0.5,0.5,0.5,0.5,0.5,0.5,0.5,0.5,0.5,0.5,0.5,0.5,0.5,0.5,0.5,0.5,0.5,0.5,0.5,0.5,0.5,0.5,0.5,0.5,0.5,0.5,0.5,0.5,0.5,0.5,0.5,0.5,0.5,0.5,0.5,0.5,0.5,0.5,0.5,0.5,0.5,0.5,0.5,0.5,0.5,0.5,0.5,0.5,0.5,0.5,0.5,0.5,0.5,0.5,0.5,0.5,0.5,0.5,0.5,0.5,0.5,0.5,0.5,0.5,0.5,0.5,0.5,0.5,0.5,0.5,0.5,0.5,0.5,0.5,0.5,0.5,0.5,0.5,0.5,0.5,0.5,0.5,0.5,0.5,0.5,0.5,0.5,0.5,0.5,0.5,0.5,0.5,0.5,0.5,0.5,0.5,0.5,0.5,0.5,0.5,0.5,0.5,0.5,0.5,0.5,0.5,0.5,0.5,0.5,0.5,0.5,0.5,0.5,0.5,0.5,0.5,0.5,0.5,0.5,0.5,0.5,0.5,0.5,0.5,0.5,0.5,0.5,0.5,0.5,0.5,0.5,0.5,0.5,0.5,0.5,0.5,0.5,0.5,0.5,0.5,0.5,0.5,0.5,0.5,0.5,0.5,0.5,0.5,0.5,0.5,0.5,0.5,0.5,0.5,0.5,0.5,0.5,0.5,0.5,0.5,0.5,0.5,0.5,0.5,0.5,0.5,0.5,0.5,0.5,0.5,0.5,0.5,0.5,0.5,0.5,0.5,0.5,0.5,0.5,0.5,0.5,0.5,0.5,0.5,0.5,0.5,0.5,0.5,0.5,0.5,0.5,0.5,0.5,0.5,0.5,0.5,0.5,0.5,0.5,0.5,0.5,0.5,0.5,0.5,0.5,0.5,0.5,0.5,0.5,0.5,0.5,0.5,0.5,0.5,0.5,0.5,0.5,0.5,0.5,0.5,0.5,0.5,0.5,0.5,0.5,0.5,0.5,0.5,0.5,0.5,0.5,0.5,0.5,0.5,0.5,0.5,0.5,0.5,0.5,0.5,0.5,0.5,0.5,0.5,0.5,0.5,0.5,0.5,0.5,0.5,0.5,0.5,0.5,0.5,0.5,0.5,0.5,0.5,0.5,0.5,0.5,0.5,0.5,0.5,0.5,0.5,0.5,0.5,0.5,0.5,0.5,0.5,0.5,0.5,0.5,0.5,0.5,0.5,0.5,0.5,0.5,0.5,0.5,0.5,0.5,0.5,0.5,0.5,0.5,0.5,0.5,0.5,0.5,0.5,0.5,0.5,0.5,0.5,0.5,0.5,0.5,0.5,0.5,0.5,0.5,0.5,0.5,0.5,0.5,0.5,0.5,0.5,0.5,0.5,0.5,0.5,0.5,0.5,0.5,0.5,0.5,0.5,0.5,0.5,0.5,0.5,0.5,0.5,0.5,0.5,0.5,0.5,0.5,0.5,0.5,0.5,0.5,0.5,0.5,0.5,0.5,0.5,0.5,0.5,0.5,0.5,0.5,0.5,0.5,0.5,0.5,0.5,0.5,0.5,0.5,0.5,0.5,0.5,0.5,0.5,0.5,0.5,0.5,0.5,0.5,0.5,0.5,0.5,0.5,0.5,0.5,0.5,0.5,0.5,0.5,0.5,0.5,0.5,0.5,0.5,0.5,0.5,0.5,0.5,0.5,0.5,0.5,0.5,0.5,0.5,0.5,0.5,0.5,0.5,0.5,0.5,0.5,0.5,0.5,0.5,0.5,0.5,0.5,0.5,0.5,0.5,0.5,0.5,0.5,0.5,0.5,0.5,0.5,0.5,0.5,0.5,0.5,0.5,0.5,0.5,0.5,0.5,0.5,0.5,0.5,0.5,0.5,0.5,0.5,0.5,0.5,0.5,0.5,0.5,0.5,0.5,0.5,0.5,0.5,0.5,0.5,0.5,0.5,0.5,0.5,0.5,0.5,0.5,0.5,0.5,0.5,0.5,0.5,0.5,0.5,0.5,0.5,0.5,0.5,0.5,0.5,0.5,0.5,0.5,0.5,0.5,0.5,0.5,0.5,0.5,0.5,0.5,0.5,0.5,0.5,0.5,0.5,0.5,0.5,0.5,0.5,0.5,0.5,0.5,0.5,0.5,0.5,0.5,0.5,0.5,0.5,0.5,0.5,0.5,0.5,0.5,0.5,0.5,0.5,0.5,0.5,0.5,0.5,0.5,0.5,0.5,0.5,0.5,0.5,0.5,0.5,0.5,0.5,0.5,0.5,0.5,0.5,0.5,0.5,0.5,0.5,0.5,0.5,0.5,0.5,0.5,0.5,0.5,0.5,0.5,0.5,0.5,0.5,0.5,0.5,0.5,0.5,0.5,0.5,0.5,0.5,0.5,0.5,0.5,0.5,0.5,0.5,0.5,0.5,0.5,0.5,0.5,0.5,0.5,0.5,0.5,0.5,0.5,0.5,0.5,0.5,0.5,0.5,0.5,0.5,0.5,0.5,0.5,0.5,0.5,0.5,0.5,0.5,0.5,0.5,0.5,0.5,0.5,0.5,0.5,0.5,0.5,0.5,0.5,0.5,0.5,0.5,0.5,0.5,0.5,0.5,0.5,0.5,0.5,0.5,0.5,0.5,0.5,0.5,0.5,0.5,0.5,0.5,0.5,0.5,0.5,0.5,0.5,0.5,0.5,0.5,0.5,0.5,0.5,0.5,0.5,0.5,0.5,0.5,0.5,0.5,0.5,0.5,0.5,0.5,0.5,0.5,0.5,0.5,0.5,0.5,0.5,0.5,0.5,0.5,0.5,0.5,0.5,0.5,0.5,0.5,0.5,0.5,0.5,0.5,0.5,0.5,0.5,0.5,0.5,0.5,0.5,0.5,0.5,0.5,0.5,0.5,0.5,0.5,0.5,0.5,0.5,0.5,0.5,0.5,0.5,0.5,0.5,0.5,0.5,0.5,0.5,0.5,0.5,0.5,0.5,0.5,0.5,0.5,0.5,0.5,0.5,0.5,0.5,0.5,0.5,0.5,0.5,0.5,0.5,0.5,0.5,0.5,0.5,0.5,0.5,0.5,0.5,0.5,0.5,0.5,0.5,0.5,0.5,0.5,0.5,0.5,0.5,0.5,0.5,0.5,0.5,0.5,0.5,0.5,0.5,0.5,0.5,0.5,0.5,0.5,0.5,0.5,0.5,0.5,0.5,0.5,0.5,0.5,0.5,0.5,0.5,0.5,0.5,0.5,0.5,0.5,0.5,0.5,0.5,0.5,0.5,0.5,0.5,0.5,0.5,0.5,0.5,0.5,0.5,0.5,0.5,0.5,0.5,0.5,0.5,0.5,0.5,0.5,0.5,0.5,0.5,0.5,0.5,0.5,0.5,0.5,0.5,0.5,0.5,0.5,0.5,0.5,0.5,0.5,0.5,0.5,0.5,0.5,0.5,0.5,0.5,0.5,0.5,0.5,0.5,0.5,0.5,0.5,0.5,0.5,0.5,0.5,0.5,0.5,0.5,0.5,0.5,0.5,0.5,0.5,0.5,0.5,0.5,0.5,0.5,0.5,0.5,0.5,0.5,0.5,0.5,0.5,0.5,0.5,0.5,0.5,0.5,0.5,0.5,0.5,0.5,0.5,0.5,0.5,0.5,0.5,0.5,0.5,0.5,0.5,0.5,0.5,0.5,0.5,0.5,0.5,0.5,0.5,0.5,0.5,0.5,0.5,0.5,0.5,0.5,0.5,0.5,0.5,0.5,0.5,0.5,0.5,0.5,0.5,0.5,0.5,0.5,0.5,0.5,0.5,0.5,0.5,0.5,0.5,0.5,0.5,0.5,0.5,0.5,0.5,0.5,0.5,0.5,0.5,0.5,0.5,0.5,0.5,0.5,0.5,0.5,0.5,0.5,0.5,0.5,0.5,0.5,0.5,0.5,0.5,0.5,0.5,0.5,0.5,0.5,0.5,0.5,0.5,0.5,0.5,0.5,0.5,0.5,0.5,0.5,0.5,0.5,0.5,0.5,0.5,0.5,0.5,0.5,0.5,0.5,0.5,0.5,0.5,0.5,0.5,0.5,0.5,0.5,0.5,0.5,0.5,0.5,0.5,0.5,0.5,0.5,0.5,0.5,0.5,0.5,0.5,0.5,0.5,0.5,0.5,0.5,0.5,0.5,0.5,0.5,0.5,0.5,0.5,0.5,0.5,0.5,0.5,0.5,0.5,0.5,0.5,0.5,0.5,0.5,0.5,0.5,0.5,0.5,0.5,0.5,0.5,0.5,0.5,0.5,0.5,0.5,0.5,0.5,0.5,0.5,0.5,0.5,0.5,0.5,0.5,0.5,0.5,0.5,0.5,0.5,0.5,0.5,0.5,0.5,0.5,0.5,0.5,0.5,0.5,0.5,0.5,0.5,0.5,0.5,0.5,0.5,0.5,0.5,0.5,0.5,0.5,0.5,0.5,0.5,0.5,0.5,0.5,0.5,0.5,0.5,0.5,0.5,0.5,0.5,0.5,0.5,0.5,0.5,0.5,0.5,0.5,0.5,0.5,0.5,0.5,0.5,0.5,0.5,0.5,0.5,0.5,0.5,0.5,0.5,0.5,0.5,0.5,0.5,0.5,0.5,0.5,0.5,0.5,0.5,0.5,0.5,0.5,0.5,0.5,0.5,0.5,0.5,0.5,0.5,0.5,0.5,0.5,0.5,0.5,0.5,0.5,0.5,0.5,0.5,0.5,0.5,0.5,0.5,0.5,0.5,0.5,0.5,0.5,0.5,0.5,0.5,0.5,0.5,0.5,0.5,0.5,0.5,0.5,0.5,0.5,0.5,0.5,0.5,0.5,0.5,0.5,0.5,0.5,0.5,0.5,0.5,0.5,0.5,0.5,0.5,0.5,0.5,0.5,0.5,0.5,0.5,0.5,0.5,0.5,0.5,0.5,0.5,0.5,0.5,0.5,0.5,0.5,0.5,0.5,0.5,0.5,0.5,0.5,0.5,0.5,0.5,0.5,0.5,0.5,0.5,0.5,0.5,0.5,0.5,0.5,0.5,0.5,0.5,0.5,0.5,0.5,0.5,0.5,0.5,0.5,0.5,0.5,0.5,0.5,0.5,0.5,0.5,0.5,0.5,0.5,0.5,0.5,0.5,0.5,0.5,0.5,0.5,0.5,0.5,0.5,0.5,0.5,0.5,0.5,0.5,0.5,0.5,0.5,0.5,0.5,0.5,0.5,0.5,0.5,0.5,0.5,0.5,0.5,0.5,0.5,0.5,0.5,0.5,0.5,0.5,0.5,0.5,0.5,0.5,0.5,0.5,0.5,0.5,0.5,0.5,0.5,0.5,0.5,0.5,0.5,0.5,0.5,0.5,0.5,0.5,0.5,0.5,0.5,0.5,0.5,0.5,0.5,0.5,0.5,0.5,0.5,0.5,0.5,0.5,0.5,0.5,0.5,0.5,0.5,0.5,0.5,0.5,0.5,0.5,0.5,0.5,0.5,0.5,0.5,0.5,0.5,0.5,0.5,0.5,0.5,0.5,0.5,0.5,0.5,0.5,0.5,0.5,0.5,0.5,0.5,0.5,0.5,0.5,0.5,0.5,0.5,0.5,0.5,0.5,0.5,0.5,0.5,0.5,0.5,0.5,0.5,0.5,0.5,0.5,0.5,0.5,0.5,0.5,0.5,0.5,0.5,0.5,0.5,0.5,0.5,0.5,0.5,0.5,0.5,0.5,0.5,0.5,0.5,0.5,0.5,0.5,0.5,0.5,0.5,0.5,0.5,0.5,0.5,0.5,0.5,0.5,0.5,0.5,0.5,0.5,0.5,0.5,0.5,0.5,0.5,0.5,0.5,0.5,0.5,0.5,0.5,0.5,0.5,0.5,0.5,0.5,0.5,0.5,0.5,0.5,0.5,0.5,0.5,0.5,0.5,0.5,0.5,0.5,0.5,0.5,0.5,0.5,0.5,0.5,0.5,0.5,0.5,0.5,0.5,0.5,0.5,0.5,0.5,0.5,0.5,0.5,0.5,0.5,0.5,0.5,0.5,0.5,0.5,0.5,0.5,0.5,0.5,0.5,0.5,0.5,0.5,0.5,0.5,0.5,0.5,0.5,0.5,0.5,0.5,0.5,0.5,0.5,0.5,0.5,0.5,0.5,0.5,0.5,0.5,0.5,0.5,0.5,0.5,0.5,0.5,0.5,0.5,0.5,0.5,0.5,0.5,0.5,0.5,0.5,0.5,0.5,0.5,0.5,0.5,0.5,0.5,0.5,0.5,0.5,0.5,0.5,0.5,0.5,0.5,0.5,0.5,0.5,0.5,0.5,0.5,0.5,0.5,0.5,0.5,0.5,0.5,0.5,0.5,0.5,0.5,0.5,0.5,0.5,0.5,0.5,0.5,0.5,0.5,0.5,0.5,0.5,0.5,0.5,0.5,0.5,0.5,0.5,0.5,0.5,0.5,0.5,0.5,0.5,0.5,0.5,0.5,0.5,0.5,0.5,0.5,0.5,0.5,0.5,0.5,0.5,0.5,0.5,0.5,0.5,0.5,0.5,0.5,0.5,0.5,0.5,0.5,0.5,0.5,0.5,0.5,0.5,0.5,0.5,0.5,0.5,0.5,0.5,0.5,0.5,0.5,0.5,0.5,0.5,0.5,0.5,0.5,0.5,0.5,0.5,0.5,0.5,0.5,0.5,0.5,0.5,0.5,0.5,0.5,0.5,0.5,0.5,0.5,0.5,0.5,0.5,0.5,0.5,0.5,0.5,0.5,0.5,0.5,0.5,0.5,0.5,0.5,0.5,0.5,0.5,0.5,0.5,0.5,0.5,0.5,0.5,0.5,0.5,0.5,0.5,0.5,0.5,0.5,0.5,0.5,0.5,0.5,0.5,0.5,0.5,0.5,0.5,0.5,0.5,0.5,0.5,0.5,0.5,0.5,0.5,0.5,0.5,0.5,0.5,0.5,0.5,0.0]
WARNING: For the MIP-solver-driven algorithm, optimality tolerance must be specified as MIP solver option, not Pajarito option
WARNING: When using primal cuts, primal cut zero tolerance should be at least 1e-5 to avoid numerical issues
WARNING: For the MIP-solver-driven algorithm, optimality tolerance must be specified as MIP solver option, not Pajarito option
WARNING: When using primal cuts, primal cut zero tolerance should be at least 1e-5 to avoid numerical issues
