#SOLVERNAME# PAJ_SUBOPT-2-1_CBC_MOSEK
#SOLVER# Pajarito.PajaritoSolver(2,3600.0,1.0e-5,false,Cbc.CbcMathProgSolverInterface.CbcSolver(Any[(:logLevel,0),(:ratioGap,0.0),(:seconds,3600.0)]),Cbc.CbcMathProgSolverInterface.CbcSolver(Any[(:logLevel,0),(:ratioGap,0.01),(:seconds,120)]),2,false,true,Mosek.MosekMathProgSolverInterface.MosekSolver(Any[(:LOG,0),(:NUM_THREADS,1),(:OPTIMIZER_MAX_TIME,120.0)]),true,false,false,true,false,true,false,true,true,true,true,false,false,true,false,false,false,false,1.0e-10,0.0001,1.0e-6,0.01,1.0e-6)
#FILENAME# shortfall_50_1.cbf.gz
#INSTANCE# shortfall_50_1
#TIMELIMIT# 3600.0
#STATUS# Suboptimal
#OBJVAL# -1.1018227552271904
#OBJBOUND# -1.1045565209800599
#TIMESOLVER# 2.1652300357818604
#TIMEALL# 2.165436029434204
#SOLUTION# [0.0986629,0.0,0.0,0.0,0.0,0.0,0.0,0.0,0.0,0.0946545,0.0,0.0,0.0,0.0,0.0,0.0,0.183043,0.0,0.0,0.0,0.0,0.0,0.0,0.0,0.0,0.0,0.111744,0.0970018,0.0,0.0,0.0,0.0,0.143412,0.0,0.104002,0.0,0.0,0.0966963,0.0,0.0,0.0,0.0,0.0,0.0,0.0,0.0381304,0.0,0.0,0.0326532,0.0,0.0,0.0,1.0,0.0,0.0,0.0,0.0,0.0,0.0,0.0,0.0,1.0,0.0,0.0,0.0,0.0,0.0,0.0,1.0,0.0,0.0,0.0,0.0,0.0,0.0,0.0,0.0,0.0,1.0,1.0,0.0,0.0,0.0,0.0,1.0,0.0,1.0,0.0,0.0,1.0,0.0,0.0,0.0,0.0,0.0,0.0,0.0,1.0,0.0,0.0,1.0,0.0,0.0,0.0349754,0.00741345,0.00576485,0.00347127,0.0114602,0.0381415,0.00939862,0.0107614,0.01097,0.0508138,0.0102764,0.0187633,0.00560761,0.00850188,0.0105456,0.0225707,0.048283,0.0137578,0.0180482,0.0176613,0.0210991,0.0231883,0.0105943,0.00539186,0.00680956,0.0100832,0.0510419,0.0693364,0.00655572,0.00913585,0.00657148,0.0268564,0.0521556,0.00944102,0.0618753,0.00967726,0.00420562,0.0405759,0.00923083,0.00619992,0.0132782,0.0194488,0.0103169,0.00680378,0.0123735,0.0378923,0.00695894,0.0120977,0.0388138,0.0090593,0.201823,0.0781604,0.016567,0.0128828,0.00775733,0.0256104,0.0852357,0.0210033,0.0240488,0.0245149,0.113555,0.0229649,0.0419308,0.0125314,0.0189993,0.0235665,0.0504392,0.107899,0.0307448,0.0403327,0.0394682,0.0471507,0.0518194,0.0236752,0.0120493,0.0152175,0.0225333,0.114065,0.154948,0.0146502,0.0204161,0.0146854,0.0600166,0.116553,0.0210981,0.138274,0.021626,0.0093984,0.090676,0.0206283,0.0138551,0.029673,0.0434626,0.0230554,0.0152046,0.0276513,0.0846787,0.0155513,0.0270351,0.0867381,0.020245,0.401823]
