#SOLVERNAME# PAJ_ROUND_CBC_MOSEK
#SOLVER# Pajarito.PajaritoSolver(2,3600.0,1.0e-5,false,Cbc.CbcMathProgSolverInterface.CbcSolver(Any[(:logLevel,0),(:ratioGap,0.0),(:seconds,3600.0)]),MathProgBase.DefaultMIPSolver(),0,true,true,Mosek.MosekMathProgSolverInterface.MosekSolver(Any[(:LOG,0),(:NUM_THREADS,1),(:OPTIMIZER_MAX_TIME,120.0)]),true,false,false,true,false,true,false,true,true,true,true,false,false,true,false,false,false,false,1.0e-10,0.0001,1.0e-6,0.01,1.0e-6)
#FILENAME# sssd-strong-15-8.cbf.gz
#INSTANCE# sssd-strong-15-8
#TIMELIMIT# 3600.0
#STATUS# UserLimit
#OBJVAL# 629359.0751701272
#OBJBOUND# 617631.4165284414
#TIMESOLVER# 3600.1921048164368
#TIMEALL# 3600.1923990249634
#SOLUTION# [0.0,0.0,0.0,0.0,0.0,0.0,1.0,0.0,0.0,0.0,0.0,0.0,0.0,0.0,0.0,1.0,0.0,0.0,0.0,1.0,0.0,0.0,0.0,0.0,0.0,1.0,0.0,0.0,0.0,0.0,0.0,0.0,0.0,0.0,0.0,0.0,1.0,0.0,0.0,0.0,0.0,0.0,0.0,1.0,0.0,0.0,0.0,0.0,0.0,0.0,0.0,0.0,0.0,1.0,0.0,0.0,0.0,0.0,0.0,0.0,1.0,0.0,0.0,0.0,0.0,0.0,0.0,0.0,0.0,1.0,0.0,0.0,0.0,0.0,1.0,0.0,0.0,0.0,0.0,0.0,0.0,0.0,0.0,0.0,0.0,0.0,0.0,1.0,1.0,0.0,0.0,0.0,0.0,0.0,0.0,0.0,0.0,0.0,0.0,0.0,0.0,0.0,1.0,0.0,1.0,0.0,0.0,0.0,0.0,0.0,0.0,0.0,0.0,0.0,1.0,0.0,0.0,0.0,0.0,0.0,0.0,0.0,1.0,0.0,0.0,1.0,0.0,0.0,1.0,0.0,0.0,1.0,0.0,0.0,1.0,0.0,0.0,1.0,0.0,0.0,1.0,0.0,0.0,1.0,1.04642,0.619519,0.767789,1.24517,0.746661,1.08392,0.805889,0.666235,-0.0,-0.0,0.511342,-0.0,-0.0,0.382533,-0.0,-0.0,0.434322,-0.0,-0.0,0.554599,-0.0,-0.0,0.427479,-0.0,-0.0,0.520135,-0.0,-0.0,0.446256,-0.0,-0.0,0.399845,0.0,0.523211,0.523211,0.26754,0.309759,0.309759,0.118493,0.383894,0.383894,0.166734,0.622585,0.622585,0.345285,0.37333,0.37333,0.159591,0.54196,0.54196,0.281892,0.402945,0.402945,0.179816,0.333117,0.333117,0.133195,1.04642,1.04642,2.04642,0.619519,0.619519,1.61952,0.767789,0.767789,1.76779,1.24517,1.24517,2.24517,0.746661,0.746661,1.74666,1.08392,1.08392,2.08392,0.805889,0.805889,1.80589,0.666235,0.666235,1.66623,1.04642,1.04642,1.04642,0.619519,0.619519,0.619519,0.767789,0.767789,0.767789,1.24517,1.24517,1.24517,0.746661,0.746661,0.746661,1.08392,1.08392,1.08392,0.805889,0.805889,0.805889,0.666235,0.666235,0.666235]
