#SOLVERNAME# PAJ_SUBOPT-8-10_CBC_MOSEK
#SOLVER# Pajarito.PajaritoSolver(2,3600.0,1.0e-5,false,Cbc.CbcMathProgSolverInterface.CbcSolver(Any[(:logLevel,0),(:ratioGap,0.0),(:seconds,3600.0)]),Cbc.CbcMathProgSolverInterface.CbcSolver(Any[(:logLevel,0),(:ratioGap,0.1),(:seconds,120)]),8,false,true,Mosek.MosekMathProgSolverInterface.MosekSolver(Any[(:LOG,0),(:NUM_THREADS,1),(:OPTIMIZER_MAX_TIME,120.0)]),true,false,false,true,false,true,false,true,true,true,true,false,false,true,false,false,false,false,1.0e-10,0.0001,1.0e-6,0.01,1.0e-6)
#FILENAME# shortfall_100_1.cbf.gz
#INSTANCE# shortfall_100_1
#TIMELIMIT# 3600.0
#STATUS# UserLimit
#OBJVAL# -1.1044775509013978
#OBJBOUND# -1.1075367445559343
#TIMESOLVER# 3601.5235278606415
#TIMEALL# 3601.5238161087036
#SOLUTION# [0.0,0.0,0.0,0.0,0.0,0.0,0.0,0.0,0.0,0.0,0.0,0.0,0.0,0.0,0.0567868,0.0,0.0,0.0,0.140987,0.0,0.0,0.0,0.0,0.0,0.0,0.0,0.0,0.0,0.0,0.0,0.0,0.0,0.0,0.0,0.0,0.0,0.0,0.0,0.0743712,0.180864,0.0,0.0,0.0,0.0,0.0,0.0,0.0,0.163353,0.0,0.0,0.0,0.0,0.0,0.0102744,0.0,0.0,0.0,0.0,0.0,0.0,0.0,0.0,0.0,0.0,0.157581,0.0,0.0,0.0796626,0.0,0.103547,0.0,0.0,0.0,0.0,0.0,0.0,0.0,0.0325729,0.0,0.0,0.0,0.0,0.0,0.0,0.0,0.0,0.0,0.0,0.0,0.0,0.0,0.0,0.0,0.0,0.0,0.0,0.0,0.0,0.0,0.0,0.0,0.0,0.0,0.0,0.0,0.0,0.0,0.0,0.0,0.0,0.0,0.0,0.0,0.0,0.0,0.0,1.0,0.0,0.0,0.0,1.0,0.0,0.0,0.0,0.0,0.0,0.0,0.0,0.0,0.0,0.0,0.0,0.0,0.0,0.0,0.0,0.0,0.0,0.0,0.0,1.0,1.0,0.0,0.0,0.0,0.0,0.0,0.0,0.0,1.0,0.0,0.0,0.0,0.0,0.0,1.0,0.0,0.0,0.0,0.0,0.0,0.0,0.0,0.0,0.0,0.0,1.0,0.0,0.0,1.0,0.0,1.0,0.0,0.0,0.0,0.0,0.0,0.0,0.0,1.0,0.0,0.0,0.0,0.0,0.0,0.0,0.0,0.0,0.0,0.0,0.0,0.0,0.0,0.0,0.0,0.0,0.0,0.0,0.0,0.0,0.0,0.0,0.0,0.00540631,0.00467186,0.0240835,0.012089,0.00727916,0.0135474,0.00679525,0.00929568,0.0032453,0.00625271,0.0104488,0.00244039,0.00529843,0.0106234,0.043614,0.0144378,0.0102202,0.00826902,0.045182,0.00462387,0.00623931,0.00581522,0.0167981,0.00721994,0.00802107,0.00317938,0.0121467,0.0150122,0.0264078,0.00725256,0.0115151,0.00697924,0.0245064,0.0182147,0.00483193,0.00421695,0.00540849,0.0325323,0.0453884,0.0557899,0.0101525,0.0116822,0.0161706,0.00643302,0.00637203,0.00704021,0.00831048,0.0469626,0.00846014,0.0108197,0.0158528,0.0172285,0.00758904,0.0250775,0.0137339,0.0073305,0.00652048,0.00382248,0.00140923,0.0139204,0.00783443,0.0180553,0.00864269,0.0098663,0.0520569,0.00629701,0.0127579,0.0554171,0.0100302,0.0536944,0.00656212,0.00471029,0.00815866,0.00727621,0.00786716,0.0137763,0.00471744,0.0319018,0.0102088,-0.00140901,0.0063415,0.00572844,0.0189412,0.0109674,0.0116953,0.00502436,0.00495315,0.00837825,0.00460032,0.0106619,0.00748833,0.00547793,0.00897384,0.0221985,0.00280392,0.0065308,0.0056685,0.0164024,0.00292369,0.00664409,0.204478,0.0120816,0.0104403,0.05382,0.0270155,0.0162669,0.0302747,0.0151855,0.0207733,0.00725234,0.0139731,0.0233501,0.0054536,0.0118405,0.0237404,0.0974653,0.0322646,0.0228393,0.018479,0.100969,0.0103331,0.0139431,0.0129954,0.0375391,0.0161346,0.0179249,0.00710502,0.0271445,0.0335482,0.0590142,0.0162075,0.0257331,0.0155967,0.0547649,0.0407049,0.010798,0.00942371,0.0120865,0.0727006,0.10143,0.124675,0.0226881,0.0261065,0.0361369,0.014376,0.0142397,0.0157329,0.0185716,0.104948,0.0189061,0.0241789,0.0354266,0.0385009,0.0169594,0.0560413,0.0306915,0.0163816,0.0145715,0.00854218,0.00314923,0.0311082,0.0175078,0.0403486,0.019314,0.0220485,0.116333,0.0140721,0.0285104,0.123842,0.0224147,0.119992,0.0146645,0.0105262,0.0182323,0.0162603,0.0175809,0.0307861,0.0105422,0.0712916,0.0228138,-0.00314876,0.0141715,0.0128015,0.0423282,0.0245091,0.0261358,0.0112281,0.0110689,0.0187231,0.0102804,0.0238263,0.0167343,0.0122417,0.020054,0.0496075,0.00626599,0.0145945,0.0126675,0.0366549,0.00653364,0.0148477,0.404478]
