#SOLVERNAME# PAJ_SUBOPT-8-1_CBC_MOSEK
#SOLVER# Pajarito.PajaritoSolver(2,3600.0,1.0e-5,false,Cbc.CbcMathProgSolverInterface.CbcSolver(Any[(:logLevel,0),(:ratioGap,0.0),(:seconds,3600.0)]),Cbc.CbcMathProgSolverInterface.CbcSolver(Any[(:logLevel,0),(:ratioGap,0.01),(:seconds,120)]),8,false,true,Mosek.MosekMathProgSolverInterface.MosekSolver(Any[(:LOG,0),(:NUM_THREADS,1),(:OPTIMIZER_MAX_TIME,120.0)]),true,false,false,true,false,true,false,true,true,true,true,false,false,true,false,false,false,false,1.0e-10,0.0001,1.0e-6,0.01,1.0e-6)
#FILENAME# sssd-weak-25-4.cbf.gz
#INSTANCE# sssd-weak-25-4
#TIMELIMIT# 3600.0
#STATUS# Optimal
#OBJVAL# 311720.95392487943
#OBJBOUND# 311720.24858415365
#TIMESOLVER# 26.881756067276
#TIMEALL# 26.88199281692505
#SOLUTION# [0.0,1.0,0.0,0.0,0.0,1.0,0.0,0.0,0.0,0.0,0.0,1.0,0.0,0.0,0.0,1.0,1.0,0.0,0.0,0.0,0.0,0.0,0.0,1.0,1.0,0.0,0.0,0.0,0.0,0.0,1.0,0.0,0.0,1.0,0.0,0.0,0.0,0.0,1.0,0.0,0.0,0.0,0.0,1.0,0.0,0.0,1.0,0.0,0.0,1.0,0.0,0.0,0.0,1.0,0.0,0.0,0.0,0.0,0.0,1.0,0.0,0.0,1.0,0.0,0.0,0.0,1.0,0.0,0.0,1.0,0.0,0.0,0.0,0.0,0.0,1.0,0.0,0.0,0.0,1.0,0.0,0.0,1.0,0.0,0.0,1.0,0.0,0.0,1.0,0.0,0.0,0.0,1.0,0.0,0.0,0.0,1.0,0.0,0.0,0.0,0.0,0.0,1.0,0.0,0.0,1.0,0.0,0.0,1.0,0.0,0.0,1.0,0.632356,0.811153,0.838841,0.863321,-0.0,-0.0,0.387389,-0.0,-0.0,0.447866,-0.0,-0.0,0.456179,-0.0,-0.0,0.463324,0.0,0.316178,0.316178,0.122484,0.405576,0.405576,0.181644,0.41942,0.41942,0.191331,0.43166,0.43166,0.199998,1.63236,1.63236,1.63236,1.81115,1.81115,1.81115,1.83884,1.83884,1.83884,1.86332,1.86332,1.86332,0.632356,0.632356,0.632356,0.811153,0.811153,0.811153,0.838841,0.838841,0.838841,0.863321,0.863321,0.863321]
