#SOLVERNAME# PAJ_SUBOPT-8-10_CBC_MOSEK
#SOLVER# Pajarito.PajaritoSolver(2,3600.0,1.0e-5,false,Cbc.CbcMathProgSolverInterface.CbcSolver(Any[(:logLevel,0),(:ratioGap,0.0),(:seconds,3600.0)]),Cbc.CbcMathProgSolverInterface.CbcSolver(Any[(:logLevel,0),(:ratioGap,0.1),(:seconds,120)]),8,false,true,Mosek.MosekMathProgSolverInterface.MosekSolver(Any[(:LOG,0),(:NUM_THREADS,1),(:OPTIMIZER_MAX_TIME,120.0)]),true,false,false,true,false,true,false,true,true,true,true,false,false,true,false,false,false,false,1.0e-10,0.0001,1.0e-6,0.01,1.0e-6)
#FILENAME# robust_50_2.cbf.gz
#INSTANCE# robust_50_2
#TIMELIMIT# 3600.0
#STATUS# Suboptimal
#OBJVAL# -0.14364439424718947
#OBJBOUND# -0.14366622669204793
#TIMESOLVER# 4.239897966384888
#TIMEALL# 4.240094900131226
#SOLUTION# [0.143644,0.0,0.0,0.0,0.0361018,1.0,0.0,0.0,0.0,0.0,0.0,0.0,0.0,0.0,0.0,0.0,0.0,0.0,0.0,0.0,0.0,0.0,0.0,0.0,0.0,0.0,0.0,0.0,0.0,0.0,0.300006,1.0,0.0,0.0,0.0,0.0,0.0,0.0,0.0,0.0,0.0,0.0,0.0,0.0,0.223626,1.0,0.0,0.0,0.0,0.0,0.0479866,1.0,0.0,0.0,0.0,0.0,0.0233978,1.0,0.0,0.0,0.0,0.0,0.0211056,1.0,0.0,0.0,0.0,0.0,0.0,0.0,0.0,0.0,0.0,0.0,0.103367,1.0,0.00710089,1.0,0.0,0.0,0.0,0.0,0.0,0.0,0.0,0.0,0.0,0.0,0.0120985,1.0,0.0,0.0,0.0,0.0,0.0,0.0,0.0,0.0,0.0,0.0,0.225211,1.0,1.0,0.0118483,0.0275896,0.0125803,0.0130551,0.0121215,0.0105208,0.00946367,0.0134839,0.0446983,0.0196097,0.0158945,0.0252134,0.00253198,0.00801925,0.0718284,0.00637441,0.0208692,0.0176134,0.0157516,0.0160719,0.0111624,0.117598,0.00742401,0.00964593,0.03778,0.00419857,0.0127395,0.0158587,0.0107919,0.0333333,0.0263967,0.010561,-0.00119025,0.007155,0.00729977,0.0119187,0.0560274,0.0227484,0.0152907,0.00130652,0.0123842,0.00674739,0.0235393,0.0251888,0.0224629,0.0159161,0.0129543,0.0157464,0.0270833,0.0549148,0.0,0.2,0.00307828,0.00716798,0.00326846,0.00339182,0.00314927,0.00273338,0.00245873,0.00350321,0.0116129,0.00509475,0.0041295,0.00655064,0.000657828,0.00208346,0.0186616,0.00165612,0.00542197,0.00457611,0.00409238,0.00417559,0.00290008,0.0305529,0.00192881,0.00250609,0.00981552,0.00109082,0.00330982,0.0041202,0.00280382,0.00866024,0.00685807,0.00274383,-0.000309235,0.00185892,0.00189654,0.00309656,0.0145564,0.0059102,0.00397264,0.000339443,0.0032175,0.00175302,0.0061157,0.00654424,0.00583603,0.00413512,0.00336562,0.00409104,0.00703644,0.0142673,0.0,0.0519615]
