#SOLVERNAME# PAJ_NODIS_CBC_MOSEK
#SOLVER# Pajarito.PajaritoSolver(2,3600.0,1.0e-5,false,Cbc.CbcMathProgSolverInterface.CbcSolver(Any[(:logLevel,0),(:ratioGap,0.0),(:seconds,3600.0)]),MathProgBase.DefaultMIPSolver(),0,false,true,Mosek.MosekMathProgSolverInterface.MosekSolver(Any[(:LOG,0),(:NUM_THREADS,1),(:OPTIMIZER_MAX_TIME,120.0)]),true,false,false,false,false,true,false,true,true,true,true,false,false,true,false,false,false,false,1.0e-10,0.0001,1.0e-6,0.01,1.0e-6)
#FILENAME# shortfall_50_3.cbf.gz
#INSTANCE# shortfall_50_3
#TIMELIMIT# 3600.0
#STATUS# Suboptimal
#OBJVAL# -1.0911494448979089
#OBJBOUND# -1.0979971252521274
#TIMESOLVER# 57.57457399368286
#TIMEALL# 57.57480478286743
#SOLUTION# [0.0,0.0,0.0423219,0.0,0.0,0.0,0.0,0.0,0.0,0.0,0.0,0.0,0.121647,0.0,0.0,0.0898077,0.0,0.0,0.0,0.0,0.0,0.144771,0.0,0.0,0.181049,0.0,0.0,0.0,0.0,0.0,0.0,0.0437322,0.0,0.0,0.0,0.0,0.0,0.0,0.0523027,0.046645,0.0,0.105473,0.0,0.0,0.0,0.0,0.0,0.0,0.0,0.0,0.17225,0.0,0.0,0.0,1.0,0.0,0.0,0.0,0.0,0.0,0.0,0.0,0.0,0.0,1.0,0.0,0.0,1.0,0.0,0.0,0.0,0.0,0.0,1.0,0.0,0.0,1.0,0.0,0.0,0.0,0.0,0.0,0.0,1.0,0.0,0.0,0.0,0.0,0.0,0.0,1.0,1.0,0.0,1.0,0.0,0.0,0.0,0.0,0.0,0.0,0.0,0.0,1.0,0.0108547,0.0147054,0.0353739,0.0144531,0.00361937,0.00829755,0.00822382,0.0143693,0.0116077,0.00678114,0.0175097,0.0125652,0.0374965,0.0201839,0.00993588,0.0597519,0.0112851,0.0165982,0.00740671,0.00904575,0.0155452,0.0629768,0.0215789,0.0156513,0.0383751,0.00822801,0.011821,0.00985766,0.0136298,0.00867263,0.0124338,0.0495647,0.00878746,0.0094278,0.00945987,0.0235314,0.0155502,0.0104538,0.0572835,0.0480729,0.0123152,0.0616785,0.0143454,0.0143995,0.0170805,0.0161495,0.00846784,0.0193978,0.00758001,0.00844161,0.191149,0.0242571,0.0328625,0.0790508,0.0322988,0.00808829,0.0185427,0.018378,0.0321114,0.02594,0.015154,0.0391294,0.0280798,0.0837944,0.0451053,0.0222039,0.133529,0.0252192,0.0370925,0.016552,0.0202147,0.0347393,0.140736,0.048223,0.0349764,0.0857577,0.0183873,0.0264168,0.0220291,0.0304588,0.0193809,0.0277862,0.110763,0.0196375,0.0210685,0.0211402,0.0525863,0.0347505,0.0233614,0.128013,0.10743,0.0275211,0.137834,0.0320581,0.0321789,0.0381703,0.0360897,0.0189233,0.0433488,0.0169392,0.0188647,0.391149]
