#SOLVERNAME# PAJ_NOPASS_CBC_MOSEK
#SOLVER# Pajarito.PajaritoSolver(2,3600.0,1.0e-5,false,Cbc.CbcMathProgSolverInterface.CbcSolver(Any[(:logLevel,0),(:ratioGap,0.0),(:seconds,3600.0)]),MathProgBase.DefaultMIPSolver(),0,false,false,Mosek.MosekMathProgSolverInterface.MosekSolver(Any[(:LOG,0),(:NUM_THREADS,1),(:OPTIMIZER_MAX_TIME,120.0)]),true,false,false,true,false,true,false,true,true,true,true,false,false,true,false,false,false,false,1.0e-10,0.0001,1.0e-6,0.01,1.0e-6)
#FILENAME# classical_50_1.cbf.gz
#INSTANCE# classical_50_1
#TIMELIMIT# 3600.0
#STATUS# Suboptimal
#OBJVAL# -0.09409898089369992
#OBJBOUND# -0.09764957343617822
#TIMESOLVER# 3.727846145629883
#TIMEALL# 3.7281861305236816
#SOLUTION# [0.119655,0.0,0.0,0.0,0.0,0.0,0.0,0.0,0.0,0.0854927,0.0,0.0,0.0,0.0,0.0,0.0,0.231175,0.0,0.0,0.0,0.0,0.0,0.0,0.0,0.0,0.0,0.109289,0.072129,0.0,0.0,0.0,0.0,0.126046,0.0,0.0789402,0.0,0.0,0.119014,0.0,0.0,0.0,0.0,0.0,0.0,0.0,0.0320375,0.0,0.0,0.0262208,0.0,0.0,1.0,0.0,0.0,0.0,0.0,0.0,0.0,0.0,0.0,1.0,0.0,0.0,0.0,0.0,0.0,0.0,1.0,0.0,0.0,0.0,0.0,0.0,0.0,0.0,0.0,0.0,1.0,1.0,0.0,0.0,0.0,0.0,1.0,0.0,1.0,0.0,0.0,1.0,0.0,0.0,0.0,0.0,0.0,0.0,0.0,1.0,0.0,0.0,1.0,0.0,0.0535912,0.00828958,0.00771127,0.00352998,0.0137802,0.0404292,0.0103642,0.0111427,0.0128086,0.0558931,0.012284,0.0209101,0.00700152,0.0095531,0.011362,0.0252133,0.0704609,0.0153374,0.0192914,0.0191575,0.024425,0.02476,0.0128157,0.00630463,0.00806788,0.0111525,0.0585793,0.0642823,0.00610679,0.0117078,0.00808532,0.0275354,0.0531853,0.0107663,0.057678,0.0102741,0.00482418,0.0554532,0.0106886,0.0061918,0.0157473,0.0211649,0.0125552,0.00884586,0.0126648,0.0386921,0.00800252,0.0136612,0.038311,0.0105173,0.2]
