#SOLVERNAME# PAJ_NODIS_CBC_MOSEK
#SOLVER# Pajarito.PajaritoSolver(2,3600.0,1.0e-5,false,Cbc.CbcMathProgSolverInterface.CbcSolver(Any[(:logLevel,0),(:ratioGap,0.0),(:seconds,3600.0)]),MathProgBase.DefaultMIPSolver(),0,false,true,Mosek.MosekMathProgSolverInterface.MosekSolver(Any[(:LOG,0),(:NUM_THREADS,1),(:OPTIMIZER_MAX_TIME,120.0)]),true,false,false,false,false,true,false,true,true,true,true,false,false,true,false,false,false,false,1.0e-10,0.0001,1.0e-6,0.01,1.0e-6)
#FILENAME# classical_50_2.cbf.gz
#INSTANCE# classical_50_2
#TIMELIMIT# 3600.0
#STATUS# Suboptimal
#OBJVAL# -0.05483895636030163
#OBJBOUND# -0.09260871484410524
#TIMESOLVER# 0.11863493919372559
#TIMEALL# 0.11882495880126953
#SOLUTION# [0.0,0.0,0.0,0.0,0.0,0.0,0.0,0.195909,0.0,0.0,0.0,0.0,0.0,0.0,0.0,0.0,0.0,0.0,0.0,0.0,0.0,0.140974,0.0,0.0,0.0,0.0,0.0,0.0,0.0,0.0,0.0,0.0,0.0,0.0,0.0,0.0,0.0,0.0,0.0,0.0,0.0,0.0,0.0,0.357041,0.0,0.0,0.0,0.0,0.306076,0.0,0.0,0.0,0.0,0.0,0.0,0.0,0.0,0.0,1.0,0.0,0.0,0.0,0.0,0.0,0.0,0.0,0.0,0.0,0.0,0.0,0.0,0.0,1.0,0.0,0.0,0.0,0.0,0.0,0.0,0.0,0.0,0.0,0.0,0.0,0.0,0.0,0.0,0.0,0.0,0.0,0.0,0.0,0.0,0.0,1.0,0.0,0.0,0.0,0.0,1.0,0.0,0.0182167,0.00625793,0.0151097,0.00800922,0.0131993,0.013293,0.0113401,0.0487957,0.0134388,0.0185026,0.0040557,0.0219064,0.0148148,0.0159001,0.0140567,0.0117246,0.00771184,0.0108029,0.0125479,-0.00770909,0.00626003,0.0355163,0.00927723,0.0105395,0.0157129,0.0082298,0.0122804,0.0142912,0.0282598,0.0167581,0.00417039,0.0132705,0.00822511,0.010487,0.0111068,0.0164045,0.00750004,0.0128291,0.0124043,0.00815788,0.0107519,0.00319708,0.0271407,0.0752609,0.00395708,0.0166797,0.0155335,0.0152044,0.149232,0.015539,0.2]
