#SOLVERNAME# PAJ_NODIS_CBC_MOSEK
#SOLVER# Pajarito.PajaritoSolver(2,3600.0,1.0e-5,false,Cbc.CbcMathProgSolverInterface.CbcSolver(Any[(:logLevel,0),(:ratioGap,0.0),(:seconds,3600.0)]),MathProgBase.DefaultMIPSolver(),0,false,true,Mosek.MosekMathProgSolverInterface.MosekSolver(Any[(:LOG,0),(:NUM_THREADS,1),(:OPTIMIZER_MAX_TIME,120.0)]),true,false,false,false,false,true,false,true,true,true,true,false,false,true,false,false,false,false,1.0e-10,0.0001,1.0e-6,0.01,1.0e-6)
#FILENAME# robust_200_2.cbf.gz
#INSTANCE# robust_200_2
#TIMELIMIT# 3600.0
#STATUS# Suboptimal
#OBJVAL# -0.1138313603095781
#OBJBOUND# -0.18312603563254906
#TIMESOLVER# 25.409313917160034
#TIMEALL# 25.40962791442871
#SOLUTION# [0.113831,0.0,0.0,0.0,0.0,0.0,0.0,0.0,0.0,0.0,0.0,0.0,0.0,0.0,0.0,0.0,0.0,0.0,0.0,0.0,0.0,0.0,0.0,0.0,0.0,0.0,0.0,0.0,0.0,0.0,0.0,0.0,0.0,0.0,0.0,0.0,0.0,0.0,0.0,0.0,0.0,0.0,0.0,0.0,0.0,0.0,0.0,0.0,0.0,0.0,0.0,0.0,0.0,0.0,0.0,0.0,0.0,0.0,0.0,0.0,0.0,0.0,0.0,0.0,0.0,0.0,0.0,0.0,0.0,0.0,0.0,0.0,0.0,0.0,0.0,0.0,0.131983,1.0,0.0,0.0,0.0,0.0,0.0,0.0,0.0,0.0,0.0,0.0,0.0,0.0,0.0,0.0,0.0,0.0,0.0,0.0,0.0,0.0,0.0,0.0,0.171015,1.0,0.0,0.0,0.0,0.0,0.0,0.0,0.0,0.0,0.0,0.0,0.0,0.0,0.0,0.0,0.0,0.0,0.0,0.0,0.0,0.0,0.0,0.0,0.0,0.0,0.0,0.0,0.0,0.0,0.0,0.0,0.0,0.0,0.0,0.0,0.0,0.0,0.0,0.0,0.0,0.0,0.0,0.0,0.0,0.0,0.0,0.0,0.0,0.0,0.0,0.0,0.0,0.0,0.0114853,1.0,0.0,0.0,0.0,0.0,0.0,0.0,0.0,0.0,0.0,0.0,0.0,0.0,0.0,0.0,0.0,0.0,0.0,0.0,0.0,0.0,0.0,0.0,0.0,0.0,0.0,0.0,0.0,0.0,0.0,0.0,0.0,0.0,0.0,0.0,0.0,0.0,0.0,0.0,0.0,0.0,0.0,0.0,0.0,0.0,0.0,0.0,0.0,0.0,0.0,0.0,0.0,0.0,0.0,0.0,0.0,0.0,0.0,0.0,0.0,0.0,0.0,0.0,0.0,0.0,0.0,0.0,0.0,0.0,0.00935163,0.00935163,0.0,0.0,0.0,0.0,0.0,0.0,0.0,0.0,0.0,0.0,0.0920962,1.0,0.0,0.0,0.0,0.0,0.0,0.0,0.0,0.0,0.361963,0.990648,0.0,0.0,0.0,0.0,0.0,0.0,0.0,0.0,0.0,0.0,0.0,0.0,0.0,0.0,0.0,0.0,0.0,0.0,0.0,0.0,0.0,0.0,0.0,0.0,0.0,0.0,0.0,0.0,0.0,0.0,0.0,0.0,0.0,0.0,0.0,0.0,0.0,0.0,0.0,0.0,0.0,0.0,0.0,0.0,0.0,0.0,0.0,0.0,0.0,0.0,0.0,0.0,0.0727353,1.0,0.0,0.0,0.0,0.0,0.0,0.0,0.0,0.0,0.0,0.0,0.0,0.0,0.0,0.0,0.0,0.0,0.0,0.0,0.0,0.0,0.0,0.0,0.0,0.0,0.000781377,1.0,0.0,0.0,0.0,0.0,0.0,0.0,0.0,0.0,0.0,0.0,0.0,0.0,0.0172291,1.0,0.0,0.0,0.0,0.0,0.0,0.0,0.0,0.0,0.0,0.0,0.0409269,1.0,0.0,0.0,0.0,0.0,0.0,0.0,0.0,0.0,0.0,0.0,0.0,0.0,0.0,0.0,0.0,0.0,0.0,0.0,0.0,0.0,0.0,0.0,0.0,0.0,0.0,0.0,0.0,0.0,0.0,0.0,0.0,0.0,0.0,0.0,0.0,0.0,0.0,0.0,0.0,0.0,0.0904336,1.0,0.0,0.0,0.0,0.0,0.0,0.0,1.0,0.031148,0.00627509,0.00970761,0.00497426,0.00305408,-0.00266212,0.00775642,0.00589041,0.0111477,0.0149613,0.00943376,0.00517096,0.00532265,0.00417981,0.0139792,0.00382787,0.0108922,0.00545294,-0.00350278,0.00615303,0.000243735,0.00947076,0.0103475,0.00758051,0.00758922,-0.00512804,0.0204478,0.00894346,0.00532819,0.0104637,0.0165266,0.00628017,-0.00185406,-0.000510296,0.0115341,0.00799206,-0.00543739,0.0452082,-0.00368456,0.0108487,0.0101422,0.00977243,0.0139507,0.00891912,0.0065493,0.00169027,0.00908764,0.00665847,0.00398722,0.0361426,0.00186425,0.0102107,0.00174994,0.00790583,0.00343289,0.00992377,0.0122307,0.000716258,0.019097,0.0102918,0.00461218,0.0188552,0.00229814,0.00779686,0.0141321,0.0111261,0.00550597,0.00569454,0.0202485,0.005963,0.00917038,0.00841461,0.014701,0.002745,0.0109021,0.0102617,0.0360542,0.0159994,0.0183819,0.0120921,0.0082665,0.0162593,0.00919261,0.0246955,0.0108401,0.00771068,0.0106548,-0.00264534,0.0058703,0.00309658,0.0211839,0.0109081,0.0107398,0.0108017,0.0126335,0.0129803,0.0196969,0.00174912,0.000870408,0.0180369,0.00419417,0.00525422,0.012361,-0.0025749,0.0194176,0.031768,-0.00102477,0.0213157,0.00650143,0.0208634,0.00579393,0.0166172,0.0028868,0.000676279,0.00234088,0.0118936,0.0101829,0.0399609,0.00924881,0.0178903,0.0157798,0.00710386,0.0582372,0.00363401,0.000983473,0.0109984,0.00714838,0.0227566,0.000921379,0.014289,0.00305792,0.00794113,0.00663457,0.000125266,0.0101389,0.0116548,0.00244488,0.00119794,0.00997738,0.00673453,0.00405614,0.0171986,0.00518754,0.0045256,0.0135638,0.0013034,0.0111547,0.00658642,0.00411478,0.0462077,0.00932621,0.0179994,0.00935322,0.000645593,0.00903153,0.0170332,0.0270603,0.00883456,0.0116509,0.00915708,0.0193765,0.0143784,0.0214583,0.00324784,0.00793669,0.0123909,0.00959425,-0.0040986,0.00223339,0.0277988,-0.00182024,0.00875974,0.00657525,0.00316859,0.00889781,0.0246799,0.00683989,0.00863957,0.00105504,0.00465559,0.000750085,0.0124345,0.00898776,0.000383222,0.00260222,0.00681177,0.0243319,0.0452905,-0.00173334,-0.000793819,0.00898068,-0.00198535,-0.000645089,0.0114992,-0.00438382,0.00791509,0.0508659,0.0108779,0.00989169,-0.00421593,0.0,0.2,0.00809248,0.00163032,0.00252211,0.00129235,0.000793473,-0.000691639,0.00201518,0.00153037,0.00289625,0.00388706,0.00245096,0.00134346,0.00138286,0.00108595,0.00363191,0.00099451,0.00282988,0.00141671,-0.000910048,0.00159861,6.33242e-5,0.00246058,0.00268835,0.00196947,0.00197174,-0.0013323,0.00531248,0.00232358,0.0013843,0.00271855,0.00429373,0.00163164,-0.000481699,-0.000132579,0.00299664,0.0020764,-0.00141268,0.0117454,-0.000957276,0.00281858,0.00263501,0.00253895,0.00362449,0.00231725,0.00170156,0.000439145,0.00236104,0.00172992,0.00103591,0.00939013,0.000484347,0.00265282,0.000454648,0.00205399,0.000891892,0.00257827,0.00317762,0.000186089,0.00496155,0.00267388,0.00119828,0.00489872,0.000597074,0.00202568,0.00367161,0.00289065,0.00143049,0.00147949,0.00526072,0.00154923,0.00238253,0.00218618,0.00381942,0.000713173,0.00283244,0.00266608,0.00936717,0.00415677,0.00477576,0.00314162,0.0021477,0.00422428,0.00238831,0.00641607,0.00281633,0.00200329,0.00276821,-0.00068728,0.00152515,0.000804516,0.00550374,0.00283401,0.00279029,0.00280637,0.00328228,0.00337238,0.00511741,0.000454435,0.000226139,0.00468612,0.00108968,0.00136509,0.00321149,-0.000668978,0.00504485,0.00825357,-0.000266243,0.00553798,0.00168912,0.00542046,0.00150531,0.00431728,0.000750011,0.000175702,0.000608179,0.00309004,0.00264561,0.0103822,0.00240291,0.00464804,0.00409972,0.00184564,0.0151305,0.000944143,0.000255514,0.00285748,0.0018572,0.00591233,0.000239381,0.0037124,0.000794471,0.00206317,0.00172371,3.2545e-5,0.00263416,0.003028,0.000635199,0.000311233,0.0025922,0.00174968,0.00105382,0.00446832,0.00134776,0.00117578,0.00352398,0.000338633,0.00289808,0.0017112,0.00106905,0.0120051,0.00242302,0.00467639,0.00243004,0.00016773,0.00234646,0.00442536,0.00703048,0.00229529,0.00302699,0.00237908,0.00503417,0.00373563,0.00557503,0.000843813,0.00206201,0.00321925,0.00249266,-0.00106485,0.000580251,0.00722233,-0.000472911,0.00227585,0.0017083,0.000823223,0.00231172,0.00641201,0.00177706,0.00224463,0.000274108,0.00120956,0.000194878,0.00323057,0.00233509,9.95641e-5,0.000676076,0.00176975,0.00632161,0.0117668,-0.000450335,-0.00020624,0.00233325,-0.00051581,-0.000167599,0.00298759,-0.00113895,0.0020564,0.0132154,0.00282615,0.00256994,-0.00109533,0.0,0.0519615]
