#SOLVERNAME# PAJ_ROUND_CBC_MOSEK
#SOLVER# Pajarito.PajaritoSolver(2,3600.0,1.0e-5,false,Cbc.CbcMathProgSolverInterface.CbcSolver(Any[(:logLevel,0),(:ratioGap,0.0),(:seconds,3600.0)]),MathProgBase.DefaultMIPSolver(),0,true,true,Mosek.MosekMathProgSolverInterface.MosekSolver(Any[(:LOG,0),(:NUM_THREADS,1),(:OPTIMIZER_MAX_TIME,120.0)]),true,false,false,true,false,true,false,true,true,true,true,false,false,true,false,false,false,false,1.0e-10,0.0001,1.0e-6,0.01,1.0e-6)
#FILENAME# achtziger_stolpe07-52bflowc.cbf.gz
#INSTANCE# achtziger_stolpe07-52bflowc
#TIMELIMIT# 3600.0
#STATUS# Suboptimal
#OBJVAL# 31.313709013177032
#OBJBOUND# 31.272376585342794
#TIMESOLVER# 3125.5082988739014
#TIMEALL# 3125.509943962097
#SOLUTION# [31.3137,0.0,0.0,0.0,0.0,0.0,0.0,0.0,0.0,0.0,0.0,0.0,0.0,0.0,0.0,0.0,0.0,0.0,0.0,0.0,0.0,0.0,0.0,0.0,0.0,0.0,0.0,0.0,0.0,0.0,0.0,0.0,0.0,0.0,0.0,0.0,0.0,0.0,0.0,0.0,0.0,0.0,0.0,0.0,0.0,0.0,0.0,0.0,0.0,0.0,0.0,0.0,0.0,0.0,0.0,0.0,0.0,0.0,0.0,0.0,0.0,0.0,0.0,0.0,0.0,0.0,0.0,0.0,0.0,0.0,0.0,0.0,0.0,0.0,0.0,0.0,0.0,0.0,0.0,1.0,0.0,0.0,0.0,0.0,0.0,0.0,0.0,0.0,0.0,1.0,0.0,0.0,0.0,0.0,0.0,0.0,0.0,0.0,0.0,0.0,0.0,0.0,0.0,0.0,0.0,0.0,0.0,0.0,0.0,0.0,0.0,0.0,0.0,1.0,0.0,0.0,0.0,0.0,1.0,0.0,0.0,0.0,0.0,0.0,0.0,0.0,0.0,0.0,0.0,0.0,0.0,0.0,0.0,0.0,0.0,0.0,0.0,0.0,0.0,1.0,0.0,0.0,0.0,0.0,0.0,0.0,0.0,0.0,0.0,1.0,0.0,0.0,0.0,0.0,0.0,0.0,0.0,0.0,0.0,1.0,0.0,0.0,0.0,0.0,0.0,0.0,0.0,0.0,0.0,0.0,0.0,0.0,0.0,0.0,0.0,0.0,0.0,0.0,0.0,0.0,0.0,0.0,0.0,0.0,0.0,0.0,0.0,0.0,1.0,0.0,0.0,0.0,0.0,1.0,0.0,0.0,0.0,0.0,0.0,0.0,0.0,0.0,0.0,0.0,1.0,0.0,0.0,0.0,0.0,0.0,0.0,0.0,0.0,0.0,0.0,0.0,0.0,0.0,1.0,0.0,0.0,0.0,0.0,0.0,0.0,0.0,0.0,0.0,0.0,0.0,0.0,0.0,0.0,0.0,0.0,0.0,0.0,0.0,0.0,1.0,0.0,0.0,0.0,0.0,0.0,0.0,0.0,0.0,1.0,0.0,0.0,0.0,0.0,1.0,0.0,0.0,0.0,0.0,0.0,0.0,0.0,0.0,0.0,0.0,0.0,0.0,0.0,0.0,0.0,0.0,0.0,0.0,0.0,0.0,0.0,0.0,0.0,0.0,0.0,0.0,0.0,0.0,0.0,1.0,0.0,0.0,0.0,0.0,0.0,0.0,0.0,0.0,0.0,1.0,0.0,0.0,0.0,0.0,0.0,0.0,0.0,0.0,0.0,0.0,0.0,0.0,0.0,0.0,0.0,0.0,0.0,0.0,0.0,0.0,0.0,0.0,0.0,0.0,1.0,0.0,0.0,0.0,0.0,0.0,0.0,0.0,0.0,0.0,1.0,0.0,0.0,0.0,0.0,0.0,0.0,0.0,0.0,0.0,1.0,0.0,0.0,0.0,0.0,0.0,0.0,0.0,0.0,0.0,0.0,0.0,0.0,0.0,0.0,0.0,0.0,0.0,0.0,0.0,0.0,0.0,0.0,0.0,0.0,0.0,0.0,0.0,0.0,0.0,1.0,0.0,0.0,0.0,0.0,0.0,0.0,0.0,0.0,0.0,0.0,0.0,0.0,0.0,0.0,1.0,0.0,0.0,0.0,0.0,0.0,0.0,0.0,0.0,0.0,0.0,0.0,0.0,0.0,0.0,1.0,0.0,0.0,0.0,0.0,0.0,0.0,0.0,0.0,0.0,0.0,0.0,0.0,0.0,0.0,0.0,0.0,0.0,0.0,0.0,0.0,0.0,0.0,0.0,0.0,0.0,0.0,0.0,0.0,0.0,0.0,0.0,0.0,0.0,0.0,2.13905e-9,2.5708e-9,2.59246e-9,2.61409e-9,2.6357e-9,2.65729e-9,2.13905e-9,2.75436e-9,1.5,3.52039e-9,3.89867e-9,4.27555e-9,2.13905e-9,3.10875e-9,4.24926e-9,5.44391e-9,6.68716e-9,7.9719e-9,2.13905e-9,2.75466e-9,1.5,3.51742e-9,3.89142e-9,4.26261e-9,2.13905e-9,2.8932e-9,3.5874e-9,4.31688e-9,5.07897e-9,5.8704e-9,2.13905e-9,2.59148e-9,2.65446e-9,2.71741e-9,2.78032e-9,2.84321e-9,2.13905e-9,2.96063e-9,3.79626e-9,4.67484e-9,5.59213e-9,6.54318e-9,2.13905e-9,2.56464e-9,2.57399e-9,2.58335e-9,2.5927e-9,2.60206e-9,2.13905e-9,1.41421,4.00231e-9,5.02761e-9,6.09465e-9,7.19463e-9,2.13905e-9,1.41421,4.09623e-9,5.17144e-9,6.28513e-9,7.43373e-9,5.08362e-9,2.56989e-9,2.58976e-9,2.60963e-9,2.62953e-9,2.64944e-9,2.13905e-9,3.24746e-9,4.67959e-9,6.18367e-9,7.75032e-9,9.36659e-9,2.13905e-9,3.22193e-9,4.60338e-9,6.05498e-9,7.56547e-9,9.12115e-9,2.13905e-9,2.88756e-9,2.66667,4.19249e-9,4.85016e-9,5.51688e-9,2.13905e-9,2.84888e-9,3.44867e-9,4.07639e-9,4.73001e-9,5.40708e-9,2.13905e-9,2.89275e-9,2.66667,4.20761e-9,4.86608e-9,5.533e-9,2.13905e-9,2.5661e-9,2.57834e-9,2.59059e-9,2.60282e-9,2.61505e-9,2.13905e-9,2.75046e-9,1.5,3.50675e-9,3.88337e-9,4.26033e-9,2.13905e-9,3.12982e-9,4.31711e-9,5.5636e-9,6.86218e-9,8.20408e-9,2.13905e-9,2.61648e-9,2.72959e-9,2.84282e-9,2.95617e-9,3.06967e-9,2.13905e-9,2.9329e-9,3.70823e-9,4.52052e-9,5.36639e-9,6.24188e-9,5.08362e-9,2.56019e-9,2.56063e-9,2.56107e-9,2.56151e-9,2.56196e-9,2.13905e-9,2.76675e-9,3.19214e-9,3.63312e-9,4.08933e-9,4.56027e-9,2.13905e-9,1.41421,4.10343e-9,5.18615e-9,6.30762e-9,7.46279e-9,2.13905e-9,2.0,4.77644e-9,6.29067e-9,7.83609e-9,9.40123e-9,2.13905e-9,2.56951e-9,2.5886e-9,2.60768e-9,2.62675e-9,2.64582e-9,2.13905e-9,2.74401e-9,1.5,3.47914e-9,3.84752e-9,4.2174e-9,2.13905e-9,3.14045e-9,4.3512e-9,5.62337e-9,6.94885e-9,8.31787e-9,5.08362e-9,2.59401e-9,2.66213e-9,2.73031e-9,2.79857e-9,2.8669e-9,2.13905e-9,1.41421,4.05666e-9,5.1217e-9,6.23161e-9,7.37773e-9,2.13905e-9,2.59462e-9,2.66408e-9,2.73376e-9,2.80364e-9,2.87373e-9,2.13905e-9,3.00594e-9,3.93809e-9,4.92017e-9,5.9466e-9,7.01093e-9,2.13905e-9,3.10447e-9,4.23963e-9,5.43254e-9,6.67691e-9,7.96494e-9,2.13905e-9,2.64438e-9,0.666667,2.97986e-9,3.14648e-9,3.31248e-9,2.13905e-9,2.56084e-9,2.56258e-9,2.56432e-9,2.56606e-9,2.5678e-9,2.13905e-9,0.5,3.12204e-9,3.49416e-9,3.86489e-9,4.23468e-9,2.13905e-9,1.41421,4.17071e-9,5.31249e-9,6.50245e-9,7.73385e-9,2.13905e-9,2.58847e-9,2.64551e-9,2.70262e-9,2.7598e-9,2.81704e-9,2.13905e-9,2.94268e-9,3.73947e-9,4.5762e-9,5.44991e-9,6.35699e-9,2.13905e-9,2.57954e-9,2.61872e-9,2.65794e-9,2.69721e-9,2.73652e-9,2.13905e-9,2.88674e-9,3.56305e-9,4.26853e-9,5.0014e-9,5.75951e-9,2.13905e-9,3.41012e-9,5.21259e-9,7.13265e-9,9.14129e-9,1.12072e-8,2.13905e-9,2.0,4.74152e-9,6.26207e-9,7.83108e-9,9.43711e-9,2.13905e-9,2.56568e-9,2.5771e-9,2.58851e-9,2.59991e-9,2.6113e-9,2.13905e-9,0.5,3.10526e-9,3.46981e-9,3.83557e-9,4.20277e-9,2.13905e-9,3.09303e-9,4.19914e-9,5.35449e-9,6.55275e-9,7.7865e-9,2.13905e-9,2.61183e-9,2.71572e-9,2.81984e-9,2.92421e-9,3.0288e-9,2.13905e-9,2.97638e-9,3.84117e-9,4.74609e-9,5.68737e-9,6.66059e-9,5.08362e-9,2.60499e-9,2.69552e-9,2.78669e-9,2.87852e-9,2.97099e-9,2.13905e-9,1.41421,4.02453e-9,5.048e-9,6.1027e-9,7.18252e-9,2.13905e-9,3.40058e-9,5.17796e-9,7.06472e-9,9.03239e-9,1.10508e-8,2.13905e-9,2.0,4.73863e-9,6.2791e-9,7.87885e-9,9.52355e-9,2.13905e-9,2.56029e-9,2.56094e-9,2.56158e-9,2.56223e-9,2.56287e-9,2.13905e-9,0.5,3.10674e-9,3.4764e-9,3.8502e-9,4.2281e-9,2.13905e-9,2.97436e-9,3.82941e-9,4.71758e-9,5.63594e-9,6.58099e-9,2.13905e-9,2.76084e-9,3.16945e-9,3.58697e-9,4.01301e-9,4.44714e-9,2.13905e-9,2.84598e-9,3.43282e-9,4.03868e-9,4.66251e-9,5.30305e-9,2.13905e-9,2.62938e-9,2.76929e-9,2.91065e-9,3.05346e-9,3.19769e-9,5.08362e-9,2.7356e-9,3.09166e-9,3.45399e-9,3.82239e-9,4.19664e-9,2.13905e-9,1.41421,4.14584e-9,5.26497e-9,6.42725e-9,7.62587e-9,5.08362e-9,3.15448e-9,4.39227e-9,5.68954e-9,7.03751e-9,8.42579e-9,2.13905e-9,2.56038e-9,2.56119e-9,2.562e-9,2.56281e-9,2.56362e-9,2.13905e-9,0.5,3.09956e-9,3.46759e-9,3.84207e-9,4.22278e-9,2.13905e-9,2.81949e-9,3.34937e-9,3.8932e-9,4.4503e-9,5.01985e-9,2.13905e-9,2.56719e-9,2.58165e-9,2.59611e-9,2.61059e-9,2.62508e-9,2.13905e-9,1.41421,4.15118e-9,5.27196e-9,6.43441e-9,7.63173e-9,2.13905e-9,2.56074e-9,2.56227e-9,2.5638e-9,2.56533e-9,2.56686e-9,2.13905e-9,2.6904e-9,2.9539e-9,3.22088e-9,3.49127e-9,3.76499e-9,2.13905e-9,2.86583e-9,3.49185e-9,4.13615e-9,4.79757e-9,5.47478e-9,2.13905e-9,2.60684e-9,2.70093e-9,2.79549e-9,2.89052e-9,2.986e-9,5.08362e-9,3.23398e-9,4.64473e-9,6.13092e-9,7.6794e-9,9.27486e-9,2.13905e-9,2.60684e-9,2.70093e-9,2.79549e-9,2.89052e-9,2.986e-9,0.0,0.0,0.0,0.0,0.0,0.0,0.0,0.0,0.0,0.0,1.0,0.0,0.0,0.0,0.0,0.0,0.0,0.0,0.0,0.0,0.0,1.0,0.0,0.0,0.0,0.0,0.0,0.0,1.0,0.0,0.0,0.0,0.0,0.0,0.0,0.0,0.0,0.0,0.0,0.0,0.0,0.0,0.0,0.0,0.0,0.0,0.0,0.0,1.0,0.0,0.0,0.0,0.0,0.0,0.0,0.0,0.0,0.0,1.0,0.0,1.0,0.0,0.0,0.0,0.0,0.0,0.0,0.0,0.0,0.0,1.0,0.0,-2.81543e-10,-1.22474,-6.22864e-10,-7.33851e-10,-8.29212e-10,-4.51671e-10,-7.92501e-10,-1.03562e-9,-1.23914e-9,-1.41928e-9,-2.8259e-10,-1.22474,-6.22897e-10,-7.32621e-10,-8.26528e-10,3.42446e-10,6.01682e-10,7.87314e-10,9.43351e-10,1.08214e-9,3.78352e-10,6.64902e-10,8.70038e-10,1.04226e-9,1.19512e-9,4.29814e-11,7.44527e-11,9.61268e-11,1.13749e-10,1.28991e-10,-1.18921,-7.20487e-10,-9.4257e-10,-1.1283e-9,-1.29218e-9,-1.18921,-7.61176e-10,-9.92486e-10,-1.18554e-9,-1.35632e-9,6.10864e-11,1.05827e-10,1.3665e-10,1.61721e-10,1.83412e-10,5.08935e-10,8.93525e-10,1.16834e-9,1.39846e-9,1.60178e-9,4.98286e-10,8.75498e-10,1.14514e-9,1.37071e-9,1.56966e-9,3.63305e-10,1.63299,8.07097e-10,9.54046e-10,1.08223e-9,-3.17933e-10,-5.57934e-10,-7.29245e-10,-8.72882e-10,-1.00041e-9,3.67986e-10,1.63299,8.13711e-10,9.60253e-10,1.08802e-9,-2.77675e-10,-1.22474,-6.16984e-10,-7.28362e-10,-8.24472e-10,-4.60059e-10,-8.07992e-10,-1.05665e-9,-1.26497e-9,-1.44934e-9,3.65655e-10,6.4191e-10,8.39169e-10,1.00449e-9,1.15109e-9,9.26285e-12,1.60437e-11,2.07123e-11,2.4507e-11,2.77883e-11,-2.65307e-10,-4.64054e-10,-6.0485e-10,-7.22356e-10,-8.26481e-10,1.18921,7.63958e-10,9.96726e-10,1.19098e-9,1.36261e-9,1.41421,9.307e-10,1.20407e-9,1.42941e-9,1.62656e-9,-2.71708e-10,-1.22474,-6.05912e-10,-7.16418e-10,-8.12088e-10,-4.64835e-10,-8.16721e-10,-1.06837e-9,-1.27919e-9,-1.46565e-9,1.18921,7.37778e-10,9.65568e-10,1.15637e-9,1.32504e-9,1.14514e-10,1.985e-10,2.56462e-10,3.03684e-10,3.4461e-10,-4.01078e-10,-7.054e-10,-9.2361e-10,-1.10693e-9,-1.26963e-9,4.49193e-10,7.89123e-10,1.03228e-9,1.23622e-9,1.41697e-9,1.85498e-10,0.816497,4.13149e-10,4.87964e-10,5.52366e-10,-0.707107,-4.68315e-10,-6.0276e-10,-7.11322e-10,-8.0474e-10,-1.18921,-7.7635e-10,-1.01544e-9,-1.21598e-9,-1.3938e-9,3.7074e-10,6.5125e-10,8.52006e-10,1.02069e-9,1.17071e-9,8.6668e-11,1.50165e-10,1.93929e-10,2.29539e-10,2.60362e-10,-3.42794e-10,-6.00816e-10,-7.84447e-10,-9.38105e-10,-1.07437e-9,5.65351e-10,9.99186e-10,1.31268e-9,1.57574e-9,1.80712e-9,1.41421,9.19568e-10,1.19699e-9,1.42758e-9,1.63014e-9,-0.707107,-4.61505e-10,-5.95726e-10,-7.04931e-10,-7.99523e-10,-4.47752e-10,-7.8533e-10,-1.02566e-9,-1.22634e-9,-1.40347e-9,3.90515e-10,6.85253e-10,8.9547e-10,1.07147e-9,1.2274e-9,1.24674e-10,2.16374e-10,2.79895e-10,3.31835e-10,3.7701e-10,-1.18921,-7.40162e-10,-9.65585e-10,-1.15327e-9,-1.31859e-9,5.63245e-10,9.94525e-10,1.30532e-9,1.56552e-9,1.79398e-9,1.41421,9.10826e-10,1.18994e-9,1.42308e-9,1.62848e-9,-0.707107,-4.57846e-10,-5.92667e-10,-7.03144e-10,-7.99434e-10,-3.93032e-10,-6.88034e-10,-8.97186e-10,-1.07149e-9,-1.22538e-9,3.23345e-10,5.64991e-10,7.35556e-10,8.77308e-10,1.00232e-9,1.56397e-10,2.71618e-10,3.51596e-10,4.17116e-10,4.74205e-10,-2.55081e-10,-4.4383e-10,-5.75531e-10,-6.83923e-10,-7.7875e-10,1.18921,7.706e-10,1.00674e-9,1.20416e-9,1.37866e-9,4.73616e-10,8.31678e-10,1.08725e-9,1.30092e-9,1.48949e-9,-0.707107,-4.48192e-10,-5.81344e-10,-6.9102e-10,-7.87048e-10,-3.09909e-10,-5.40562e-10,-7.02597e-10,-8.36729e-10,-9.54641e-10,1.18921,7.73389e-10,1.00994e-9,1.20749e-9,1.38194e-9,-1.68346e-11,-2.91585e-11,-3.76438e-11,-4.4541e-11,-5.0505e-11,-2.20033e-10,-3.82402e-10,-4.95326e-10,-5.87998e-10,-6.68869e-10,3.37062e-10,5.88379e-10,7.65273e-10,9.11905e-10,1.04091e-9,1.31596e-10,2.28217e-10,2.94994e-10,3.49474e-10,3.96755e-10,6.64051e-11,1.14973e-10,1.48372e-10,1.75489e-10,1.9891e-10,-1.11559e-10,-1.93146e-10,-2.49251e-10,-2.94804e-10,-3.34151e-10,4.99456e-11,8.64902e-11,1.11635e-10,1.32061e-10,1.49711e-10,-1.47712e-10,-2.55854e-10,-3.30324e-10,-3.90873e-10,-4.43247e-10,6.15032e-11,1.06513e-10,1.37489e-10,1.62658e-10,1.84413e-10,-1.14922e-10,-1.99076e-10,-2.57041e-10,-3.04178e-10,-3.44957e-10,2.00001e-11,3.46369e-11,4.47105e-11,5.28956e-11,5.99705e-11,-1.04483e-10,-1.81013e-10,-2.33741e-10,-2.76633e-10,-3.13748e-10,4.61766e-11,7.9957e-11,1.03194e-10,1.22065e-10,1.38369e-10,-1.39779e-10,-2.42237e-10,-3.12896e-10,-3.70421e-10,-4.20242e-10,1.23255e-13,2.13153e-13,2.74752e-13,3.24585e-13,3.6747e-13,-2.70385e-10,-4.7106e-10,-6.11577e-10,-7.27577e-10,-8.29325e-10,-9.03356e-12,-1.56472e-11,-2.02012e-11,-2.39034e-11,-2.71049e-11,-5.10166e-11,-8.83824e-11,-1.14126e-10,-1.35065e-10,-1.53182e-10,5.04577e-10,8.87742e-10,1.16235e-9,1.39235e-9,1.5953e-9,1.31596e-10,2.28217e-10,2.94994e-10,3.49474e-10,3.96755e-10,2.13905e-9,0.0,0.0,0.0,1.2854e-9,6.64051e-11,0.0,1.29623e-9,1.14973e-10,0.0,1.30704e-9,1.48372e-10,0.0,1.31785e-9,1.75489e-10,0.0,1.32865e-9,1.9891e-10,2.13905e-9,0.0,0.0,0.0,1.37718e-9,-2.81543e-10,1.0,0.75,-1.22474,0.0,1.7602e-9,-6.22864e-10,0.0,1.94933e-9,-7.33851e-10,0.0,2.13777e-9,-8.29212e-10,2.13905e-9,0.0,0.0,0.0,1.55437e-9,-4.51671e-10,0.0,2.12463e-9,-7.92501e-10,0.0,2.72196e-9,-1.03562e-9,0.0,3.34358e-9,-1.23914e-9,0.0,3.98595e-9,-1.41928e-9,2.13905e-9,0.0,0.0,0.0,1.37733e-9,-2.8259e-10,1.0,0.75,-1.22474,0.0,1.75871e-9,-6.22897e-10,0.0,1.94571e-9,-7.32621e-10,0.0,2.13131e-9,-8.26528e-10,2.13905e-9,0.0,0.0,0.0,1.4466e-9,3.42446e-10,0.0,1.7937e-9,6.01682e-10,0.0,2.15844e-9,7.87314e-10,0.0,2.53948e-9,9.43351e-10,0.0,2.9352e-9,1.08214e-9,2.13905e-9,0.0,0.0,0.0,1.29574e-9,-1.11559e-10,0.0,1.32723e-9,-1.93146e-10,0.0,1.3587e-9,-2.49251e-10,0.0,1.39016e-9,-2.94804e-10,0.0,1.4216e-9,-3.34151e-10,2.13905e-9,0.0,0.0,0.0,1.48031e-9,3.78352e-10,0.0,1.89813e-9,6.64902e-10,0.0,2.33742e-9,8.70038e-10,0.0,2.79607e-9,1.04226e-9,0.0,3.27159e-9,1.19512e-9,2.13905e-9,0.0,0.0,0.0,1.28232e-9,4.29814e-11,0.0,1.287e-9,7.44527e-11,0.0,1.29167e-9,9.61268e-11,0.0,1.29635e-9,1.13749e-10,0.0,1.30103e-9,1.28991e-10,2.13905e-9,0.0,0.0,1.0,0.707107,-1.18921,0.0,2.00115e-9,-7.20487e-10,0.0,2.5138e-9,-9.4257e-10,0.0,3.04732e-9,-1.1283e-9,0.0,3.59731e-9,-1.29218e-9,2.13905e-9,0.0,0.0,1.0,0.707107,-1.18921,0.0,2.04811e-9,-7.61176e-10,0.0,2.58572e-9,-9.92486e-10,0.0,3.14257e-9,-1.18554e-9,0.0,3.71687e-9,-1.35632e-9,5.08362e-9,0.5,0.0,0.0,1.28495e-9,6.10864e-11,0.0,1.29488e-9,1.05827e-10,0.0,1.30482e-9,1.3665e-10,0.0,1.31476e-9,1.61721e-10,0.0,1.32472e-9,1.83412e-10,2.13905e-9,0.0,0.0,0.0,1.62373e-9,5.08935e-10,0.0,2.33979e-9,8.93525e-10,0.0,3.09184e-9,1.16834e-9,0.0,3.87516e-9,1.39846e-9,0.0,4.6833e-9,1.60178e-9,2.13905e-9,0.0,0.0,0.0,1.61096e-9,4.98286e-10,0.0,2.30169e-9,8.75498e-10,0.0,3.02749e-9,1.14514e-9,0.0,3.78273e-9,1.37071e-9,0.0,4.56057e-9,1.56966e-9,2.13905e-9,0.0,0.0,0.0,1.44378e-9,3.63305e-10,1.0,1.33333,1.63299,0.0,2.09624e-9,8.07097e-10,0.0,2.42508e-9,9.54046e-10,0.0,2.75844e-9,1.08223e-9,2.13905e-9,0.0,0.0,0.0,1.42444e-9,-3.17933e-10,0.0,1.72434e-9,-5.57934e-10,0.0,2.0382e-9,-7.29245e-10,0.0,2.365e-9,-8.72882e-10,0.0,2.70354e-9,-1.00041e-9,2.13905e-9,0.0,0.0,0.0,1.44638e-9,3.67986e-10,1.0,1.33333,1.63299,0.0,2.10381e-9,8.13711e-10,0.0,2.43304e-9,9.60253e-10,0.0,2.7665e-9,1.08802e-9,2.13905e-9,0.0,0.0,0.0,1.28305e-9,4.99456e-11,0.0,1.28917e-9,8.64902e-11,0.0,1.29529e-9,1.11635e-10,0.0,1.30141e-9,1.32061e-10,0.0,1.30753e-9,1.49711e-10,2.13905e-9,0.0,0.0,0.0,1.37523e-9,-2.77675e-10,1.0,0.75,-1.22474,0.0,1.75337e-9,-6.16984e-10,0.0,1.94169e-9,-7.28362e-10,0.0,2.13017e-9,-8.24472e-10,2.13905e-9,0.0,0.0,0.0,1.56491e-9,-4.60059e-10,0.0,2.15856e-9,-8.07992e-10,0.0,2.7818e-9,-1.05665e-9,0.0,3.43109e-9,-1.26497e-9,0.0,4.10204e-9,-1.44934e-9,2.13905e-9,0.0,0.0,0.0,1.30824e-9,-1.47712e-10,0.0,1.36479e-9,-2.55854e-10,0.0,1.42141e-9,-3.30324e-10,0.0,1.47809e-9,-3.90873e-10,0.0,1.53484e-9,-4.43247e-10,2.13905e-9,0.0,0.0,0.0,1.46645e-9,3.65655e-10,0.0,1.85412e-9,6.4191e-10,0.0,2.26026e-9,8.39169e-10,0.0,2.68319e-9,1.00449e-9,0.0,3.12094e-9,1.15109e-9,5.08362e-9,0.5,0.0,0.0,1.2801e-9,9.26285e-12,0.0,1.28032e-9,1.60437e-11,0.0,1.28054e-9,2.07123e-11,0.0,1.28076e-9,2.4507e-11,0.0,1.28098e-9,2.77883e-11,2.13905e-9,0.0,0.0,0.0,1.38337e-9,-2.65307e-10,0.0,1.59607e-9,-4.64054e-10,0.0,1.81656e-9,-6.0485e-10,0.0,2.04466e-9,-7.22356e-10,0.0,2.28014e-9,-8.26481e-10,2.13905e-9,0.0,0.0,1.0,0.707107,1.18921,0.0,2.05172e-9,7.63958e-10,0.0,2.59308e-9,9.96726e-10,0.0,3.15381e-9,1.19098e-9,0.0,3.73139e-9,1.36261e-9,2.13905e-9,0.0,0.0,1.0,1.0,1.41421,0.0,2.38822e-9,9.307e-10,0.0,3.14533e-9,1.20407e-9,0.0,3.91805e-9,1.42941e-9,0.0,4.70062e-9,1.62656e-9,2.13905e-9,0.0,0.0,0.0,1.28476e-9,6.15032e-11,0.0,1.2943e-9,1.06513e-10,0.0,1.30384e-9,1.37489e-10,0.0,1.31338e-9,1.62658e-10,0.0,1.32291e-9,1.84413e-10,2.13905e-9,0.0,0.0,0.0,1.372e-9,-2.71708e-10,1.0,0.75,-1.22474,0.0,1.73957e-9,-6.05912e-10,0.0,1.92376e-9,-7.16418e-10,0.0,2.1087e-9,-8.12088e-10,2.13905e-9,0.0,0.0,0.0,1.57022e-9,-4.64835e-10,0.0,2.1756e-9,-8.16721e-10,0.0,2.81168e-9,-1.06837e-9,0.0,3.47442e-9,-1.27919e-9,0.0,4.15894e-9,-1.46565e-9,5.08362e-9,0.5,0.0,0.0,1.297e-9,-1.14922e-10,0.0,1.33106e-9,-1.99076e-10,0.0,1.36516e-9,-2.57041e-10,0.0,1.39928e-9,-3.04178e-10,0.0,1.43345e-9,-3.44957e-10,2.13905e-9,0.0,0.0,1.0,0.707107,1.18921,0.0,2.02833e-9,7.37778e-10,0.0,2.56085e-9,9.65568e-10,0.0,3.11581e-9,1.15637e-9,0.0,3.68887e-9,1.32504e-9,2.13905e-9,0.0,0.0,0.0,1.29731e-9,1.14514e-10,0.0,1.33204e-9,1.985e-10,0.0,1.36688e-9,2.56462e-10,0.0,1.40182e-9,3.03684e-10,0.0,1.43686e-9,3.4461e-10,2.13905e-9,0.0,0.0,0.0,1.50297e-9,-4.01078e-10,0.0,1.96905e-9,-7.054e-10,0.0,2.46009e-9,-9.2361e-10,0.0,2.9733e-9,-1.10693e-9,0.0,3.50547e-9,-1.26963e-9,2.13905e-9,0.0,0.0,0.0,1.55224e-9,4.49193e-10,0.0,2.11982e-9,7.89123e-10,0.0,2.71627e-9,1.03228e-9,0.0,3.33845e-9,1.23622e-9,0.0,3.98247e-9,1.41697e-9,2.13905e-9,0.0,0.0,0.0,1.32219e-9,1.85498e-10,1.0,0.333333,0.816497,0.0,1.48993e-9,4.13149e-10,0.0,1.57324e-9,4.87964e-10,0.0,1.65624e-9,5.52366e-10,2.13905e-9,0.0,0.0,0.0,1.28042e-9,2.00001e-11,0.0,1.28129e-9,3.46369e-11,0.0,1.28216e-9,4.47105e-11,0.0,1.28303e-9,5.28956e-11,0.0,1.2839e-9,5.99705e-11,2.13905e-9,0.0,0.0,1.0,0.25,-0.707107,0.0,1.56102e-9,-4.68315e-10,0.0,1.74708e-9,-6.0276e-10,0.0,1.93245e-9,-7.11322e-10,0.0,2.11734e-9,-8.0474e-10,2.13905e-9,0.0,0.0,1.0,0.707107,-1.18921,0.0,2.08536e-9,-7.7635e-10,0.0,2.65625e-9,-1.01544e-9,0.0,3.25123e-9,-1.21598e-9,0.0,3.86693e-9,-1.3938e-9,2.13905e-9,0.0,0.0,0.0,1.29423e-9,-1.04483e-10,0.0,1.32275e-9,-1.81013e-10,0.0,1.35131e-9,-2.33741e-10,0.0,1.3799e-9,-2.76633e-10,0.0,1.40852e-9,-3.13748e-10,2.13905e-9,0.0,0.0,0.0,1.47134e-9,3.7074e-10,0.0,1.86973e-9,6.5125e-10,0.0,2.2881e-9,8.52006e-10,0.0,2.72496e-9,1.02069e-9,0.0,3.17849e-9,1.17071e-9,2.13905e-9,0.0,0.0,0.0,1.28977e-9,8.6668e-11,0.0,1.30936e-9,1.50165e-10,0.0,1.32897e-9,1.93929e-10,0.0,1.3486e-9,2.29539e-10,0.0,1.36826e-9,2.60362e-10,2.13905e-9,0.0,0.0,0.0,1.44337e-9,-3.42794e-10,0.0,1.78152e-9,-6.00816e-10,0.0,2.13426e-9,-7.84447e-10,0.0,2.5007e-9,-9.38105e-10,0.0,2.87976e-9,-1.07437e-9,2.13905e-9,0.0,0.0,0.0,1.70506e-9,5.65351e-10,0.0,2.60629e-9,9.99186e-10,0.0,3.56632e-9,1.31268e-9,0.0,4.57065e-9,1.57574e-9,0.0,5.60358e-9,1.80712e-9,2.13905e-9,0.0,0.0,1.0,1.0,1.41421,0.0,2.37076e-9,9.19568e-10,0.0,3.13103e-9,1.19699e-9,0.0,3.91554e-9,1.42758e-9,0.0,4.71855e-9,1.63014e-9,2.13905e-9,0.0,0.0,0.0,1.28284e-9,4.61766e-11,0.0,1.28855e-9,7.9957e-11,0.0,1.29426e-9,1.03194e-10,0.0,1.29995e-9,1.22065e-10,0.0,1.30565e-9,1.38369e-10,2.13905e-9,0.0,0.0,1.0,0.25,-0.707107,0.0,1.55263e-9,-4.61505e-10,0.0,1.73491e-9,-5.95726e-10,0.0,1.91778e-9,-7.04931e-10,0.0,2.10139e-9,-7.99523e-10,2.13905e-9,0.0,0.0,0.0,1.54652e-9,-4.47752e-10,0.0,2.09957e-9,-7.8533e-10,0.0,2.67724e-9,-1.02566e-9,0.0,3.27638e-9,-1.22634e-9,0.0,3.89325e-9,-1.40347e-9,2.13905e-9,0.0,0.0,0.0,1.30591e-9,-1.39779e-10,0.0,1.35786e-9,-2.42237e-10,0.0,1.40992e-9,-3.12896e-10,0.0,1.4621e-9,-3.70421e-10,0.0,1.5144e-9,-4.20242e-10,2.13905e-9,0.0,0.0,0.0,1.48819e-9,3.90515e-10,0.0,1.92059e-9,6.85253e-10,0.0,2.37304e-9,8.9547e-10,0.0,2.84368e-9,1.07147e-9,0.0,3.3303e-9,1.2274e-9,5.08362e-9,0.5,0.0,0.0,1.30249e-9,1.24674e-10,0.0,1.34776e-9,2.16374e-10,0.0,1.39335e-9,2.79895e-10,0.0,1.43926e-9,3.31835e-10,0.0,1.4855e-9,3.7701e-10,2.13905e-9,0.0,0.0,1.0,0.707107,-1.18921,0.0,2.01226e-9,-7.40162e-10,0.0,2.524e-9,-9.65585e-10,0.0,3.05135e-9,-1.15327e-9,0.0,3.59126e-9,-1.31859e-9,2.13905e-9,0.0,0.0,0.0,1.70029e-9,5.63245e-10,0.0,2.58898e-9,9.94525e-10,0.0,3.53236e-9,1.30532e-9,0.0,4.51619e-9,1.56552e-9,0.0,5.52539e-9,1.79398e-9,2.13905e-9,0.0,0.0,1.0,1.0,1.41421,0.0,2.36932e-9,9.10826e-10,0.0,3.13955e-9,1.18994e-9,0.0,3.93942e-9,1.42308e-9,0.0,4.76177e-9,1.62848e-9,2.13905e-9,0.0,0.0,0.0,1.28015e-9,1.23255e-13,0.0,1.28047e-9,2.13153e-13,0.0,1.28079e-9,2.74752e-13,0.0,1.28111e-9,3.24585e-13,0.0,1.28144e-9,3.6747e-13,2.13905e-9,0.0,0.0,1.0,0.25,-0.707107,0.0,1.55337e-9,-4.57846e-10,0.0,1.7382e-9,-5.92667e-10,0.0,1.9251e-9,-7.03144e-10,0.0,2.11405e-9,-7.99434e-10,2.13905e-9,0.0,0.0,0.0,1.48718e-9,-3.93032e-10,0.0,1.9147e-9,-6.88034e-10,0.0,2.35879e-9,-8.97186e-10,0.0,2.81797e-9,-1.07149e-9,0.0,3.2905e-9,-1.22538e-9,2.13905e-9,0.0,0.0,0.0,1.38042e-9,-2.70385e-10,0.0,1.58473e-9,-4.7106e-10,0.0,1.79348e-9,-6.11577e-10,0.0,2.0065e-9,-7.27577e-10,0.0,2.22357e-9,-8.29325e-10,2.13905e-9,0.0,0.0,0.0,1.42299e-9,3.23345e-10,0.0,1.71641e-9,5.64991e-10,0.0,2.01934e-9,7.35556e-10,0.0,2.33126e-9,8.77308e-10,0.0,2.65152e-9,1.00232e-9,2.13905e-9,0.0,0.0,0.0,1.31469e-9,1.56397e-10,0.0,1.38465e-9,2.71618e-10,0.0,1.45533e-9,3.51596e-10,0.0,1.52673e-9,4.17116e-10,0.0,1.59884e-9,4.74205e-10,5.08362e-9,0.5,0.0,0.0,1.3678e-9,-2.55081e-10,0.0,1.54583e-9,-4.4383e-10,0.0,1.72699e-9,-5.75531e-10,0.0,1.9112e-9,-6.83923e-10,0.0,2.09832e-9,-7.7875e-10,2.13905e-9,0.0,0.0,1.0,0.707107,1.18921,0.0,2.07292e-9,7.706e-10,0.0,2.63249e-9,1.00674e-9,0.0,3.21363e-9,1.20416e-9,0.0,3.81294e-9,1.37866e-9,5.08362e-9,0.5,0.0,0.0,1.57724e-9,4.73616e-10,0.0,2.19613e-9,8.31678e-10,0.0,2.84477e-9,1.08725e-9,0.0,3.51875e-9,1.30092e-9,0.0,4.2129e-9,1.48949e-9,2.13905e-9,0.0,0.0,0.0,1.28019e-9,-9.03356e-12,0.0,1.28059e-9,-1.56472e-11,0.0,1.281e-9,-2.02012e-11,0.0,1.28141e-9,-2.39034e-11,0.0,1.28181e-9,-2.71049e-11,2.13905e-9,0.0,0.0,1.0,0.25,-0.707107,0.0,1.54978e-9,-4.48192e-10,0.0,1.7338e-9,-5.81344e-10,0.0,1.92104e-9,-6.9102e-10,0.0,2.11139e-9,-7.87048e-10,2.13905e-9,0.0,0.0,0.0,1.40975e-9,-3.09909e-10,0.0,1.67469e-9,-5.40562e-10,0.0,1.9466e-9,-7.02597e-10,0.0,2.22515e-9,-8.36729e-10,0.0,2.50993e-9,-9.54641e-10,2.13905e-9,0.0,0.0,0.0,1.2836e-9,-5.10166e-11,0.0,1.29082e-9,-8.83824e-11,0.0,1.29806e-9,-1.14126e-10,0.0,1.3053e-9,-1.35065e-10,0.0,1.31254e-9,-1.53182e-10,2.13905e-9,0.0,0.0,1.0,0.707107,1.18921,0.0,2.07559e-9,7.73389e-10,0.0,2.63598e-9,1.00994e-9,0.0,3.21721e-9,1.20749e-9,0.0,3.81586e-9,1.38194e-9,2.13905e-9,0.0,0.0,0.0,1.28037e-9,-1.68346e-11,0.0,1.28113e-9,-2.91585e-11,0.0,1.2819e-9,-3.76438e-11,0.0,1.28267e-9,-4.4541e-11,0.0,1.28343e-9,-5.0505e-11,2.13905e-9,0.0,0.0,0.0,1.3452e-9,-2.20033e-10,0.0,1.47695e-9,-3.82402e-10,0.0,1.61044e-9,-4.95326e-10,0.0,1.74563e-9,-5.87998e-10,0.0,1.8825e-9,-6.68869e-10,2.13905e-9,0.0,0.0,0.0,1.43292e-9,3.37062e-10,0.0,1.74593e-9,5.88379e-10,0.0,2.06807e-9,7.65273e-10,0.0,2.39879e-9,9.11905e-10,0.0,2.73739e-9,1.04091e-9,2.13905e-9,0.0,0.0,0.0,1.30342e-9,1.31596e-10,0.0,1.35047e-9,2.28217e-10,0.0,1.39775e-9,2.94994e-10,0.0,1.44526e-9,3.49474e-10,0.0,1.493e-9,3.96755e-10,5.08362e-9,0.5,0.0,0.0,1.61699e-9,5.04577e-10,0.0,2.32237e-9,8.87742e-10,0.0,3.06546e-9,1.16235e-9,0.0,3.8397e-9,1.39235e-9,0.0,4.63743e-9,1.5953e-9,2.13905e-9,0.0,0.0,0.0,1.30342e-9,1.31596e-10,0.0,1.35047e-9,2.28217e-10,0.0,1.39775e-9,2.94994e-10,0.0,1.44526e-9,3.49474e-10,0.0,1.493e-9,3.96755e-10]
