#SOLVERNAME# PAJ_NODIS_CBC_MOSEK
#SOLVER# Pajarito.PajaritoSolver(2,3600.0,1.0e-5,false,Cbc.CbcMathProgSolverInterface.CbcSolver(Any[(:logLevel,0),(:ratioGap,0.0),(:seconds,3600.0)]),MathProgBase.DefaultMIPSolver(),0,false,true,Mosek.MosekMathProgSolverInterface.MosekSolver(Any[(:LOG,0),(:NUM_THREADS,1),(:OPTIMIZER_MAX_TIME,120.0)]),true,false,false,false,false,true,false,true,true,true,true,false,false,true,false,false,false,false,1.0e-10,0.0001,1.0e-6,0.01,1.0e-6)
#FILENAME# classical_200_3.cbf.gz
#INSTANCE# classical_200_3
#TIMELIMIT# 3600.0
#STATUS# Suboptimal
#OBJVAL# -0.07267545647040868
#OBJBOUND# -0.1222914352193083
#TIMESOLVER# 1.1345911026000977
#TIMEALL# 1.1348350048065186
#SOLUTION# [0.0650196,0.0,0.0,0.0,0.0,0.0,0.0,0.0,0.0,0.0,0.0,0.0,0.0,0.0,0.0,0.0,0.0,0.0,0.0,0.0,0.0,0.0,0.0,0.0,0.0,0.0,0.0,0.0,0.0,0.0,0.0,0.0,0.0,0.0,0.0,0.0,0.0,0.0,0.549935,0.0,0.0,0.0,0.0,0.0,0.0,0.160352,0.0,0.0,0.0,0.0,0.0,0.0,0.0,0.0,0.0,0.0,0.0,0.0,0.0,0.0,0.0,0.0,0.0,0.0,0.0,0.0,0.0,0.0,0.0857346,0.0,0.0,0.0,0.0,0.0,0.0,0.0,0.0,0.0,0.0,0.0,0.0,0.0,0.0,0.0,0.0,0.0,0.0,0.0,0.0,0.0,0.0,0.0,0.0,0.0,0.0,0.0,0.0,0.0,0.0,0.0,0.0,0.0,0.0,0.0,0.0,0.0,0.0,0.0,0.0,0.0,0.0,0.0,0.0,0.0,0.0,0.0,0.0,0.0,0.0,0.0,0.0,0.0,0.0,0.0,0.0,0.0,0.0,0.0,0.0,0.0,0.0,0.0,0.0,0.0,0.0,0.0,0.0,0.0,0.0,0.0,0.0,0.0,0.0,0.0,0.0,0.0,0.0,0.0,0.0,0.0,0.0,0.0,0.0,0.0,0.138959,0.0,0.0,0.0,0.0,0.0,0.0,0.0,0.0,0.0,0.0,0.0,0.0,0.0,0.0,0.0,0.0,0.0,0.0,0.0,0.0,0.0,0.0,0.0,0.0,0.0,0.0,0.0,0.0,0.0,0.0,0.0,0.0,0.0,0.0,0.0,0.0,0.0,0.0,0.0,0.0,0.0,0.0,0.0,0.0,0.0,0.0,1.0,0.0,0.0,0.0,0.0,0.0,0.0,0.0,0.0,0.0,0.0,0.0,0.0,0.0,0.0,0.0,0.0,0.0,0.0,0.0,0.0,0.0,0.0,0.0,0.0,0.0,0.0,0.0,0.0,0.0,0.0,0.0,0.0,0.0,0.0,0.0,0.0,0.0,1.0,0.0,0.0,0.0,0.0,0.0,0.0,1.0,0.0,0.0,0.0,0.0,0.0,0.0,0.0,0.0,0.0,0.0,0.0,0.0,0.0,0.0,0.0,0.0,0.0,0.0,0.0,0.0,0.0,0.0,1.0,0.0,0.0,0.0,0.0,0.0,0.0,0.0,0.0,0.0,0.0,0.0,0.0,0.0,0.0,0.0,0.0,0.0,0.0,0.0,0.0,0.0,0.0,0.0,0.0,0.0,0.0,0.0,0.0,0.0,0.0,0.0,0.0,0.0,0.0,0.0,0.0,0.0,0.0,0.0,0.0,0.0,0.0,0.0,0.0,0.0,0.0,0.0,0.0,0.0,0.0,0.0,0.0,0.0,0.0,0.0,0.0,0.0,0.0,0.0,0.0,0.0,0.0,0.0,0.0,0.0,0.0,0.0,0.0,0.0,0.0,0.0,0.0,0.0,0.0,0.0,0.0,0.0,0.0,0.0,0.0,0.0,0.0,0.0,0.0,0.0,1.0,0.0,0.0,0.0,0.0,0.0,0.0,0.0,0.0,0.0,0.0,0.0,0.0,0.0,0.0,0.0,0.0,0.0,0.0,0.0,0.0,0.0,0.0,0.0,0.0,0.0,0.0,0.0,0.0,0.0,0.0,0.0,0.0,0.0,0.0,0.0,0.0,0.0,0.0,0.0,0.0,0.0,0.0,0.0,0.0,0.0,0.0653538,0.00933555,-0.00999629,0.00373401,0.00485009,0.0110827,0.00301732,0.00396771,0.0144024,0.00785618,0.00921942,0.00408801,0.00806068,0.0059154,0.00233629,0.00480387,0.00422908,0.0066464,0.00248243,0.00783502,0.0117021,0.0141132,0.00874969,0.00100974,0.00476177,0.00666475,0.0108465,0.0186619,0.00767192,0.00127282,0.00320534,-0.000508278,0.012303,0.00781803,0.00365179,0.00531718,0.00324339,0.0109944,0.0581465,0.00310943,0.00344918,0.00166596,0.00604749,0.00860648,-0.000476985,0.106938,0.00449313,0.00851251,0.0106126,0.0117873,0.0151233,0.00491723,0.000381878,-0.00395152,0.00959826,0.00588091,0.00736961,0.00792714,0.00500782,0.00517988,0.00686332,0.00334979,0.00557455,0.00627769,0.0134398,0.00228066,0.00703731,0.0063484,0.0269689,0.0214414,0.00724677,0.010017,0.00861368,0.0124216,0.0199588,0.00868714,0.00559935,-0.00470899,0.00928462,0.00657039,0.00866052,0.00492031,0.0101076,0.0110679,0.00691137,0.00812435,0.0171058,0.0125522,0.0112359,0.00432193,0.00898134,0.0035106,0.0104344,0.00345612,0.00457135,0.00140386,0.00769982,0.00193683,0.00342859,0.0139288,0.00904019,0.0156016,0.00299136,0.00243392,0.00673037,0.0120879,0.00390408,0.000195642,0.00578181,0.00217526,0.00917569,0.00728199,0.0137304,0.00730929,0.0114882,0.0111277,0.0137488,0.0112231,0.00552822,0.0158535,0.00309529,0.0090016,0.0106142,0.00440875,-0.00512452,0.00133173,0.00364529,0.00554388,0.00914499,0.00645548,0.00771745,0.00340376,0.0126755,0.0135081,0.0104571,-0.000154533,0.00725564,0.00340915,0.00778804,0.00598189,-0.0119209,0.00532896,0.0168669,0.00204941,0.0117282,0.00461848,0.00489384,0.00334263,0.0164041,0.0107291,0.0100448,0.00679849,0.00932845,0.0043894,0.086175,0.00527926,0.00340153,0.00550965,0.00778266,0.00796994,0.00588528,0.00311831,-0.000159651,0.0058562,0.00386325,0.00647387,0.00183319,0.00576063,0.00943006,0.00235626,0.00217441,0.00729717,0.0101159,0.000609763,0.00641916,-0.00033345,0.00474323,0.00607087,-0.00140368,0.000470536,0.00187633,0.0084755,0.00100732,0.00134107,0.0090485,0.00881505,0.00988153,0.000970475,0.00832182,0.006644,0.00755284,0.00716914,-0.000888041,0.0101998,0.00759872,0.00677702,0.00820232,0.00169626,0.00877533,0.00449323,0.2]
