#SOLVERNAME# PAJ_SUBOPT-2-10_CBC_MOSEK
#SOLVER# Pajarito.PajaritoSolver(2,3600.0,1.0e-5,false,Cbc.CbcMathProgSolverInterface.CbcSolver(Any[(:logLevel,0),(:ratioGap,0.0),(:seconds,3600.0)]),Cbc.CbcMathProgSolverInterface.CbcSolver(Any[(:logLevel,0),(:ratioGap,0.1),(:seconds,120)]),2,false,true,Mosek.MosekMathProgSolverInterface.MosekSolver(Any[(:LOG,0),(:NUM_THREADS,1),(:OPTIMIZER_MAX_TIME,120.0)]),true,false,false,true,false,true,false,true,true,true,true,false,false,true,false,false,false,false,1.0e-10,0.0001,1.0e-6,0.01,1.0e-6)
#FILENAME# pp-n1000-d10000.cbf.gz
#INSTANCE# pp-n1000-d10000
#TIMELIMIT# 3600.0
#STATUS# UserLimit
#OBJVAL# 220462.18031144713
#OBJBOUND# 216112.4577402073
#TIMESOLVER# 3687.2664699554443
#TIMEALL# 3687.271031141281
#SOLUTION# [95.0,228.0,66.0,137.0,117.0,50.0,199.0,126.0,32.0,149.0,52.0,127.0,120.0,140.0,257.0,166.0,213.0,57.0,178.0,38.0,176.0,67.0,109.0,40.0,140.0,189.0,190.0,210.0,58.0,172.0,262.0,107.0,27.0,165.0,149.0,144.0,116.0,109.0,53.0,41.0,105.0,138.0,157.0,136.0,134.0,146.0,86.0,117.0,76.0,144.0,171.0,149.0,161.0,115.0,199.0,82.0,178.0,144.0,151.0,179.0,191.0,282.0,163.0,125.0,138.0,129.0,135.0,91.0,117.0,153.0,47.0,75.0,58.0,150.0,168.0,74.0,205.0,70.0,80.0,143.0,125.0,95.0,72.0,88.0,85.0,157.0,123.0,145.0,317.0,82.0,111.0,151.0,97.0,119.0,107.0,161.0,118.0,220.0,101.0,149.0,52.0,204.0,92.0,172.0,257.0,117.0,157.0,74.0,117.0,201.0,131.0,69.0,85.0,89.0,110.0,149.0,133.0,82.0,186.0,90.0,137.0,78.0,103.0,178.0,190.0,172.0,134.0,168.0,208.0,109.0,189.0,190.0,175.0,79.0,30.0,97.0,163.0,126.0,139.0,163.0,243.0,192.0,201.0,96.0,124.0,78.0,144.0,162.0,129.0,155.0,82.0,194.0,241.0,175.0,101.0,137.0,257.0,81.0,153.0,40.0,155.0,225.0,173.0,42.0,149.0,189.0,117.0,58.0,34.0,175.0,111.0,225.0,120.0,75.0,86.0,190.0,113.0,103.0,58.0,222.0,87.0,202.0,66.0,116.0,81.0,90.0,220.0,57.0,126.0,112.0,204.0,46.0,115.0,216.0,123.0,117.0,122.0,190.0,112.0,190.0,152.0,78.0,108.0,89.0,93.0,117.0,94.0,93.0,142.0,62.0,91.0,111.0,187.0,70.0,82.0,130.0,178.0,259.0,125.0,65.0,44.0,172.0,228.0,163.0,256.0,175.0,175.0,100.0,144.0,148.0,190.0,66.0,140.0,137.0,13.0,82.0,245.0,234.0,126.0,50.0,245.0,164.0,140.0,179.0,59.0,239.0,137.0,153.0,153.0,101.0,170.0,188.0,88.0,195.0,21.0,110.0,48.0,105.0,110.0,73.0,62.0,69.0,65.0,100.0,120.0,117.0,192.0,32.0,151.0,142.0,109.0,129.0,73.0,198.0,183.0,160.0,78.0,196.0,93.0,18.0,254.0,60.0,105.0,168.0,146.0,57.0,252.0,167.0,140.0,190.0,165.0,84.0,207.0,80.0,126.0,134.0,170.0,196.0,160.0,105.0,129.0,122.0,98.0,90.0,190.0,94.0,177.0,250.0,144.0,78.0,63.0,83.0,136.0,195.0,77.0,168.0,168.0,117.0,129.0,181.0,157.0,235.0,128.0,225.0,47.0,112.0,94.0,130.0,213.0,262.0,82.0,131.0,175.0,121.0,173.0,162.0,58.0,117.0,266.0,59.0,67.0,117.0,167.0,96.0,120.0,166.0,41.0,149.0,105.0,131.0,39.0,137.0,133.0,172.0,58.0,47.0,87.0,220.0,168.0,181.0,140.0,74.0,159.0,155.0,137.0,100.0,192.0,168.0,251.0,42.0,71.0,240.0,153.0,161.0,111.0,140.0,124.0,94.0,212.0,25.0,192.0,269.0,100.0,168.0,73.0,144.0,167.0,127.0,153.0,120.0,60.0,201.0,250.0,81.0,50.0,180.0,48.0,176.0,27.0,220.0,253.0,96.0,244.0,96.0,93.0,193.0,104.0,15.0,112.0,100.0,168.0,166.0,73.0,139.0,103.0,101.0,206.0,22.0,153.0,87.0,44.0,142.0,190.0,144.0,149.0,177.0,125.0,106.0,146.0,120.0,218.0,175.0,68.0,199.0,203.0,43.0,220.0,137.0,153.0,118.0,189.0,179.0,146.0,36.0,190.0,160.0,190.0,107.0,120.0,160.0,275.0,58.0,88.0,87.0,165.0,163.0,157.0,85.0,71.0,194.0,34.0,179.0,192.0,192.0,200.0,168.0,109.0,61.0,274.0,56.0,168.0,173.0,153.0,210.0,146.0,142.0,190.0,75.0,117.0,208.0,61.0,117.0,204.0,140.0,243.0,98.0,141.0,201.0,23.0,155.0,95.0,192.0,107.0,252.0,70.0,146.0,156.0,167.0,150.0,77.0,93.0,22.0,241.0,251.0,133.0,96.0,144.0,101.0,257.0,190.0,119.0,214.0,73.0,66.0,133.0,174.0,235.0,204.0,192.0,260.0,137.0,100.0,88.0,202.0,147.0,107.0,96.0,120.0,148.0,241.0,151.0,203.0,228.0,25.0,178.0,59.0,44.0,239.0,140.0,130.0,172.0,225.0,116.0,44.0,132.0,253.0,105.0,189.0,83.0,158.0,228.0,220.0,90.0,137.0,29.0,172.0,181.0,117.0,120.0,209.0,165.0,47.0,117.0,190.0,71.0,209.0,239.0,195.0,110.0,92.0,106.0,107.0,251.0,155.0,267.0,204.0,154.0,57.0,78.0,142.0,52.0,172.0,188.0,116.0,77.0,71.0,242.0,228.0,132.0,100.0,117.0,171.0,132.0,112.0,81.0,63.0,37.0,164.0,143.0,130.0,171.0,93.0,161.0,108.0,28.0,213.0,194.0,155.0,50.0,97.0,62.0,178.0,91.0,195.0,195.0,44.0,117.0,224.0,81.0,167.0,34.0,96.0,123.0,122.0,107.0,63.0,172.0,146.0,175.0,124.0,149.0,192.0,162.0,38.0,125.0,66.0,107.0,155.0,135.0,189.0,168.0,230.0,65.0,152.0,208.0,195.0,262.0,22.0,21.0,89.0,142.0,95.0,117.0,108.0,119.0,119.0,153.0,139.0,130.0,208.0,250.0,96.0,73.0,80.0,127.0,214.0,200.0,171.0,72.0,204.0,93.0,111.0,37.0,93.0,117.0,146.0,69.0,55.0,155.0,154.0,164.0,104.0,120.0,62.0,119.0,77.0,96.0,191.0,100.0,84.0,36.0,194.0,100.0,228.0,101.0,134.0,155.0,59.0,112.0,218.0,204.0,108.0,110.0,85.0,176.0,148.0,107.0,221.0,89.0,259.0,300.0,61.0,237.0,56.0,76.0,70.0,161.0,263.0,62.0,136.0,223.0,208.0,258.0,148.0,144.0,146.0,133.0,76.0,246.0,149.0,52.0,100.0,73.0,65.0,89.0,104.0,262.0,85.0,94.0,136.0,146.0,133.0,94.0,153.0,14.0,132.0,164.0,173.0,92.0,172.0,50.0,71.0,195.0,210.0,126.0,156.0,281.0,136.0,211.0,108.0,181.0,61.0,144.0,155.0,108.0,119.0,122.0,119.0,204.0,105.0,168.0,212.0,155.0,189.0,66.0,234.0,195.0,137.0,220.0,121.0,137.0,82.0,213.0,142.0,114.0,81.0,127.0,129.0,49.0,223.0,146.0,121.0,155.0,142.0,145.0,96.0,230.0,206.0,195.0,93.0,108.0,164.0,197.0,190.0,81.0,153.0,158.0,134.0,214.0,104.0,107.0,48.0,137.0,213.0,43.0,83.0,146.0,62.0,113.0,120.0,155.0,215.0,220.0,112.0,137.0,134.0,74.0,140.0,223.0,155.0,137.0,177.0,139.0,89.0,38.0,99.0,100.0,197.0,49.0,100.0,115.0,119.0,53.0,200.0,223.0,96.0,100.0,146.0,149.0,48.0,109.0,100.0,101.0,145.0,148.0,104.0,148.0,105.0,214.0,94.0,214.0,159.0,225.0,110.0,241.0,83.0,119.0,176.0,162.0,49.0,61.0,137.0,77.0,173.0,41.0,268.0,109.0,196.0,149.0,127.0,91.0,48.0,137.0,59.0,59.0,176.0,70.0,203.0,46.0,242.0,140.0,153.0,113.0,251.0,225.0,106.0,142.0,105.0,87.0,110.0,182.0,19.0,208.0,47.0,129.0,58.0,40.0,159.0,157.0,158.0,73.0,168.0,95.0,107.0,199.0,20.0,170.0,103.0,241.0,75.0,143.0,105.0,149.0,168.0,62.0,128.0,53.0,172.0,186.0,91.0,212.0,97.0,179.0,107.0,208.0,153.0,252.0,142.0,192.0,196.0,210.0,126.0,38.0,175.0,165.0,172.0,138.0,175.0,124.0,175.0,215.0,89.0,39.0,170.0,55.0,124.0,134.0,205.0,161.0,124.0,127.0,149.0,129.0,94.0,204.0,161.0,160.0,125.0,225.0,158.0,71.0,21.0,96.0,246.0,124.0,117.0,44.0,142.0,85.0,133.0,172.0,27.0,181.0,79.0,296.0,144.0,89.0,281.0,175.0,146.0,197.0,207.0,125.0,229.0,147.0,152.0,127.0,206.0,85.0,85.0,0.0105264,0.00438608,0.0151516,0.00729934,0.00854707,0.0200004,0.00502522,0.00793657,0.0312505,0.00671149,0.0192308,0.00787408,0.00833339,0.00714293,0.0038912,0.00602418,0.00469494,0.0175439,0.00561806,0.0263182,0.00568192,0.0149254,0.00917436,0.0250002,0.00714292,0.0052911,0.00526326,0.00476201,0.0172415,0.00581403,0.00381694,0.00934584,0.0370374,0.00606068,0.00671147,0.00694451,0.00862074,0.00917436,0.018868,0.0243904,0.00952386,0.00724645,0.0063695,0.007353,0.00746275,0.00684938,0.011628,0.00854707,0.0131579,0.00694451,0.00584803,0.00671147,0.00621126,0.00869571,0.00502523,0.0121952,0.00561806,0.00694456,0.00662258,0.00558669,0.0052357,0.00354626,0.00613504,0.00800005,0.00724645,0.00775201,0.00740749,0.010989,0.00854708,0.00653602,0.021277,0.0133334,0.0172414,0.00666673,0.00595246,0.0135135,0.00487815,0.0142857,0.0125001,0.00699311,0.00800009,0.0105264,0.0138889,0.0113638,0.0117649,0.00636952,0.00813013,0.00689662,0.00315476,0.0121952,0.00900908,0.00662261,0.0103093,0.00840347,0.00934585,0.00621126,0.00847462,0.00454558,0.00990108,0.00671148,0.0192308,0.00490207,0.0108697,0.00581404,0.0038912,0.00854707,0.00636951,0.0135139,0.00854711,0.00497525,0.00763364,0.0144929,0.0117648,0.011236,0.00909099,0.00671148,0.00751885,0.0121953,0.00537643,0.0111112,0.00729933,0.0128205,0.00970878,0.00561806,0.00526326,0.00581404,0.00746275,0.00595246,0.0048078,0.00917438,0.00529112,0.00526326,0.00571437,0.0126584,0.0333336,0.0103093,0.00613505,0.00793656,0.00719431,0.00613505,0.00411536,0.00520843,0.00497523,0.0104167,0.00806457,0.0128207,0.00694453,0.00617291,0.00775199,0.00645169,0.0121952,0.00515475,0.00414952,0.0057144,0.00990103,0.00729934,0.00389119,0.0123458,0.00653602,0.0250003,0.00645168,0.00444456,0.00578043,0.0238097,0.0067115,0.00529111,0.00854712,0.0172414,0.0294126,0.00571437,0.00900932,0.00444457,0.00833339,0.0133335,0.011628,0.00526325,0.00884963,0.00970879,0.0172414,0.00450462,0.0114943,0.0049506,0.0151516,0.00862077,0.0123457,0.0111112,0.00454558,0.0175439,0.00793656,0.00892861,0.00490207,0.0217396,0.0086957,0.00462974,0.00813014,0.00854706,0.00819677,0.00526325,0.00892862,0.00526326,0.00657902,0.0128206,0.00925931,0.0112361,0.0107528,0.00854707,0.0106384,0.0107527,0.00704234,0.0161292,0.0109891,0.0090091,0.00534769,0.0142858,0.0121952,0.00769236,0.00561807,0.00386115,0.0080001,0.0153847,0.0227274,0.00581404,0.0043861,0.00613505,0.00390639,0.00571438,0.00571439,0.0100002,0.00694452,0.00675683,0.00526325,0.0151516,0.00714292,0.00729938,0.0769249,0.0121952,0.00408178,0.00427364,0.00793656,0.0200001,0.00408177,0.00609765,0.00714292,0.00558669,0.0169492,0.00418423,0.00729933,0.00653602,0.00653602,0.00990103,0.00588243,0.00531924,0.0113637,0.00512831,0.0476196,0.00909097,0.0208334,0.00952387,0.00909097,0.0136987,0.0161291,0.0144928,0.0153848,0.01,0.00833338,0.00854706,0.00520844,0.0312512,0.00662259,0.00704232,0.00917435,0.00775199,0.0136987,0.0050506,0.00546458,0.00625007,0.0128208,0.00510214,0.0107527,0.0555565,0.00393715,0.0166667,0.00952386,0.00595246,0.00684938,0.017544,0.00396839,0.00598811,0.00714293,0.00526326,0.00606068,0.0119048,0.00483103,0.0125001,0.00793656,0.00746275,0.00588248,0.00510214,0.00625009,0.00952398,0.00775203,0.00819679,0.0102042,0.0111112,0.00526326,0.0106384,0.0056498,0.00400014,0.0069446,0.0128206,0.0158731,0.0120482,0.007353,0.00512831,0.012987,0.00595246,0.00595246,0.00854712,0.00775201,0.00552495,0.00636954,0.00425545,0.00781255,0.00444456,0.0212768,0.00892862,0.0106384,0.00769236,0.00469495,0.00381694,0.0121954,0.00763365,0.00571437,0.00826453,0.00578043,0.00617297,0.0172414,0.00854707,0.00375954,0.0169497,0.0149257,0.00854706,0.00598819,0.0104167,0.00833341,0.00602417,0.0243907,0.00671148,0.00952396,0.00763364,0.0256412,0.00729934,0.00751886,0.00581403,0.0172414,0.0212783,0.0114943,0.00454557,0.00595246,0.00552495,0.00714292,0.0135136,0.00628938,0.00645168,0.00729933,0.01,0.00520843,0.00595251,0.00398421,0.0238096,0.0140846,0.0041668,0.00653603,0.00621125,0.00900906,0.00714292,0.00806457,0.0106385,0.00471709,0.0400011,0.00520843,0.00371762,0.0100001,0.00595246,0.0136987,0.00694451,0.0059881,0.00787407,0.00653603,0.00833338,0.0166667,0.00497523,0.00400013,0.0123457,0.0200001,0.00555564,0.0208334,0.0056819,0.037038,0.00454557,0.00395271,0.0104167,0.00409849,0.0104169,0.0107527,0.00518149,0.00961543,0.0666682,0.00892863,0.01,0.00595246,0.00602417,0.0136987,0.00719431,0.00970886,0.00990106,0.00485447,0.0454874,0.00653611,0.0114943,0.0227273,0.00704232,0.00526325,0.00694451,0.00671147,0.0056498,0.00800006,0.00943402,0.00684938,0.00833338,0.00458727,0.00571439,0.014706,0.00502523,0.00492621,0.023256,0.00454557,0.00729933,0.00653603,0.00847463,0.0052911,0.00558668,0.00684938,0.0277784,0.00526325,0.00625008,0.00526326,0.00934583,0.0083334,0.00625008,0.00363652,0.0172414,0.0113637,0.0114943,0.00606069,0.00613506,0.0063695,0.0117647,0.0140846,0.00515474,0.0294119,0.00558668,0.00520843,0.00520843,0.0050001,0.00595246,0.00917435,0.0163936,0.00364979,0.0178572,0.00595246,0.00578043,0.00653603,0.00476201,0.0068494,0.00704232,0.00526326,0.0133334,0.00854706,0.0048078,0.0163937,0.00854707,0.00490208,0.00714295,0.00411535,0.0102042,0.00709227,0.00497523,0.0434789,0.0064517,0.0105263,0.00520843,0.00934585,0.00396839,0.0142858,0.00684938,0.00641032,0.0059881,0.00666675,0.0129871,0.0107528,0.0454551,0.00414951,0.0039842,0.00751898,0.0104167,0.00694451,0.00990103,0.00389119,0.00526325,0.00840342,0.00467301,0.0136987,0.0151517,0.00751886,0.00574721,0.00425545,0.00490207,0.00520843,0.0038463,0.00729933,0.01,0.0113637,0.0049506,0.0068028,0.00934584,0.0104167,0.00833338,0.00675682,0.00414951,0.00662259,0.00492623,0.00438609,0.0400003,0.00561807,0.0169494,0.0227274,0.00418423,0.00714292,0.00769241,0.00581404,0.0044446,0.00862076,0.0227284,0.00757584,0.00395271,0.00952386,0.0052911,0.0120483,0.00632918,0.00438609,0.00454557,0.0111115,0.00729933,0.0344831,0.00581405,0.00552495,0.00854707,0.00833338,0.00478481,0.00606068,0.0212768,0.00854706,0.00526325,0.0140846,0.0047848,0.00418424,0.0051283,0.00909098,0.0108698,0.009434,0.00934584,0.0039842,0.0064517,0.00374547,0.00490207,0.00649358,0.017544,0.0128206,0.00704232,0.0192308,0.00581404,0.00531924,0.00862076,0.0129871,0.0140846,0.00413236,0.0043861,0.00757582,0.01,0.00854707,0.00584804,0.00757586,0.00892862,0.0123459,0.0158731,0.0270307,0.00609765,0.00699307,0.00769237,0.00584804,0.0107527,0.00621126,0.00925931,0.0357149,0.00469494,0.00515474,0.0064517,0.0200003,0.0103093,0.0161291,0.00561808,0.0109891,0.00512831,0.0051283,0.0227278,0.00854708,0.0044644,0.0123458,0.00598811,0.0294119,0.0104167,0.00813014,0.00819677,0.00934586,0.0158731,0.00581404,0.00684938,0.00571437,0.00806462,0.00671153,0.00520843,0.00617295,0.026316,0.00800011,0.0151517,0.00934587,0.00645168,0.00740747,0.0052911,0.00595246,0.00434795,0.0153846,0.00657903,0.0048078,0.0051283,0.00381694,0.0454561,0.047651,0.011236,0.00704232,0.0105266,0.00854708,0.00925933,0.00840341,0.00840342,0.00653602,0.0071943,0.00769237,0.0048078,0.00400016,0.0104168,0.0136987,0.0125001,0.00787407,0.00467301,0.00500011,0.00584803,0.0138889,0.00490207,0.0107528,0.00900906,0.0270272,0.0107527,0.00854706,0.00684938,0.0144928,0.0181821,0.0064517,0.00649361,0.00609764,0.00961543,0.00833343,0.0161291,0.00840342,0.0129871,0.0104168,0.0052357,0.0100001,0.0119048,0.027778,0.00515474,0.01,0.00438609,0.00990104,0.00746275,0.00645168,0.0169495,0.00892862,0.00458727,0.00490207,0.0092593,0.00909096,0.0117647,0.0056819,0.00675684,0.00934584,0.004525,0.0112361,0.00386115,0.0033335,0.0163935,0.00421954,0.0178577,0.0131579,0.0142858,0.00621126,0.00380243,0.0161291,0.007353,0.00448443,0.0048078,0.00387612,0.00675686,0.00694451,0.00684939,0.00751895,0.013158,0.00406517,0.00671148,0.0192314,0.0100001,0.0136988,0.0153847,0.0112361,0.00961543,0.00381694,0.0117648,0.0106384,0.007353,0.00684939,0.00751886,0.0106384,0.00653602,0.0714307,0.00757582,0.00609764,0.00578043,0.0108696,0.00581404,0.0200009,0.0140847,0.00512831,0.00476202,0.00793658,0.00641034,0.00355888,0.00735302,0.00473945,0.0092593,0.00552496,0.0163936,0.00694458,0.00645168,0.0092593,0.00840341,0.00819678,0.00840342,0.00490207,0.00952396,0.00595246,0.00471709,0.00645169,0.0052911,0.0151516,0.00427363,0.00512831,0.00729934,0.00454557,0.00826454,0.00729933,0.0121952,0.00469495,0.00704232,0.00877214,0.0123458,0.00787408,0.00775203,0.0204083,0.00448442,0.00684941,0.00826452,0.00645169,0.00704233,0.00689662,0.0104167,0.00434795,0.00485448,0.0051283,0.0107528,0.0092593,0.00609764,0.00507624,0.00526328,0.0123457,0.00653602,0.00632923,0.00746276,0.00467301,0.00961546,0.00934583,0.0208335,0.00729933,0.00469495,0.0232562,0.0120484,0.00684938,0.0161291,0.00884961,0.00833338,0.00645168,0.00465127,0.00454558,0.00892866,0.00729933,0.00746276,0.0135135,0.00714293,0.00448442,0.00645168,0.00729933,0.0056498,0.00719431,0.011236,0.0263162,0.0101011,0.0100001,0.00507625,0.0204085,0.01,0.0086957,0.00840345,0.0188683,0.0050001,0.00448443,0.0104168,0.01,0.00684938,0.00671148,0.0208336,0.00917436,0.0100001,0.00990108,0.00689664,0.00675682,0.0096155,0.00675682,0.00952385,0.00467301,0.0106383,0.00467301,0.00628939,0.00444456,0.00909097,0.0041495,0.0120483,0.00840343,0.0056819,0.00617291,0.0204082,0.0163935,0.00729933,0.0129872,0.00578045,0.0243911,0.00373149,0.00917436,0.00510214,0.00671148,0.00787407,0.0109891,0.0208336,0.00729933,0.0169492,0.0169492,0.00568191,0.0142857,0.00492621,0.0217392,0.00413236,0.00714293,0.00653603,0.0088496,0.0039842,0.00444456,0.00943401,0.00704233,0.00952385,0.0114943,0.00909096,0.0054946,0.0526326,0.0048078,0.0212769,0.00775202,0.0172414,0.0250022,0.00628938,0.0063695,0.00632919,0.0136987,0.00595246,0.0105264,0.00934599,0.00502523,0.0500016,0.00588248,0.0097088,0.00414951,0.0133334,0.00699309,0.00952387,0.00671147,0.00595247,0.0161294,0.00781256,0.018868,0.00581404,0.00537644,0.010989,0.0047171,0.0103093,0.00558668,0.00934588,0.0048078,0.00653606,0.00396839,0.00704232,0.00520843,0.00510214,0.00476202,0.00793656,0.0263169,0.00571437,0.00606069,0.00581403,0.00724648,0.00571437,0.00806457,0.00571437,0.00465127,0.011236,0.0256411,0.00588243,0.0181819,0.00806457,0.00746274,0.00487816,0.00621126,0.00806458,0.00787407,0.00671148,0.00775199,0.0106384,0.00490207,0.00621126,0.00625007,0.00800007,0.00444456,0.00632919,0.0140846,0.0476242,0.0104167,0.00406518,0.00806459,0.00854705,0.0227274,0.00704236,0.0117648,0.00751886,0.00581408,0.0370374,0.00552495,0.0126583,0.00337855,0.00694451,0.011236,0.00355887,0.00571437,0.00684938,0.00507624,0.00483103,0.00800006,0.00436694,0.00680283,0.00657902,0.00787409,0.00485447,0.0117648,0.0117648,95.0,0.0105264,1.41421,228.0,0.00438608,1.41421,66.0,0.0151516,1.41421,137.0,0.00729934,1.41421,117.0,0.00854707,1.41421,50.0,0.0200004,1.41421,199.0,0.00502522,1.41421,126.0,0.00793657,1.41421,32.0,0.0312505,1.41421,149.0,0.00671149,1.41421,52.0,0.0192308,1.41421,127.0,0.00787408,1.41421,120.0,0.00833339,1.41421,140.0,0.00714293,1.41421,257.0,0.0038912,1.41421,166.0,0.00602418,1.41421,213.0,0.00469494,1.41421,57.0,0.0175439,1.41421,178.0,0.00561806,1.41421,38.0,0.0263182,1.41421,176.0,0.00568192,1.41421,67.0,0.0149254,1.41421,109.0,0.00917436,1.41421,40.0,0.0250002,1.41421,140.0,0.00714292,1.41421,189.0,0.0052911,1.41421,190.0,0.00526326,1.41421,210.0,0.00476201,1.41421,58.0,0.0172415,1.41421,172.0,0.00581403,1.41421,262.0,0.00381694,1.41421,107.0,0.00934584,1.41421,27.0,0.0370374,1.41421,165.0,0.00606068,1.41421,149.0,0.00671147,1.41421,144.0,0.00694451,1.41421,116.0,0.00862074,1.41421,109.0,0.00917436,1.41421,53.0,0.018868,1.41421,41.0,0.0243904,1.41421,105.0,0.00952386,1.41421,138.0,0.00724645,1.41421,157.0,0.0063695,1.41421,136.0,0.007353,1.41421,134.0,0.00746275,1.41421,146.0,0.00684938,1.41421,86.0,0.011628,1.41421,117.0,0.00854707,1.41421,76.0,0.0131579,1.41421,144.0,0.00694451,1.41421,171.0,0.00584803,1.41421,149.0,0.00671147,1.41421,161.0,0.00621126,1.41421,115.0,0.00869571,1.41421,199.0,0.00502523,1.41421,82.0,0.0121952,1.41421,178.0,0.00561806,1.41421,144.0,0.00694456,1.41421,151.0,0.00662258,1.41421,179.0,0.00558669,1.41421,191.0,0.0052357,1.41421,282.0,0.00354626,1.41421,163.0,0.00613504,1.41421,125.0,0.00800005,1.41421,138.0,0.00724645,1.41421,129.0,0.00775201,1.41421,135.0,0.00740749,1.41421,91.0,0.010989,1.41421,117.0,0.00854708,1.41421,153.0,0.00653602,1.41421,47.0,0.021277,1.41421,75.0,0.0133334,1.41421,58.0,0.0172414,1.41421,150.0,0.00666673,1.41421,168.0,0.00595246,1.41421,74.0,0.0135135,1.41421,205.0,0.00487815,1.41421,70.0,0.0142857,1.41421,80.0,0.0125001,1.41421,143.0,0.00699311,1.41421,125.0,0.00800009,1.41421,95.0,0.0105264,1.41421,72.0,0.0138889,1.41421,88.0,0.0113638,1.41421,85.0,0.0117649,1.41421,157.0,0.00636952,1.41421,123.0,0.00813013,1.41421,145.0,0.00689662,1.41421,317.0,0.00315476,1.41421,82.0,0.0121952,1.41421,111.0,0.00900908,1.41421,151.0,0.00662261,1.41421,97.0,0.0103093,1.41421,119.0,0.00840347,1.41421,107.0,0.00934585,1.41421,161.0,0.00621126,1.41421,118.0,0.00847462,1.41421,220.0,0.00454558,1.41421,101.0,0.00990108,1.41421,149.0,0.00671148,1.41421,52.0,0.0192308,1.41421,204.0,0.00490207,1.41421,92.0,0.0108697,1.41421,172.0,0.00581404,1.41421,257.0,0.0038912,1.41421,117.0,0.00854707,1.41421,157.0,0.00636951,1.41421,74.0,0.0135139,1.41421,117.0,0.00854711,1.41421,201.0,0.00497525,1.41421,131.0,0.00763364,1.41421,69.0,0.0144929,1.41421,85.0,0.0117648,1.41421,89.0,0.011236,1.41421,110.0,0.00909099,1.41421,149.0,0.00671148,1.41421,133.0,0.00751885,1.41421,82.0,0.0121953,1.41421,186.0,0.00537643,1.41421,90.0,0.0111112,1.41421,137.0,0.00729933,1.41421,78.0,0.0128205,1.41421,103.0,0.00970878,1.41421,178.0,0.00561806,1.41421,190.0,0.00526326,1.41421,172.0,0.00581404,1.41421,134.0,0.00746275,1.41421,168.0,0.00595246,1.41421,208.0,0.0048078,1.41421,109.0,0.00917438,1.41421,189.0,0.00529112,1.41421,190.0,0.00526326,1.41421,175.0,0.00571437,1.41421,79.0,0.0126584,1.41421,30.0,0.0333336,1.41421,97.0,0.0103093,1.41421,163.0,0.00613505,1.41421,126.0,0.00793656,1.41421,139.0,0.00719431,1.41421,163.0,0.00613505,1.41421,243.0,0.00411536,1.41421,192.0,0.00520843,1.41421,201.0,0.00497523,1.41421,96.0,0.0104167,1.41421,124.0,0.00806457,1.41421,78.0,0.0128207,1.41421,144.0,0.00694453,1.41421,162.0,0.00617291,1.41421,129.0,0.00775199,1.41421,155.0,0.00645169,1.41421,82.0,0.0121952,1.41421,194.0,0.00515475,1.41421,241.0,0.00414952,1.41421,175.0,0.0057144,1.41421,101.0,0.00990103,1.41421,137.0,0.00729934,1.41421,257.0,0.00389119,1.41421,81.0,0.0123458,1.41421,153.0,0.00653602,1.41421,40.0,0.0250003,1.41421,155.0,0.00645168,1.41421,225.0,0.00444456,1.41421,173.0,0.00578043,1.41421,42.0,0.0238097,1.41421,149.0,0.0067115,1.41421,189.0,0.00529111,1.41421,117.0,0.00854712,1.41421,58.0,0.0172414,1.41421,34.0,0.0294126,1.41421,175.0,0.00571437,1.41421,111.0,0.00900932,1.41421,225.0,0.00444457,1.41421,120.0,0.00833339,1.41421,75.0,0.0133335,1.41421,86.0,0.011628,1.41421,190.0,0.00526325,1.41421,113.0,0.00884963,1.41421,103.0,0.00970879,1.41421,58.0,0.0172414,1.41421,222.0,0.00450462,1.41421,87.0,0.0114943,1.41421,202.0,0.0049506,1.41421,66.0,0.0151516,1.41421,116.0,0.00862077,1.41421,81.0,0.0123457,1.41421,90.0,0.0111112,1.41421,220.0,0.00454558,1.41421,57.0,0.0175439,1.41421,126.0,0.00793656,1.41421,112.0,0.00892861,1.41421,204.0,0.00490207,1.41421,46.0,0.0217396,1.41421,115.0,0.0086957,1.41421,216.0,0.00462974,1.41421,123.0,0.00813014,1.41421,117.0,0.00854706,1.41421,122.0,0.00819677,1.41421,190.0,0.00526325,1.41421,112.0,0.00892862,1.41421,190.0,0.00526326,1.41421,152.0,0.00657902,1.41421,78.0,0.0128206,1.41421,108.0,0.00925931,1.41421,89.0,0.0112361,1.41421,93.0,0.0107528,1.41421,117.0,0.00854707,1.41421,94.0,0.0106384,1.41421,93.0,0.0107527,1.41421,142.0,0.00704234,1.41421,62.0,0.0161292,1.41421,91.0,0.0109891,1.41421,111.0,0.0090091,1.41421,187.0,0.00534769,1.41421,70.0,0.0142858,1.41421,82.0,0.0121952,1.41421,130.0,0.00769236,1.41421,178.0,0.00561807,1.41421,259.0,0.00386115,1.41421,125.0,0.0080001,1.41421,65.0,0.0153847,1.41421,44.0,0.0227274,1.41421,172.0,0.00581404,1.41421,228.0,0.0043861,1.41421,163.0,0.00613505,1.41421,256.0,0.00390639,1.41421,175.0,0.00571438,1.41421,175.0,0.00571439,1.41421,100.0,0.0100002,1.41421,144.0,0.00694452,1.41421,148.0,0.00675683,1.41421,190.0,0.00526325,1.41421,66.0,0.0151516,1.41421,140.0,0.00714292,1.41421,137.0,0.00729938,1.41421,13.0,0.0769249,1.41421,82.0,0.0121952,1.41421,245.0,0.00408178,1.41421,234.0,0.00427364,1.41421,126.0,0.00793656,1.41421,50.0,0.0200001,1.41421,245.0,0.00408177,1.41421,164.0,0.00609765,1.41421,140.0,0.00714292,1.41421,179.0,0.00558669,1.41421,59.0,0.0169492,1.41421,239.0,0.00418423,1.41421,137.0,0.00729933,1.41421,153.0,0.00653602,1.41421,153.0,0.00653602,1.41421,101.0,0.00990103,1.41421,170.0,0.00588243,1.41421,188.0,0.00531924,1.41421,88.0,0.0113637,1.41421,195.0,0.00512831,1.41421,21.0,0.0476196,1.41421,110.0,0.00909097,1.41421,48.0,0.0208334,1.41421,105.0,0.00952387,1.41421,110.0,0.00909097,1.41421,73.0,0.0136987,1.41421,62.0,0.0161291,1.41421,69.0,0.0144928,1.41421,65.0,0.0153848,1.41421,100.0,0.01,1.41421,120.0,0.00833338,1.41421,117.0,0.00854706,1.41421,192.0,0.00520844,1.41421,32.0,0.0312512,1.41421,151.0,0.00662259,1.41421,142.0,0.00704232,1.41421,109.0,0.00917435,1.41421,129.0,0.00775199,1.41421,73.0,0.0136987,1.41421,198.0,0.0050506,1.41421,183.0,0.00546458,1.41421,160.0,0.00625007,1.41421,78.0,0.0128208,1.41421,196.0,0.00510214,1.41421,93.0,0.0107527,1.41421,18.0,0.0555565,1.41421,254.0,0.00393715,1.41421,60.0,0.0166667,1.41421,105.0,0.00952386,1.41421,168.0,0.00595246,1.41421,146.0,0.00684938,1.41421,57.0,0.017544,1.41421,252.0,0.00396839,1.41421,167.0,0.00598811,1.41421,140.0,0.00714293,1.41421,190.0,0.00526326,1.41421,165.0,0.00606068,1.41421,84.0,0.0119048,1.41421,207.0,0.00483103,1.41421,80.0,0.0125001,1.41421,126.0,0.00793656,1.41421,134.0,0.00746275,1.41421,170.0,0.00588248,1.41421,196.0,0.00510214,1.41421,160.0,0.00625009,1.41421,105.0,0.00952398,1.41421,129.0,0.00775203,1.41421,122.0,0.00819679,1.41421,98.0,0.0102042,1.41421,90.0,0.0111112,1.41421,190.0,0.00526326,1.41421,94.0,0.0106384,1.41421,177.0,0.0056498,1.41421,250.0,0.00400014,1.41421,144.0,0.0069446,1.41421,78.0,0.0128206,1.41421,63.0,0.0158731,1.41421,83.0,0.0120482,1.41421,136.0,0.007353,1.41421,195.0,0.00512831,1.41421,77.0,0.012987,1.41421,168.0,0.00595246,1.41421,168.0,0.00595246,1.41421,117.0,0.00854712,1.41421,129.0,0.00775201,1.41421,181.0,0.00552495,1.41421,157.0,0.00636954,1.41421,235.0,0.00425545,1.41421,128.0,0.00781255,1.41421,225.0,0.00444456,1.41421,47.0,0.0212768,1.41421,112.0,0.00892862,1.41421,94.0,0.0106384,1.41421,130.0,0.00769236,1.41421,213.0,0.00469495,1.41421,262.0,0.00381694,1.41421,82.0,0.0121954,1.41421,131.0,0.00763365,1.41421,175.0,0.00571437,1.41421,121.0,0.00826453,1.41421,173.0,0.00578043,1.41421,162.0,0.00617297,1.41421,58.0,0.0172414,1.41421,117.0,0.00854707,1.41421,266.0,0.00375954,1.41421,59.0,0.0169497,1.41421,67.0,0.0149257,1.41421,117.0,0.00854706,1.41421,167.0,0.00598819,1.41421,96.0,0.0104167,1.41421,120.0,0.00833341,1.41421,166.0,0.00602417,1.41421,41.0,0.0243907,1.41421,149.0,0.00671148,1.41421,105.0,0.00952396,1.41421,131.0,0.00763364,1.41421,39.0,0.0256412,1.41421,137.0,0.00729934,1.41421,133.0,0.00751886,1.41421,172.0,0.00581403,1.41421,58.0,0.0172414,1.41421,47.0,0.0212783,1.41421,87.0,0.0114943,1.41421,220.0,0.00454557,1.41421,168.0,0.00595246,1.41421,181.0,0.00552495,1.41421,140.0,0.00714292,1.41421,74.0,0.0135136,1.41421,159.0,0.00628938,1.41421,155.0,0.00645168,1.41421,137.0,0.00729933,1.41421,100.0,0.01,1.41421,192.0,0.00520843,1.41421,168.0,0.00595251,1.41421,251.0,0.00398421,1.41421,42.0,0.0238096,1.41421,71.0,0.0140846,1.41421,240.0,0.0041668,1.41421,153.0,0.00653603,1.41421,161.0,0.00621125,1.41421,111.0,0.00900906,1.41421,140.0,0.00714292,1.41421,124.0,0.00806457,1.41421,94.0,0.0106385,1.41421,212.0,0.00471709,1.41421,25.0,0.0400011,1.41421,192.0,0.00520843,1.41421,269.0,0.00371762,1.41421,100.0,0.0100001,1.41421,168.0,0.00595246,1.41421,73.0,0.0136987,1.41421,144.0,0.00694451,1.41421,167.0,0.0059881,1.41421,127.0,0.00787407,1.41421,153.0,0.00653603,1.41421,120.0,0.00833338,1.41421,60.0,0.0166667,1.41421,201.0,0.00497523,1.41421,250.0,0.00400013,1.41421,81.0,0.0123457,1.41421,50.0,0.0200001,1.41421,180.0,0.00555564,1.41421,48.0,0.0208334,1.41421,176.0,0.0056819,1.41421,27.0,0.037038,1.41421,220.0,0.00454557,1.41421,253.0,0.00395271,1.41421,96.0,0.0104167,1.41421,244.0,0.00409849,1.41421,96.0,0.0104169,1.41421,93.0,0.0107527,1.41421,193.0,0.00518149,1.41421,104.0,0.00961543,1.41421,15.0,0.0666682,1.41421,112.0,0.00892863,1.41421,100.0,0.01,1.41421,168.0,0.00595246,1.41421,166.0,0.00602417,1.41421,73.0,0.0136987,1.41421,139.0,0.00719431,1.41421,103.0,0.00970886,1.41421,101.0,0.00990106,1.41421,206.0,0.00485447,1.41421,22.0,0.0454874,1.41421,153.0,0.00653611,1.41421,87.0,0.0114943,1.41421,44.0,0.0227273,1.41421,142.0,0.00704232,1.41421,190.0,0.00526325,1.41421,144.0,0.00694451,1.41421,149.0,0.00671147,1.41421,177.0,0.0056498,1.41421,125.0,0.00800006,1.41421,106.0,0.00943402,1.41421,146.0,0.00684938,1.41421,120.0,0.00833338,1.41421,218.0,0.00458727,1.41421,175.0,0.00571439,1.41421,68.0,0.014706,1.41421,199.0,0.00502523,1.41421,203.0,0.00492621,1.41421,43.0,0.023256,1.41421,220.0,0.00454557,1.41421,137.0,0.00729933,1.41421,153.0,0.00653603,1.41421,118.0,0.00847463,1.41421,189.0,0.0052911,1.41421,179.0,0.00558668,1.41421,146.0,0.00684938,1.41421,36.0,0.0277784,1.41421,190.0,0.00526325,1.41421,160.0,0.00625008,1.41421,190.0,0.00526326,1.41421,107.0,0.00934583,1.41421,120.0,0.0083334,1.41421,160.0,0.00625008,1.41421,275.0,0.00363652,1.41421,58.0,0.0172414,1.41421,88.0,0.0113637,1.41421,87.0,0.0114943,1.41421,165.0,0.00606069,1.41421,163.0,0.00613506,1.41421,157.0,0.0063695,1.41421,85.0,0.0117647,1.41421,71.0,0.0140846,1.41421,194.0,0.00515474,1.41421,34.0,0.0294119,1.41421,179.0,0.00558668,1.41421,192.0,0.00520843,1.41421,192.0,0.00520843,1.41421,200.0,0.0050001,1.41421,168.0,0.00595246,1.41421,109.0,0.00917435,1.41421,61.0,0.0163936,1.41421,274.0,0.00364979,1.41421,56.0,0.0178572,1.41421,168.0,0.00595246,1.41421,173.0,0.00578043,1.41421,153.0,0.00653603,1.41421,210.0,0.00476201,1.41421,146.0,0.0068494,1.41421,142.0,0.00704232,1.41421,190.0,0.00526326,1.41421,75.0,0.0133334,1.41421,117.0,0.00854706,1.41421,208.0,0.0048078,1.41421,61.0,0.0163937,1.41421,117.0,0.00854707,1.41421,204.0,0.00490208,1.41421,140.0,0.00714295,1.41421,243.0,0.00411535,1.41421,98.0,0.0102042,1.41421,141.0,0.00709227,1.41421,201.0,0.00497523,1.41421,23.0,0.0434789,1.41421,155.0,0.0064517,1.41421,95.0,0.0105263,1.41421,192.0,0.00520843,1.41421,107.0,0.00934585,1.41421,252.0,0.00396839,1.41421,70.0,0.0142858,1.41421,146.0,0.00684938,1.41421,156.0,0.00641032,1.41421,167.0,0.0059881,1.41421,150.0,0.00666675,1.41421,77.0,0.0129871,1.41421,93.0,0.0107528,1.41421,22.0,0.0454551,1.41421,241.0,0.00414951,1.41421,251.0,0.0039842,1.41421,133.0,0.00751898,1.41421,96.0,0.0104167,1.41421,144.0,0.00694451,1.41421,101.0,0.00990103,1.41421,257.0,0.00389119,1.41421,190.0,0.00526325,1.41421,119.0,0.00840342,1.41421,214.0,0.00467301,1.41421,73.0,0.0136987,1.41421,66.0,0.0151517,1.41421,133.0,0.00751886,1.41421,174.0,0.00574721,1.41421,235.0,0.00425545,1.41421,204.0,0.00490207,1.41421,192.0,0.00520843,1.41421,260.0,0.0038463,1.41421,137.0,0.00729933,1.41421,100.0,0.01,1.41421,88.0,0.0113637,1.41421,202.0,0.0049506,1.41421,147.0,0.0068028,1.41421,107.0,0.00934584,1.41421,96.0,0.0104167,1.41421,120.0,0.00833338,1.41421,148.0,0.00675682,1.41421,241.0,0.00414951,1.41421,151.0,0.00662259,1.41421,203.0,0.00492623,1.41421,228.0,0.00438609,1.41421,25.0,0.0400003,1.41421,178.0,0.00561807,1.41421,59.0,0.0169494,1.41421,44.0,0.0227274,1.41421,239.0,0.00418423,1.41421,140.0,0.00714292,1.41421,130.0,0.00769241,1.41421,172.0,0.00581404,1.41421,225.0,0.0044446,1.41421,116.0,0.00862076,1.41421,44.0,0.0227284,1.41421,132.0,0.00757584,1.41421,253.0,0.00395271,1.41421,105.0,0.00952386,1.41421,189.0,0.0052911,1.41421,83.0,0.0120483,1.41421,158.0,0.00632918,1.41421,228.0,0.00438609,1.41421,220.0,0.00454557,1.41421,90.0,0.0111115,1.41421,137.0,0.00729933,1.41421,29.0,0.0344831,1.41421,172.0,0.00581405,1.41421,181.0,0.00552495,1.41421,117.0,0.00854707,1.41421,120.0,0.00833338,1.41421,209.0,0.00478481,1.41421,165.0,0.00606068,1.41421,47.0,0.0212768,1.41421,117.0,0.00854706,1.41421,190.0,0.00526325,1.41421,71.0,0.0140846,1.41421,209.0,0.0047848,1.41421,239.0,0.00418424,1.41421,195.0,0.0051283,1.41421,110.0,0.00909098,1.41421,92.0,0.0108698,1.41421,106.0,0.009434,1.41421,107.0,0.00934584,1.41421,251.0,0.0039842,1.41421,155.0,0.0064517,1.41421,267.0,0.00374547,1.41421,204.0,0.00490207,1.41421,154.0,0.00649358,1.41421,57.0,0.017544,1.41421,78.0,0.0128206,1.41421,142.0,0.00704232,1.41421,52.0,0.0192308,1.41421,172.0,0.00581404,1.41421,188.0,0.00531924,1.41421,116.0,0.00862076,1.41421,77.0,0.0129871,1.41421,71.0,0.0140846,1.41421,242.0,0.00413236,1.41421,228.0,0.0043861,1.41421,132.0,0.00757582,1.41421,100.0,0.01,1.41421,117.0,0.00854707,1.41421,171.0,0.00584804,1.41421,132.0,0.00757586,1.41421,112.0,0.00892862,1.41421,81.0,0.0123459,1.41421,63.0,0.0158731,1.41421,37.0,0.0270307,1.41421,164.0,0.00609765,1.41421,143.0,0.00699307,1.41421,130.0,0.00769237,1.41421,171.0,0.00584804,1.41421,93.0,0.0107527,1.41421,161.0,0.00621126,1.41421,108.0,0.00925931,1.41421,28.0,0.0357149,1.41421,213.0,0.00469494,1.41421,194.0,0.00515474,1.41421,155.0,0.0064517,1.41421,50.0,0.0200003,1.41421,97.0,0.0103093,1.41421,62.0,0.0161291,1.41421,178.0,0.00561808,1.41421,91.0,0.0109891,1.41421,195.0,0.00512831,1.41421,195.0,0.0051283,1.41421,44.0,0.0227278,1.41421,117.0,0.00854708,1.41421,224.0,0.0044644,1.41421,81.0,0.0123458,1.41421,167.0,0.00598811,1.41421,34.0,0.0294119,1.41421,96.0,0.0104167,1.41421,123.0,0.00813014,1.41421,122.0,0.00819677,1.41421,107.0,0.00934586,1.41421,63.0,0.0158731,1.41421,172.0,0.00581404,1.41421,146.0,0.00684938,1.41421,175.0,0.00571437,1.41421,124.0,0.00806462,1.41421,149.0,0.00671153,1.41421,192.0,0.00520843,1.41421,162.0,0.00617295,1.41421,38.0,0.026316,1.41421,125.0,0.00800011,1.41421,66.0,0.0151517,1.41421,107.0,0.00934587,1.41421,155.0,0.00645168,1.41421,135.0,0.00740747,1.41421,189.0,0.0052911,1.41421,168.0,0.00595246,1.41421,230.0,0.00434795,1.41421,65.0,0.0153846,1.41421,152.0,0.00657903,1.41421,208.0,0.0048078,1.41421,195.0,0.0051283,1.41421,262.0,0.00381694,1.41421,22.0,0.0454561,1.41421,21.0,0.047651,1.41421,89.0,0.011236,1.41421,142.0,0.00704232,1.41421,95.0,0.0105266,1.41421,117.0,0.00854708,1.41421,108.0,0.00925933,1.41421,119.0,0.00840341,1.41421,119.0,0.00840342,1.41421,153.0,0.00653602,1.41421,139.0,0.0071943,1.41421,130.0,0.00769237,1.41421,208.0,0.0048078,1.41421,250.0,0.00400016,1.41421,96.0,0.0104168,1.41421,73.0,0.0136987,1.41421,80.0,0.0125001,1.41421,127.0,0.00787407,1.41421,214.0,0.00467301,1.41421,200.0,0.00500011,1.41421,171.0,0.00584803,1.41421,72.0,0.0138889,1.41421,204.0,0.00490207,1.41421,93.0,0.0107528,1.41421,111.0,0.00900906,1.41421,37.0,0.0270272,1.41421,93.0,0.0107527,1.41421,117.0,0.00854706,1.41421,146.0,0.00684938,1.41421,69.0,0.0144928,1.41421,55.0,0.0181821,1.41421,155.0,0.0064517,1.41421,154.0,0.00649361,1.41421,164.0,0.00609764,1.41421,104.0,0.00961543,1.41421,120.0,0.00833343,1.41421,62.0,0.0161291,1.41421,119.0,0.00840342,1.41421,77.0,0.0129871,1.41421,96.0,0.0104168,1.41421,191.0,0.0052357,1.41421,100.0,0.0100001,1.41421,84.0,0.0119048,1.41421,36.0,0.027778,1.41421,194.0,0.00515474,1.41421,100.0,0.01,1.41421,228.0,0.00438609,1.41421,101.0,0.00990104,1.41421,134.0,0.00746275,1.41421,155.0,0.00645168,1.41421,59.0,0.0169495,1.41421,112.0,0.00892862,1.41421,218.0,0.00458727,1.41421,204.0,0.00490207,1.41421,108.0,0.0092593,1.41421,110.0,0.00909096,1.41421,85.0,0.0117647,1.41421,176.0,0.0056819,1.41421,148.0,0.00675684,1.41421,107.0,0.00934584,1.41421,221.0,0.004525,1.41421,89.0,0.0112361,1.41421,259.0,0.00386115,1.41421,300.0,0.0033335,1.41421,61.0,0.0163935,1.41421,237.0,0.00421954,1.41421,56.0,0.0178577,1.41421,76.0,0.0131579,1.41421,70.0,0.0142858,1.41421,161.0,0.00621126,1.41421,263.0,0.00380243,1.41421,62.0,0.0161291,1.41421,136.0,0.007353,1.41421,223.0,0.00448443,1.41421,208.0,0.0048078,1.41421,258.0,0.00387612,1.41421,148.0,0.00675686,1.41421,144.0,0.00694451,1.41421,146.0,0.00684939,1.41421,133.0,0.00751895,1.41421,76.0,0.013158,1.41421,246.0,0.00406517,1.41421,149.0,0.00671148,1.41421,52.0,0.0192314,1.41421,100.0,0.0100001,1.41421,73.0,0.0136988,1.41421,65.0,0.0153847,1.41421,89.0,0.0112361,1.41421,104.0,0.00961543,1.41421,262.0,0.00381694,1.41421,85.0,0.0117648,1.41421,94.0,0.0106384,1.41421,136.0,0.007353,1.41421,146.0,0.00684939,1.41421,133.0,0.00751886,1.41421,94.0,0.0106384,1.41421,153.0,0.00653602,1.41421,14.0,0.0714307,1.41421,132.0,0.00757582,1.41421,164.0,0.00609764,1.41421,173.0,0.00578043,1.41421,92.0,0.0108696,1.41421,172.0,0.00581404,1.41421,50.0,0.0200009,1.41421,71.0,0.0140847,1.41421,195.0,0.00512831,1.41421,210.0,0.00476202,1.41421,126.0,0.00793658,1.41421,156.0,0.00641034,1.41421,281.0,0.00355888,1.41421,136.0,0.00735302,1.41421,211.0,0.00473945,1.41421,108.0,0.0092593,1.41421,181.0,0.00552496,1.41421,61.0,0.0163936,1.41421,144.0,0.00694458,1.41421,155.0,0.00645168,1.41421,108.0,0.0092593,1.41421,119.0,0.00840341,1.41421,122.0,0.00819678,1.41421,119.0,0.00840342,1.41421,204.0,0.00490207,1.41421,105.0,0.00952396,1.41421,168.0,0.00595246,1.41421,212.0,0.00471709,1.41421,155.0,0.00645169,1.41421,189.0,0.0052911,1.41421,66.0,0.0151516,1.41421,234.0,0.00427363,1.41421,195.0,0.00512831,1.41421,137.0,0.00729934,1.41421,220.0,0.00454557,1.41421,121.0,0.00826454,1.41421,137.0,0.00729933,1.41421,82.0,0.0121952,1.41421,213.0,0.00469495,1.41421,142.0,0.00704232,1.41421,114.0,0.00877214,1.41421,81.0,0.0123458,1.41421,127.0,0.00787408,1.41421,129.0,0.00775203,1.41421,49.0,0.0204083,1.41421,223.0,0.00448442,1.41421,146.0,0.00684941,1.41421,121.0,0.00826452,1.41421,155.0,0.00645169,1.41421,142.0,0.00704233,1.41421,145.0,0.00689662,1.41421,96.0,0.0104167,1.41421,230.0,0.00434795,1.41421,206.0,0.00485448,1.41421,195.0,0.0051283,1.41421,93.0,0.0107528,1.41421,108.0,0.0092593,1.41421,164.0,0.00609764,1.41421,197.0,0.00507624,1.41421,190.0,0.00526328,1.41421,81.0,0.0123457,1.41421,153.0,0.00653602,1.41421,158.0,0.00632923,1.41421,134.0,0.00746276,1.41421,214.0,0.00467301,1.41421,104.0,0.00961546,1.41421,107.0,0.00934583,1.41421,48.0,0.0208335,1.41421,137.0,0.00729933,1.41421,213.0,0.00469495,1.41421,43.0,0.0232562,1.41421,83.0,0.0120484,1.41421,146.0,0.00684938,1.41421,62.0,0.0161291,1.41421,113.0,0.00884961,1.41421,120.0,0.00833338,1.41421,155.0,0.00645168,1.41421,215.0,0.00465127,1.41421,220.0,0.00454558,1.41421,112.0,0.00892866,1.41421,137.0,0.00729933,1.41421,134.0,0.00746276,1.41421,74.0,0.0135135,1.41421,140.0,0.00714293,1.41421,223.0,0.00448442,1.41421,155.0,0.00645168,1.41421,137.0,0.00729933,1.41421,177.0,0.0056498,1.41421,139.0,0.00719431,1.41421,89.0,0.011236,1.41421,38.0,0.0263162,1.41421,99.0,0.0101011,1.41421,100.0,0.0100001,1.41421,197.0,0.00507625,1.41421,49.0,0.0204085,1.41421,100.0,0.01,1.41421,115.0,0.0086957,1.41421,119.0,0.00840345,1.41421,53.0,0.0188683,1.41421,200.0,0.0050001,1.41421,223.0,0.00448443,1.41421,96.0,0.0104168,1.41421,100.0,0.01,1.41421,146.0,0.00684938,1.41421,149.0,0.00671148,1.41421,48.0,0.0208336,1.41421,109.0,0.00917436,1.41421,100.0,0.0100001,1.41421,101.0,0.00990108,1.41421,145.0,0.00689664,1.41421,148.0,0.00675682,1.41421,104.0,0.0096155,1.41421,148.0,0.00675682,1.41421,105.0,0.00952385,1.41421,214.0,0.00467301,1.41421,94.0,0.0106383,1.41421,214.0,0.00467301,1.41421,159.0,0.00628939,1.41421,225.0,0.00444456,1.41421,110.0,0.00909097,1.41421,241.0,0.0041495,1.41421,83.0,0.0120483,1.41421,119.0,0.00840343,1.41421,176.0,0.0056819,1.41421,162.0,0.00617291,1.41421,49.0,0.0204082,1.41421,61.0,0.0163935,1.41421,137.0,0.00729933,1.41421,77.0,0.0129872,1.41421,173.0,0.00578045,1.41421,41.0,0.0243911,1.41421,268.0,0.00373149,1.41421,109.0,0.00917436,1.41421,196.0,0.00510214,1.41421,149.0,0.00671148,1.41421,127.0,0.00787407,1.41421,91.0,0.0109891,1.41421,48.0,0.0208336,1.41421,137.0,0.00729933,1.41421,59.0,0.0169492,1.41421,59.0,0.0169492,1.41421,176.0,0.00568191,1.41421,70.0,0.0142857,1.41421,203.0,0.00492621,1.41421,46.0,0.0217392,1.41421,242.0,0.00413236,1.41421,140.0,0.00714293,1.41421,153.0,0.00653603,1.41421,113.0,0.0088496,1.41421,251.0,0.0039842,1.41421,225.0,0.00444456,1.41421,106.0,0.00943401,1.41421,142.0,0.00704233,1.41421,105.0,0.00952385,1.41421,87.0,0.0114943,1.41421,110.0,0.00909096,1.41421,182.0,0.0054946,1.41421,19.0,0.0526326,1.41421,208.0,0.0048078,1.41421,47.0,0.0212769,1.41421,129.0,0.00775202,1.41421,58.0,0.0172414,1.41421,40.0,0.0250022,1.41421,159.0,0.00628938,1.41421,157.0,0.0063695,1.41421,158.0,0.00632919,1.41421,73.0,0.0136987,1.41421,168.0,0.00595246,1.41421,95.0,0.0105264,1.41421,107.0,0.00934599,1.41421,199.0,0.00502523,1.41421,20.0,0.0500016,1.41421,170.0,0.00588248,1.41421,103.0,0.0097088,1.41421,241.0,0.00414951,1.41421,75.0,0.0133334,1.41421,143.0,0.00699309,1.41421,105.0,0.00952387,1.41421,149.0,0.00671147,1.41421,168.0,0.00595247,1.41421,62.0,0.0161294,1.41421,128.0,0.00781256,1.41421,53.0,0.018868,1.41421,172.0,0.00581404,1.41421,186.0,0.00537644,1.41421,91.0,0.010989,1.41421,212.0,0.0047171,1.41421,97.0,0.0103093,1.41421,179.0,0.00558668,1.41421,107.0,0.00934588,1.41421,208.0,0.0048078,1.41421,153.0,0.00653606,1.41421,252.0,0.00396839,1.41421,142.0,0.00704232,1.41421,192.0,0.00520843,1.41421,196.0,0.00510214,1.41421,210.0,0.00476202,1.41421,126.0,0.00793656,1.41421,38.0,0.0263169,1.41421,175.0,0.00571437,1.41421,165.0,0.00606069,1.41421,172.0,0.00581403,1.41421,138.0,0.00724648,1.41421,175.0,0.00571437,1.41421,124.0,0.00806457,1.41421,175.0,0.00571437,1.41421,215.0,0.00465127,1.41421,89.0,0.011236,1.41421,39.0,0.0256411,1.41421,170.0,0.00588243,1.41421,55.0,0.0181819,1.41421,124.0,0.00806457,1.41421,134.0,0.00746274,1.41421,205.0,0.00487816,1.41421,161.0,0.00621126,1.41421,124.0,0.00806458,1.41421,127.0,0.00787407,1.41421,149.0,0.00671148,1.41421,129.0,0.00775199,1.41421,94.0,0.0106384,1.41421,204.0,0.00490207,1.41421,161.0,0.00621126,1.41421,160.0,0.00625007,1.41421,125.0,0.00800007,1.41421,225.0,0.00444456,1.41421,158.0,0.00632919,1.41421,71.0,0.0140846,1.41421,21.0,0.0476242,1.41421,96.0,0.0104167,1.41421,246.0,0.00406518,1.41421,124.0,0.00806459,1.41421,117.0,0.00854705,1.41421,44.0,0.0227274,1.41421,142.0,0.00704236,1.41421,85.0,0.0117648,1.41421,133.0,0.00751886,1.41421,172.0,0.00581408,1.41421,27.0,0.0370374,1.41421,181.0,0.00552495,1.41421,79.0,0.0126583,1.41421,296.0,0.00337855,1.41421,144.0,0.00694451,1.41421,89.0,0.011236,1.41421,281.0,0.00355887,1.41421,175.0,0.00571437,1.41421,146.0,0.00684938,1.41421,197.0,0.00507624,1.41421,207.0,0.00483103,1.41421,125.0,0.00800006,1.41421,229.0,0.00436694,1.41421,147.0,0.00680283,1.41421,152.0,0.00657902,1.41421,127.0,0.00787409,1.41421,206.0,0.00485447,1.41421,85.0,0.0117648,1.41421,85.0,0.0117648,1.41421]
