#SOLVERNAME# PAJ_CBC_MOSEK
#SOLVER# Pajarito.PajaritoSolver(2,3600.0,1.0e-5,false,Cbc.CbcMathProgSolverInterface.CbcSolver(Any[(:logLevel,0),(:ratioGap,0.0),(:seconds,3600.0)]),MathProgBase.DefaultMIPSolver(),0,false,true,Mosek.MosekMathProgSolverInterface.MosekSolver(Any[(:LOG,0),(:NUM_THREADS,1),(:OPTIMIZER_MAX_TIME,120.0)]),true,false,false,true,false,true,false,true,true,true,true,false,false,true,false,false,false,false,1.0e-10,0.0001,1.0e-6,0.01,1.0e-6)
#FILENAME# stolpe07-82flowc.cbf.gz
#INSTANCE# stolpe07-82flowc
#TIMELIMIT# 3600.0
#STATUS# Optimal
#OBJVAL# 15.81918006037211
#OBJBOUND# 15.819179398461037
#TIMESOLVER# 1376.296275138855
#TIMEALL# 1376.2971668243408
#SOLUTION# [15.8192,0.0,0.0,0.0,0.0,0.0,0.0,0.0,0.0,0.0,0.0,0.0,0.0,0.0,0.0,0.0,0.0,0.0,0.0,0.0,0.0,0.0,0.0,0.0,0.0,0.0,0.0,0.0,0.0,0.0,0.0,0.0,0.0,0.0,0.0,0.0,0.0,0.0,0.0,0.0,0.0,0.0,0.0,0.0,0.0,0.0,0.0,0.0,0.0,1.0,0.0,0.0,0.0,0.0,0.0,0.0,0.0,1.0,0.0,1.0,0.0,0.0,0.0,0.0,0.0,0.0,1.0,0.0,0.0,0.0,0.0,0.0,0.0,1.0,0.0,0.0,0.0,0.0,0.0,0.0,0.0,0.0,0.0,0.0,0.0,0.0,1.0,0.0,0.0,0.0,0.0,0.0,1.0,0.0,0.0,0.0,0.0,0.0,0.0,1.0,0.0,0.0,1.0,0.0,0.0,0.0,0.0,0.0,0.0,0.0,0.0,1.0,1.0,0.0,0.0,0.0,0.0,0.0,0.0,1.0,0.0,0.0,1.0,0.0,0.0,0.0,0.0,1.0,0.0,0.0,0.0,0.0,0.0,0.0,0.0,0.0,0.0,0.0,0.0,0.0,0.0,0.0,0.0,1.0,0.0,0.0,1.0,0.0,0.0,0.0,0.0,0.0,0.0,0.0,0.0,1.0,0.0,0.0,0.0,0.0,0.0,0.0,0.0,0.0,1.0,0.0,0.0,0.0,0.0,0.0,0.0,0.0,0.0,0.0,0.0,0.0,0.0,1.0,0.0,0.0,0.0,0.0,0.0,0.0,0.0,0.0,0.0,0.0,0.0,0.0,0.0,0.0,0.0,2.72087e-9,0.125,4.76418e-9,5.0482e-9,4.80342e-9,4.20179e-9,4.20203e-9,4.20227e-9,2.72087e-9,4.66169e-9,5.14105e-9,1.33333,2.72087e-9,4.66566e-9,0.698771,5.64914e-9,4.80342e-9,4.59137e-9,4.97807e-9,5.36152e-9,2.72087e-9,5.19707e-9,6.22993e-9,3.0,4.80354e-9,4.21207e-9,4.22154e-9,4.23011e-9,4.80342e-9,4.46913e-9,4.73258e-9,4.99184e-9,2.72087e-9,0.125,4.74838e-9,5.02601e-9,4.80354e-9,4.35144e-9,4.49753e-9,4.6401e-9,4.80342e-9,4.22092e-9,4.24025e-9,4.25954e-9,4.80354e-9,4.34714e-9,4.48884e-9,4.62695e-9,2.72087e-9,4.59995e-9,0.698771,5.45952e-9,4.80342e-9,4.20163e-9,4.20171e-9,4.20179e-9,2.72087e-9,4.60043e-9,0.698771,5.46066e-9,4.80342e-9,4.60157e-9,4.9967e-9,5.38692e-9,2.72087e-9,4.39841e-9,4.60159e-9,0.465847,2.72087e-9,4.67538e-9,5.17298e-9,1.33333,4.80342e-9,4.4597e-9,4.71393e-9,4.96418e-9,4.80354e-9,4.20951e-9,4.21602e-9,4.22123e-9,2.72087e-9,5.20996e-9,6.25384e-9,3.0,2.72087e-9,0.125,4.7539e-9,5.02874e-9,2.72087e-9,4.20162e-9,4.20169e-9,4.20176e-9,2.72087e-9,4.49834e-9,0.5,5.11807e-9,2.72087e-9,4.68532e-9,0.698771,5.66427e-9,2.72087e-9,4.93418e-9,5.6451e-9,6.33311e-9,2.72087e-9,0.125,4.76117e-9,5.03843e-9,4.80354e-9,4.54379e-9,4.87313e-9,5.19078e-9,2.72087e-9,4.22405e-9,4.24651e-9,4.26893e-9,4.80354e-9,4.38655e-9,4.56827e-9,4.74693e-9,4.80342e-9,4.72026e-9,5.2264e-9,5.71887e-9,2.72087e-9,4.69094e-9,0.698771,5.68172e-9,2.72087e-9,4.48444e-9,0.5,5.07493e-9,4.80354e-9,4.21811e-9,4.23468e-9,4.25126e-9,4.80342e-9,4.25421e-9,4.30677e-9,4.35923e-9,2.72087e-9,4.44734e-9,0.5,4.92396e-9,2.72087e-9,4.60064e-9,4.99742e-9,5.3912e-9,2.72087e-9,4.54047e-9,4.87742e-9,5.21203e-9,2.72087e-9,4.40152e-9,0.25,4.80035e-9,2.72087e-9,4.36959e-9,4.53753e-9,4.70538e-9,2.72087e-9,4.20302e-9,4.20449e-9,4.20595e-9,4.80354e-9,4.25431e-9,4.3071e-9,4.35993e-9,2.72087e-9,4.67634e-9,5.15242e-9,0.942809,2.72087e-9,4.55597e-9,4.90994e-9,5.263e-9,2.72087e-9,4.49264e-9,4.78323e-9,5.07311e-9,2.72087e-9,4.38795e-9,4.57406e-9,4.75983e-9,4.80342e-9,4.32485e-9,4.44803e-9,4.57106e-9,2.72087e-9,4.20575e-9,4.20995e-9,4.21414e-9,0.0,1.0,0.0,0.0,1.0,0.0,1.0,1.0,0.0,1.0,1.0,1.0,0.0,1.0,0.0,1.0,0.0,0.0,1.0,1.0,0.0,0.0,0.0,0.0,0.0,0.0,0.0,1.0,0.0,1.0,1.0,0.0,0.0,1.0,1.0,0.0,0.0,0.0,0.0,0.0,0.0,1.0,0.0,0.0,0.0,0.0,1.0,0.0,-5.01678e-10,-7.17512e-10,-1.1547,-6.26406e-10,-0.835925,-1.11287e-9,-5.94806e-10,-8.37631e-10,-1.0214e-9,-8.17042e-10,-1.17732e-9,-1.73205,4.06109e-12,4.20757e-12,2.79574e-12,4.77677e-10,6.70869e-10,8.15841e-10,3.65936e-10,5.08386e-10,6.1186e-10,-1.39776e-10,-1.97534e-10,-2.4176e-10,-3.45689e-10,-4.79288e-10,-5.75657e-10,-5.41912e-10,-0.835925,-9.69811e-10,-4.25724e-14,-6.05077e-14,-7.44754e-14,5.42029e-10,0.835925,9.70336e-10,6.01871e-10,8.46106e-10,1.02998e-9,3.76387e-10,5.38267e-10,0.68253,5.16679e-10,7.42292e-10,1.1547,-4.71103e-10,-6.61858e-10,-8.05137e-10,5.09422e-12,8.48449e-12,1.24764e-11,8.27498e-10,1.19224e-9,1.73205,-4.87452e-10,-0.707107,-8.62318e-10,-6.84274e-10,-0.835925,-1.19197e-9,-8.49378e-10,-1.18676e-9,-1.43508e-9,5.75547e-10,8.01121e-10,9.66171e-10,1.55168e-10,2.19306e-10,2.6843e-10,-4.24084e-10,-5.94682e-10,-7.22308e-10,7.19704e-10,1.00913e-9,1.22473e-9,6.91097e-10,0.835925,1.2043e-9,4.78667e-10,0.707107,8.46683e-10,-4.59455e-10,-0.707107,-7.85909e-10,-6.31207e-10,-8.91198e-10,-1.08935e-9,-5.81319e-10,-8.20619e-10,-1.00301e-9,4.27538e-10,6.04485e-10,7.40155e-10,2.63035e-11,3.71943e-11,4.55482e-11,-2.28286e-10,-3.22906e-10,-3.9555e-10,7.08628e-10,1.00343e-9,0.970984,5.98757e-10,8.46718e-10,1.0367e-9,5.38395e-10,7.60963e-10,9.31301e-10,0.353553,6.98134e-10,8.56247e-10,7.00529e-13,9.89293e-13,1.20991e-12,-0.353553,-6.98787e-10,-8.58391e-10,0.353553,6.83053e-10,8.34584e-10,5.8251e-13,8.24009e-13,1.00947e-12,-0.353553,-6.80281e-10,-8.30168e-10,1.17124e-10,1.65683e-10,2.02975e-10,-2.16361e-10,-3.05541e-10,-3.73673e-10,-4.22693e-10,-0.5,-7.29249e-10,4.318e-10,6.1041e-10,7.47244e-10,3.50728e-10,4.9586e-10,6.07107e-10,6.41877e-11,9.07734e-11,1.11172e-10,2.72087e-9,0.0,0.0,1.0,0.0625,0.353553,0.0,2.38209e-9,6.98134e-10,0.0,2.5241e-9,8.56247e-10,4.80342e-9,0.5,0.0,0.0,2.1009e-9,7.00529e-13,0.0,2.10102e-9,9.89293e-13,0.0,2.10113e-9,1.20991e-12,2.72087e-9,0.0,0.0,0.0,2.33085e-9,-5.01678e-10,0.0,2.57053e-9,-7.17512e-10,1.0,0.666667,-1.1547,2.72087e-9,0.0,0.0,0.0,2.33283e-9,-6.26406e-10,1.0,0.349386,-0.835925,0.0,2.82457e-9,-1.11287e-9,4.80342e-9,0.5,0.0,0.0,2.29569e-9,-5.94806e-10,0.0,2.48904e-9,-8.37631e-10,0.0,2.68076e-9,-1.0214e-9,2.72087e-9,0.0,0.0,0.0,2.59853e-9,-8.17042e-10,0.0,3.11497e-9,-1.17732e-9,1.0,1.5,-1.73205,4.80354e-9,0.5,0.0,0.0,2.10603e-9,4.06109e-12,0.0,2.11077e-9,4.20757e-12,0.0,2.11506e-9,2.79574e-12,4.80342e-9,0.5,0.0,0.0,2.23457e-9,4.77677e-10,0.0,2.36629e-9,6.70869e-10,0.0,2.49592e-9,8.15841e-10,2.72087e-9,0.0,0.0,1.0,0.0625,-0.353553,0.0,2.37419e-9,-6.98787e-10,0.0,2.51301e-9,-8.58391e-10,4.80354e-9,0.5,0.0,0.0,2.17572e-9,3.65936e-10,0.0,2.24876e-9,5.08386e-10,0.0,2.32005e-9,6.1186e-10,4.80342e-9,0.5,0.0,0.0,2.11046e-9,-1.39776e-10,0.0,2.12012e-9,-1.97534e-10,0.0,2.12977e-9,-2.4176e-10,4.80354e-9,0.5,0.0,0.0,2.17357e-9,-3.45689e-10,0.0,2.24442e-9,-4.79288e-10,0.0,2.31348e-9,-5.75657e-10,2.72087e-9,0.0,0.0,0.0,2.29997e-9,-5.41912e-10,1.0,0.349386,-0.835925,0.0,2.72976e-9,-9.69811e-10,4.80342e-9,0.5,0.0,0.0,2.10082e-9,-4.25724e-14,0.0,2.10086e-9,-6.05077e-14,0.0,2.1009e-9,-7.44754e-14,2.72087e-9,0.0,0.0,0.0,2.30022e-9,5.42029e-10,1.0,0.349386,0.835925,0.0,2.73033e-9,9.70336e-10,4.80342e-9,0.5,0.0,0.0,2.30079e-9,6.01871e-10,0.0,2.49835e-9,8.46106e-10,0.0,2.69346e-9,1.02998e-9,2.72087e-9,0.0,0.0,0.0,2.19921e-9,3.76387e-10,0.0,2.30079e-9,5.38267e-10,1.0,0.232924,0.68253,2.72087e-9,0.0,0.0,0.0,2.33769e-9,5.16679e-10,0.0,2.58649e-9,7.42292e-10,1.0,0.666667,1.1547,4.80342e-9,0.5,0.0,0.0,2.22985e-9,-4.71103e-10,0.0,2.35697e-9,-6.61858e-10,0.0,2.48209e-9,-8.05137e-10,4.80354e-9,0.5,0.0,0.0,2.10476e-9,5.09422e-12,0.0,2.10801e-9,8.48449e-12,0.0,2.11062e-9,1.24764e-11,2.72087e-9,0.0,0.0,0.0,2.60498e-9,8.27498e-10,0.0,3.12692e-9,1.19224e-9,1.0,1.5,1.73205,2.72087e-9,0.0,0.0,1.0,0.0625,0.353553,0.0,2.37695e-9,6.83053e-10,0.0,2.51437e-9,8.34584e-10,2.72087e-9,0.0,0.0,0.0,2.10081e-9,5.8251e-13,0.0,2.10085e-9,8.24009e-13,0.0,2.10088e-9,1.00947e-12,2.72087e-9,0.0,0.0,0.0,2.24917e-9,-4.87452e-10,1.0,0.25,-0.707107,0.0,2.55904e-9,-8.62318e-10,2.72087e-9,0.0,0.0,0.0,2.34266e-9,-6.84274e-10,1.0,0.349386,-0.835925,0.0,2.83214e-9,-1.19197e-9,2.72087e-9,0.0,0.0,0.0,2.46709e-9,-8.49378e-10,0.0,2.82255e-9,-1.18676e-9,0.0,3.16655e-9,-1.43508e-9,2.72087e-9,0.0,0.0,1.0,0.0625,-0.353553,0.0,2.38059e-9,-6.80281e-10,0.0,2.51921e-9,-8.30168e-10,4.80354e-9,0.5,0.0,0.0,2.27189e-9,5.75547e-10,0.0,2.43657e-9,8.01121e-10,0.0,2.59539e-9,9.66171e-10,2.72087e-9,0.0,0.0,0.0,2.11203e-9,1.55168e-10,0.0,2.12325e-9,2.19306e-10,0.0,2.13446e-9,2.6843e-10,4.80354e-9,0.5,0.0,0.0,2.19328e-9,-4.24084e-10,0.0,2.28413e-9,-5.94682e-10,0.0,2.37347e-9,-7.22308e-10,4.80342e-9,0.5,0.0,0.0,2.36013e-9,7.19704e-10,0.0,2.6132e-9,1.00913e-9,0.0,2.85944e-9,1.22473e-9,2.72087e-9,0.0,0.0,0.0,2.34547e-9,6.91097e-10,1.0,0.349386,0.835925,0.0,2.84086e-9,1.2043e-9,2.72087e-9,0.0,0.0,0.0,2.24222e-9,4.78667e-10,1.0,0.25,0.707107,0.0,2.53747e-9,8.46683e-10,4.80354e-9,0.5,0.0,0.0,2.10905e-9,1.17124e-10,0.0,2.11734e-9,1.65683e-10,0.0,2.12563e-9,2.02975e-10,4.80342e-9,0.5,0.0,0.0,2.12711e-9,-2.16361e-10,0.0,2.15339e-9,-3.05541e-10,0.0,2.17962e-9,-3.73673e-10,2.72087e-9,0.0,0.0,0.0,2.22367e-9,-4.59455e-10,1.0,0.25,-0.707107,0.0,2.46198e-9,-7.85909e-10,2.72087e-9,0.0,0.0,0.0,2.30032e-9,-6.31207e-10,0.0,2.49871e-9,-8.91198e-10,0.0,2.6956e-9,-1.08935e-9,2.72087e-9,0.0,0.0,0.0,2.27024e-9,-5.81319e-10,0.0,2.43871e-9,-8.20619e-10,0.0,2.60601e-9,-1.00301e-9,2.72087e-9,0.0,0.0,0.0,2.20076e-9,-4.22693e-10,1.0,0.125,-0.5,0.0,2.40017e-9,-7.29249e-10,2.72087e-9,0.0,0.0,0.0,2.18479e-9,4.27538e-10,0.0,2.26877e-9,6.04485e-10,0.0,2.35269e-9,7.40155e-10,2.72087e-9,0.0,0.0,0.0,2.10151e-9,2.63035e-11,0.0,2.10224e-9,3.71943e-11,0.0,2.10298e-9,4.55482e-11,4.80354e-9,0.5,0.0,0.0,2.12716e-9,-2.28286e-10,0.0,2.15355e-9,-3.22906e-10,0.0,2.17997e-9,-3.9555e-10,2.72087e-9,0.0,0.0,0.0,2.33817e-9,7.08628e-10,0.0,2.57621e-9,1.00343e-9,1.0,0.471405,0.970984,2.72087e-9,0.0,0.0,0.0,2.27799e-9,5.98757e-10,0.0,2.45497e-9,8.46718e-10,0.0,2.6315e-9,1.0367e-9,2.72087e-9,0.0,0.0,0.0,2.24632e-9,5.38395e-10,0.0,2.39162e-9,7.60963e-10,0.0,2.53656e-9,9.31301e-10,2.72087e-9,0.0,0.0,0.0,2.19398e-9,4.318e-10,0.0,2.28703e-9,6.1041e-10,0.0,2.37991e-9,7.47244e-10,4.80342e-9,0.5,0.0,0.0,2.16243e-9,3.50728e-10,0.0,2.22401e-9,4.9586e-10,0.0,2.28553e-9,6.07107e-10,2.72087e-9,0.0,0.0,0.0,2.10288e-9,6.41877e-11,0.0,2.10497e-9,9.07734e-11,0.0,2.10707e-9,1.11172e-10]
