#SOLVERNAME# PAJ_ROUND_CBC_MOSEK
#SOLVER# Pajarito.PajaritoSolver(2,3600.0,1.0e-5,false,Cbc.CbcMathProgSolverInterface.CbcSolver(Any[(:logLevel,0),(:ratioGap,0.0),(:seconds,3600.0)]),MathProgBase.DefaultMIPSolver(),0,true,true,Mosek.MosekMathProgSolverInterface.MosekSolver(Any[(:LOG,0),(:NUM_THREADS,1),(:OPTIMIZER_MAX_TIME,120.0)]),true,false,false,true,false,true,false,true,true,true,true,false,false,true,false,false,false,false,1.0e-10,0.0001,1.0e-6,0.01,1.0e-6)
#FILENAME# uflquad-nopsc-30-100.cbf.gz
#INSTANCE# uflquad-nopsc-30-100
#TIMELIMIT# 3600.0
#STATUS# Optimal
#OBJVAL# 355.2412224986311
#OBJBOUND# 355.2402616569052
#TIMESOLVER# 1483.8804249763489
#TIMEALL# 1483.8966059684753
#SOLUTION# [0.0,0.0,0.0,0.0,0.0,0.0,0.0,0.0,0.0,0.0,0.0,0.0,0.0,0.0,0.0,0.0,0.0,0.0,0.0,0.0,0.0,0.0,0.0,0.0,0.0,0.0,0.0,0.0,0.0,0.0,0.0,0.0,0.0,0.0,0.0,0.0,0.0,0.0,0.0,0.0,0.0,0.0,0.0,0.0,0.0,0.0,0.0,0.0,0.0,0.0,0.0,0.0,0.0,0.0,0.0,0.0,0.0,0.0,0.0,0.0,0.0,0.0,0.0,0.0,0.0,0.0,0.0,0.0,0.0,0.0,0.0,0.0,0.0,0.0,0.0,0.0,0.0,0.0,0.0,0.0,0.0,0.0,0.0,0.0,0.0,0.0,0.0,0.0,0.0,0.0,0.0,0.0,0.0,0.0,0.0,0.0,0.0,0.0,0.0,0.0,0.0,0.0,0.0,0.0,0.0,0.0,0.0,0.0,0.0,0.0,0.0,0.0,0.0,0.0,0.0,0.0,0.0,0.0,0.0,0.0,0.0,0.0,0.0,0.0,0.0,0.0,0.0,0.0,0.0,0.0,0.0,0.0,0.0,0.0,0.0,0.0,0.0,0.0,0.0,0.0,0.0,0.0,0.0,0.0,0.0,0.0,0.0,0.0,0.0,0.0,0.0,0.0,0.0,0.0,0.0,0.0,0.0,0.0,0.0,0.0,0.0,0.0,0.0,0.0,0.0,0.0,0.0,0.0,0.0,0.0,0.0,0.0,0.0,0.0,0.0,0.0,0.0,0.0,0.0,0.0,0.0,0.0,0.0,0.0,0.0,0.0,0.0,0.0,0.0,0.0,0.0,0.0,0.0,0.0,0.0,0.0,0.0,0.0,0.0,0.0,0.0,0.0,0.0,0.0,0.0,0.0,0.0,0.0,0.0,0.0,0.0,0.0,0.0,0.0,0.0,0.0,0.0,0.0,0.0,0.0,0.0,0.0,0.0,0.0,0.0,0.0,0.0,0.0,0.0,0.0,0.0,0.0,0.0,0.0,0.0,0.0,0.0,0.0,0.0,0.0,0.0,0.0,0.0,0.0,0.0,0.0,0.0,0.0,0.0,0.0,0.0,0.0,0.0,0.0,0.0,0.0,0.0,0.0,0.0,0.0,0.0,0.0,0.0,0.0,0.0,0.0,0.0,0.0,0.0,0.0,0.0,0.0,0.0,0.0,0.0,0.0,0.0,0.0,0.0,0.0,0.0,0.0,0.0,0.0,0.0,0.0,0.0,0.0,0.0,0.0,0.0,0.0,0.0,0.0,0.0,0.0,0.0,0.0,0.0,0.0,0.0,0.0,0.0,0.0,0.0,0.0,0.0,0.0,0.0,0.0,0.0,0.0,0.0,0.0,0.0,0.0,0.0,0.0,0.0,0.0,0.0,0.0,0.0,0.0,0.0,0.0,0.0,0.0,0.0,0.0,0.0,0.0,0.0,0.0,0.0,0.0,0.0,0.0,0.0,0.0,0.0,0.0,0.0,0.0,0.0,0.0,0.0,0.0,0.0,0.0,0.0,0.0,0.0,0.0,0.0,0.0,0.0,0.0,0.0,0.0,0.0,0.0,0.0,0.0,0.0,0.0,0.0,0.0,0.0,0.0,0.0,0.0,0.0,0.0,0.0,0.0,0.0,0.0,0.0,0.0,0.0,0.0,0.0,0.0,0.0,0.0,0.0,0.0,0.0,0.0,0.0,0.0,0.0,0.0,0.0,0.0,0.0,0.0,0.0,0.0,0.0,0.0,0.0,0.0,0.0,0.0,0.0,0.0,0.0,0.0,0.0,0.0,0.0,0.0,0.0,0.0,0.0,0.0,0.0,0.0,0.0,0.0,0.0,0.0,0.0,0.0,0.0,0.0,0.0,0.0,0.0,0.0,0.0,0.0,0.0,0.0,0.0,0.0,0.0,0.0,0.0,0.0,0.0,0.0,0.0,0.0,0.0,0.0,0.0,0.0,0.0,0.0,0.0,0.0,0.0,0.0,0.0,0.0,0.0,0.0,0.0,0.0,0.0,0.0,0.0,0.0,0.0,0.0,0.0,0.0,0.0,0.0,0.0,0.0,0.0,0.0,0.0,0.0,0.0,0.0,0.0,0.0,0.0,0.0,0.0,0.0,0.0,0.0,0.0,0.0,0.0,0.0,0.0,0.0,0.0,0.0,0.0,0.0,0.0,0.0,0.0,0.0,0.0,0.0,0.0,0.0,0.0,0.0,0.0,0.0,0.0,0.0,0.0,0.0,0.0,0.0,0.0,0.0,0.0,0.0,0.0,0.0,0.0,0.0,0.0,0.0,0.0,0.0,0.0,0.0,0.0,0.0,0.0,0.0,0.0,0.0,0.0,0.0,0.0,0.0,0.0,0.0,0.0,0.0,0.0,0.0,0.0,0.0,0.0,0.0,0.0,0.0,0.0,0.0,0.0,0.0,0.0,0.0,0.0,0.0,0.0,0.0,0.0,0.0,0.0,0.0,0.0,0.0,0.0,0.0,0.0,0.0,0.0,0.0,0.0,0.0,0.0,0.0,0.0,0.0,0.0,0.0,0.0,0.0,0.0,0.0,0.0,0.0,0.0,0.0,0.0,0.0,0.0,0.0,0.0,0.0,0.0,0.0,0.0,0.0,0.0,0.0,0.0,0.0,0.0,0.0,0.0,0.0,0.0,0.0,0.0,0.0,0.0,0.0,0.0,0.0,0.0,0.0,0.0,0.0,0.0,0.0,0.0,0.0,0.0,0.0,0.0,0.0,0.0,0.0,0.0,0.0,0.0,0.0,0.0,0.0,0.0,0.0,0.0,0.0,0.0,0.0,0.0,0.0,0.0,0.0,0.0,0.0,0.0,0.0,0.0,0.0,0.0,0.0,0.0,0.0,0.0,0.0,0.0,0.0,0.0,0.0,0.0,0.0,0.0,0.0,0.0,0.0,0.0,0.0,0.0,0.0,0.0,0.0,0.0,0.0,0.0,0.0,0.0,0.0,0.0,0.0,0.0,0.0,0.0,0.0,0.0,0.0,0.0,0.0,0.0,0.0,0.0,0.0,0.0,0.0,0.0,0.0,0.0,0.0,0.161731,0.0611946,0.073669,0.0588518,0.187297,0.141352,0.0599727,0.100834,0.0786812,0.193872,0.162261,0.08016,0.102453,0.101274,0.170482,0.282423,0.0601039,0.14803,0.0692029,0.0905292,0.231621,0.0560444,0.129389,0.101351,0.112437,0.156396,0.104991,0.16127,0.168664,0.0595056,0.10318,0.119904,0.183386,0.150173,0.0836997,0.159942,0.376451,0.16094,0.141859,0.151946,0.0563015,0.121681,0.062477,0.111526,0.066436,0.116367,0.0542071,0.139169,0.0602081,0.163267,0.151308,0.0634055,0.161038,0.100296,0.162272,0.337011,0.206418,0.202514,0.0647358,0.166736,0.222126,0.167828,0.222785,0.0657752,0.161192,0.122643,0.0589077,0.195306,0.1813,0.128046,0.0772798,0.12622,0.195263,0.148064,0.161956,0.370016,0.12053,0.183803,0.254728,0.741349,0.262924,0.0913064,0.153236,0.133468,0.0600799,0.0549173,0.114122,0.242895,0.191739,0.121988,0.163372,0.126827,0.173724,0.167235,0.0604942,0.147966,0.195924,0.173432,0.161661,0.171222,0.0,0.0,0.0,0.0,0.0,0.0,0.0,0.0,0.0,0.0,0.0,0.0,0.0,0.0,0.0,0.0,0.0,0.0,0.0,0.0,0.0,0.0,0.0,0.0,0.0,0.0,0.0,0.0,0.0,0.0,0.0,0.0,0.0,0.0,0.0,0.0,0.0,0.0,0.0,0.0,0.0,0.0,0.0,0.0,0.0,0.0,0.0,0.0,0.0,0.0,0.0,0.0,0.0,0.0,0.0,0.0,0.0,0.0,0.0,0.0,0.0,0.0,0.0,0.0,0.0,0.0,0.0,0.0,0.0,0.0,0.0,0.0,0.0,0.0,0.0,0.0,0.0,0.0,0.0,0.0,0.0,0.0,0.0,0.0,0.0,0.0,0.0,0.0,0.0,0.0,0.0,0.0,0.0,0.0,0.0,0.0,0.0,0.0,0.0,0.0,0.0,0.0,0.0,0.0,0.0,0.0,0.0,0.0,0.0,0.0,0.0,0.0,0.0,0.0,0.0,0.0,0.0,0.0,0.0,0.0,0.0,0.0,0.0,0.0,0.0,0.0,0.0,0.0,0.0,0.0,0.0,0.0,0.0,0.0,0.0,0.0,0.0,0.0,0.0,0.0,0.0,0.0,0.0,0.0,0.0,0.0,0.0,0.0,0.0,0.0,0.0,0.0,0.0,0.0,0.0,0.0,0.0,0.0,0.0,0.0,0.0,0.0,0.0,0.0,0.0,0.0,0.0,0.0,0.0,0.0,0.0,0.0,0.0,0.0,0.0,0.0,0.0,0.0,0.0,0.0,0.0,0.0,0.0,0.0,0.0,0.0,0.0,0.0,0.0,0.0,0.0,0.0,0.0,0.0,0.0,0.0,0.0,0.0,0.0,0.0,0.0,0.0,0.0,0.0,0.0,0.0,0.0,0.0,0.0,0.0,0.0,0.0,0.0,0.0,0.0,0.0,0.0,0.0,0.0,0.0,0.0,0.0,0.0,0.0,0.0,0.0,0.0,0.0,0.0,0.0,0.0,0.0,0.0,0.0,0.0,0.0,0.0,0.0,0.0,0.0,0.0,0.0,0.0,0.0,0.0,0.0,0.0,0.0,0.0,0.0,0.0,0.0,0.0,0.0,0.0,0.0,0.0,0.0,0.0,0.0,0.0,0.0,0.0,0.0,0.0,0.0,0.0,0.0,0.0,0.0,0.0,0.0,0.0,0.0,0.0,0.0,0.0,0.0,0.0,0.0,0.0,0.0,0.0,0.0,0.0,0.0,0.0,0.0,0.0,0.0,0.0,0.0,0.0,0.0,0.0,0.0,0.0,0.0,0.0,0.0,0.0,0.0,0.0,0.0,0.0,0.0,0.0,0.0,0.0,0.0,0.0,0.0,0.0,0.0,0.0,0.0,0.0,0.0,0.0,0.0,0.0,0.0,0.0,0.0,0.0,0.0,0.0,0.0,0.0,0.0,0.0,0.0,0.0,0.0,0.0,0.0,0.0,0.0,0.0,0.0,0.0,0.0,0.0,0.0,0.0,0.0,0.0,0.0,0.0,0.0,0.0,0.0,0.0,0.0,0.0,0.0,0.0,0.0,0.0,0.0,0.0,0.0,0.0,0.0,0.0,0.0,0.0,0.0,0.0,0.0,0.0,0.0,0.0,0.0,0.0,0.0,0.0,0.0,0.0,0.0,0.0,0.0,0.0,0.0,0.0,0.0,0.0,0.0,0.0,0.0,0.0,0.0,0.0,0.0,0.0,0.0,0.0,0.0,0.0,0.0,0.0,0.0,0.0,0.0,0.0,0.0,0.0,0.0,0.0,0.0,0.0,0.0,0.0,0.0,0.0,0.0,0.0,0.0,0.0,0.0,0.0,0.0,0.0,0.0,0.0,0.0,0.0,0.0,0.0,0.0,0.0,0.0,0.0,0.0,0.0,0.0,0.0,0.0,0.0,0.0,0.0,0.0,0.0,0.0,0.0,0.0,0.0,0.0,0.0,0.0,0.0,0.0,0.0,0.0,0.0,0.0,0.0,0.0,0.0,0.0,0.0,0.0,0.0,0.0,0.0,0.0,0.0,0.0,0.0,0.0,0.0,0.0,0.0,0.0,0.0,0.0,0.0,0.0,0.0,0.0,0.0,0.0,0.0,0.0,0.0,0.0,0.0,0.0,0.0,0.0,0.0,0.0,0.0,0.0,0.0,0.0,0.0,0.0,0.0,0.0,0.111181,0.0543659,0.0621139,0.0519254,0.096053,0.0929527,0.0453,0.0500114,0.0725169,0.126936,0.106705,0.0701877,0.0492274,0.371048,0.0980738,0.132718,0.0541163,0.0742634,0.0734583,0.0674631,0.0773472,0.0422394,0.0918959,0.369242,0.301883,0.0986964,0.345304,0.11335,0.190774,0.0597532,0.383778,0.0855468,0.189371,0.100445,0.0616017,0.103639,0.102934,0.102475,0.0953902,0.100698,0.047978,0.133438,0.0551259,0.335689,0.0523052,0.264531,0.0516107,0.0919648,0.0548481,0.113402,0.0772327,0.0471257,0.109864,0.0754787,0.0926509,0.10441,0.0904991,0.0965205,0.057602,0.0988418,0.0897045,0.108663,0.16486,0.546618,0.117118,0.290719,0.0485808,0.096722,0.123446,0.0810714,0.0668313,0.0935749,0.102546,0.0880138,0.100377,0.0898819,0.0806548,0.128745,0.135029,0.046816,0.100988,0.0689563,0.102559,0.0891898,0.0544011,0.0540934,0.0757701,0.130319,0.212214,0.0908969,0.102604,0.0830826,0.229167,0.154651,0.0601118,0.105995,0.129316,0.0979345,0.111174,0.114349,0.0902468,0.226791,0.29279,0.263874,0.138752,0.158448,0.258464,0.0330303,0.171919,0.0625313,0.0839985,0.223026,0.0360527,0.0574635,0.121949,0.0873491,0.228102,0.0592211,0.0947789,0.214938,0.0536,0.317113,0.16402,0.0575116,0.0669969,0.134219,0.061089,0.0914878,0.0504799,0.120311,0.053294,0.179674,0.0465183,0.13528,0.232558,0.11515,0.0772219,0.074881,0.151991,0.133113,0.239044,0.1124,0.223219,0.0615841,0.216466,0.0457029,0.138882,0.161774,0.21259,0.081664,0.0467879,0.311565,0.0960108,0.263247,0.158404,0.0526057,0.0856053,0.114181,0.211229,0.0924747,0.0815957,0.0661315,0.0523625,0.0296454,0.0905056,0.0684294,0.214805,0.131568,0.0654428,0.212491,0.247753,0.161294,0.149533,0.193245,0.0817218,0.0515961,0.198544,0.0657677,0.0950294,0.0241871,0.053713,0.209436,0.127757,0.170581,0.219114,0.126645,0.223253,0.102819,0.06264,0.167218,0.0893626,0.192188,0.06248,0.106135,0.117319,0.163913,0.0624839,0.105194,0.0907046,0.0672574,0.0,0.0,0.0,0.0,0.0,0.0,0.0,0.0,0.0,0.0,0.0,0.0,0.0,0.0,0.0,0.0,0.0,0.0,0.0,0.0,0.0,0.0,0.0,0.0,0.0,0.0,0.0,0.0,0.0,0.0,0.0,0.0,0.0,0.0,0.0,0.0,0.0,0.0,0.0,0.0,0.0,0.0,0.0,0.0,0.0,0.0,0.0,0.0,0.0,0.0,0.0,0.0,0.0,0.0,0.0,0.0,0.0,0.0,0.0,0.0,0.0,0.0,0.0,0.0,0.0,0.0,0.0,0.0,0.0,0.0,0.0,0.0,0.0,0.0,0.0,0.0,0.0,0.0,0.0,0.0,0.0,0.0,0.0,0.0,0.0,0.0,0.0,0.0,0.0,0.0,0.0,0.0,0.0,0.0,0.0,0.0,0.0,0.0,0.0,0.0,0.0,0.0,0.0,0.0,0.0,0.0,0.0,0.0,0.0,0.0,0.0,0.0,0.0,0.0,0.0,0.0,0.0,0.0,0.0,0.0,0.0,0.0,0.0,0.0,0.0,0.0,0.0,0.0,0.0,0.0,0.0,0.0,0.0,0.0,0.0,0.0,0.0,0.0,0.0,0.0,0.0,0.0,0.0,0.0,0.0,0.0,0.0,0.0,0.0,0.0,0.0,0.0,0.0,0.0,0.0,0.0,0.0,0.0,0.0,0.0,0.0,0.0,0.0,0.0,0.0,0.0,0.0,0.0,0.0,0.0,0.0,0.0,0.0,0.0,0.0,0.0,0.0,0.0,0.0,0.0,0.0,0.0,0.0,0.0,0.0,0.0,0.0,0.0,0.0,0.0,0.0,0.0,0.0,0.0,0.0,0.0,0.0,0.0,0.0,0.0,0.0815182,0.118171,0.159108,0.124042,0.0956943,0.10079,0.0721152,0.0312485,0.283679,0.0646208,0.076234,0.212508,0.0329464,0.0879011,0.0902071,0.0963009,0.135334,0.0525672,0.468096,0.094724,0.0499233,0.0697498,0.103917,0.0870939,0.0977259,0.0959184,0.0924959,0.0830668,0.0589573,0.360538,0.0811383,0.103205,0.0567149,0.0982465,0.0893223,0.0911211,0.0753432,0.069422,0.101028,0.0973913,0.0925245,0.238663,0.113355,0.0973633,0.0821395,0.0571289,0.126609,0.101134,0.146495,0.0767439,0.0454695,0.0760385,0.0844222,0.142516,0.0994642,0.0539182,0.0710877,0.0863011,0.117022,0.0778917,0.0689071,0.0648025,0.0593289,0.0404196,0.0837652,0.110185,0.0833564,0.0935304,0.0666155,0.104225,0.190492,0.106221,0.113654,0.108604,0.0728632,0.0511292,0.100616,0.0676308,0.105917,0.0252876,0.0541073,0.0965412,0.0964448,0.101665,0.138292,0.208905,0.100349,0.111491,0.0813353,0.106358,0.0778377,0.101129,0.0835306,0.154629,0.42027,0.159571,0.0648751,0.0832164,0.081794,0.0666452,0.125468,0.0540241,0.0621209,0.0515738,0.107198,0.10029,0.0468003,0.0611035,0.0708497,0.161721,0.121875,0.0694963,0.0591682,0.205819,0.109362,0.154272,0.0534815,0.0877313,0.0690324,0.0702566,0.0959814,0.0435866,0.0977498,0.206992,0.209293,0.108198,0.206892,0.127466,0.324816,0.0571523,0.21774,0.0905032,0.359755,0.109204,0.0641702,0.114602,0.123627,0.118986,0.102829,0.109749,0.0482181,0.12497,0.0549262,0.211228,0.0537041,0.34997,0.0503887,0.0990403,0.054013,0.129931,0.095932,0.0487773,0.123072,0.0774237,0.101652,0.141897,0.105743,0.109815,0.0573088,0.112373,0.105772,0.130337,0.274642,0.219588,0.131576,0.209674,0.0493048,0.108611,0.152175,0.0867184,0.0664001,0.0988409,0.112695,0.0950172,0.115233,0.11769,0.0858897,0.159634,0.153039,0.0631018,0.133333,0.0716703,0.111975,0.0956286,0.0536841,0.0521146,0.0804496,0.145826,0.258241,0.0957189,0.116587,0.0888649,0.26049,0.155048,0.0575991,0.110031,0.165699,0.11061,0.12537,0.137486,0.0,0.0,0.0,0.0,0.0,0.0,0.0,0.0,0.0,0.0,0.0,0.0,0.0,0.0,0.0,0.0,0.0,0.0,0.0,0.0,0.0,0.0,0.0,0.0,0.0,0.0,0.0,0.0,0.0,0.0,0.0,0.0,0.0,0.0,0.0,0.0,0.0,0.0,0.0,0.0,0.0,0.0,0.0,0.0,0.0,0.0,0.0,0.0,0.0,0.0,0.0,0.0,0.0,0.0,0.0,0.0,0.0,0.0,0.0,0.0,0.0,0.0,0.0,0.0,0.0,0.0,0.0,0.0,0.0,0.0,0.0,0.0,0.0,0.0,0.0,0.0,0.0,0.0,0.0,0.0,0.0,0.0,0.0,0.0,0.0,0.0,0.0,0.0,0.0,0.0,0.0,0.0,0.0,0.0,0.0,0.0,0.0,0.0,0.0,0.0,0.0,0.0,0.0,0.0,0.0,0.0,0.0,0.0,0.0,0.0,0.0,0.0,0.0,0.0,0.0,0.0,0.0,0.0,0.0,0.0,0.0,0.0,0.0,0.0,0.0,0.0,0.0,0.0,0.0,0.0,0.0,0.0,0.0,0.0,0.0,0.0,0.0,0.0,0.0,0.0,0.0,0.0,0.0,0.0,0.0,0.0,0.0,0.0,0.0,0.0,0.0,0.0,0.0,0.0,0.0,0.0,0.0,0.0,0.0,0.0,0.0,0.0,0.0,0.0,0.0,0.0,0.0,0.0,0.0,0.0,0.0,0.0,0.0,0.0,0.0,0.0,0.0,0.0,0.0,0.0,0.0,0.0,0.0,0.0,0.0,0.0,0.0,0.0,0.0,0.0,0.0,0.0,0.0,0.0,0.0,0.0,0.0,0.0,0.0,0.0,0.0867121,0.236918,0.167854,0.219419,0.127249,0.163758,0.391697,0.0305755,0.121834,0.0574975,0.0801902,0.145628,0.0334875,0.0506179,0.118328,0.0733505,0.1943,0.0553917,0.0745521,0.281094,0.0487546,0.3547,0.177152,0.0507992,0.0600024,0.134129,0.0541161,0.0880085,0.0453299,0.0949645,0.0463334,0.200632,0.0407665,0.13721,0.303708,0.113555,0.0662044,0.0708555,0.157613,0.134402,0.340026,0.0902873,0.255471,0.0533827,0.377306,0.041026,0.131609,0.16804,0.174431,0.0776242,0.0431577,0.325527,0.0928885,0.165735,0.149661,0.0473005,0.0792439,0.105726,0.24155,0.0887253,0.0749036,0.0617254,0.0468463,0.0263035,0.0868891,0.0588197,0.389311,0.120361,0.0605911,0.191616,0.155126,0.175989,0.122195,0.16434,0.0778746,0.0463547,0.208747,0.0607979,0.0790683,0.0212608,0.0486959,0.276012,0.128376,0.179519,0.186595,0.103811,0.217242,0.0848906,0.0537994,0.185621,0.0857536,0.197456,0.0536209,0.0864097,0.0899195,0.123193,0.0573943,0.101131,0.0871993,0.0627077,0.0,0.0,0.0,0.0,0.0,0.0,0.0,0.0,0.0,0.0,0.0,0.0,0.0,0.0,0.0,0.0,0.0,0.0,0.0,0.0,0.0,0.0,0.0,0.0,0.0,0.0,0.0,0.0,0.0,0.0,0.0,0.0,0.0,0.0,0.0,0.0,0.0,0.0,0.0,0.0,0.0,0.0,0.0,0.0,0.0,0.0,0.0,0.0,0.0,0.0,0.0,0.0,0.0,0.0,0.0,0.0,0.0,0.0,0.0,0.0,0.0,0.0,0.0,0.0,0.0,0.0,0.0,0.0,0.0,0.0,0.0,0.0,0.0,0.0,0.0,0.0,0.0,0.0,0.0,0.0,0.0,0.0,0.0,0.0,0.0,0.0,0.0,0.0,0.0,0.0,0.0,0.0,0.0,0.0,0.0,0.0,0.0,0.0,0.0,0.0,0.273602,0.0500423,0.0543838,0.0468351,0.168881,0.148569,0.0504371,0.668413,0.0561332,0.282756,0.304527,0.0579003,0.660273,0.0693331,0.213338,0.110904,0.0477962,0.480072,0.0476932,0.0815992,0.404245,0.0459535,0.134311,0.0703096,0.0842414,0.186059,0.0742572,0.264296,0.118463,0.0442862,0.0644304,0.118061,0.0851673,0.179069,0.073236,0.221085,0.125467,0.344987,0.154533,0.183626,0.0468754,0.0762546,0.0517129,0.0703903,0.0579006,0.0846302,0.0439678,0.14433,0.047464,0.293269,0.504404,0.0520215,0.259789,0.0709461,0.150512,0.222816,0.304032,0.214244,0.0538883,0.296737,0.302151,0.348463,0.13648,0.0443134,0.257526,0.0750305,0.0504384,0.177419,0.297973,0.10525,0.0564422,0.131543,0.12144,0.113901,0.328817,0.235141,0.11036,0.28059,0.109419,0.060024,0.305311,0.0830402,0.191796,0.133991,0.0477279,0.0422087,0.0972248,0.110319,0.088436,0.124399,0.298302,0.116772,0.0846609,0.0913967,0.044002,0.0911137,0.274182,0.257378,0.272248,0.326961,0.0,0.0,0.0,0.0,0.0,0.0,0.0,0.0,0.0,0.0,0.0,0.0,0.0,0.0,0.0,0.0,0.0,0.0,0.0,0.0,0.0,0.0,0.0,0.0,0.0,0.0,0.0,0.0,0.0,0.0,0.0,0.0,0.0,0.0,0.0,0.0,0.0,0.0,0.0,0.0,0.0,0.0,0.0,0.0,0.0,0.0,0.0,0.0,0.0,0.0,0.0,0.0,0.0,0.0,0.0,0.0,0.0,0.0,0.0,0.0,0.0,0.0,0.0,0.0,0.0,0.0,0.0,0.0,0.0,0.0,0.0,0.0,0.0,0.0,0.0,0.0,0.0,0.0,0.0,0.0,0.0,0.0,0.0,0.0,0.0,0.0,0.0,0.0,0.0,0.0,0.0,0.0,0.0,0.0,0.0,0.0,0.0,0.0,0.0,0.0,0.0,0.0,0.0,0.0,0.0,0.0,0.0,0.0,0.0,0.0,0.0,0.0,0.0,0.0,0.0,0.0,0.0,0.0,0.0,0.0,0.0,0.0,0.0,0.0,0.0,0.0,0.0,0.0,0.0,0.0,0.0,0.0,0.0,0.0,0.0,0.0,0.0,0.0,0.0,0.0,0.0,0.0,0.0,0.0,0.0,0.0,0.0,0.0,0.0,0.0,0.0,0.0,0.0,0.0,0.0,0.0,0.0,0.0,0.0,0.0,0.0,0.0,0.0,0.0,0.0,0.0,0.0,0.0,0.0,0.0,0.0,0.0,0.0,0.0,0.0,0.0,0.0,0.0,0.0,0.0,0.0,0.0,0.0,0.0,0.0,0.0,0.0,0.0,0.0,0.0,0.0,0.0,0.0,0.0,0.0,0.0,0.0,0.0,0.0,0.0,0.0695418,0.198494,0.12796,0.183479,0.0788763,0.0938398,0.0752142,0.0247841,0.144387,0.0500659,0.0642096,0.141095,0.0263911,0.0565436,0.0782597,0.062683,0.226765,0.0427233,0.103187,0.0993965,0.0385276,0.0706131,0.101564,0.0567014,0.0674203,0.0863847,0.0608556,0.0710537,0.0425156,0.20349,0.0501065,0.102474,0.0383204,0.0903728,0.0917042,0.0809059,0.0527519,0.0574537,0.0947569,0.0890744,0.129032,0.102306,0.183713,0.0588362,0.0937424,0.040644,0.402726,0.0945474,0.249951,0.0640982,0.0357083,0.0755396,0.0729161,0.104357,0.0853842,0.0400409,0.0573703,0.070697,0.196664,0.0662203,0.0548396,0.0520489,0.0426958,0.0273374,0.0714275,0.0644995,0.105296,0.0764833,0.0524563,0.090582,0.139676,0.106317,0.0826726,0.0888154,0.0611577,0.0381917,0.0946576,0.0530319,0.0677698,0.017974,0.0409272,0.103038,0.0878563,0.0959572,0.240106,0.357304,0.0915891,0.0714397,0.051596,0.107799,0.0661809,0.0936812,0.052327,0.0844954,0.150284,0.0982167,0.0501249,0.0711039,0.0698488,0.0533709,0.0,0.0,0.0,0.0,0.0,0.0,0.0,0.0,0.0,0.0,0.0,0.0,0.0,0.0,0.0,0.0,0.0,0.0,0.0,0.0,0.0,0.0,0.0,0.0,0.0,0.0,0.0,0.0,0.0,0.0,0.0,0.0,0.0,0.0,0.0,0.0,0.0,0.0,0.0,0.0,0.0,0.0,0.0,0.0,0.0,0.0,0.0,0.0,0.0,0.0,0.0,0.0,0.0,0.0,0.0,0.0,0.0,0.0,0.0,0.0,0.0,0.0,0.0,0.0,0.0,0.0,0.0,0.0,0.0,0.0,0.0,0.0,0.0,0.0,0.0,0.0,0.0,0.0,0.0,0.0,0.0,0.0,0.0,0.0,0.0,0.0,0.0,0.0,0.0,0.0,0.0,0.0,0.0,0.0,0.0,0.0,0.0,0.0,0.0,0.0,0.0,0.0,0.0,0.0,0.0,0.0,0.0,0.0,0.0,0.0,0.0,0.0,0.0,0.0,0.0,0.0,0.0,0.0,0.0,0.0,0.0,0.0,0.0,0.0,0.0,0.0,0.0,0.0,0.0,0.0,0.0,0.0,0.0,0.0,0.0,0.0,0.0,0.0,0.0,0.0,0.0,0.0,0.0,0.0,0.0,0.0,0.0,0.0,0.0,0.0,0.0,0.0,0.0,0.0,0.0,0.0,0.0,0.0,0.0,0.0,0.0,0.0,0.0,0.0,0.0,0.0,0.0,0.0,0.0,0.0,0.0,0.0,0.0,0.0,0.0,0.0,0.0,0.0,0.0,0.0,0.0,0.0,0.0,0.0,0.0,0.0,0.0,0.0,0.0,0.0,0.0,0.0,0.0,0.0,0.0,0.0,0.0,0.0,0.0,0.0,0.0,0.0,0.0,0.0,0.0,0.0,0.0,0.0,0.0,0.0,0.0,0.0,0.0,0.0,0.0,0.0,0.0,0.0,0.0,0.0,0.0,0.0,0.0,0.0,0.0,0.0,0.0,0.0,0.0,0.0,0.0,0.0,0.0,0.0,0.0,0.0,0.0,0.0,0.0,0.0,0.0,0.0,0.0,0.0,0.0,0.0,0.0,0.0,0.0,0.0,0.0,0.0,0.0,0.0,0.0,0.0,0.0,0.0,0.0,0.0,0.0,0.0,0.0,0.0,0.0,0.0,0.0,0.0,0.0,0.0,0.0,0.0,0.0,0.0,0.0,0.0,0.0,0.0,0.0,0.0,0.0,0.0,0.0,0.0,0.0,0.0,0.0,0.0,0.0,0.0,0.0,0.0,0.0,0.0,0.0,0.0,0.0,0.0,0.0,0.0,0.0,0.0,0.0,0.0,0.0,0.0,0.0,1.0,0.0,0.0,0.0,0.0,0.0,1.0,1.0,0.0,0.0,1.0,1.0,0.0,0.0,1.0,0.0,1.0,0.0,0.0,1.0,0.0,0.0,0.0,1.08102e-8,9.44807e-9,1.06612e-8,9.64082e-9,1.327e-8,1.00098e-8,9.87874e-9,1.88882e-8,1.09007e-8,2.15934e-8,1.16192e-8,1.08415e-8,1.73384e-8,1.42728e-8,1.14666e-8,2.45938e-8,9.59232e-9,1.54297e-8,1.1331e-8,9.56503e-9,2.47557e-8,1.00895e-8,9.4591e-9,1.40751e-8,1.24702e-8,1.03286e-8,1.35296e-8,1.05829e-8,3.34879e-8,1.01055e-8,1.67274e-8,9.52147e-9,4.48128e-8,9.74901e-9,9.78412e-9,1.02047e-8,2.6469e-8,1.28206e-8,9.74981e-9,9.83241e-9,9.4495e-9,1.3348e-8,9.41843e-9,1.57797e-8,9.47458e-9,2.0666e-8,9.40932e-9,9.98881e-9,9.63675e-9,1.1728e-8,2.06997e-8,1.01716e-8,1.04455e-8,1.16845e-8,1.18932e-8,5.30618e-8,1.58744e-8,1.40969e-8,9.40736e-9,1.18162e-8,1.72877e-8,1.54272e-8,5.8142e-8,1.80066e-8,1.05063e-8,1.61285e-8,9.42289e-9,1.37026e-8,1.78165e-8,1.13977e-8,1.0721e-8,9.45061e-9,1.52202e-8,1.24097e-8,1.21386e-8,4.13392e-8,1.02856e-8,1.82537e-8,2.22346e-8,6.35229e-8,3.63043e-8,9.47592e-9,9.76646e-9,9.96151e-9,9.58674e-9,9.7246e-9,1.07496e-8,2.05962e-8,2.82221e-8,9.44145e-9,1.14757e-8,1.04583e-8,2.56376e-8,1.66923e-8,1.04633e-8,1.39261e-8,2.21822e-8,1.19233e-8,1.077e-8,1.55476e-8,2.12018e-8,9.58397e-9,9.52514e-9,9.44053e-9,1.3467e-8,1.09014e-8,9.53688e-9,5.12121e-8,9.49056e-9,2.04714e-8,2.97995e-8,9.52129e-9,6.56591e-8,9.8097e-9,1.51668e-8,1.21546e-8,9.4787e-9,6.66982e-8,9.48279e-9,9.49958e-9,2.61163e-8,9.59118e-9,9.84053e-9,9.78447e-9,9.56156e-9,1.25789e-8,9.69934e-9,1.90833e-8,1.30347e-8,9.41954e-9,1.01776e-8,9.73986e-9,1.23525e-8,1.14986e-8,9.59467e-9,1.44508e-8,1.36413e-8,4.39049e-8,1.0743e-8,1.18102e-8,9.49886e-9,9.83861e-9,9.63952e-9,1.0035e-8,9.40721e-9,1.12632e-8,9.94403e-9,1.07717e-8,9.47058e-9,2.48358e-8,3.59784e-8,9.65081e-9,1.86704e-8,9.96026e-9,1.22357e-8,1.88529e-8,2.32145e-8,1.61872e-8,9.75736e-9,2.7024e-8,2.2593e-8,3.06754e-8,1.41451e-8,1.04863e-8,1.75396e-8,1.01005e-8,9.47197e-9,1.39955e-8,2.19496e-8,1.0754e-8,9.51018e-9,9.47244e-9,1.17977e-8,1.12119e-8,4.01327e-8,1.9922e-8,1.03257e-8,2.03161e-8,1.18397e-8,1.51491e-8,2.18375e-8,9.44276e-9,1.20345e-8,1.05075e-8,9.48796e-9,9.50759e-9,1.03633e-8,1.1743e-8,1.15111e-8,9.44334e-9,2.83752e-8,1.05543e-8,1.12672e-8,1.05465e-8,9.41058e-9,1.04956e-8,1.98726e-8,1.95197e-8,2.09212e-8,2.66102e-8,9.57202e-9,1.31963e-8,2.3956e-8,1.54127e-8,1.1345e-8,9.69803e-9,1.22233e-8,9.80881e-9,4.46674e-8,9.75506e-9,9.43632e-9,3.1653e-8,9.8287e-9,1.25588e-8,9.7523e-9,1.5824e-8,1.55091e-8,9.73548e-9,1.25865e-7,1.05184e-8,1.05622e-8,1.31219e-8,9.4379e-9,1.22562e-8,1.09534e-8,9.50662e-9,1.19782e-8,9.67185e-9,1.0712e-8,2.95536e-8,1.39753e-8,9.66756e-9,1.25158e-8,9.40849e-9,1.1205e-8,9.42268e-9,1.36913e-8,9.40793e-9,9.47891e-9,9.4076e-9,1.23086e-8,4.146e-8,1.24521e-8,1.45172e-8,1.09717e-8,1.06801e-8,1.33785e-8,9.7408e-9,1.6469e-8,9.46861e-9,9.83676e-9,1.30648e-8,9.61217e-9,2.17564e-8,1.10732e-8,1.08578e-8,1.0348e-8,1.07407e-8,1.2066e-8,9.43364e-9,1.05599e-8,9.46905e-9,1.09875e-8,1.16226e-8,9.78261e-9,1.57552e-8,1.12619e-8,1.13047e-8,9.5645e-9,1.25356e-8,2.77624e-8,9.4535e-9,1.52978e-8,1.33742e-8,9.40759e-9,1.09759e-8,1.07929e-8,9.58307e-9,1.67709e-8,1.21789e-8,1.04745e-8,1.02695e-8,9.43765e-9,9.88204e-9,1.56152e-8,2.03838e-8,1.19543e-8,1.72519e-8,1.45968e-8,9.41292e-9,9.41078e-9,1.08027e-8,1.48304e-8,2.38571e-8,4.15507e-8,2.47513e-8,9.78219e-9,9.60671e-9,9.57937e-9,9.46567e-9,9.68036e-9,1.02454e-8,1.08489e-8,1.04175e-8,1.63648e-8,5.35923e-8,1.48497e-8,1.01162e-8,1.01276e-8,9.50029e-9,9.8107e-9,1.04713e-8,1.05133e-8,9.52121e-9,1.65349e-8,1.04293e-8,1.01683e-8,1.08307e-8,9.63735e-9,1.94689e-8,1.06963e-8,1.4128e-8,3.78819e-8,9.55919e-9,9.97404e-9,1.9787e-8,9.6337e-9,9.57763e-9,9.42203e-9,9.62334e-9,9.40783e-9,5.04008e-8,9.57093e-9,1.74624e-8,1.82672e-8,1.25744e-8,1.09258e-8,9.77417e-9,3.40318e-8,1.69521e-8,1.09448e-8,9.6979e-9,1.03016e-8,9.40877e-9,1.39136e-8,9.44571e-9,9.56311e-9,6.87055e-8,1.00682e-8,9.51084e-9,9.89723e-9,1.45765e-8,9.91061e-9,1.16801e-8,2.07488e-8,9.97345e-9,1.23549e-8,1.45791e-8,1.01386e-8,1.13e-8,1.20808e-8,9.55194e-9,9.5246e-9,9.45144e-9,9.44561e-9,9.41413e-9,1.1838e-8,1.56161e-8,9.4698e-9,1.79713e-8,1.0589e-8,1.98124e-8,1.24778e-8,1.54775e-8,1.01833e-8,1.02658e-8,3.22929e-8,9.44962e-9,1.04531e-8,1.02126e-8,9.94838e-9,1.85775e-8,1.44635e-8,1.53369e-7,1.01077e-8,9.6006e-9,2.02239e-8,1.06027e-8,9.65554e-9,2.11845e-8,1.04263e-8,3.26943e-8,9.60376e-9,9.94876e-9,9.72609e-9,1.10054e-8,9.49408e-9,1.33632e-8,9.68826e-9,9.49914e-9,9.40879e-9,1.16832e-8,1.1877e-8,1.17851e-8,1.36109e-8,1.88912e-8,2.16806e-8,9.5679e-9,1.07015e-8,9.41089e-9,9.41535e-9,1.12313e-8,9.74466e-9,9.55372e-9,1.22885e-8,1.02146e-8,1.13341e-8,9.87403e-9,9.88684e-9,5.36423e-8,9.95796e-9,1.87313e-8,2.04155e-8,9.6011e-9,1.00807e-8,1.30345e-8,9.68227e-9,9.42815e-9,9.42009e-9,1.00506e-8,9.41264e-9,3.97138e-8,9.4634e-9,1.22714e-8,3.44208e-8,1.04405e-8,1.04798e-8,9.41629e-9,1.62464e-8,1.20923e-8,1.32553e-8,9.8226e-9,1.18895e-8,9.4117e-9,2.22486e-8,9.55815e-9,1.02279e-8,2.02798e-8,1.10985e-8,9.44302e-9,9.48856e-9,1.93203e-8,9.42071e-9,1.25405e-8,1.59444e-8,9.59891e-9,1.08136e-8,1.21504e-8,1.16024e-8,9.97348e-9,1.07309e-8,9.41055e-9,9.41707e-9,9.51696e-9,9.52978e-9,9.41104e-9,1.57159e-8,1.31093e-8,9.42722e-9,1.82177e-8,1.14524e-8,1.61697e-8,1.21496e-8,1.51141e-8,9.51168e-9,9.76638e-9,3.16209e-8,9.43767e-9,1.02781e-8,9.83493e-9,9.55878e-9,5.11752e-8,1.11954e-8,2.49867e-8,1.12179e-8,1.01096e-8,2.26167e-8,1.04368e-8,9.56079e-9,1.89867e-8,9.58239e-9,2.71055e-8,9.52979e-9,9.97083e-9,1.01628e-8,1.1227e-8,9.41136e-9,1.09665e-8,9.40822e-9,9.42246e-9,9.43476e-9,1.03119e-8,1.36777e-8,1.10407e-8,1.1917e-8,9.67096e-9,1.05866e-8,1.12125e-8,1.56287e-8,1.14952e-8,9.57791e-9,1.47343e-8,1.10847e-8,1.96181e-8,1.01028e-8,2.84652e-8,1.09918e-8,1.07491e-8,1.95501e-8,9.79296e-9,1.27094e-8,1.10346e-8,9.4099e-9,1.85219e-8,1.42031e-8,9.62309e-9,1.72835e-8,9.41236e-9,1.49025e-8,1.34739e-8,2.88216e-8,9.49233e-9,2.26771e-8,9.41598e-9,1.01871e-8,9.43911e-9,1.95439e-8,9.84376e-9,9.47901e-9,9.42588e-9,1.0123e-8,3.73863e-8,1.00763e-8,3.0081e-8,9.83618e-9,1.48736e-8,1.02449e-8,9.6879e-9,1.12184e-8,9.56575e-9,1.14142e-8,1.10917e-8,9.41145e-9,1.50744e-8,1.12101e-8,1.42508e-8,1.1538e-8,1.16156e-8,9.92461e-9,9.79091e-9,1.19939e-8,1.03877e-8,1.56176e-8,1.81261e-8,9.40737e-9,3.93638e-8,9.82131e-9,1.20244e-8,1.08656e-8,1.17995e-8,1.4174e-8,9.55076e-9,1.64527e-8,1.29022e-8,9.74103e-9,1.41766e-8,1.03321e-8,1.0962e-8,3.02757e-8,1.7985e-8,1.31533e-8,9.64244e-9,9.40784e-9,9.75056e-9,1.10029e-8,1.19728e-8,1.11201e-8,2.84789e-8,3.7724e-8,9.48931e-9,9.60816e-9,1.04241e-8,4.14271e-8,6.57185e-8,1.47536e-8,2.15212e-8,1.1591e-8,1.00558e-8,9.43081e-9,1.04084e-8,6.5267e-8,1.05652e-8,9.52664e-9,1.01245e-8,1.10235e-8,1.05008e-8,9.42646e-9,1.52311e-8,9.61475e-9,1.23204e-8,4.20201e-8,9.55275e-9,1.61671e-8,9.46455e-9,1.34619e-8,9.86923e-9,1.03162e-8,1.77345e-8,9.68392e-9,9.41172e-9,1.29426e-8,9.41915e-9,9.76613e-9,9.47317e-9,9.61618e-9,1.24119e-8,9.51282e-9,5.192e-8,1.01273e-8,1.0206e-8,9.40763e-9,9.55308e-9,9.86985e-9,1.20804e-8,9.40728e-9,1.78312e-8,1.03722e-8,2.506e-8,1.06363e-8,1.24526e-8,1.02005e-8,9.43962e-9,1.06611e-8,9.41698e-9,9.60443e-9,9.6015e-9,1.16072e-8,1.03569e-8,1.03166e-8,2.46792e-8,1.41765e-8,9.40934e-9,2.97623e-7,9.4084e-9,1.06436e-8,1.15329e-8,1.37652e-8,1.21597e-8,1.09355e-8,2.62929e-8,1.32299e-8,1.54429e-8,1.04224e-8,9.42615e-9,3.03941e-8,9.4109e-9,9.99616e-9,1.1206e-8,1.30385e-8,9.74552e-9,9.55606e-9,9.49023e-9,9.92648e-9,9.86525e-9,3.64158e-8,1.17673e-8,9.7138e-9,1.26159e-8,9.7786e-9,1.0693e-8,1.21131e-8,9.43204e-9,1.33795e-8,1.0063e-8,1.0362e-8,1.06046e-8,9.62118e-9,9.76239e-9,9.63474e-9,9.43213e-9,4.70501e-8,9.83984e-9,9.5714e-9,9.44209e-9,9.91985e-9,9.46479e-9,1.21643e-8,1.65346e-8,7.05239e-8,1.46786e-8,0.0261568,0.00374479,0.00542713,0.00346354,0.0350803,0.0199805,0.00359673,0.0101676,0.00619074,0.0375862,0.0263285,0.00642563,0.0104967,0.0102565,0.0290641,0.0797626,0.00361249,0.0219129,0.00478905,0.00819555,0.0536482,0.00314098,0.0167416,0.010272,0.0126422,0.0244596,0.011023,0.0260081,0.0284475,0.00354093,0.0106462,0.0143771,0.0336306,0.022552,0.00700564,0.0255815,0.141716,0.0259017,0.0201239,0.0230876,0.00316986,0.0148062,0.00390338,0.0124381,0.00441375,0.0135412,0.00293842,0.0193679,0.00362503,0.026656,0.0228941,0.00402027,0.0259332,0.0100593,0.0263322,0.113577,0.0426085,0.0410119,0.00419073,0.027801,0.0493399,0.0281664,0.0496334,0.00432639,0.0259829,0.0150414,0.00347013,0.0381443,0.0328696,0.0163959,0.00597218,0.0159315,0.0381276,0.0219229,0.0262297,0.136912,0.0145274,0.0337834,0.0648866,0.549598,0.0691292,0.00833686,0.0234814,0.0178138,0.0036096,0.00301592,0.013024,0.0589981,0.0367637,0.0148812,0.0266904,0.016085,0.0301799,0.0279675,0.00365956,0.021894,0.0383862,0.0300788,0.0261344,0.0293171,9.9291e-9,9.4221e-9,9.55385e-9,9.44536e-9,1.25182e-8,2.64209e-8,1.08641e-8,9.86632e-9,9.41423e-9,9.4178e-9,9.98548e-9,9.46548e-9,1.02135e-8,1.02278e-8,1.56454e-8,9.59169e-9,9.41285e-9,1.05715e-8,9.46198e-9,1.23209e-8,1.01007e-8,1.06275e-8,3.42838e-8,1.03225e-8,1.11664e-8,2.26993e-8,1.051e-8,9.8012e-9,9.46569e-9,9.48973e-9,9.73961e-9,1.938e-8,9.41011e-9,3.05667e-8,1.18466e-8,1.48711e-8,9.87308e-9,9.81738e-9,4.33835e-8,2.68646e-8,9.58209e-9,9.42383e-9,9.43138e-9,9.77344e-9,1.06702e-8,9.77913e-9,9.54366e-9,2.50882e-8,9.40773e-9,9.57189e-9,9.67292e-9,1.07704e-8,1.03767e-8,9.85539e-9,1.3706e-8,9.57605e-9,1.13756e-8,1.23498e-8,9.41329e-9,1.16617e-8,1.10636e-8,9.49312e-9,9.40767e-9,9.89684e-9,9.5567e-9,9.64896e-9,9.91044e-9,1.23213e-8,9.41682e-9,1.19761e-8,9.48939e-9,2.60947e-8,1.03918e-8,1.13872e-8,1.03568e-8,9.73702e-9,1.4428e-8,9.40901e-9,9.58502e-9,9.61082e-9,9.60001e-9,1.2249e-8,2.12508e-8,2.13707e-8,9.40929e-9,9.5119e-9,1.23718e-8,9.63203e-9,9.40764e-9,2.10836e-8,1.07819e-8,1.46727e-8,9.41454e-9,9.41747e-9,9.44119e-9,9.68408e-9,9.41453e-9,1.34019e-8,9.94901e-9,9.45006e-9,1.00343e-8,2.48779e-8,4.31942e-8,4.00315e-8,1.09203e-8,9.85236e-9,1.53845e-8,9.43157e-9,3.941e-8,9.4071e-9,9.72212e-9,4.40647e-8,9.4538e-9,1.00995e-8,9.62509e-9,1.19272e-8,4.24689e-8,9.44191e-9,2.1145e-8,1.19425e-8,9.75141e-9,1.70066e-8,9.58529e-9,9.99466e-9,9.57133e-9,9.49593e-9,9.89985e-9,1.0241e-8,9.57219e-9,3.88665e-8,1.05884e-8,1.01014e-8,1.02581e-8,9.40743e-9,1.30327e-8,9.47365e-9,1.13146e-8,9.56651e-9,9.55929e-9,9.40741e-9,1.9496e-8,1.55368e-8,2.0994e-8,1.07538e-8,1.35778e-8,9.52444e-9,2.35806e-8,9.93068e-9,5.35523e-8,9.90619e-9,9.42712e-9,1.64612e-8,1.00191e-8,2.21898e-8,1.09926e-8,9.76149e-9,9.81426e-9,1.02566e-8,1.93667e-8,9.4194e-9,9.91093e-9,9.47601e-9,9.70011e-9,9.79674e-9,1.05215e-8,1.11344e-8,1.51526e-8,1.08054e-8,9.43514e-9,1.30398e-8,4.74628e-8,9.41441e-9,1.32054e-8,1.31872e-8,9.52341e-9,9.86671e-9,1.14641e-8,9.4322e-9,1.22894e-8,1.03729e-8,9.61289e-9,1.16005e-8,9.44932e-9,1.01786e-8,4.356e-8,4.37349e-8,1.28809e-8,1.25985e-8,1.10005e-8,9.47787e-9,9.54915e-9,1.13382e-8,1.10365e-8,1.35924e-8,3.67514e-8,1.67289e-8,9.40749e-9,9.46696e-9,1.00438e-8,9.48833e-9,9.60236e-9,1.08479e-8,1.58371e-8,1.18112e-8,1.49438e-8,1.04864e-8,1.191e-8,1.20938e-8,1.70668e-8,1.17965e-8,9.88717e-9,1.67969e-8,1.2132e-8,1.3969e-8,1.12212e-8,5.98185e-8,1.16339e-8,1.17726e-8,1.80777e-8,1.06239e-8,1.46287e-8,1.26472e-8,9.7025e-9,1.35669e-8,1.16793e-8,1.03349e-8,1.30387e-8,9.51914e-9,1.39961e-8,1.35369e-8,1.71926e-8,1.00383e-8,2.00338e-8,9.72813e-9,1.13291e-8,9.77531e-9,3.21353e-8,1.02468e-8,1.00056e-8,9.77888e-9,1.07609e-8,2.73658e-8,1.05698e-8,1.72193e-8,1.05776e-8,1.30623e-8,1.0486e-8,1.05244e-8,1.18416e-8,9.78935e-9,1.21817e-8,1.28034e-8,9.54923e-9,2.0109e-8,1.35253e-8,1.56478e-8,1.34748e-8,1.4052e-8,1.03411e-8,1.04247e-8,1.42359e-8,1.07616e-8,1.52887e-8,1.41338e-8,9.46793e-9,1.93044e-8,1.04286e-8,1.51199e-8,1.11451e-8,1.46869e-8,1.62038e-8,9.41799e-9,2.84115e-8,1.73151e-8,1.02017e-8,1.62207e-8,1.17593e-8,1.11958e-8,8.50216e-8,2.17288e-8,1.42849e-8,1.0319e-8,9.6323e-9,1.06566e-8,1.16159e-8,1.21701e-8,1.32344e-8,1.04095e-7,2.78491e-8,9.44353e-9,1.00294e-8,1.19518e-8,2.69303e-8,5.93461e-8,1.49327e-8,3.98981e-8,1.18733e-8,1.1019e-8,9.59305e-9,1.07333e-8,9.89974e-9,9.43294e-9,9.92316e-9,9.42183e-9,1.06183e-8,9.41615e-9,9.42836e-9,1.33723e-8,1.02375e-8,1.7224e-8,1.03265e-8,1.01047e-8,1.25029e-8,1.97671e-8,9.87217e-9,1.57703e-8,9.41571e-9,1.17086e-8,1.08618e-8,9.43985e-9,1.41578e-8,9.49136e-9,9.58886e-9,1.98352e-8,1.73541e-8,9.47549e-9,1.88403e-8,9.80275e-9,6.06536e-8,9.79796e-9,2.17311e-8,9.49636e-9,3.48324e-8,9.41351e-9,9.40897e-9,9.46536e-9,1.4911e-8,1.10448e-8,9.41438e-9,9.40742e-9,9.45282e-9,1.25377e-8,9.48226e-9,1.94945e-8,9.47638e-9,1.01467e-7,9.45926e-9,9.41438e-9,9.43146e-9,1.06011e-8,1.43803e-8,9.51348e-9,9.6521e-9,1.03981e-8,1.00687e-8,1.92814e-8,1.15631e-8,1.08985e-8,9.54477e-9,1.01501e-8,1.20052e-8,1.29589e-8,3.73955e-8,3.81207e-8,9.83388e-9,1.84851e-8,9.52944e-9,1.07779e-8,1.50864e-8,9.94982e-9,1.00022e-8,1.02021e-8,1.17136e-8,1.04147e-8,1.04841e-8,1.70218e-8,9.48726e-9,1.57246e-8,1.51865e-8,1.91218e-8,1.77166e-8,9.50585e-9,9.41052e-9,9.41311e-9,9.41569e-9,9.52032e-9,9.67177e-9,1.44699e-8,2.31008e-8,1.01451e-8,1.00931e-8,9.53444e-9,2.29462e-8,1.43085e-8,1.00482e-8,1.17187e-8,1.772e-8,1.00932e-8,9.87357e-9,1.32636e-8,2.13201e-8,9.55512e-9,9.48322e-9,9.44062e-9,1.43061e-8,1.2715e-8,9.68031e-9,1.84538e-8,9.4278e-9,1.291e-8,2.43054e-8,9.45948e-9,2.22504e-8,9.41751e-9,2.23274e-8,1.09533e-8,9.48671e-9,2.86179e-8,9.4085e-9,9.75547e-9,1.66296e-8,9.71178e-9,1.08859e-8,9.41303e-9,9.43633e-9,1.73081e-8,9.40728e-9,1.89942e-8,1.06494e-8,9.48039e-9,9.53678e-9,1.04724e-8,1.05704e-8,1.52352e-8,9.85498e-9,2.74162e-8,1.20114e-8,2.15216e-8,1.27746e-8,1.61154e-8,9.45128e-9,9.52616e-9,9.58448e-9,9.49287e-9,9.45091e-9,9.87054e-9,9.99971e-9,1.24061e-8,9.48909e-9,1.72192e-8,1.61946e-8,9.79402e-9,2.47539e-8,9.8604e-9,1.33764e-8,1.31753e-8,2.19509e-8,1.75439e-8,9.68461e-9,4.50269e-7,1.96359e-8,1.52813e-8,1.11899e-8,9.59811e-9,1.5984e-8,9.5322e-9,9.41615e-9,1.47624e-8,1.32648e-8,1.11274e-8,9.46023e-9,1.00877e-8,1.13978e-8,1.1396e-8,3.45049e-8,1.3908e-8,1.10334e-8,1.28486e-8,1.07926e-8,1.22067e-8,1.38953e-8,9.6456e-9,1.72051e-8,1.17789e-8,9.49979e-9,9.5998e-9,1.07967e-8,1.07955e-8,1.02705e-8,9.92188e-9,4.79229e-8,1.13592e-8,1.0132e-8,9.92316e-9,9.41996e-9,1.01364e-8,1.27593e-8,3.97633e-8,2.1448e-8,1.4455e-8,0.0123612,0.00295566,0.00385815,0.00269626,0.00922619,0.00864021,0.00205209,0.00250115,0.0052587,0.0161127,0.011386,0.00492632,0.00242334,0.137676,0.00961848,0.017614,0.00292859,0.00551506,0.00539613,0.00455127,0.00598259,0.00178418,0.00844486,0.13634,0.0911332,0.00974098,0.119235,0.0128483,0.0363949,0.00357046,0.147285,0.00731826,0.0358615,0.0100893,0.00379478,0.0107411,0.0105953,0.0105011,0.00909931,0.0101401,0.0023019,0.0178057,0.00303888,0.112687,0.00273585,0.0699765,0.00266367,0.00845754,0.00300832,0.0128601,0.0059649,0.00222085,0.0120701,0.00569704,0.0085842,0.0109014,0.0081901,0.00931622,0.003318,0.00976972,0.00804691,0.0118078,0.0271787,0.298791,0.0137167,0.0845177,0.0023601,0.00935515,0.015239,0.00657257,0.00446643,0.00875627,0.0105157,0.00774644,0.0100755,0.00807876,0.00650521,0.0165752,0.0182329,0.00219175,0.0101985,0.00475497,0.0105184,0.00795483,0.00295949,0.0029261,0.00574112,0.0169832,0.0450346,0.00826226,0.0105276,0.00690272,0.0525174,0.0239168,0.00361344,0.0112349,0.0167228,0.00959117,0.0123596,0.0130756,0.0081445,0.0514341,0.0857261,0.0696296,0.019252,0.0251058,0.0668036,0.00109101,0.0295563,0.00391017,0.00705576,0.0497404,0.00129981,0.00330207,0.0148715,0.00762988,0.0520306,0.00350715,0.00898305,0.0461983,0.00287297,0.100561,0.0269025,0.00330759,0.0044886,0.0180147,0.00373187,0.00837003,0.00254822,0.0144747,0.00284026,0.0322828,0.00216396,0.0183006,0.0540831,0.0132595,0.00596323,0.00560717,0.0231012,0.017719,0.0571421,0.0126337,0.0498265,0.00379261,0.0468574,0.00208877,0.0192881,0.026171,0.0451947,0.00666902,0.00218912,0.0970728,0.00921808,0.069299,0.0250917,0.00276737,0.00732828,0.0130374,0.0446177,0.00855158,0.00665787,0.00437338,0.00274184,0.00087886,0.00819127,0.0046826,0.0461413,0.0173102,0.00428277,0.0451524,0.0613813,0.0260156,0.0223601,0.0373437,0.00667846,0.00266217,0.0394199,0.00432539,0.0090306,0.000585023,0.00288509,0.0438636,0.0163218,0.0290977,0.048011,0.016039,0.049842,0.0105717,0.00392378,0.0279617,0.00798568,0.0369364,0.00390376,0.0112647,0.0137639,0.0268676,0.00390425,0.0110658,0.00822732,0.00452357,1.11742e-8,2.18066e-8,1.94582e-8,2.5216e-8,9.85839e-9,9.43499e-9,1.23474e-8,9.49531e-9,2.13559e-8,9.57523e-9,1.0569e-8,2.04271e-8,9.46896e-9,9.80565e-9,9.4089e-9,1.05787e-8,2.99985e-8,9.4896e-9,1.74783e-8,1.05978e-8,9.42139e-9,1.29682e-8,9.40856e-9,9.73222e-9,9.46831e-9,9.44666e-9,9.67725e-9,1.15301e-8,9.41009e-9,3.541e-8,1.0093e-8,9.53999e-9,9.70625e-9,9.66804e-9,1.11413e-8,1.00127e-8,1.0165e-8,1.02043e-8,9.416e-9,9.66457e-9,1.62006e-8,1.33068e-8,1.89817e-8,1.0242e-8,1.17555e-8,9.40938e-9,3.72755e-8,9.4562e-9,3.53137e-8,1.08894e-8,9.4973e-9,1.26847e-8,1.1173e-8,1.4528e-8,9.89294e-9,9.43337e-9,9.42602e-9,9.56024e-9,1.85476e-8,9.78103e-9,9.45049e-9,9.92175e-9,9.43327e-9,9.53607e-9,1.19645e-8,1.04955e-8,1.31258e-8,9.80423e-9,9.76022e-9,1.0927e-8,2.05304e-8,9.52573e-9,1.10574e-8,1.09872e-8,1.01229e-8,9.4583e-9,1.01778e-8,9.74149e-9,1.07877e-8,9.68981e-9,9.40775e-9,1.04407e-8,9.92277e-9,9.54549e-9,3.18844e-8,8.6616e-8,1.08813e-8,1.09362e-8,1.01764e-8,9.42983e-9,1.02034e-8,1.00993e-8,1.02237e-8,1.17581e-8,2.65755e-8,1.28562e-8,9.55988e-9,9.47095e-9,1.11928e-8,9.94785e-9,1.00921e-8,5.05801e-8,2.42406e-8,5.66182e-8,1.10873e-8,1.0446e-8,2.39296e-8,9.40731e-9,1.7574e-8,9.47507e-9,9.79115e-9,2.01898e-8,9.4168e-9,9.46394e-9,9.77843e-9,1.07784e-8,4.14048e-8,9.41876e-9,1.32638e-8,1.55484e-8,9.57921e-9,2.59363e-8,1.0194e-8,9.4389e-9,9.43745e-9,9.69276e-9,9.41941e-9,1.03134e-8,9.40764e-9,1.63251e-8,9.66102e-9,1.12697e-8,9.64515e-9,9.47616e-9,1.75908e-8,9.41749e-9,1.05842e-8,9.65943e-9,9.96469e-9,9.47036e-9,6.74502e-8,1.18355e-8,4.63923e-8,9.71728e-9,2.20177e-8,9.41983e-9,2.11377e-8,1.05952e-8,3.41063e-8,1.00841e-8,9.40993e-9,2.3697e-8,9.99032e-9,1.82711e-8,1.14743e-8,9.51139e-9,9.75887e-9,1.03008e-8,3.60242e-8,9.4139e-9,9.8108e-9,9.61367e-9,9.43827e-9,9.41818e-9,1.06798e-8,9.89806e-9,3.14713e-8,1.09052e-8,9.57673e-9,1.42e-8,2.19444e-8,9.75394e-9,1.24164e-8,1.35402e-8,9.55431e-9,9.5954e-9,1.30555e-8,9.58026e-9,1.0983e-8,9.85702e-9,9.45025e-9,1.50128e-8,9.40872e-9,1.1052e-8,3.82033e-8,1.83181e-8,1.47817e-8,1.12161e-8,1.00074e-8,1.0059e-8,9.54879e-9,1.26792e-8,9.99991e-9,1.1327e-8,1.60413e-8,1.36399e-8,9.46928e-9,9.51049e-9,1.00954e-8,9.65073e-9,0.00664522,0.0139645,0.0253154,0.0153864,0.0091574,0.0101587,0.00520062,0.000976478,0.0804738,0.00417586,0.00581163,0.0451595,0.00108548,0.00772661,0.00813733,0.00927387,0.0183153,0.00276332,0.219114,0.00897265,0.00249234,0.00486505,0.0107988,0.00758536,0.00955036,0.00920035,0.00855551,0.00690011,0.00347597,0.129988,0.00658343,0.0106512,0.0032166,0.00965238,0.00797847,0.00830306,0.00567661,0.00481943,0.0102067,0.00948506,0.00856079,0.0569599,0.0128495,0.00947962,0.00674691,0.00326372,0.0160298,0.0102282,0.0214607,0.00588963,0.00206749,0.00578186,0.00712711,0.0203108,0.00989314,0.00290719,0.00505348,0.00744789,0.0136941,0.00606712,0.0047482,0.00419937,0.00351993,0.00163375,0.00701662,0.0121406,0.00694831,0.00874794,0.00443764,0.0108628,0.0362872,0.0112829,0.0129173,0.0117949,0.00530905,0.00261421,0.0101237,0.00457393,0.0112183,0.000639473,0.00292761,0.0093202,0.0093016,0.0103358,0.0191246,0.0436415,0.0100699,0.0124303,0.00661545,0.0113121,0.00605872,0.0102271,0.00697736,0.0239101,0.176627,0.0254629,0.00420879,0.00692498,0.00669027,0.0044416,0.0157422,0.00291861,0.00385902,0.00265987,0.0114914,0.010058,0.00219028,0.00373365,0.00501969,0.0261536,0.0148534,0.00482975,0.00350089,0.0423614,0.0119601,0.0238,0.00286028,0.00769678,0.00476548,0.00493599,0.00921243,0.0018998,0.00955503,0.0428457,0.0438036,0.0117068,0.0428042,0.0162476,0.105506,0.0032664,0.0474105,0.00819083,0.129424,0.0119255,0.00411782,0.0131335,0.0152835,0.0141577,0.0105739,0.0120449,0.00232499,0.0156176,0.00301689,0.0446173,0.00288414,0.122479,0.00253903,0.00980899,0.00291741,0.0168822,0.00920295,0.00237924,0.0151467,0.00599443,0.0103332,0.0201349,0.0111816,0.0120595,0.0032843,0.0126276,0.0111878,0.0169876,0.075428,0.0482187,0.0173121,0.0439632,0.00243097,0.0117963,0.0231572,0.00752009,0.00440898,0.00976953,0.0127003,0.00902829,0.0132787,0.0138509,0.00737705,0.0254831,0.023421,0.00398186,0.0177777,0.00513664,0.0125384,0.00914484,0.00288199,0.00271594,0.00647215,0.0212652,0.0666885,0.00916213,0.0135925,0.00789697,0.0678552,0.02404,0.00331766,0.0121068,0.0274563,0.0122345,0.0157176,0.0189025,9.75325e-9,1.10456e-8,1.45612e-8,1.20087e-8,1.02767e-8,9.41088e-9,1.03951e-8,9.65715e-9,1.90143e-8,9.74995e-9,9.52144e-9,1.64369e-8,9.62885e-9,1.54685e-8,9.4493e-9,1.43202e-8,1.21515e-8,9.53995e-9,3.60034e-8,9.61852e-9,1.02011e-8,1.081e-8,9.51433e-9,1.49211e-8,1.2727e-8,9.41617e-9,1.45345e-8,9.8858e-9,1.10438e-8,1.88867e-8,1.71272e-8,9.40781e-9,1.29336e-8,9.61716e-9,9.92382e-9,9.62693e-9,1.24667e-8,9.41931e-9,9.44552e-9,9.58743e-9,1.05084e-8,3.57745e-8,1.06581e-8,1.85412e-8,9.80923e-9,1.13509e-8,1.15044e-8,9.41534e-9,1.26205e-8,9.53923e-9,9.7169e-9,1.07901e-8,9.86918e-9,1.40941e-8,1.00391e-8,1.06774e-8,9.86255e-9,1.00046e-8,1.04869e-8,9.41672e-9,1.00282e-8,9.4416e-9,1.11648e-8,1.30041e-8,9.98436e-9,2.03342e-8,9.96286e-9,1.02846e-8,9.55335e-9,1.06882e-8,1.55596e-8,9.96616e-9,1.25182e-8,1.11991e-8,9.43661e-9,1.06696e-8,9.78228e-9,9.58305e-9,1.48555e-8,1.17714e-8,1.03138e-8,9.52432e-9,9.73718e-9,9.43967e-9,1.22297e-8,1.51834e-8,1.03502e-8,1.48525e-8,1.51634e-8,9.77734e-9,9.4867e-9,9.80008e-9,1.57099e-8,2.10387e-8,2.10598e-8,1.62052e-8,9.78352e-9,9.42243e-9,9.76745e-9,9.44527e-9,9.44481e-9,1.75308e-8,7.56331e-8,2.31026e-8,1.36742e-8,1.10531e-8,2.06395e-8,9.91399e-9,3.25464e-8,9.64136e-9,9.40776e-9,4.81807e-8,1.00414e-8,1.03574e-8,1.06529e-8,1.45736e-8,2.11104e-8,1.00151e-8,1.8938e-8,1.39983e-8,1.07985e-8,2.54846e-8,1.03048e-8,1.02307e-8,9.67591e-9,1.02482e-8,1.00925e-8,9.50104e-9,1.00534e-8,1.96175e-8,1.10884e-8,1.12615e-8,1.11945e-8,9.73036e-9,1.63549e-8,9.52131e-9,1.38316e-8,9.43218e-9,1.03584e-8,9.74226e-9,1.74711e-8,1.69044e-8,1.62919e-8,1.12152e-8,1.52764e-8,9.84098e-9,1.45539e-8,1.12036e-8,2.15249e-8,9.42658e-9,9.86725e-9,2.5187e-8,9.43776e-9,8.53782e-8,1.38077e-8,1.06692e-8,1.10701e-8,1.21134e-8,1.51648e-8,9.64421e-9,1.12659e-8,9.47218e-9,1.03676e-8,1.01713e-8,9.60648e-9,1.17162e-8,1.54756e-8,1.33916e-8,9.51029e-9,1.93212e-8,5.5189e-8,9.70671e-9,1.95959e-8,2.02406e-8,9.46191e-9,1.09393e-8,1.43435e-8,9.51076e-9,1.52456e-8,1.17929e-8,1.03773e-8,1.32207e-8,9.55051e-9,1.16676e-8,2.07454e-8,1.81241e-8,1.81848e-8,1.60331e-8,1.22466e-8,9.9162e-9,9.4507e-9,1.42019e-8,1.22062e-8,1.61596e-8,2.19882e-8,2.74603e-8,9.65391e-9,1.01696e-8,9.44654e-9,9.45748e-9,0.007519,0.0561299,0.028175,0.0481446,0.0161922,0.0268166,0.153426,0.000934867,0.0148434,0.00330597,0.00643048,0.0212075,0.00112142,0.00256218,0.0140016,0.00538031,0.0377527,0.00306825,0.00555802,0.0790137,0.00237702,0.125812,0.031383,0.00258057,0.00360029,0.0179907,0.00292856,0.00774551,0.00205481,0.00901826,0.0021468,0.0402531,0.00166191,0.0188265,0.0922387,0.0128949,0.00438304,0.00502052,0.0248419,0.0180638,0.115618,0.00815181,0.0652652,0.00284973,0.14236,0.00168314,0.017321,0.0282375,0.0304261,0.00602553,0.00186259,0.105968,0.00862829,0.0274682,0.0223984,0.00223734,0.0062796,0.011178,0.0583465,0.00787219,0.00561056,0.00381003,0.00219459,0.000691882,0.00754973,0.00345976,0.151563,0.0144867,0.00367129,0.0367167,0.0240642,0.0309723,0.0149316,0.0270075,0.00606446,0.00214877,0.0435754,0.00369639,0.00625181,0.00045203,0.0023713,0.0761824,0.0164803,0.0322272,0.0348176,0.0107768,0.0471941,0.00720642,0.00289438,0.0344553,0.00735368,0.0389887,0.00287521,0.00746664,0.00808553,0.0151765,0.00329411,0.0102276,0.00760372,0.00393226,1.07346e-8,9.46568e-9,9.80944e-9,9.40852e-9,1.11852e-8,9.51394e-9,9.44275e-9,1.70916e-8,9.99502e-9,2.7428e-8,1.14734e-8,9.92937e-9,1.51673e-8,1.45288e-8,1.04105e-8,1.57486e-8,9.40728e-9,1.36716e-8,1.0368e-8,9.41419e-9,1.76809e-8,9.50943e-9,9.44784e-9,1.4507e-8,1.33702e-8,9.72069e-9,1.40496e-8,1.05629e-8,1.22821e-7,9.59819e-9,1.58645e-8,9.42117e-9,2.94514e-8,9.45646e-9,9.42134e-9,9.7737e-9,1.5947e-8,1.27347e-8,9.43509e-9,9.49227e-9,9.47205e-9,1.16567e-8,9.52619e-9,1.48761e-8,9.45566e-9,3.2249e-8,9.54298e-9,9.50229e-9,9.40939e-9,1.19547e-8,1.94808e-8,9.53944e-9,1.02661e-8,1.03279e-8,1.04487e-8,2.87788e-8,1.29838e-8,1.17482e-8,9.60747e-9,1.10618e-8,1.36137e-8,1.64666e-8,8.07163e-8,2.03944e-8,1.06167e-8,1.46561e-8,9.52868e-9,1.14214e-8,2.13488e-8,1.01344e-8,9.85476e-9,9.82566e-9,1.20054e-8,1.06566e-8,1.17155e-8,2.28999e-8,9.59393e-9,2.29012e-8,1.5008e-8,2.28781e-8,2.6655e-8,9.4539e-9,9.48117e-9,9.48447e-9,9.4075e-9,9.43498e-9,9.80226e-9,1.4361e-8,1.95739e-8,9.81399e-9,1.10298e-8,9.67473e-9,1.88808e-8,1.33046e-8,9.78682e-9,1.15359e-8,2.89474e-8,1.08449e-8,1.06877e-8,1.70948e-8,0.0748578,0.00250424,0.0029576,0.00219353,0.0285207,0.0220728,0.00254391,0.446775,0.00315094,0.0799512,0.092737,0.00335245,0.435961,0.00480708,0.0455132,0.0122996,0.00228449,0.230469,0.00227465,0.00665843,0.163414,0.00211173,0.0180396,0.00494345,0.00709662,0.0346178,0.00551414,0.0698525,0.0140334,0.00196128,0.00415128,0.0139385,0.00725348,0.0320656,0.00536352,0.0488785,0.0157421,0.119016,0.0238804,0.0337187,0.00219731,0.00581477,0.00267423,0.0049548,0.00335249,0.00716229,0.00193317,0.0208312,0.00225284,0.0860069,0.254423,0.00270624,0.0674901,0.00503336,0.0226538,0.0496471,0.0924356,0.0459007,0.00290396,0.0880529,0.0912955,0.121427,0.0186268,0.00196369,0.0663199,0.00562958,0.00254405,0.0314776,0.0887881,0.0110776,0.00318573,0.0173036,0.0147478,0.0129734,0.108121,0.0552912,0.0121794,0.078731,0.0119725,0.00360289,0.0932151,0.00689568,0.0367856,0.0179536,0.00227796,0.00178158,0.00945267,0.0121703,0.00782093,0.0154752,0.0889844,0.0136357,0.00716748,0.00835336,0.00193618,0.00830172,0.0751758,0.0662434,0.0741192,0.106904,9.58458e-9,2.28573e-8,2.48828e-8,2.65706e-8,1.27192e-8,1.169e-8,5.11513e-8,9.52229e-9,1.69628e-8,9.40849e-9,9.46106e-9,1.99609e-8,9.61599e-9,9.50973e-9,1.05232e-8,1.15171e-8,2.25335e-8,9.6389e-9,1.29835e-8,2.0636e-8,9.99616e-9,7.06785e-8,1.11475e-8,9.47418e-9,9.41761e-9,1.03724e-8,9.44141e-9,9.69768e-9,9.46529e-9,1.44599e-8,9.78354e-9,1.2901e-8,9.90716e-9,9.88443e-9,2.68871e-8,9.50406e-9,1.14222e-8,9.42502e-9,1.08435e-8,9.87006e-9,3.06488e-8,1.20636e-8,2.2479e-8,9.83235e-9,2.9158e-8,9.41222e-9,1.50385e-8,1.19444e-8,2.0984e-8,9.59864e-9,9.4845e-9,5.52839e-8,9.52962e-9,2.26226e-8,1.35133e-8,9.79968e-9,1.0404e-8,1.13599e-8,2.00466e-8,9.5051e-9,1.0474e-8,9.42133e-9,9.58604e-9,9.46688e-9,9.91494e-9,1.00468e-8,2.94048e-8,1.23836e-8,9.41727e-9,1.91827e-8,2.16779e-8,1.03354e-8,1.4416e-8,1.72604e-8,9.40721e-9,9.97816e-9,1.67117e-8,9.41924e-9,1.17643e-8,1.03408e-8,9.6756e-9,1.89217e-8,9.61098e-9,1.27324e-8,2.16568e-8,1.49644e-8,2.08659e-8,1.20985e-8,1.0353e-8,1.07967e-8,9.40762e-9,1.59455e-8,1.03186e-8,1.18548e-8,1.47527e-8,1.52422e-8,9.4093e-9,9.96145e-9,9.58598e-9,9.43338e-9,1.7852e-8,9.46986e-9,9.68126e-9,9.40766e-9,1.45742e-8,1.11542e-8,9.67543e-9,7.09191e-8,9.62833e-9,2.13076e-8,2.303e-8,9.67694e-9,2.33517e-7,1.00156e-8,1.58771e-8,1.30758e-8,9.41667e-9,1.12023e-7,9.6144e-9,9.60006e-9,3.53602e-8,9.75932e-9,9.94829e-9,9.9799e-9,9.67378e-9,1.28291e-8,9.8691e-9,1.64283e-8,1.37101e-8,9.41125e-9,1.04871e-8,9.87079e-9,1.31456e-8,1.1567e-8,9.74445e-9,1.41621e-8,1.50923e-8,3.0401e-8,1.09144e-8,1.18772e-8,9.4272e-9,1.01192e-8,9.50489e-9,1.03189e-8,9.42796e-9,1.1629e-8,9.7093e-9,1.10225e-8,9.41365e-9,2.01875e-8,4.20877e-8,9.84143e-9,1.64177e-8,1.02768e-8,1.29409e-8,2.19409e-8,2.85922e-8,1.81119e-8,9.58344e-9,2.49214e-8,2.83337e-8,2.74726e-8,1.51901e-8,1.07983e-8,1.53519e-8,1.04112e-8,9.41771e-9,1.5281e-8,2.17763e-8,1.12079e-8,9.65887e-9,9.50678e-9,1.26111e-8,1.18055e-8,2.94233e-8,2.40366e-8,1.06228e-8,2.03516e-8,1.26711e-8,1.70587e-8,2.5921e-8,9.50914e-9,1.19991e-8,1.07548e-8,9.41989e-9,9.42693e-9,1.0713e-8,1.25524e-8,1.2169e-8,9.47621e-9,2.3538e-8,1.08918e-8,1.18613e-8,1.10169e-8,9.46181e-9,1.09645e-8,2.07526e-8,2.02712e-8,1.76832e-8,2.45225e-8,0.00483607,0.0393997,0.0163738,0.0336646,0.00622148,0.00880592,0.00565719,0.00061426,0.0208477,0.0025066,0.00412288,0.0199077,0.000696496,0.00319719,0.0061246,0.00392917,0.0514225,0.00182529,0.0106475,0.00987967,0.00148438,0.00498623,0.0103153,0.00321505,0.00454551,0.00746232,0.00370342,0.00504865,0.00180758,0.0414081,0.00251067,0.0105009,0.00146846,0.00816725,0.00840967,0.00654577,0.00278277,0.00330094,0.00897887,0.00793425,0.0166494,0.0104666,0.0337506,0.00346171,0.00878765,0.00165194,0.162188,0.00893921,0.0624755,0.00410859,0.00127509,0.00570624,0.00531677,0.0108904,0.00729048,0.00160329,0.00329136,0.00499808,0.0386768,0.00438514,0.00300739,0.0027091,0.00182294,0.000747344,0.0051019,0.00416019,0.0110873,0.00584971,0.00275168,0.0082051,0.0195093,0.0113033,0.00683477,0.00788818,0.00374028,0.00145861,0.00896007,0.00281239,0.00459275,0.000323072,0.00167504,0.0106168,0.00771874,0.00920779,0.0576511,0.127666,0.00838858,0.00510364,0.00266215,0.0116206,0.00437992,0.00877617,0.00273813,0.00713949,0.0225853,0.00964653,0.00251252,0.00505578,0.00487886,0.00284847,9.85033e-9,9.40831e-9,9.48127e-9,9.41664e-9,1.19661e-8,2.25451e-8,1.06055e-8,9.74246e-9,9.40808e-9,9.40748e-9,9.88681e-9,9.42409e-9,1.00426e-8,1.04746e-8,1.46709e-8,9.50367e-9,9.4079e-9,1.03636e-8,9.52908e-9,1.19385e-8,9.92716e-9,1.03883e-8,3.0443e-8,1.05839e-8,1.1534e-8,2.03424e-8,1.07977e-8,9.73764e-9,9.52937e-9,9.56568e-9,9.89541e-9,1.80348e-8,9.43365e-9,2.78246e-8,1.14802e-8,1.44541e-8,9.72105e-9,9.72408e-9,3.34131e-8,2.46716e-8,9.51404e-9,9.46736e-9,9.41159e-9,9.93742e-9,1.04694e-8,9.93306e-9,9.62609e-9,2.1647e-8,9.41338e-9,9.5218e-9,9.58153e-9,1.05104e-8,1.02808e-8,9.7091e-9,1.29494e-8,9.49878e-9,1.10352e-8,1.18452e-8,9.40721e-9,1.13939e-8,1.07586e-8,9.45058e-9,9.42424e-9,1.00809e-8,9.51931e-9,9.78278e-9,9.79346e-9,1.18029e-8,9.40728e-9,1.15152e-8,9.43796e-9,2.69976e-8,1.01522e-8,1.10052e-8,1.02146e-8,9.62158e-9,1.36087e-8,9.40971e-9,9.49877e-9,9.52063e-9,9.51853e-9,1.19045e-8,2.04467e-8,1.90394e-8,9.41019e-9,9.59299e-9,1.18679e-8,9.53226e-9,9.42597e-9,2.09994e-8,1.06173e-8,1.37868e-8,9.44666e-9,9.40731e-9,9.49439e-9,9.57117e-9,9.40742e-9,1.28667e-8,9.86962e-9,9.42251e-9,9.40741e-9,1.2343e-8,1.29092e-8,1.25965e-8,1.47039e-8,1.83894e-8,2.79916e-8,9.687e-9,1.13424e-8,9.41417e-9,9.43276e-9,1.20464e-8,9.90271e-9,9.43765e-9,1.25381e-8,1.06605e-8,1.20137e-8,1.00386e-8,1.0263e-8,6.99307e-8,1.0209e-8,2.33752e-8,1.77729e-8,9.4603e-9,9.7671e-9,1.30016e-8,9.50455e-9,9.41573e-9,9.41128e-9,1.04585e-8,9.42455e-9,2.92904e-8,9.59333e-9,1.20357e-8,5.50455e-8,1.0437e-8,1.09672e-8,9.44096e-9,1.55086e-8,1.19093e-8,1.4213e-8,1.0177e-8,1.25311e-8,9.42667e-9,2.50978e-8,9.44712e-9,1.0577e-8,1.96717e-8,1.17358e-8,9.41837e-9,9.5829e-9,2.45708e-8,9.43101e-9,1.38853e-8,1.76117e-8,9.77448e-9,1.11625e-8,1.27576e-8,1.21453e-8,1.00698e-8,1.10984e-8,9.41109e-9,9.48207e-9,9.42491e-9,9.49006e-9,9.48118e-9,1.69322e-8,1.40568e-8,9.40747e-9,2.23696e-8,1.2337e-8,1.43166e-8,1.32117e-8,1.74333e-8,9.56456e-9,9.99639e-9,4.18109e-8,9.40878e-9,1.07513e-8,1.01192e-8,9.70703e-9,4.9085e-8,1.10673e-8,2.41899e-8,1.18677e-8,1.051e-8,3.03441e-8,1.09616e-8,9.76786e-9,1.60447e-8,9.63504e-9,3.35383e-8,9.71949e-9,1.03709e-8,1.06188e-8,1.20551e-8,9.41405e-9,1.11435e-8,9.40764e-9,9.40707e-9,9.46972e-9,1.34446e-8,1.31998e-8,1.35009e-8,1.29923e-8,1.49756e-8,3.34389e-8,9.4871e-9,1.14733e-8,9.42513e-9,9.41837e-9,1.22271e-8,9.60497e-9,9.4773e-9,1.13612e-8,1.03373e-8,1.27784e-8,9.68216e-9,1.02903e-8,4.23652e-7,9.8323e-9,2.55473e-8,1.52315e-8,9.51162e-9,9.89828e-9,1.16691e-8,9.5702e-9,9.53848e-9,9.41912e-9,1.06487e-8,9.40854e-9,2.2206e-8,9.48437e-9,1.10503e-8,6.73825e-8,9.91578e-9,1.05183e-8,9.41271e-9,1.33736e-8,1.09533e-8,1.63051e-8,1.01041e-8,1.3823e-8,9.40996e-9,3.96865e-8,9.53159e-9,1.10829e-8,1.56847e-8,1.23772e-8,9.54195e-9,9.44086e-9,2.60233e-8,9.42115e-9,1.37124e-8,1.47227e-8,9.5627e-9,1.04802e-8,1.16124e-8,1.33422e-8,9.68173e-9,1.04511e-8,9.4391e-9,9.4162e-9,9.47328e-9,9.72478e-9,9.44192e-9,2.14642e-8,1.25596e-8,9.46176e-9,1.86098e-8,1.25707e-8,1.32783e-8,1.23931e-8,1.54137e-8,9.42335e-9,9.70645e-9,2.55957e-8,9.47559e-9,1.04314e-8,9.8289e-9,9.51494e-9,1.34303e-7,1.0365e-8,1.8003e-8,1.25912e-8,1.07994e-8,2.33659e-8,1.06145e-8,9.62481e-9,1.48485e-8,9.44754e-9,2.23775e-8,9.59351e-9,1.01991e-8,1.07679e-8,1.17441e-8,9.42506e-9,1.04095e-8,9.46814e-9,9.46443e-9,0.5,0.5,0.5,0.5,0.5,0.5,0.5,0.5,0.5,0.5,0.5,0.5,0.5,0.5,0.5,0.5,0.5,0.5,0.5,0.5,0.5,0.5,0.5,0.5,0.5,0.5,0.5,0.5,0.5,0.5,0.5,0.5,0.5,0.5,0.5,0.5,0.5,0.5,0.5,0.5,0.5,0.5,0.5,0.5,0.5,0.5,0.5,0.5,0.5,0.5,0.5,0.5,0.5,0.5,0.5,0.5,0.5,0.5,0.5,0.5,0.5,0.5,0.5,0.5,0.5,0.5,0.5,0.5,0.5,0.5,0.5,0.5,0.5,0.5,0.5,0.5,0.5,0.5,0.5,0.5,0.5,0.5,0.5,0.5,0.5,0.5,0.5,0.5,0.5,0.5,0.5,0.5,0.5,0.5,0.5,0.5,0.5,0.5,0.5,0.5,0.5,0.5,0.5,0.5,0.5,0.5,0.5,0.5,0.5,0.5,0.5,0.5,0.5,0.5,0.5,0.5,0.5,0.5,0.5,0.5,0.5,0.5,0.5,0.5,0.5,0.5,0.5,0.5,0.5,0.5,0.5,0.5,0.5,0.5,0.5,0.5,0.5,0.5,0.5,0.5,0.5,0.5,0.5,0.5,0.5,0.5,0.5,0.5,0.5,0.5,0.5,0.5,0.5,0.5,0.5,0.5,0.5,0.5,0.5,0.5,0.5,0.5,0.5,0.5,0.5,0.5,0.5,0.5,0.5,0.5,0.5,0.5,0.5,0.5,0.5,0.5,0.5,0.5,0.5,0.5,0.5,0.5,0.5,0.5,0.5,0.5,0.5,0.5,0.5,0.5,0.5,0.5,0.5,0.5,0.5,0.5,0.5,0.5,0.5,0.5,0.5,0.5,0.5,0.5,0.5,0.5,0.5,0.5,0.5,0.5,0.5,0.5,0.5,0.5,0.5,0.5,0.5,0.5,0.5,0.5,0.5,0.5,0.5,0.5,0.5,0.5,0.5,0.5,0.5,0.5,0.5,0.5,0.5,0.5,0.5,0.5,0.5,0.5,0.5,0.5,0.5,0.5,0.5,0.5,0.5,0.5,0.5,0.5,0.5,0.5,0.5,0.5,0.5,0.5,0.5,0.5,0.5,0.5,0.5,0.5,0.5,0.5,0.5,0.5,0.5,0.5,0.5,0.5,0.5,0.5,0.5,0.5,0.5,0.5,0.5,0.5,0.5,0.5,0.5,0.5,0.5,0.5,0.5,0.5,0.5,0.5,0.5,0.5,0.5,0.5,0.5,0.5,0.5,0.5,0.5,0.5,0.5,0.5,0.5,0.5,0.5,0.5,0.5,0.5,0.5,0.5,0.5,0.5,0.5,0.5,0.5,0.5,0.5,0.5,0.5,0.5,0.5,0.5,0.5,0.5,0.5,0.5,0.5,0.5,0.5,0.5,0.5,0.5,0.5,0.5,0.5,0.5,0.5,0.5,0.5,0.5,0.5,0.5,0.5,0.5,0.5,0.5,0.5,0.5,0.5,0.5,0.5,0.5,0.5,0.5,0.5,0.5,0.5,0.5,0.5,0.5,0.5,0.5,0.5,0.5,0.5,0.5,0.5,0.5,0.5,0.5,0.5,0.5,0.5,0.5,0.5,0.5,0.5,0.5,0.5,0.5,0.5,0.5,0.5,0.5,0.5,0.5,0.5,0.5,0.5,0.5,0.5,0.5,0.5,0.5,0.5,0.5,0.5,0.5,0.5,0.5,0.5,0.5,0.5,0.5,0.5,0.5,0.5,0.5,0.5,0.5,0.5,0.5,0.5,0.5,0.5,0.5,0.5,0.5,0.5,0.5,0.5,0.5,0.5,0.5,0.5,0.5,0.5,0.5,0.5,0.5,0.5,0.5,0.5,0.5,0.5,0.5,0.5,0.5,0.5,0.5,0.5,0.5,0.5,0.5,0.5,0.5,0.5,0.5,0.5,0.5,0.5,0.5,0.5,0.5,0.5,0.5,0.5,0.5,0.5,0.5,0.5,0.5,0.5,0.5,0.5,0.5,0.5,0.5,0.5,0.5,0.5,0.5,0.5,0.5,0.5,0.5,0.5,0.5,0.5,0.5,0.5,0.5,0.5,0.5,0.5,0.5,0.5,0.5,0.5,0.5,0.5,0.5,0.5,0.5,0.5,0.5,0.5,0.5,0.5,0.5,0.5,0.5,0.5,0.5,0.5,0.5,0.5,0.5,0.5,0.5,0.5,0.5,0.5,0.5,0.5,0.5,0.5,0.5,0.5,0.5,0.5,0.5,0.5,0.5,0.5,0.5,0.5,0.5,0.5,0.5,0.5,0.5,0.5,0.5,0.5,0.5,0.5,0.5,0.5,0.5,0.5,0.5,0.5,0.5,0.5,0.5,0.5,0.5,0.5,0.5,0.5,0.5,0.5,0.5,0.5,0.5,0.5,0.5,0.5,0.5,0.5,0.5,0.5,0.5,0.5,0.5,0.5,0.5,0.5,0.5,0.5,0.5,0.5,0.5,0.5,0.5,0.5,0.5,0.5,0.5,0.5,0.5,0.5,0.5,0.5,0.5,0.5,0.5,0.5,0.5,0.5,0.5,0.5,0.5,0.5,0.5,0.5,0.5,0.5,0.5,0.5,0.5,0.5,0.5,0.5,0.5,0.5,0.5,0.5,0.5,0.5,0.5,0.5,0.5,0.5,0.5,0.5,0.5,0.5,0.5,0.5,0.5,0.5,0.5,0.5,0.5,0.5,0.5,0.5,0.5,0.5,0.5,0.5,0.5,0.5,0.5,0.5,0.5,0.5,0.5,0.5,0.5,0.5,0.5,0.5,0.5,0.5,0.5,0.5,0.5,0.5,0.5,0.5,0.5,0.5,0.5,0.5,0.5,0.5,0.5,0.5,0.5,0.5,0.5,0.5,0.5,0.5,0.5,0.5,0.5,0.5,0.5,0.5,0.5,0.5,0.5,0.5,0.5,0.5,0.5,0.5,0.5,0.5,0.5,0.5,0.5,0.5,0.5,0.5,0.5,0.5,0.5,0.5,0.5,0.5,0.5,0.5,0.5,0.5,0.5,0.5,0.5,0.5,0.5,0.5,0.5,0.5,0.5,0.5,0.5,0.5,0.5,0.5,0.5,0.5,0.5,0.5,0.5,0.5,0.5,0.5,0.5,0.5,0.5,0.5,0.5,0.5,0.5,0.5,0.5,0.5,0.5,0.5,0.5,0.5,0.5,0.5,0.5,0.5,0.5,0.5,0.5,0.5,0.5,0.5,0.5,0.5,0.5,0.5,0.5,0.5,0.5,0.5,0.5,0.5,0.5,0.5,0.5,0.5,0.5,0.5,0.5,0.5,0.5,0.5,0.5,0.5,0.5,0.5,0.5,0.5,0.5,0.5,0.5,0.5,0.5,0.5,0.5,0.5,0.5,0.5,0.5,0.5,0.5,0.5,0.5,0.5,0.5,0.5,0.5,0.5,0.5,0.5,0.5,0.5,0.5,0.5,0.5,0.5,0.5,0.5,0.5,0.5,0.5,0.5,0.5,0.5,0.5,0.5,0.5,0.5,0.5,0.5,0.5,0.5,0.5,0.5,0.5,0.5,0.5,0.5,0.5,0.5,0.5,0.5,0.5,0.5,0.5,0.5,0.5,0.5,0.5,0.5,0.5,0.5,0.5,0.5,0.5,0.5,0.5,0.5,0.5,0.5,0.5,0.5,0.5,0.5,0.5,0.5,0.5,0.5,0.5,0.5,0.5,0.5,0.5,0.5,0.5,0.5,0.5,0.5,0.5,0.5,0.5,0.5,0.5,0.5,0.5,0.5,0.5,0.5,0.5,0.5,0.5,0.5,0.5,0.5,0.5,0.5,0.5,0.5,0.5,0.5,0.5,0.5,0.5,0.5,0.5,0.5,0.5,0.5,0.5,0.5,0.5,0.5,0.5,0.5,0.5,0.5,0.5,0.5,0.5,0.5,0.5,0.5,0.5,0.5,0.5,0.5,0.5,0.5,0.5,0.5,0.5,0.5,0.5,0.5,0.5,0.5,0.5,0.5,0.5,0.5,0.5,0.5,0.5,0.5,0.5,0.5,0.5,0.5,0.5,0.5,0.5,0.5,0.5,0.5,0.5,0.5,0.5,0.5,0.5,0.5,0.5,0.5,0.5,0.5,0.5,0.5,0.5,0.5,0.5,0.5,0.5,0.5,0.5,0.5,0.5,0.5,0.5,0.5,0.5,0.5,0.5,0.5,0.5,0.5,0.5,0.5,0.5,0.5,0.5,0.5,0.5,0.5,0.5,0.5,0.5,0.5,0.5,0.5,0.5,0.5,0.5,0.5,0.5,0.5,0.5,0.5,0.5,0.5,0.5,0.5,0.5,0.5,0.5,0.5,0.5,0.5,0.5,0.5,0.5,0.5,0.5,0.5,0.5,0.5,0.5,0.5,0.5,0.5,0.5,0.5,0.5,0.5,0.5,0.5,0.5,0.5,0.5,0.5,0.5,0.5,0.5,0.5,0.5,0.5,0.5,0.5,0.5,0.5,0.5,0.5,0.5,0.5,0.5,0.5,0.5,0.5,0.5,0.5,0.5,0.5,0.5,0.5,0.5,0.5,0.5,0.5,0.5,0.5,0.5,0.5,0.5,0.5,0.5,0.5,0.5,0.5,0.5,0.5,0.5,0.5,0.5,0.5,0.5,0.5,0.5,0.5,0.5,0.5,0.5,0.5,0.5,0.5,0.5,0.5,0.5,0.5,0.5,0.5,0.5,0.5,0.5,0.5,0.5,0.5,0.5,0.5,0.5,0.5,0.5,0.5,0.5,0.5,0.5,0.5,0.5,0.5,0.5,0.5,0.5,0.5,0.5,0.5,0.5,0.5,0.5,0.5,0.5,0.5,0.5,0.5,0.5,0.5,0.5,0.5,0.5,0.5,0.5,0.5,0.5,0.5,0.5,0.5,0.5,0.5,0.5,0.5,0.5,0.5,0.5,0.5,0.5,0.5,0.5,0.5,0.5,0.5,0.5,0.5,0.5,0.5,0.5,0.5,0.5,0.5,0.5,0.5,0.5,0.5,0.5,0.5,0.5,0.5,0.5,0.5,0.5,0.5,0.5,0.5,0.5,0.5,0.5,0.5,0.5,0.5,0.5,0.5,0.5,0.5,0.5,0.5,0.5,0.5,0.5,0.5,0.5,0.5,0.5,0.5,0.5,0.5,0.5,0.5,0.5,0.5,0.5,0.5,0.5,0.5,0.5,0.5,0.5,0.5,0.5,0.5,0.5,0.5,0.5,0.5,0.5,0.5,0.5,0.5,0.5,0.5,0.5,0.5,0.5,0.5,0.5,0.5,0.5,0.5,0.5,0.5,0.5,0.5,0.5,0.5,0.5,0.5,0.5,0.5,0.5,0.5,0.5,0.5,0.5,0.5,0.5,0.5,0.5,0.5,0.5,0.5,0.5,0.5,0.5,0.5,0.5,0.5,0.5,0.5,0.5,0.5,0.5,0.5,0.5,0.5,0.5,0.5,0.5,0.5,0.5,0.5,0.5,0.5,0.5,0.5,0.5,0.5,0.5,0.5,0.5,0.5,0.5,0.5,0.5,0.5,0.5,0.5,0.5,0.5,0.5,0.5,0.5,0.5,0.5,0.5,0.5,0.5,0.5,0.5,0.5,0.5,0.5,0.5,0.5,0.5,0.5,0.5,0.5,0.5,0.5,0.5,0.5,0.5,0.5,0.5,0.5,0.5,0.5,0.5,0.5,0.5,0.5,0.5,0.5,0.5,0.5,0.5,0.5,0.5,0.5,0.5,0.5,0.5,0.5,0.5,0.5,0.5,0.5,0.5,0.5,0.5,0.5,0.5,0.5,0.5,0.5,0.5,0.5,0.5,0.5,0.5,0.5,0.5,0.5,0.5,0.5,0.5,0.5,0.5,0.5,0.5,0.5,0.5,0.5,0.5,0.5,0.5,0.5,0.5,0.5,0.5,0.5,0.5,0.5,0.5,0.5,0.5,0.5,0.5,0.5,0.5,0.5,0.5,0.5,0.5,0.5,0.5,0.5,0.5,0.5,0.5,0.5,0.5,0.5,0.5,0.5,0.5,0.5,0.5,0.5,0.5,0.5,0.5,0.5,0.5,0.5,0.5,0.5,0.5,0.5,0.5,0.5,0.5,0.5,0.5,0.5,0.5,0.5,0.5,0.5,0.5,0.5,0.5,0.5,0.5,0.5,0.5,0.5,0.5,0.5,0.5,0.5,0.5,0.5,0.5,0.5,0.5,0.5,0.5,0.5,0.5,0.5,0.5,0.5,0.5,0.5,0.5,0.5,0.5,0.5,0.5,0.5,0.5,0.5,0.5,0.5,0.5,0.5,0.5,0.5,0.5,0.5,0.5,0.5,0.5,0.5,0.5,0.5,0.5,0.5,0.5,0.5,0.5,0.5,0.5,0.5,0.5,0.5,0.5,0.5,0.5,0.5,0.5,0.5,0.5,0.5,0.5,0.5,0.5,0.5,0.5,0.5,0.5,0.5,0.5,0.5,0.5,0.5,0.5,0.5,0.5,0.5,0.5,0.5,0.5,0.5,0.5,0.5,0.5,0.5,0.5,0.5,0.5,0.5,0.5,0.5,0.5,0.5,0.5,0.5,0.5,0.5,0.5,0.5,0.5,0.5,0.5,0.5,0.5,0.5,0.5,0.5,0.5,0.5,0.5,0.5,0.5,0.5,0.5,0.5,0.5,0.5,0.5,0.5,0.5,0.5,0.5,0.5,0.5,0.5,0.5,0.5,0.5,0.5,0.5,0.5,0.5,0.5,0.5,0.5,0.5,0.5,0.5,0.5,0.5,0.5,0.5,0.5,0.5,0.5,0.5,0.5,0.5,0.5,0.5,0.5,0.5,0.5,0.5,0.5,0.5,0.5,0.5,0.5,0.5,0.5,0.5,0.5,0.5,0.5,0.5,0.5,0.5,0.5,0.5,0.5,0.5,0.5,0.5,0.5,0.5,0.5,0.5,0.5,0.5,0.5,0.5,0.5,0.5,0.5,0.5,0.5,0.5,0.5,0.5,0.5,0.5,0.5,0.5,0.5,0.5,0.5,0.5,0.5,0.5,0.5,0.5,0.5,0.5,0.5,0.5,0.5,0.5,0.5,0.5,0.5,0.5,0.5,0.5,0.5,0.5,0.5,0.5,0.5,0.5,0.5,0.5,0.5,0.5,0.5,0.5,0.5,0.5,0.5,0.5,0.5,0.5,0.5,0.5,0.5,0.5,0.5,0.5,0.5,0.5,0.5,0.5,0.5,0.5,0.5,0.5,0.5,0.5,0.5,0.5,0.5,0.5,0.5,0.5,0.5,0.5,0.5,0.5,0.5,0.5,0.5,0.5,0.5,0.5,0.5,0.5,0.5,0.5,0.5,0.5,0.5,0.5,0.5,0.5,0.5,0.5,0.5,0.5,0.5,0.5,0.5,0.5,0.5,0.5,0.5,0.5,0.5,0.5,0.5,0.5,0.5,0.5,0.5,0.5,0.5,0.5,0.5,0.5,0.5,0.5,0.5,0.5,0.5,0.5,0.5,0.5,0.5,0.5,0.5,0.5,0.5,0.5,0.5,0.5,0.5,0.5,0.5,0.5,0.5,0.5,0.5,0.5,0.5,0.5,0.5,0.5,0.5,0.5,0.5,0.5,0.5,0.5,0.5,0.5,0.5,0.5,0.5,0.5,0.5,0.5,0.5,0.5,0.5,0.5,0.5,0.5,0.5,0.5,0.5,0.5,0.5,0.5,0.5,0.5,0.5,0.5,0.5,0.5,0.5,0.5,0.5,0.5,0.5,0.5,0.5,0.5,0.5,0.5,0.5,0.5,0.5,0.5,0.5,0.5,0.5,0.5,0.5,0.5,0.5,0.5,0.5,0.5,0.5,0.5,0.5,0.5,0.5,0.5,0.5,0.5,0.5,0.5,0.5,0.5,0.5,0.5,0.5,0.5,0.5,0.5,0.5,0.5,0.5,0.5,0.5,0.5,0.5,0.5,0.5,0.5,0.5,0.5,0.5,0.5,0.5,0.5,0.5,0.5,0.5,0.5,0.5,0.5,0.5,0.5,0.5,0.5,0.5,0.5,0.5,0.5,0.5,0.5,0.5,0.5,0.5,0.5,0.5,0.5,0.5,0.5,0.5,0.5,0.5,0.5,0.5,0.5,0.5,0.5,0.5,0.5,0.5,0.5,0.5,0.5,0.5,0.5,0.5,0.5,0.5,0.5,0.5,0.5,0.5,0.5,0.5,0.5,0.5,0.5,0.5,0.5,0.5,0.5,0.5,0.5,0.5,0.5,0.5,0.5,0.5,0.5,0.5,0.5,0.5,0.5,0.5,0.5,0.5,0.5,0.5,0.5,0.5,0.5,0.5,0.5,0.5,0.5,0.5,0.5,0.5,0.5,0.5,0.5,0.5,0.5,0.5,0.5,0.5,0.5,0.5,0.5,0.5,0.5,0.5,0.5,0.5,0.5,0.5,0.5,0.5,0.5,0.5,0.5,0.5,0.5,0.5,0.5,0.5,0.5,0.5,0.5,0.5,0.5,0.5,0.5,0.5,0.5,0.5,0.5,0.5,0.5,0.5,0.5,0.5,0.5,0.5,0.5,0.5,0.5,0.5,0.5,0.5,0.5,0.5,0.5,0.5,0.5,0.5,0.5,0.5,0.5,0.5,0.5,0.5,0.5,0.5,0.5,0.5,0.5,0.5,0.5,0.5,0.5,0.5,0.5,0.5,0.5,0.5,0.5,0.5,0.5,0.5,0.5,0.5,0.5,0.5,0.5,0.5,0.5,0.5,0.5,0.5,0.5,0.5,0.5,0.5,0.5,0.5,0.5,0.5,0.5,0.5,0.5,0.5,0.5,0.5,0.5,0.5,0.5,0.5,0.5,0.5,0.5,0.5,0.5,0.5,0.5,0.5,0.5,0.5,0.5,0.5,0.5,0.5,0.5,0.5,0.5,0.5,0.5,0.5,0.5,0.5,0.5,0.5,0.5,0.5,0.5,0.5,0.5,0.5,0.5,0.5,0.5,0.5,0.5,0.5,0.5,0.5,0.5,0.5,0.5,0.5,0.5,0.5,0.5,0.5,0.5,0.5,0.5,0.5,0.5,0.5,0.5,0.5,0.5,0.5,0.5,0.5,0.5,0.5,0.5,0.5,0.5,0.5,0.5,0.5,0.5,0.5,0.5,0.5,0.5,0.5,0.5,0.5,0.5,0.5,0.5,0.5,0.5,0.5,0.5,0.5,0.5,0.5,0.5,0.5,0.5,0.5,0.5,0.5,0.5,0.5,0.5,0.5,0.5,0.5,0.5,0.5,0.5,0.5,0.5,0.5,0.5,0.5,0.5,0.5,0.5,0.5,0.5,0.5,0.5,0.5,0.5,0.5,0.5,0.5,0.5,0.5,0.5,0.5,0.5,0.5,0.5,0.5,0.5,0.5,0.5,0.5,0.5,0.5,0.5,0.5,0.5,0.5,0.5,0.5,0.5,0.5,0.5,0.5,0.5,0.5,0.5,0.5,0.5,0.5,0.5,0.5,0.5,0.5,0.5,0.5,0.5,0.5,0.5,0.5,0.5,0.5,0.5,0.5,0.5,0.5,0.5,0.5,0.5,0.5,0.5,0.5,0.5,0.5,0.5,0.5,0.5,0.5,0.5,0.5,0.5,0.5,0.5,0.5,0.5,0.5,0.5,0.5,0.5,0.5,0.5,0.5,0.5,0.5,0.5,0.5,0.5,0.5,0.5,0.5,0.5,0.5,0.5,0.5,0.5,0.5,0.5,0.5,0.5,0.5,0.5,0.5,0.5,0.5,0.5,0.5,0.5,0.5,0.5,0.5,0.5,0.5,0.5,0.5,0.5,0.5,0.5,0.5,0.5,0.5,0.5,0.5,0.5,0.5,0.5,0.5,0.5,0.5,0.5,0.5,0.5,0.5,0.5,0.5,0.5,0.5,0.5,0.5,0.5,0.5,0.5,0.5,0.5,0.5,0.5,0.5,0.5,0.5,0.5,0.5,0.5,0.5,0.5,0.5,0.5,0.5,0.5,0.5,0.5,0.5,0.5,0.5,0.5,0.5,0.5,0.5,0.5,0.5,0.5,0.5,0.5,0.5,0.5,0.5,0.5,0.5,0.5,0.5,0.5,0.5,0.5,0.5,0.5,0.5,0.5,0.5,0.5,0.5,0.5,0.5,0.5,0.5,0.5,0.5,0.5,0.5,0.5,0.5,0.5,0.5,0.5,0.5,0.5,0.5,0.5,0.5,0.5,0.5,0.5,0.5,0.5,0.5,0.5,0.5,0.5,0.5,0.5,0.5,0.5,0.5,0.5,0.5,0.5,0.5,0.5,0.5,0.5,0.5,0.5,0.5,0.5,0.5,0.5,0.5,0.5,0.5,0.5,0.5,0.5,0.5,0.5,0.5,0.5,0.5,0.5,0.5,0.5,0.5,0.5,0.5,0.5,0.5,0.5,0.5,0.5,0.5,0.5,0.5,0.5,0.5,0.5,0.5,0.5,0.5,0.5,0.5,0.5,0.5,0.5,0.5,0.5,0.5,0.5,0.5,0.5,0.5,0.5,0.5,0.5,0.5,0.5,0.5,0.5,0.5,0.5,0.5,0.5,0.5,0.5,0.5,0.5,0.5,0.5,0.5,0.5,0.5,0.5,0.5,0.5,0.5,0.5,0.5,0.5,0.5,0.5,0.5,0.5,0.5,0.5,0.5,0.5,0.5,0.5,0.5,0.5,0.5,0.5,0.5,0.5,0.5,0.5,0.5,0.5,0.5,0.5,0.5,0.5,0.5,0.5,0.5,0.5,0.5,0.5,0.5,0.5,0.5,0.5,0.5,0.5,0.5,0.5,0.5,0.5,0.5,0.5,0.5,0.5,0.5,0.5,0.5,0.5,0.5,0.5,0.5,0.5,0.5,0.5,0.5,0.5,0.5,0.5,0.5,0.5,0.5,0.5,0.5,0.5,0.5,0.5,0.5,0.5,0.5,0.5,0.5,0.5,0.5,0.5,0.5,0.5,0.5,0.5,0.5,0.5,0.5,0.5,0.5,0.5,0.5,0.5,0.5,0.5,0.5,0.5,0.5,0.5,0.5,0.5,0.5,0.5,0.5,0.5,0.5,0.5,0.5,0.5,0.5,0.5,0.5,0.5,0.5,0.5,0.5,0.5,0.5,0.5,0.5,0.5,0.5,0.5,0.5,0.5,0.5,0.5,0.5,0.5,0.5,0.5,0.5,0.5,0.5,0.5,0.5,0.5,0.5,0.5,0.5,0.5,0.5,0.5,0.5,0.5,0.5,0.5,0.5,0.5,0.5,0.5,0.5,0.5,0.5,0.5,0.5,0.5,0.5,0.5,0.5,0.5,0.5,0.5,0.5,0.5,0.5,0.5,0.5,0.5,0.5,0.5,0.5,0.5,0.5,0.5,0.5,0.5,0.5,0.5,0.5,0.5,0.5,0.5,0.5,0.5,0.5,0.5,0.5,0.5,0.5,0.5,0.5,0.5,0.5,0.5,0.5,0.5,0.5,0.5,0.5,0.5,0.5,0.5,0.5,0.5,0.5,0.5,0.5,0.5,0.5,0.5,0.5,0.5,0.5,0.5,0.5,0.5,0.5,0.5,0.5,0.5,0.5,0.5,0.5,0.5,0.5,0.5,0.5,0.5,0.5,0.5,0.5,0.5,0.5,0.5,0.5,0.5,0.5,0.5,0.5,0.5,0.5,0.5,0.5,0.5,0.5,0.5,0.5,0.5,0.5,0.5,0.5,0.5,0.5,0.5,0.5,0.5,0.5,0.5,0.5,0.5,0.5,0.5,0.5,0.5,0.5,0.5,0.5,0.5,0.5,0.5,0.5,0.5,0.5,0.5,0.5,0.5,0.5,0.5,0.5,0.5,0.5,0.5,0.5,0.5,0.5,0.5,0.5,0.5,0.5,0.5,0.5,0.5,0.5,0.5,0.5,0.5,0.5,0.5,0.5,0.5,0.5,0.5,0.5,0.5,0.5,0.5,0.5,0.5,0.5,0.5,0.5,0.5,0.5,0.5,0.5,0.5,0.5,0.5,0.5,0.5,0.5,0.5,0.5,0.5,0.5,0.5,0.5,0.5,0.5,0.5,0.5,0.5,0.5,0.5,0.5,0.5,0.5,0.5,0.5,0.5,0.5,0.5,0.5,0.5,0.5,0.5,0.5,0.5,0.5,0.5,0.5,0.5,0.5,0.5,0.5,0.5,0.5,0.5,0.5,0.5,0.5,0.5,0.5,0.5,0.5,0.5,0.5,0.5,0.5,0.5,0.5,0.5,0.5,0.5,0.5,0.5,0.5,0.5,0.5,0.5,0.5,0.5,0.5,0.5,0.5,0.5,0.5,0.5,0.5,0.5,0.5,0.5,0.5,0.5,0.5,0.5,0.5,0.5,0.5,0.5,0.5,0.5,0.5,0.5,0.5,0.5,0.5,0.5,0.5,0.5,0.5,0.5,0.5,0.5,0.5,0.5,0.5,0.5,0.5,0.5,0.5,0.5,0.5,0.5,0.5,0.5,0.5,0.5,0.5,0.5,0.5,0.5,0.5,0.5,0.5,0.5,0.5,0.5,0.5,0.5,0.5,0.5,0.5,0.5,0.5,0.5,0.5,0.5,0.5,0.5,0.5,0.5,0.5,0.5,0.5,0.5,0.5,0.5,0.5,0.5,0.5,0.5,0.5,0.5,0.5,0.5,0.5,0.5,0.5,0.5,0.5,0.5,0.5,0.5,0.5,0.5,0.5,0.5,0.5,0.5,0.5,0.5,0.5,0.5,0.5,0.5,0.5,0.5,0.5,0.5,0.5,0.5,0.5,0.5,0.5,0.5,0.5,0.5,0.5,0.5,0.5,0.5,0.5,0.5,0.5,0.5,0.5,0.5,0.5,0.5,0.5,0.5,0.5,0.5,0.5,0.5,0.5,0.5,0.5,0.5,0.5,0.5,0.5,0.5,0.5,0.5,0.5,0.5,0.5,0.5,0.5,0.5,0.5,0.5,0.5,0.5,0.5,0.5,0.5,0.5,0.5,0.5,0.5,0.5,0.5,0.5,0.5,0.5,0.5,0.5,0.5,0.5,0.5,0.5,0.5,0.5,0.5,0.5,0.5,0.5,0.5,0.5,0.5,0.5,0.5,0.5,0.5,0.5,0.5,0.5,0.5,0.5,0.5,0.5,0.5,0.5,0.5,0.5,0.5,0.5,0.5,0.0]
