#SOLVERNAME# PAJ_SUBOPT-2-10_CBC_MOSEK
#SOLVER# Pajarito.PajaritoSolver(2,3600.0,1.0e-5,false,Cbc.CbcMathProgSolverInterface.CbcSolver(Any[(:logLevel,0),(:ratioGap,0.0),(:seconds,3600.0)]),Cbc.CbcMathProgSolverInterface.CbcSolver(Any[(:logLevel,0),(:ratioGap,0.1),(:seconds,120)]),2,false,true,Mosek.MosekMathProgSolverInterface.MosekSolver(Any[(:LOG,0),(:NUM_THREADS,1),(:OPTIMIZER_MAX_TIME,120.0)]),true,false,false,true,false,true,false,true,true,true,true,false,false,true,false,false,false,false,1.0e-10,0.0001,1.0e-6,0.01,1.0e-6)
#FILENAME# sssd-strong-25-8.cbf.gz
#INSTANCE# sssd-strong-25-8
#TIMELIMIT# 3600.0
#STATUS# UserLimit
#OBJVAL# 500773.23621847515
#OBJBOUND# 500737.9109654951
#TIMESOLVER# 3607.1269488334656
#TIMEALL# 3607.12725687027
#SOLUTION# [0.0,0.0,0.0,0.0,0.0,1.0,0.0,0.0,0.0,0.0,0.0,1.0,0.0,0.0,0.0,0.0,0.0,1.0,0.0,0.0,0.0,0.0,0.0,0.0,0.0,1.0,0.0,0.0,0.0,0.0,0.0,0.0,0.0,0.0,0.0,0.0,0.0,1.0,0.0,0.0,0.0,0.0,0.0,0.0,0.0,0.0,0.0,1.0,0.0,0.0,0.0,0.0,1.0,0.0,0.0,0.0,0.0,0.0,1.0,0.0,0.0,0.0,0.0,0.0,0.0,0.0,1.0,0.0,0.0,0.0,0.0,0.0,1.0,0.0,0.0,0.0,0.0,0.0,0.0,0.0,1.0,0.0,0.0,0.0,0.0,0.0,0.0,0.0,0.0,0.0,0.0,0.0,0.0,0.0,1.0,0.0,0.0,0.0,0.0,1.0,0.0,0.0,0.0,0.0,0.0,0.0,1.0,0.0,0.0,0.0,0.0,0.0,0.0,0.0,0.0,1.0,0.0,0.0,0.0,0.0,0.0,0.0,0.0,0.0,0.0,1.0,0.0,0.0,0.0,0.0,0.0,0.0,0.0,1.0,0.0,0.0,0.0,0.0,0.0,0.0,0.0,0.0,0.0,1.0,0.0,0.0,0.0,0.0,0.0,0.0,0.0,1.0,0.0,1.0,0.0,0.0,0.0,0.0,0.0,0.0,1.0,0.0,0.0,0.0,0.0,0.0,0.0,0.0,0.0,0.0,0.0,0.0,1.0,0.0,0.0,0.0,1.0,0.0,0.0,0.0,0.0,0.0,0.0,0.0,0.0,0.0,0.0,0.0,0.0,0.0,1.0,0.0,0.0,0.0,0.0,0.0,1.0,0.0,0.0,0.0,0.0,0.0,1.0,0.0,0.0,1.0,0.0,0.0,1.0,0.0,0.0,1.0,0.0,0.0,1.0,0.0,0.0,1.0,0.0,0.0,1.0,0.0,0.0,1.0,0.734001,0.61376,0.645997,0.756051,0.685057,0.742022,0.666604,0.743691,-0.0,-0.0,0.423299,-0.0,-0.0,0.380329,-0.0,-0.0,0.392466,-0.0,-0.0,0.43054,-0.0,-0.0,0.406548,-0.0,-0.0,0.425955,-0.0,-0.0,0.399978,-0.0,-0.0,0.426504,0.0,0.367,0.367,0.155351,0.30688,0.30688,0.116715,0.322999,0.322999,0.126766,0.378025,0.378025,0.162755,0.342529,0.342529,0.139254,0.371011,0.371011,0.158034,0.333302,0.333302,0.133313,0.371845,0.371845,0.158593,0.734001,0.734001,1.734,0.61376,0.61376,1.61376,0.645997,0.645997,1.646,0.756051,0.756051,1.75605,0.685057,0.685057,1.68506,0.742022,0.742022,1.74202,0.666604,0.666604,1.6666,0.743691,0.743691,1.74369,0.734001,0.734001,0.734001,0.61376,0.61376,0.61376,0.645997,0.645997,0.645997,0.756051,0.756051,0.756051,0.685057,0.685057,0.685057,0.742022,0.742022,0.742022,0.666604,0.666604,0.666604,0.743691,0.743691,0.743691]
