#SOLVERNAME# PAJ_NODIS_CBC_MOSEK
#SOLVER# Pajarito.PajaritoSolver(2,3600.0,1.0e-5,false,Cbc.CbcMathProgSolverInterface.CbcSolver(Any[(:logLevel,0),(:ratioGap,0.0),(:seconds,3600.0)]),MathProgBase.DefaultMIPSolver(),0,false,true,Mosek.MosekMathProgSolverInterface.MosekSolver(Any[(:LOG,0),(:NUM_THREADS,1),(:OPTIMIZER_MAX_TIME,120.0)]),true,false,false,false,false,true,false,true,true,true,true,false,false,true,false,false,false,false,1.0e-10,0.0001,1.0e-6,0.01,1.0e-6)
#FILENAME# classical_200_1.cbf.gz
#INSTANCE# classical_200_1
#TIMELIMIT# 3600.0
#STATUS# Suboptimal
#OBJVAL# -0.05314800192723114
#OBJBOUND# -0.2506891972142131
#TIMESOLVER# 0.5403649806976318
#TIMEALL# 0.5406010150909424
#SOLUTION# [0.0,0.0,0.0,0.0,0.739722,0.0,0.0,0.0,0.0,0.0,0.0,0.0,0.0,0.0,0.0,0.0,0.0,0.0,0.0,0.0,0.0495344,0.0,0.0,0.0,0.0,0.0,0.0,0.0,0.0,0.0,0.0,0.0,0.0,0.0,0.0,0.0,0.0,0.0,0.0,0.0,0.0,0.0,0.0,0.0,0.0,0.0,0.0,0.0,0.0,0.0,0.0,0.0,0.0,0.0,0.0,0.0,0.0,0.0,0.0,0.0,0.0,0.0,0.0,0.0,0.0,0.0,0.0,0.0,0.0,0.0,0.0,0.0,0.0,0.0,0.0,0.0,0.0,0.0,0.0,0.0,0.0,0.0,0.0,0.0,0.0,0.0,0.0,0.0,0.0,0.0,0.0,0.0,0.0,0.0,0.0,0.0,0.0,0.0,0.0,0.0,0.0,0.0,0.0,0.0,0.0,0.0,0.0,0.0,0.0,0.0,0.0,0.0,0.0,0.0,0.0,0.0,0.0,0.0,0.0,0.0,0.0,0.0,0.210744,0.0,0.0,0.0,0.0,0.0,0.0,0.0,0.0,0.0,0.0,0.0,0.0,0.0,0.0,0.0,0.0,0.0,0.0,0.0,0.0,0.0,0.0,0.0,0.0,0.0,0.0,0.0,0.0,0.0,0.0,0.0,0.0,0.0,0.0,0.0,0.0,0.0,0.0,0.0,0.0,0.0,0.0,0.0,0.0,0.0,0.0,0.0,0.0,0.0,0.0,0.0,0.0,0.0,0.0,0.0,0.0,0.0,0.0,0.0,0.0,0.0,0.0,0.0,0.0,0.0,0.0,0.0,0.0,0.0,0.0,0.0,0.0,0.0,0.0,0.0,0.0,0.0,0.0,0.0,0.0,0.0,0.0,1.0,0.0,0.0,0.0,0.0,0.0,0.0,0.0,0.0,0.0,0.0,0.0,0.0,0.0,0.0,0.0,1.0,0.0,0.0,0.0,0.0,0.0,0.0,0.0,0.0,0.0,0.0,0.0,0.0,0.0,0.0,0.0,0.0,0.0,0.0,0.0,0.0,0.0,0.0,0.0,0.0,0.0,0.0,0.0,0.0,0.0,0.0,0.0,0.0,0.0,0.0,0.0,0.0,0.0,0.0,0.0,0.0,0.0,0.0,0.0,0.0,0.0,0.0,0.0,0.0,0.0,0.0,0.0,0.0,0.0,0.0,0.0,0.0,0.0,0.0,0.0,0.0,0.0,0.0,0.0,0.0,0.0,0.0,0.0,0.0,0.0,0.0,0.0,0.0,0.0,0.0,0.0,0.0,0.0,0.0,0.0,0.0,0.0,0.0,0.0,0.0,0.0,0.0,0.0,0.0,0.0,0.0,0.0,0.0,0.0,0.0,0.0,0.0,0.0,0.0,0.0,0.0,0.0,1.0,0.0,0.0,0.0,0.0,0.0,0.0,0.0,0.0,0.0,0.0,0.0,0.0,0.0,0.0,0.0,0.0,0.0,0.0,0.0,0.0,0.0,0.0,0.0,0.0,0.0,0.0,0.0,0.0,0.0,0.0,0.0,0.0,0.0,0.0,0.0,0.0,0.0,0.0,0.0,0.0,0.0,0.0,0.0,0.0,0.0,0.0,0.0,0.0,0.0,0.0,0.0,0.0,0.0,0.0,0.0,0.0,0.0,0.0,0.0,0.0,0.0,0.0,0.0,0.0,0.0,0.0,0.0,0.0,0.0,0.0,0.0,0.0,0.0,0.0,0.0,0.0,0.0,0.017383,0.00421128,4.44796e-6,0.00487522,0.125411,0.0110116,0.0118966,0.000165395,0.00967885,0.0126009,0.016662,0.00241286,0.00943627,0.00518021,0.0106548,0.00747632,0.00918809,0.00120603,-0.00253876,0.00842214,0.0609335,0.0120243,0.00424661,0.0092129,0.00326706,0.00907695,0.00108043,0.00625168,0.015278,0.00820472,0.00591961,0.00193006,0.00580847,0.00431163,0.00530949,-0.00164504,0.00747303,0.0116017,-0.00306815,0.0109862,0.00427354,-0.00650941,-0.000840099,0.000982862,-0.000704402,0.0123288,-0.0023539,-0.0044688,0.0103706,-0.000711424,-0.000559756,0.00457314,-0.00753133,0.0089347,0.0061756,0.00813261,-0.0013585,0.00150082,0.00406003,0.0136303,0.00977896,0.00421212,0.00910588,0.00446172,0.0094392,0.0128682,0.00385425,-0.00524167,-0.00443962,0.00790082,0.000301971,0.000577606,0.0058969,-0.0073319,0.00919138,0.0204877,-0.00559597,-0.00473175,0.00158931,0.00925048,0.00363841,0.00380348,0.0170885,0.00676119,0.0129069,-0.00226956,0.00641588,-0.00192299,0.0129956,-0.00431363,-0.00102128,0.0257819,-0.00960594,0.0134064,0.008402,0.00268638,0.00805002,0.00326535,0.000722377,0.00410136,-0.00424139,0.00317811,-0.00251475,-0.00302311,0.00327353,0.0180411,0.0159639,-0.00461738,0.014463,0.0110801,0.0119608,0.012569,0.0074145,0.00529448,0.00776047,0.0107276,0.0133605,0.00235481,0.00390984,0.00672853,0.00124501,0.00857962,0.0800448,0.00742274,0.00413887,0.00918063,0.00462823,0.00934592,0.00680554,-0.00100615,0.0094526,0.00707587,0.00193085,0.0071314,-0.000699409,0.0093738,0.000998988,-0.00205917,0.00276563,0.0219336,-0.00116205,0.0109093,0.0168442,0.00327637,0.00668445,0.00844576,0.0036516,0.0083396,0.0109134,0.00551123,0.00146192,0.00154722,0.0062768,0.00567488,0.00715644,-0.00572207,0.00434344,0.00941443,-0.00383189,0.00960774,0.00711362,-0.00250448,0.0125849,-0.00778097,0.00507089,0.00197641,0.00399629,0.00357204,0.00934232,-0.00774632,0.0188051,0.00516657,0.00245128,-0.00317198,0.00732504,0.00221187,0.0219351,0.0129298,-0.000189026,0.00775598,0.00104383,-0.00695464,0.00390274,-0.00660585,0.0253828,0.000826619,-0.00111002,0.0153921,0.00406619,0.00129131,0.00251913,0.006974,0.00671038,0.0075663,0.00863929,0.0144939,0.00378389,0.00851311,0.00885852,0.0075092,0.2]
