#SOLVERNAME# PAJ_NOPASS_CBC_MOSEK
#SOLVER# Pajarito.PajaritoSolver(2,3600.0,1.0e-5,false,Cbc.CbcMathProgSolverInterface.CbcSolver(Any[(:logLevel,0),(:ratioGap,0.0),(:seconds,3600.0)]),MathProgBase.DefaultMIPSolver(),0,false,false,Mosek.MosekMathProgSolverInterface.MosekSolver(Any[(:LOG,0),(:NUM_THREADS,1),(:OPTIMIZER_MAX_TIME,120.0)]),true,false,false,true,false,true,false,true,true,true,true,false,false,true,false,false,false,false,1.0e-10,0.0001,1.0e-6,0.01,1.0e-6)
#FILENAME# uflquad-psc-20-100.cbf.gz
#INSTANCE# uflquad-psc-20-100
#TIMELIMIT# 3600.0
#STATUS# Optimal
#OBJVAL# 399.5373159262443
#OBJBOUND# 399.5371007298761
#TIMESOLVER# 219.7341628074646
#TIMEALL# 219.74822187423706
#SOLUTION# [0.050256,0.0425246,0.0362755,0.0605557,0.113351,0.0405484,0.0333798,0.0734691,0.0499677,0.0918727,0.0901775,0.0947767,0.0804889,0.0136475,0.210853,0.112891,0.0232728,0.0304716,0.0360152,0.256529,0.468955,0.375947,0.105724,0.0481443,0.0472102,0.040949,0.103165,0.0430879,0.10638,0.0342245,0.0940815,0.0547256,0.0546352,0.0680487,0.0430276,0.132103,0.320823,0.322524,0.358054,0.101695,0.103412,0.0503379,0.0981766,0.0280328,0.183637,0.038488,0.193442,0.0923948,0.104215,0.23127,0.0508375,0.0940941,0.40477,0.33083,0.0967739,0.0996623,0.0519416,0.104402,0.122337,0.0765619,0.084811,0.079984,0.0827139,0.184112,0.0956527,0.0583676,0.0519974,0.0791693,0.132908,0.0530533,0.0428836,0.0716622,0.242362,0.0313281,0.0902646,0.0757,0.0867355,0.0684366,0.0910395,0.0521206,0.098168,0.0757187,0.0920863,0.098219,0.066043,0.058883,0.092423,0.0474402,0.090371,0.099175,0.0753028,0.141734,0.0799777,0.0360292,0.0938205,0.0223778,0.0739424,0.0472714,0.358857,0.0728219,0.0,0.0,0.0,0.0,0.0,0.0,0.0,0.0,0.0,0.0,0.0,0.0,0.0,0.0,0.0,0.0,0.0,0.0,0.0,0.0,0.0,0.0,0.0,0.0,0.0,0.0,0.0,0.0,0.0,0.0,0.0,0.0,0.0,0.0,0.0,0.0,0.0,0.0,0.0,0.0,0.0,0.0,0.0,0.0,0.0,0.0,0.0,0.0,0.0,0.0,0.0,0.0,0.0,0.0,0.0,0.0,0.0,0.0,0.0,0.0,0.0,0.0,0.0,0.0,0.0,0.0,0.0,0.0,0.0,0.0,0.0,0.0,0.0,0.0,0.0,0.0,0.0,0.0,0.0,0.0,0.0,0.0,0.0,0.0,0.0,0.0,0.0,0.0,0.0,0.0,0.0,0.0,0.0,0.0,0.0,0.0,0.0,0.0,0.0,0.0,0.0,0.0,0.0,0.0,0.0,0.0,0.0,0.0,0.0,0.0,0.0,0.0,0.0,0.0,0.0,0.0,0.0,0.0,0.0,0.0,0.0,0.0,0.0,0.0,0.0,0.0,0.0,0.0,0.0,0.0,0.0,0.0,0.0,0.0,0.0,0.0,0.0,0.0,0.0,0.0,0.0,0.0,0.0,0.0,0.0,0.0,0.0,0.0,0.0,0.0,0.0,0.0,0.0,0.0,0.0,0.0,0.0,0.0,0.0,0.0,0.0,0.0,0.0,0.0,0.0,0.0,0.0,0.0,0.0,0.0,0.0,0.0,0.0,0.0,0.0,0.0,0.0,0.0,0.0,0.0,0.0,0.0,0.0,0.0,0.0,0.0,0.0,0.0,0.0,0.0,0.0,0.0,0.0,0.0,0.0,0.0,0.0,0.0,0.0,0.0,0.222538,0.169322,0.191324,0.205326,0.0837305,0.186187,0.235091,0.107891,0.166996,0.127033,0.064678,0.114249,0.1019,0.254626,0.0699789,0.0792919,0.395355,0.0831482,0.232151,0.0656796,0.0476334,0.0612344,0.0715892,0.239097,0.098371,0.183405,0.0707423,0.150467,0.0493029,0.259497,0.127884,0.207753,0.162994,0.138174,0.217998,0.0779132,0.0630795,0.0633579,0.059536,0.0924012,0.0907502,0.171696,0.105798,0.0814895,0.0772522,0.248491,0.0751992,0.134707,0.0945286,0.0630839,0.169534,0.113519,0.0574638,0.0625576,0.13211,0.121386,0.167745,0.0778852,0.0735507,0.0528136,0.0875217,0.0705418,0.094377,0.0597127,0.112597,0.0998781,0.053285,0.123249,0.0551685,0.129504,0.194484,0.0519435,0.0736997,0.149557,0.116891,0.162831,0.0569282,0.0657846,0.112237,0.22763,0.0886865,0.128407,0.13026,0.118769,0.0919271,0.0488004,0.139985,0.167074,0.113516,0.0957116,0.167997,0.0785013,0.10046,0.247043,0.0949738,0.021829,0.0675887,0.172623,0.063008,0.110399,0.0,0.0,0.0,0.0,0.0,0.0,0.0,0.0,0.0,0.0,0.0,0.0,0.0,0.0,0.0,0.0,0.0,0.0,0.0,0.0,0.0,0.0,0.0,0.0,0.0,0.0,0.0,0.0,0.0,0.0,0.0,0.0,0.0,0.0,0.0,0.0,0.0,0.0,0.0,0.0,0.0,0.0,0.0,0.0,0.0,0.0,0.0,0.0,0.0,0.0,0.0,0.0,0.0,0.0,0.0,0.0,0.0,0.0,0.0,0.0,0.0,0.0,0.0,0.0,0.0,0.0,0.0,0.0,0.0,0.0,0.0,0.0,0.0,0.0,0.0,0.0,0.0,0.0,0.0,0.0,0.0,0.0,0.0,0.0,0.0,0.0,0.0,0.0,0.0,0.0,0.0,0.0,0.0,0.0,0.0,0.0,0.0,0.0,0.0,0.0,0.0,0.0,0.0,0.0,0.0,0.0,0.0,0.0,0.0,0.0,0.0,0.0,0.0,0.0,0.0,0.0,0.0,0.0,0.0,0.0,0.0,0.0,0.0,0.0,0.0,0.0,0.0,0.0,0.0,0.0,0.0,0.0,0.0,0.0,0.0,0.0,0.0,0.0,0.0,0.0,0.0,0.0,0.0,0.0,0.0,0.0,0.0,0.0,0.0,0.0,0.0,0.0,0.0,0.0,0.0,0.0,0.0,0.0,0.0,0.0,0.0,0.0,0.0,0.0,0.0,0.0,0.0,0.0,0.0,0.0,0.0,0.0,0.0,0.0,0.0,0.0,0.0,0.0,0.0,0.0,0.0,0.0,0.0,0.0,0.0,0.0,0.0,0.0,0.0,0.0,0.0,0.0,0.0,0.0,0.0,0.0,0.0,0.0,0.0,0.0,0.259995,0.157102,0.168266,0.21671,0.0857141,0.171702,0.197876,0.112558,0.156994,0.133373,0.0651664,0.112549,0.107525,0.57918,0.0716971,0.0795619,0.267127,0.0835085,0.199804,0.0672775,0.0487608,0.062291,0.0741374,0.260469,0.0984558,0.169386,0.0712076,0.139394,0.0509574,0.335788,0.133766,0.238753,0.152972,0.133454,0.249336,0.0792952,0.06441,0.0646604,0.060806,0.0920097,0.0904543,0.159607,0.104693,0.082451,0.078256,0.316065,0.0765725,0.140794,0.0940878,0.0648111,0.157643,0.111851,0.058534,0.0638482,0.137276,0.126349,0.157862,0.0806662,0.0743537,0.0550666,0.0921545,0.0739941,0.0991687,0.061504,0.111027,0.102978,0.0533101,0.120446,0.0570289,0.137062,0.180794,0.0540913,0.0748062,0.132988,0.114887,0.174298,0.0590521,0.0664723,0.118141,0.243752,0.0917904,0.12501,0.136551,0.123919,0.0923968,0.0492037,0.145649,0.153953,0.119598,0.0998101,0.178533,0.0800462,0.103996,0.212909,0.0943368,0.0219235,0.0708386,0.161771,0.0640766,0.108723,0.127282,0.0958752,0.118006,0.117764,0.157355,0.0938776,0.113244,0.252471,0.106219,0.115814,0.110081,0.154381,0.160423,0.04379,0.105944,0.123727,0.0797117,0.592071,0.129836,0.095931,0.0634761,0.0857784,0.114992,0.109318,0.429461,0.0942548,0.116206,0.100422,0.0597496,0.122827,0.115472,0.135426,0.169567,0.189455,0.189636,0.135268,0.0910846,0.0915227,0.0847983,0.138457,0.136385,0.170024,0.149712,0.61479,0.118701,0.124492,0.11815,0.117593,0.139453,0.0894769,0.164462,0.154926,0.0806289,0.0900759,0.116408,0.112468,0.200188,0.130494,0.122197,0.0668325,0.0992567,0.0862023,0.151465,0.0752475,0.153526,0.367962,0.0977309,0.173901,0.0723155,0.335839,0.0974478,0.0597265,0.10867,0.0914412,0.158664,0.126354,0.0644684,0.135266,0.110574,0.112363,0.165601,0.178311,0.116619,0.111481,0.239346,0.0898946,0.118652,0.140035,0.11156,0.0982509,0.124379,0.134269,0.235773,0.138669,0.144277,0.0416265,0.0963714,0.102318,0.0885723,0.19179,0.106145,0.361646,0.327438,0.13905,0.0659596,0.340422,0.273419,0.074261,0.319446,0.0937067,0.0564281,0.118532,0.0692356,0.0471423,0.0565365,0.0718813,0.13115,0.0585472,0.242196,0.0533963,0.0393642,0.0521782,0.053953,0.131741,0.0764657,0.343421,0.0624313,0.390415,0.0389318,0.0882628,0.0963033,0.104714,0.217153,0.153055,0.0948741,0.064112,0.0523298,0.0527203,0.0494185,0.0880976,0.0860069,0.223298,0.105795,0.0544399,0.0665174,0.0929291,0.0626227,0.101913,0.0906549,0.0506028,0.231888,0.117322,0.0485615,0.0520562,0.103293,0.0939028,0.18327,0.0583386,0.0632626,0.0394531,0.0626393,0.0511519,0.0654998,0.0479043,0.115922,0.0701636,0.0475398,0.130825,0.0431236,0.0786925,0.307801,0.0394881,0.0631346,0.460242,0.122572,0.108844,0.0443241,0.0548255,0.0813775,0.13736,0.0657516,0.139013,0.0969299,0.090606,0.0757571,0.0418497,0.108604,0.285963,0.0819104,0.0728822,0.11589,0.0640499,0.0723151,0.203834,0.0914605,0.0189824,0.0483318,0.325008,0.0537549,0.106382,0.0759797,0.0515224,0.0427446,0.0894813,0.103431,0.0502119,0.0403199,0.0929449,0.0593345,0.189238,0.0670623,0.0831786,0.12712,0.0184441,0.134313,0.0807121,0.0294355,0.0352797,0.0431518,0.137482,0.123138,0.107864,0.130209,0.0693165,0.0514422,0.0505622,0.0742592,0.049972,0.467896,0.0473074,0.18667,0.0848094,0.0596272,0.0688896,0.0587196,0.0987776,0.1214,0.119525,0.119034,0.0804872,0.0807386,0.056092,0.0827856,0.0331836,0.103531,0.0546618,0.112942,0.172832,0.0823722,0.15984,0.0564685,0.0825585,0.106463,0.119113,0.174499,0.198358,0.0575296,0.126223,0.084757,0.285886,0.253241,0.252058,0.127933,0.288187,0.0832555,0.0683613,0.0442986,0.074954,0.272356,0.0694336,0.0535424,0.508286,0.111124,0.0367723,0.0810185,0.132494,0.476801,0.0602377,0.2207,0.0754123,0.114514,0.073351,0.182444,0.206146,0.0650613,0.0475297,0.161109,0.0532893,0.216829,0.275115,0.126328,0.10579,0.0941406,0.0434312,0.077427,0.0190329,0.138464,0.0571177,0.109156,0.0690521,0.0,0.0,0.0,0.0,0.0,0.0,0.0,0.0,0.0,0.0,0.0,0.0,0.0,0.0,0.0,0.0,0.0,0.0,0.0,0.0,0.0,0.0,0.0,0.0,0.0,0.0,0.0,0.0,0.0,0.0,0.0,0.0,0.0,0.0,0.0,0.0,0.0,0.0,0.0,0.0,0.0,0.0,0.0,0.0,0.0,0.0,0.0,0.0,0.0,0.0,0.0,0.0,0.0,0.0,0.0,0.0,0.0,0.0,0.0,0.0,0.0,0.0,0.0,0.0,0.0,0.0,0.0,0.0,0.0,0.0,0.0,0.0,0.0,0.0,0.0,0.0,0.0,0.0,0.0,0.0,0.0,0.0,0.0,0.0,0.0,0.0,0.0,0.0,0.0,0.0,0.0,0.0,0.0,0.0,0.0,0.0,0.0,0.0,0.0,0.0,0.0,0.0,0.0,0.0,0.0,0.0,0.0,0.0,0.0,0.0,0.0,0.0,0.0,0.0,0.0,0.0,0.0,0.0,0.0,0.0,0.0,0.0,0.0,0.0,0.0,0.0,0.0,0.0,0.0,0.0,0.0,0.0,0.0,0.0,0.0,0.0,0.0,0.0,0.0,0.0,0.0,0.0,0.0,0.0,0.0,0.0,0.0,0.0,0.0,0.0,0.0,0.0,0.0,0.0,0.0,0.0,0.0,0.0,0.0,0.0,0.0,0.0,0.0,0.0,0.0,0.0,0.0,0.0,0.0,0.0,0.0,0.0,0.0,0.0,0.0,0.0,0.0,0.0,0.0,0.0,0.0,0.0,0.0,0.0,0.0,0.0,0.0,0.0,0.0,0.0,0.0,0.0,0.0,0.0,0.0,0.0,0.0,0.0,0.0,0.0,0.0,0.0,0.0,0.0,0.0,0.0,0.0,0.0,0.0,0.0,0.0,0.0,0.0,0.0,0.0,0.0,0.0,0.0,0.0,0.0,0.0,0.0,0.0,0.0,0.0,0.0,0.0,0.0,0.0,0.0,0.0,0.0,0.0,0.0,0.0,0.0,0.0,0.0,0.0,0.0,0.0,0.0,0.0,0.0,0.0,0.0,0.0,0.0,0.0,0.0,0.0,0.0,0.0,0.0,0.0,0.0,0.0,0.0,0.0,0.0,0.0,0.0,0.0,0.0,0.0,0.0,0.0,0.0,0.0,0.0,0.0,0.0,0.0,0.0,0.0,0.0,0.0,0.0,0.0,0.0,0.0,0.0,0.0,0.0,0.0,0.0,0.0,0.0,0.0,0.0,0.0,0.0,0.0,0.0,0.0,0.0,0.0,0.0,0.0,0.0,0.0,0.0,0.0,0.0,0.0,0.0,0.0,0.0,0.0,0.0,0.0,0.0,0.0,0.0,0.0,0.0,0.0,0.0,0.0,0.0,0.0,0.0,0.0,0.0,0.0,0.0,0.0,0.0,0.0,0.0,0.0,0.0,0.0,0.0,0.0,0.0,0.0,0.0,0.0,0.0,0.0,0.0,0.0,0.0,0.0,0.0,0.0,0.0,0.0,0.0,0.0,0.0,0.0,0.0,0.0,0.0,0.0,0.0,0.0,0.0,0.0,0.0,0.0,0.0,0.0,0.0,0.0,0.0,0.0,0.0,0.0,0.0,0.0,0.0,0.0,0.0,0.0,0.0,0.0,0.0,0.0,0.0,0.0,0.0,0.0,0.0,0.0,0.0,0.0,0.0,0.0,0.0,0.0,0.0,0.0,0.0,0.0,0.0,0.0,0.0,0.0,0.0,0.0,0.0,0.0,0.0,0.0,0.0,0.0,0.0,0.0,0.0,0.0,0.0,0.0,0.0,0.0,0.0,0.0,0.0,0.0,0.0,0.0,0.0,0.0,0.0,0.0,0.0,0.0,0.0,0.0,0.0,0.0,0.0,0.0,0.0,0.0,0.0,0.0,0.0,0.0,0.0,0.0,0.0,0.0,0.0,0.0,0.0,0.0,0.0,0.0,0.0,0.0,0.0,0.0,0.0,0.0,0.0,0.0,0.0,0.0,0.0,0.0,0.0,0.0,0.0,0.0,0.0,0.0,0.0,0.0,0.0,0.0,0.0,0.0,0.0,0.0,0.0,0.0,0.0,0.0,0.0,0.0,0.0,0.0,0.0,0.0,0.0,0.0,0.0,0.0,0.0,0.0,0.0,0.0,0.0,0.0,0.0,0.0,0.0,0.0911874,0.0589042,0.052238,0.0969354,0.176598,0.0575049,0.049439,0.158954,0.0673147,0.163268,0.0921132,0.101393,0.252371,0.0226169,0.213464,0.104542,0.0361362,0.0490145,0.0533917,0.201993,0.133621,0.13143,0.34021,0.0787683,0.0722164,0.0578626,0.0998769,0.0580211,0.170122,0.0601946,0.158923,0.102489,0.073701,0.0864812,0.0780784,0.151325,0.162489,0.158889,0.155096,0.101304,0.101781,0.0697063,0.10208,0.0462277,0.138572,0.0687842,0.163651,0.152066,0.10297,0.23772,0.069827,0.100973,0.130983,0.157461,0.150051,0.16004,0.0728268,0.300983,0.11783,0.366551,0.24579,0.318544,0.276973,0.206693,0.101676,0.106401,0.060195,0.0935339,0.296142,0.103434,0.0610127,0.164153,0.144478,0.0442463,0.0992615,0.136759,0.155002,0.0883421,0.18381,0.0843782,0.23161,0.0915372,0.15861,0.164495,0.0933361,0.0673087,0.144411,0.0648392,0.183936,0.179951,0.128837,0.166249,0.163481,0.0541821,0.0979408,0.0265214,0.430782,0.0647994,0.133678,0.0900595,0.0,0.0,0.0,0.0,0.0,0.0,0.0,0.0,0.0,0.0,0.0,0.0,0.0,0.0,0.0,0.0,0.0,0.0,0.0,0.0,0.0,0.0,0.0,0.0,0.0,0.0,0.0,0.0,0.0,0.0,0.0,0.0,0.0,0.0,0.0,0.0,0.0,0.0,0.0,0.0,0.0,0.0,0.0,0.0,0.0,0.0,0.0,0.0,0.0,0.0,0.0,0.0,0.0,0.0,0.0,0.0,0.0,0.0,0.0,0.0,0.0,0.0,0.0,0.0,0.0,0.0,0.0,0.0,0.0,0.0,0.0,0.0,0.0,0.0,0.0,0.0,0.0,0.0,0.0,0.0,0.0,0.0,0.0,0.0,0.0,0.0,0.0,0.0,0.0,0.0,0.0,0.0,0.0,0.0,0.0,0.0,0.0,0.0,0.0,0.0,0.0,0.0,0.0,0.0,0.0,0.0,0.0,0.0,0.0,0.0,0.0,0.0,0.0,0.0,0.0,0.0,0.0,0.0,0.0,0.0,0.0,0.0,0.0,0.0,0.0,0.0,0.0,0.0,0.0,0.0,0.0,0.0,0.0,0.0,0.0,0.0,0.0,0.0,0.0,0.0,0.0,0.0,0.0,0.0,0.0,0.0,0.0,0.0,0.0,0.0,0.0,0.0,0.0,0.0,0.0,0.0,0.0,0.0,0.0,0.0,0.0,0.0,0.0,0.0,0.0,0.0,0.0,0.0,0.0,0.0,0.0,0.0,0.0,0.0,0.0,0.0,0.0,0.0,0.0,0.0,0.0,0.0,0.0,0.0,0.0,0.0,0.0,0.0,0.0,0.0,0.0,0.0,0.0,0.0,0.0,0.0,0.0,0.0,0.0,0.0,0.066618,0.0631042,0.0637086,0.0741764,0.213861,0.0595469,0.0572308,0.127451,0.0737274,0.0856957,0.454294,0.22094,0.100937,0.0205528,0.137214,0.347394,0.0378117,0.0679591,0.0634547,0.121712,0.0750515,0.123278,0.109185,0.0631454,0.126378,0.060159,0.402112,0.0682209,0.0566608,0.0518986,0.0869011,0.0713299,0.10935,0.162442,0.0683297,0.261206,0.124384,0.126801,0.113257,0.305548,0.310473,0.0992396,0.25096,0.0593856,0.233534,0.056089,0.19742,0.0877018,0.291719,0.103194,0.0993407,0.224756,0.112596,0.124058,0.0895889,0.0878342,0.108637,0.121008,0.341712,0.0568346,0.0745859,0.0675231,0.10187,0.0766387,0.226344,0.125889,0.591643,0.203922,0.0709578,0.0929817,0.0620338,0.0506496,0.181726,0.0534245,0.216442,0.0827197,0.0566885,0.460636,0.0821202,0.066983,0.143878,0.188652,0.0864987,0.0863651,0.276132,0.59653,0.0891672,0.0874059,0.0822789,0.0791044,0.0827333,0.22936,0.149857,0.0639019,0.305764,0.827707,0.0736809,0.069091,0.128897,0.250772,0.0,0.0,0.0,0.0,0.0,0.0,0.0,0.0,0.0,0.0,0.0,0.0,0.0,0.0,0.0,0.0,0.0,0.0,0.0,0.0,0.0,0.0,0.0,0.0,0.0,0.0,0.0,0.0,0.0,0.0,0.0,0.0,0.0,0.0,0.0,0.0,0.0,0.0,0.0,0.0,0.0,0.0,0.0,0.0,0.0,0.0,0.0,0.0,0.0,0.0,0.0,0.0,0.0,0.0,0.0,0.0,0.0,0.0,0.0,0.0,0.0,0.0,0.0,0.0,0.0,0.0,0.0,0.0,0.0,0.0,0.0,0.0,0.0,0.0,0.0,0.0,0.0,0.0,0.0,0.0,0.0,0.0,0.0,0.0,0.0,0.0,0.0,0.0,0.0,0.0,0.0,0.0,0.0,0.0,0.0,0.0,0.0,0.0,0.0,0.0,1.0,0.0,0.0,1.0,0.0,0.0,1.0,1.0,1.0,1.0,0.0,0.0,0.0,0.0,0.0,1.0,0.0,0.0,1.0,0.0,0.00252567,0.00180834,0.00131592,0.00366699,0.0128484,0.00164418,0.00111421,0.00539771,0.00249677,0.0084406,0.00813198,0.00898262,0.00647846,0.000186257,0.0444592,0.0127443,0.000541625,0.000928521,0.0012971,0.0658071,0.219919,0.141336,0.0111777,0.00231788,0.0022288,0.00167682,0.010643,0.00185657,0.0113167,0.00117132,0.00885133,0.0029949,0.002985,0.00463062,0.00185138,0.0174513,0.102927,0.104022,0.128203,0.0103418,0.010694,0.00253391,0.00963864,0.000785841,0.0337224,0.00148133,0.03742,0.00853681,0.0108607,0.0534859,0.00258446,0.0088537,0.163839,0.109449,0.00936519,0.00993258,0.00269793,0.0108998,0.0149663,0.00586173,0.00719291,0.00639745,0.00684159,0.0338974,0.00914944,0.00340678,0.00270374,0.00626779,0.0176645,0.00281466,0.001839,0.00513547,0.0587392,0.000981452,0.00814769,0.00573049,0.00752305,0.00468358,0.0082882,0.00271656,0.00963696,0.00573332,0.0084799,0.00964698,0.00436168,0.00346722,0.00854201,0.00225058,0.00816693,0.00983568,0.00567051,0.0200885,0.00639644,0.00129811,0.00880228,0.000500768,0.00546749,0.00223459,0.128779,0.00530304,5.29557e-9,3.88637e-9,3.973e-9,4.80205e-9,4.07659e-9,3.9502e-9,4.0445e-9,4.42272e-9,3.83285e-9,7.33362e-9,3.84525e-9,3.87782e-9,4.81905e-9,4.48819e-9,4.01582e-9,3.81196e-9,4.19669e-9,4.14996e-9,4.04181e-9,3.99397e-9,3.92977e-9,3.8368e-9,4.32657e-9,4.74258e-9,4.05958e-9,3.9395e-9,3.82825e-9,3.83691e-9,4.30293e-9,4.6588e-9,6.21283e-9,5.55424e-9,3.86253e-9,3.8253e-9,4.62334e-9,3.95046e-9,3.91451e-9,3.90425e-9,3.91179e-9,3.82407e-9,3.82272e-9,3.89978e-9,3.85441e-9,4.19956e-9,3.83777e-9,4.81049e-9,3.91005e-9,5.93123e-9,3.83295e-9,4.06599e-9,3.88601e-9,3.86658e-9,3.85533e-9,3.90388e-9,5.06856e-9,5.31321e-9,3.92447e-9,4.32519e-9,3.85583e-9,4.76843e-9,5.94899e-9,5.22779e-9,4.7168e-9,4.12829e-9,3.87454e-9,4.26262e-9,3.84857e-9,3.81248e-9,4.29008e-9,4.49919e-9,3.96278e-9,4.87986e-9,3.837e-9,3.92993e-9,3.85218e-9,8.28915e-9,4.59378e-9,3.93957e-9,7.85529e-9,4.73466e-9,4.30267e-9,3.81194e-9,6.74814e-9,5.709e-9,3.9771e-9,3.88132e-9,5.17429e-9,3.87284e-9,8.23935e-9,5.38989e-9,6.45835e-9,3.97348e-9,4.30424e-9,4.07556e-9,3.81764e-9,3.87456e-9,4.79946e-9,3.86321e-9,3.83514e-9,3.83655e-9,3.85756e-9,3.89428e-9,3.81683e-9,3.81958e-9,5.40162e-9,3.8651e-9,3.8212e-9,4.40654e-9,3.96584e-9,3.8299e-9,5.09799e-9,3.87699e-9,4.37307e-9,3.84079e-9,7.76473e-9,4.72891e-9,3.82799e-9,4.06276e-9,3.82913e-9,7.8861e-9,5.72684e-9,9.48549e-9,5.09428e-9,3.81204e-9,4.13928e-9,3.8701e-9,5.06807e-9,3.87469e-9,4.34455e-9,3.88943e-9,3.81605e-9,3.87405e-9,3.82603e-9,3.87011e-9,3.94808e-9,6.20886e-9,1.17012e-8,1.31771e-8,9.88001e-9,4.19497e-9,4.23719e-9,3.83222e-9,3.9687e-9,4.05649e-9,7.50863e-9,3.88353e-9,9.99089e-9,3.81184e-9,4.15746e-9,6.17998e-9,3.82592e-9,3.88854e-9,1.00124e-8,1.24407e-8,3.82216e-9,3.81256e-9,3.86382e-9,5.02803e-9,5.73997e-9,4.40421e-9,4.10593e-9,4.25516e-9,4.45717e-9,4.63381e-9,3.8912e-9,4.32065e-9,4.45996e-9,3.89106e-9,4.78227e-9,4.1392e-9,3.87192e-9,4.1356e-9,1.11494e-8,3.81193e-9,3.87425e-9,3.82547e-9,4.07754e-9,4.78677e-9,3.90139e-9,3.81251e-9,4.87198e-9,3.87633e-9,3.81877e-9,3.82134e-9,4.36209e-9,4.93242e-9,3.82804e-9,3.81293e-9,3.90314e-9,3.89874e-9,3.81231e-9,6.48552e-9,4.55139e-9,3.83945e-9,4.13292e-9,4.6157e-9,4.49156e-9,3.9347e-9,9.80358e-9,4.04862e-9,0.0495232,0.0286698,0.0366048,0.042159,0.0070108,0.0346654,0.0552677,0.0116405,0.0278878,0.0161374,0.00418325,0.0130528,0.0103836,0.0648346,0.00489705,0.0062872,0.156306,0.00691362,0.0538942,0.00431381,0.00226895,0.00374966,0.00512501,0.0571675,0.00967686,0.0336374,0.00500448,0.0226404,0.00243078,0.0673387,0.0163543,0.0431614,0.0265672,0.019092,0.0475233,0.00607047,0.00397903,0.00401423,0.00354454,0.00853799,0.0082356,0.0294794,0.0111933,0.00664055,0.0059679,0.0617479,0.00565492,0.0181459,0.00893566,0.00397958,0.0287416,0.0128867,0.00330209,0.00391345,0.017453,0.0147345,0.0281386,0.0060661,0.0054097,0.00278928,0.00766006,0.00497615,0.00890702,0.00356561,0.012678,0.00997565,0.00283929,0.0151903,0.00304357,0.0167712,0.0378241,0.00269813,0.00543165,0.0223674,0.0136634,0.026514,0.00324082,0.00432761,0.0125972,0.0518155,0.00786529,0.0164883,0.0169677,0.014106,0.0084506,0.00238148,0.0195957,0.0279137,0.012886,0.00916072,0.0282231,0.00616245,0.0100922,0.0610304,0.00902002,0.00047651,0.00456823,0.0297986,0.00397001,0.012188,1.03988e-8,4.13445e-9,4.44196e-9,5.13875e-9,4.30422e-9,4.26617e-9,4.63031e-9,5.13929e-9,3.99546e-9,4.64369e-9,3.96174e-9,3.81351e-9,5.43867e-9,6.12151e-9,4.08158e-9,3.85926e-9,5.06383e-9,4.87222e-9,4.63382e-9,4.03243e-9,3.91002e-9,3.85543e-9,4.49418e-9,5.77017e-9,4.58332e-9,4.24345e-9,3.91939e-9,4.03891e-9,4.08872e-9,7.3964e-9,4.46566e-9,1.43202e-8,4.15263e-9,4.01642e-9,7.16755e-9,4.10026e-9,3.94819e-9,3.9385e-9,3.93697e-9,3.83112e-9,3.83133e-9,4.25821e-9,3.81716e-9,5.02599e-9,3.89906e-9,8.49088e-9,3.9955e-9,4.44444e-9,3.82292e-9,4.07581e-9,4.22008e-9,3.81576e-9,3.87487e-9,3.93618e-9,4.20968e-9,4.24933e-9,4.32274e-9,4.54545e-9,3.96242e-9,4.51088e-9,4.94949e-9,4.79455e-9,5.19812e-9,4.01284e-9,3.81375e-9,4.94589e-9,4.01244e-9,3.89633e-9,4.18235e-9,5.84546e-9,4.27608e-9,4.3499e-9,3.87844e-9,4.3185e-9,3.82248e-9,5.75089e-9,4.16643e-9,4.17281e-9,4.80995e-9,5.49657e-9,4.63188e-9,3.92308e-9,4.56944e-9,4.34665e-9,4.31787e-9,4.04835e-9,4.2884e-9,4.17977e-9,4.86447e-9,4.33724e-9,5.27686e-9,4.11866e-9,4.83154e-9,4.73509e-9,3.84716e-9,4.05993e-9,4.925e-9,4.06953e-9,3.85512e-9,4.02896e-9,3.94052e-9,3.84076e-9,4.14328e-9,3.81544e-9,4.87297e-9,3.8478e-9,4.12477e-9,4.57201e-9,3.82166e-9,3.81345e-9,6.13457e-9,4.99816e-9,4.23011e-9,4.0206e-9,4.27977e-9,5.71705e-9,4.07569e-9,4.83375e-9,4.18136e-9,4.17986e-9,3.94137e-9,4.10302e-9,4.30638e-9,3.85673e-9,5.3325e-9,3.84561e-9,5.89728e-9,3.8904e-9,3.84373e-9,4.08909e-9,3.82552e-9,3.94646e-9,4.39993e-9,4.99929e-9,4.19582e-9,4.97832e-9,4.17242e-9,4.17896e-9,4.12672e-9,6.15184e-9,6.07861e-9,4.38021e-9,5.47254e-9,4.72026e-9,4.64672e-9,4.0447e-9,4.54154e-9,3.83562e-9,5.8327e-9,4.09004e-9,4.34925e-9,5.11079e-9,4.09733e-9,4.16752e-9,3.88984e-9,3.85309e-9,4.55745e-9,4.37391e-9,5.3456e-9,3.94294e-9,3.89173e-9,3.93788e-9,4.25109e-9,3.869e-9,5.07464e-9,4.85335e-9,1.35181e-8,5.438e-9,3.94672e-9,4.45699e-9,3.8377e-9,3.84108e-9,4.35534e-9,4.06287e-9,5.10802e-9,3.82157e-9,3.81718e-9,6.5517e-9,3.81925e-9,3.83768e-9,4.53579e-9,5.23141e-9,3.8186e-9,3.82967e-9,6.62379e-9,6.73392e-9,3.87742e-9,4.19636e-9,3.82114e-9,3.81215e-9,3.81246e-9,4.81046e-9,4.717e-9,4.21083e-9,6.92117e-9,8.83449e-9,4.11586e-9,3.82408e-9,4.11891e-9,7.65785e-9,0.0675972,0.0246811,0.0283133,0.0469634,0.00734691,0.0294816,0.0391551,0.0126693,0.0246471,0.0177883,0.00424666,0.0126673,0.0115616,0.335449,0.00514047,0.0063301,0.0713566,0.00697367,0.0399215,0.00452627,0.00237762,0.00388017,0.00549635,0.0678441,0.00969355,0.0286917,0.00507053,0.0194307,0.00259666,0.112754,0.0178933,0.0570031,0.0234005,0.0178099,0.0621684,0.00628772,0.00414865,0.00418097,0.00369737,0.0084658,0.00818199,0.0254744,0.0109606,0.00679817,0.00612401,0.0998972,0.00586336,0.0198229,0.00885252,0.00420048,0.0248514,0.0125106,0.00342623,0.0040766,0.0188447,0.015964,0.0249203,0.00650703,0.00552847,0.00303233,0.00849246,0.00547513,0.00983444,0.00378275,0.012327,0.0106045,0.00284197,0.0145073,0.0032523,0.018786,0.0326865,0.00292587,0.00559597,0.0176859,0.0131991,0.0303798,0.00348715,0.00441857,0.0139574,0.0594152,0.00842549,0.0156276,0.0186463,0.015356,0.00853718,0.00242101,0.0212136,0.0237015,0.0143038,0.00996206,0.031874,0.00640739,0.0108151,0.0453301,0.00889943,0.000480643,0.00501811,0.0261699,0.00410582,0.0118206,0.0162006,0.00919205,0.0139255,0.0138683,0.0247605,0.00881301,0.0128242,0.0637415,0.0112825,0.0134128,0.0121177,0.0238335,0.0257356,0.00191757,0.0112241,0.0153083,0.00635396,0.350548,0.0168573,0.00920276,0.00402922,0.00735794,0.0132232,0.0119504,0.184437,0.00888397,0.0135037,0.0100846,0.00357002,0.0150865,0.0133338,0.0183402,0.0287531,0.0358933,0.035962,0.0182976,0.00829641,0.0083764,0.00719076,0.0191704,0.0186008,0.0289082,0.0224137,0.377967,0.01409,0.0154981,0.0139594,0.013828,0.0194471,0.00800611,0.0270476,0.0240021,0.00650103,0.00811368,0.0135509,0.0126491,0.0400753,0.0170287,0.0149321,0.00446659,0.0098519,0.00743084,0.0229418,0.00566219,0.0235702,0.135396,0.00955133,0.0302416,0.00522954,0.112788,0.00949607,0.00356726,0.0118092,0.0083615,0.0251743,0.0159653,0.00415617,0.0182968,0.0122267,0.0126255,0.0274237,0.0317948,0.0136001,0.012428,0.0572865,0.00808105,0.0140783,0.0196099,0.0124456,0.00965325,0.0154702,0.0180281,0.0555888,0.0192292,0.0208158,0.00173277,0.00928746,0.0104691,0.00784505,0.0367835,0.0112667,0.130787,0.107215,0.019335,0.00435067,0.115887,0.074758,0.0055147,0.102046,0.00878094,0.00318413,0.0140499,0.00479357,0.0022224,0.00319638,0.00516692,0.0172004,0.00342777,0.0586589,0.00285117,0.00154954,0.00272256,0.00291093,0.0173558,0.00584701,0.117938,0.00389768,0.152424,0.00151569,0.00779033,0.00927432,0.010965,0.0471554,0.023426,0.0090011,0.00411035,0.00273842,0.00277944,0.00244219,0.00776119,0.00739718,0.0498618,0.0111926,0.0029637,0.00442456,0.00863583,0.00392161,0.0103862,0.00821831,0.00256065,0.0537719,0.0137645,0.00235822,0.00270985,0.0106694,0.00881774,0.033588,0.0034034,0.00400216,0.00155655,0.00392369,0.00261652,0.00429023,0.00229483,0.0134379,0.00492293,0.00226003,0.0171151,0.00185964,0.00619251,0.0947418,0.00155932,0.00398597,0.211823,0.0150238,0.0118469,0.00196463,0.00300584,0.0066223,0.0188678,0.00432328,0.0193247,0.00939541,0.00820945,0.00573914,0.0017514,0.0117948,0.081775,0.00670931,0.00531181,0.0134305,0.0041024,0.00522947,0.0415485,0.00836502,0.000360333,0.00233597,0.10563,0.00288959,0.0113171,0.00577292,0.00265456,0.00182711,0.00800691,0.0106979,0.00252124,0.0016257,0.00863875,0.00352059,0.035811,0.00449735,0.00691868,0.0161596,0.000340189,0.0180399,0.00651445,0.000866454,0.00124466,0.00186208,0.0189012,0.0151629,0.0116346,0.0169544,0.00480478,0.0026463,0.00255653,0.00551443,0.0024972,0.218927,0.00223799,0.0348457,0.00719264,0.0035554,0.00474578,0.00344799,0.00975701,0.0147381,0.0142862,0.0141692,0.0064782,0.00651873,0.00314632,0.00685346,0.00110115,0.0107187,0.00298792,0.0127559,0.0298708,0.00678518,0.025549,0.0031887,0.0068159,0.0113344,0.0141878,0.03045,0.0393461,0.00330965,0.0159322,0.00718376,0.081731,0.0641309,0.0635335,0.0163668,0.083052,0.00693148,0.00467327,0.00196237,0.0056181,0.0741776,0.00482103,0.00286679,0.258355,0.0123485,0.0013522,0.00656399,0.0175547,0.22734,0.00362858,0.0487085,0.00568702,0.0131135,0.00538037,0.033286,0.0424961,0.00423298,0.00225907,0.0259561,0.00283976,0.0470148,0.075688,0.0159587,0.0111916,0.00886245,0.00188627,0.00599495,0.000362252,0.0191723,0.00326243,0.011915,0.00476819,3.82494e-9,3.82556e-9,4.04533e-9,3.83519e-9,4.10379e-9,3.82363e-9,4.00308e-9,4.03397e-9,3.81802e-9,3.93265e-9,4.50679e-9,1.1163e-8,3.89615e-9,3.87681e-9,3.90433e-9,4.63665e-9,3.93623e-9,4.25418e-9,4.04174e-9,3.87028e-9,3.81226e-9,3.85888e-9,3.91096e-9,3.81188e-9,4.42058e-9,3.8232e-9,4.51012e-9,3.88835e-9,3.84086e-9,3.89595e-9,3.9921e-9,3.82432e-9,4.37336e-9,5.19027e-9,3.93945e-9,4.14581e-9,3.87289e-9,3.8763e-9,3.85715e-9,5.74559e-9,5.49964e-9,4.28937e-9,8.69328e-9,4.1975e-9,4.08679e-9,3.87073e-9,4.01234e-9,4.01803e-9,5.75713e-9,3.83989e-9,4.28485e-9,1.32198e-8,3.85317e-9,3.87218e-9,4.15255e-9,4.08233e-9,4.37683e-9,3.93604e-9,4.29997e-9,3.81204e-9,3.81422e-9,3.81205e-9,3.90093e-9,3.82379e-9,1.11774e-8,4.15568e-9,5.08619e-9,7.4631e-9,3.81205e-9,4.02607e-9,3.81716e-9,3.84127e-9,3.96467e-9,4.00279e-9,1.47097e-8,3.84216e-9,3.88612e-9,4.48828e-9,3.86559e-9,3.81376e-9,3.99727e-9,6.27854e-9,3.96143e-9,4.01555e-9,4.59759e-9,4.54511e-9,4.11261e-9,4.16745e-9,3.86043e-9,3.93464e-9,3.86825e-9,4.09104e-9,4.07572e-9,4.04752e-9,6.75138e-9,4.78343e-9,3.85017e-9,3.81617e-9,3.86541e-9,5.96564e-9,3.81657e-9,3.81907e-9,3.89957e-9,3.86373e-9,4.33462e-9,3.81744e-9,3.88608e-9,4.09488e-9,3.83264e-9,3.90345e-9,5.44105e-9,5.55993e-9,3.94619e-9,3.83801e-9,4.08943e-9,6.53727e-9,3.86061e-9,4.17102e-9,3.9111e-9,4.03234e-9,3.87821e-9,4.06242e-9,4.02693e-9,3.81759e-9,4.34125e-9,3.81816e-9,5.63343e-9,3.81383e-9,3.81184e-9,3.86226e-9,3.95675e-9,3.81791e-9,4.0525e-9,4.40583e-9,3.90609e-9,4.50642e-9,4.06167e-9,4.07279e-9,4.02745e-9,9.3788e-8,2.56184e-8,4.0268e-9,7.54281e-9,4.12713e-9,4.56682e-9,3.8459e-9,4.33104e-9,3.99136e-9,3.502e-8,3.954e-9,4.01616e-9,5.69183e-9,4.03845e-9,4.06397e-9,4.11296e-9,4.02477e-9,4.10126e-9,4.0564e-9,4.96759e-9,3.83335e-9,3.81354e-9,3.82678e-9,3.9613e-9,3.81924e-9,5.80724e-9,4.19481e-9,5.93075e-9,4.88662e-9,3.84781e-9,4.02447e-9,3.82306e-9,3.81365e-9,4.3035e-9,3.8675e-9,5.31547e-9,3.84427e-9,3.82874e-9,4.88054e-9,3.83953e-9,3.82789e-9,4.12228e-9,4.66465e-9,3.93254e-9,3.96348e-9,4.68786e-9,5.22092e-9,4.09458e-9,3.94194e-9,3.83652e-9,3.87623e-9,3.87788e-9,4.40379e-9,4.16923e-9,3.92195e-9,1.325e-8,5.44563e-9,3.90429e-9,3.83202e-9,4.07996e-9,5.13752e-9,5.30836e-9,4.00606e-9,4.00652e-9,6.68049e-9,3.87314e-9,4.11306e-9,4.08723e-9,4.08103e-9,3.91157e-9,5.30298e-9,3.81416e-9,3.96096e-9,4.20831e-9,4.57727e-9,3.83261e-9,3.85864e-9,4.26245e-9,4.0195e-9,4.06672e-9,3.82463e-9,3.8121e-9,3.83391e-9,3.96262e-9,5.49926e-9,3.93836e-9,4.09685e-9,3.82284e-9,3.88796e-9,3.92195e-9,4.58104e-9,5.2072e-9,5.32574e-9,3.85873e-9,3.81449e-9,4.43452e-9,3.82374e-9,3.81199e-9,3.81184e-9,3.81186e-9,3.90235e-9,3.9019e-9,3.89603e-9,3.9433e-9,4.05674e-9,3.8242e-9,4.72771e-9,3.81273e-9,5.53227e-9,3.92391e-9,3.84313e-9,3.88541e-9,3.94489e-9,3.82192e-9,3.81185e-9,4.99284e-9,4.73168e-9,3.90363e-9,3.96933e-9,3.81334e-9,4.09646e-9,4.41768e-9,4.2438e-9,4.15593e-9,3.85757e-9,3.96045e-9,4.02505e-9,3.81184e-9,3.82679e-9,3.91832e-9,4.20059e-9,4.14794e-9,4.13457e-9,3.82869e-9,3.97751e-9,3.91321e-9,8.53885e-9,4.04351e-9,3.83183e-9,4.8429e-9,5.73516e-9,3.97633e-9,3.81719e-9,5.41755e-9,4.77644e-9,3.86391e-9,3.81357e-9,5.5193e-9,3.88673e-9,4.8806e-9,4.37752e-9,1.65547e-8,3.82889e-9,4.0091e-9,4.08978e-9,3.87455e-9,3.81416e-9,4.14549e-9,3.97725e-9,3.83508e-9,3.8127e-9,4.22568e-9,1.03575e-8,4.78234e-9,4.36893e-9,3.81189e-9,9.06572e-9,4.80592e-9,3.87454e-9,8.70949e-9,3.82041e-9,3.83314e-9,3.82043e-9,3.84879e-9,4.54119e-9,3.87032e-9,3.88137e-9,4.76395e-9,4.03946e-9,4.67071e-9,3.90296e-9,4.05515e-9,4.08517e-9,3.81222e-9,4.53059e-9,3.95916e-9,9.52648e-9,3.85036e-9,5.81061e-9,3.92648e-9,4.30139e-9,3.81489e-9,4.15648e-9,4.28687e-9,3.9784e-9,4.18305e-9,3.82645e-9,3.95716e-9,3.96382e-9,3.97589e-9,3.85542e-9,3.86272e-9,4.35823e-9,3.83516e-9,4.05374e-9,3.92712e-9,4.2791e-9,3.88e-9,3.82089e-9,3.8658e-9,3.89559e-9,4.37145e-9,3.81832e-9,4.05449e-9,3.96807e-9,3.81184e-9,3.8156e-9,4.24331e-9,3.81204e-9,3.85021e-9,3.81966e-9,3.81383e-9,3.81184e-9,3.8364e-9,3.973e-9,3.82367e-9,3.90429e-9,3.81205e-9,3.85011e-9,3.87456e-9,3.98571e-9,9.37318e-9,3.83857e-9,3.98867e-9,5.02741e-9,3.81189e-9,3.96405e-9,3.88614e-9,3.81392e-9,3.81604e-9,4.51483e-9,3.81826e-9,3.88355e-9,3.82086e-9,3.81306e-9,3.85613e-9,3.81416e-9,3.82109e-9,4.54834e-9,3.81804e-9,3.82716e-9,3.99081e-9,3.82826e-9,3.84994e-9,4.59089e-9,3.82661e-9,3.81206e-9,3.81614e-9,1.38226e-8,4.08063e-9,3.85748e-9,3.9778e-9,3.8928e-9,3.81345e-9,3.85159e-9,4.22035e-9,3.8509e-9,3.81226e-9,4.2031e-9,3.98123e-9,4.3649e-9,3.91166e-9,3.91227e-9,4.499e-9,3.86814e-9,4.53991e-9,3.83887e-9,3.82475e-9,3.90452e-9,3.8132e-9,4.62208e-9,4.87746e-9,4.20009e-9,4.68791e-9,3.86074e-9,3.89747e-9,3.8565e-9,3.88974e-9,3.92925e-9,1.77461e-8,3.92974e-9,4.28186e-9,4.02161e-9,3.8264e-9,3.82635e-9,3.96694e-9,4.12824e-9,4.42534e-9,4.3892e-9,4.46455e-9,3.81373e-9,3.81239e-9,3.81612e-9,3.85639e-9,3.918e-9,4.01266e-9,3.94754e-9,4.19561e-9,4.15578e-9,3.81761e-9,4.97636e-9,3.82041e-9,3.89769e-9,4.2878e-9,4.39847e-9,4.08217e-9,4.30405e-9,3.81184e-9,4.57517e-9,3.96811e-9,6.37554e-9,5.33338e-9,5.64131e-9,4.54258e-9,7.35773e-9,3.90087e-9,4.05732e-9,3.85467e-9,3.84421e-9,6.71983e-9,4.06412e-9,3.84901e-9,7.82032e-9,4.0823e-9,3.82506e-9,3.89696e-9,4.09244e-9,9.46779e-9,3.96456e-9,4.74497e-9,3.85331e-9,4.38312e-9,3.84236e-9,4.2788e-9,4.42019e-9,3.91462e-9,3.93235e-9,4.01446e-9,3.83491e-9,4.72186e-9,5.19656e-9,4.001e-9,4.18952e-9,4.19759e-9,3.81743e-9,3.81471e-9,3.89094e-9,4.93106e-9,3.92779e-9,4.18175e-9,3.81303e-9,0.00831514,0.00346971,0.00272881,0.00939648,0.031187,0.00330682,0.00244422,0.0252665,0.00453128,0.0266563,0.00848485,0.0102806,0.0636912,0.000511527,0.0455668,0.010929,0.00130583,0.00240242,0.00285067,0.0408012,0.0178545,0.0172738,0.115743,0.00620445,0.00521522,0.00334808,0.0099754,0.00336645,0.0289414,0.00362339,0.0252564,0.010504,0.00543185,0.00747899,0.00609624,0.0228991,0.0264026,0.0252456,0.0240548,0.0102626,0.0103593,0.00485897,0.0104202,0.002137,0.0192021,0.00473127,0.0267818,0.023124,0.0106029,0.056511,0.00487581,0.0101956,0.0171566,0.024794,0.0225154,0.0256127,0.00530374,0.0905905,0.0138839,0.13436,0.0604128,0.10147,0.076714,0.042722,0.010338,0.0113211,0.00362344,0.0087486,0.0877002,0.0106986,0.00372255,0.0269461,0.0208738,0.00195774,0.00985286,0.0187031,0.0240256,0.00780433,0.0337862,0.00711968,0.0536432,0.00837907,0.0251571,0.0270587,0.00871163,0.00453047,0.0208546,0.00420412,0.0338325,0.0323824,0.0165989,0.0276389,0.0267262,0.0029357,0.0095924,0.000703387,0.185573,0.00419896,0.0178698,0.00811071,4.12621e-9,3.81473e-9,3.81246e-9,4.23747e-9,3.81393e-9,3.81381e-9,3.81456e-9,3.86992e-9,3.84178e-9,6.08081e-9,3.89083e-9,4.37613e-9,3.96998e-9,3.92471e-9,3.81365e-9,4.01907e-9,3.8436e-9,3.81849e-9,3.81349e-9,3.81317e-9,3.81234e-9,3.85831e-9,3.87e-9,4.08813e-9,3.81185e-9,3.8128e-9,3.92352e-9,3.85566e-9,3.99393e-9,3.94958e-9,7.18693e-9,4.15848e-9,3.86185e-9,3.93863e-9,3.92624e-9,3.81809e-9,3.81576e-9,3.81822e-9,3.81523e-9,4.165e-9,4.15549e-9,3.83469e-9,4.29984e-9,3.82556e-9,3.88433e-9,3.99094e-9,3.82421e-9,8.13088e-9,4.20884e-9,3.82737e-9,3.84168e-9,4.34127e-9,3.83789e-9,3.818e-9,2.20238e-8,7.91365e-9,3.82718e-9,3.86484e-9,3.87112e-9,4.06933e-9,4.33544e-9,4.16811e-9,3.95073e-9,3.88862e-9,4.36639e-9,3.8351e-9,3.89454e-9,4.07097e-9,3.92032e-9,3.88511e-9,3.81694e-9,4.25014e-9,3.87441e-9,3.81628e-9,4.29155e-9,4.83659e-9,4.22832e-9,3.82606e-9,5.0068e-9,4.11939e-9,3.85214e-9,4.03216e-9,6.66457e-9,6.65065e-9,3.8184e-9,3.85449e-9,9.79187e-9,3.84555e-9,4.98334e-9,4.9062e-9,4.89659e-9,3.8139e-9,3.84576e-9,3.81623e-9,4.12823e-9,3.86312e-9,3.99574e-9,3.81911e-9,3.86214e-9,3.91838e-9,4.52118e-9,3.86588e-9,4.14239e-9,4.02613e-9,7.16251e-9,3.90153e-9,4.20353e-9,1.1656e-8,3.82591e-9,4.12084e-9,4.69436e-9,3.90886e-9,9.15483e-9,4.41561e-9,5.28892e-9,4.28922e-9,4.29304e-9,5.23698e-9,4.24719e-9,4.99242e-9,4.39435e-9,4.32583e-9,8.14081e-9,4.15529e-9,5.26987e-9,3.89458e-9,4.53863e-9,3.86632e-9,4.41868e-9,4.70352e-9,4.03337e-9,4.60705e-9,4.10579e-9,4.1318e-9,5.03208e-9,5.52505e-9,4.68495e-9,4.65374e-9,4.62121e-9,4.09111e-9,4.1031e-9,4.16665e-9,3.96716e-9,5.30678e-9,4.54735e-9,4.67818e-9,4.98364e-9,3.98759e-9,4.0519e-9,5.02051e-9,4.13042e-9,3.92468e-9,4.39654e-9,4.64009e-9,3.89925e-9,3.96389e-9,4.28615e-9,9.62523e-9,4.76987e-9,5.17617e-9,4.90403e-9,5.23137e-9,1.02739e-8,4.43631e-9,3.91755e-9,7.4039e-9,4.64976e-9,4.05252e-9,4.88782e-9,6.43203e-9,3.89566e-9,4.51777e-9,4.45798e-9,4.04653e-9,3.93476e-9,4.22713e-9,4.29445e-9,5.44297e-9,4.33774e-9,4.10148e-9,1.5853e-8,4.06377e-9,4.06611e-9,4.02846e-9,5.379e-9,4.98295e-9,3.9031e-9,4.04694e-9,4.35528e-9,4.18018e-9,4.10337e-9,5.66684e-9,1.31913e-8,4.31209e-9,4.11593e-9,4.8765e-9,7.09603e-9,3.84084e-9,4.32866e-9,4.36488e-9,0.00443795,0.00398215,0.00405879,0.00550214,0.0457367,0.00354584,0.00327537,0.0162437,0.00543573,0.00734376,0.206383,0.0488145,0.0101882,0.000422422,0.0188277,0.120682,0.00142973,0.00461844,0.00402651,0.0148138,0.00563274,0.0151974,0.0119214,0.00398735,0.0159714,0.00361911,0.161694,0.0046541,0.00321045,0.00269347,0.0075518,0.00508795,0.0119574,0.0263875,0.00466895,0.0682284,0.0154715,0.0160785,0.012827,0.0933597,0.0963934,0.00984849,0.0629807,0.00352666,0.054538,0.00314598,0.0389747,0.00769162,0.0850999,0.0106491,0.00986859,0.0505152,0.0126778,0.0153904,0.00802618,0.00771485,0.0118019,0.0146431,0.116767,0.00323017,0.00556305,0.00455938,0.0103774,0.00587349,0.0512318,0.015848,0.350042,0.0415841,0.00503501,0.0086456,0.0038482,0.00256538,0.0330243,0.00285418,0.046847,0.00684255,0.00321359,0.212185,0.00674372,0.00448672,0.020701,0.0355895,0.00748203,0.00745894,0.0762492,0.355848,0.00795079,0.00763979,0.00676981,0.00625752,0.00684479,0.0526059,0.0224571,0.00408346,0.0934915,0.685098,0.00542888,0.00477357,0.0166144,0.0628868,4.51211e-9,3.83504e-9,4.01729e-9,4.04186e-9,5.8013e-9,3.86354e-9,4.07209e-9,6.77844e-9,3.81294e-9,4.30145e-9,4.38517e-9,3.83525e-9,1.11685e-8,4.30828e-9,5.34942e-9,4.11181e-9,4.16406e-9,4.66946e-9,4.09874e-9,5.12677e-9,4.5625e-9,4.32966e-9,9.52002e-9,4.14336e-9,4.64116e-9,3.85795e-9,4.28883e-9,3.82866e-9,4.84145e-9,4.55284e-9,4.18063e-9,4.62057e-9,3.96672e-9,3.9696e-9,4.7713e-9,5.01136e-9,4.72711e-9,4.6824e-9,4.68693e-9,3.95346e-9,3.96352e-9,4.01305e-9,3.86849e-9,4.7277e-9,4.39135e-9,4.56827e-9,4.79976e-9,4.10613e-9,3.9277e-9,5.36041e-9,3.98787e-9,3.84312e-9,4.41988e-9,4.67488e-9,3.98772e-9,4.09538e-9,4.09016e-9,9.60301e-9,4.47599e-9,6.56684e-9,5.76862e-9,6.68045e-9,1.48928e-8,4.79475e-9,3.83978e-9,5.54229e-9,4.3043e-9,3.91564e-9,5.60846e-9,5.47546e-9,3.86153e-9,5.07265e-9,4.37666e-9,3.9487e-9,3.8477e-9,4.34769e-9,4.66456e-9,4.74993e-9,4.65054e-9,4.09869e-9,8.24327e-9,3.92325e-9,4.22027e-9,4.19054e-9,4.6707e-9,4.53438e-9,3.98239e-9,3.93536e-9,4.67252e-9,4.4515e-9,4.18877e-9,5.16687e-9,6.63691e-9,4.14741e-9,3.96419e-9,4.44327e-9,1.77032e-8,3.82035e-9,4.32526e-9,4.11312e-9,0.5,0.5,0.5,0.5,0.5,0.5,0.5,0.5,0.5,0.5,0.5,0.5,0.5,0.5,0.5,0.5,0.5,0.5,0.5,0.5,0.5,0.5,0.5,0.5,0.5,0.5,0.5,0.5,0.5,0.5,0.5,0.5,0.5,0.5,0.5,0.5,0.5,0.5,0.5,0.5,0.5,0.5,0.5,0.5,0.5,0.5,0.5,0.5,0.5,0.5,0.5,0.5,0.5,0.5,0.5,0.5,0.5,0.5,0.5,0.5,0.5,0.5,0.5,0.5,0.5,0.5,0.5,0.5,0.5,0.5,0.5,0.5,0.5,0.5,0.5,0.5,0.5,0.5,0.5,0.5,0.5,0.5,0.5,0.5,0.5,0.5,0.5,0.5,0.5,0.5,0.5,0.5,0.5,0.5,0.5,0.5,0.5,0.5,0.5,0.5,0.0,0.0,0.0,0.0,0.0,0.0,0.0,0.0,0.0,0.0,0.0,0.0,0.0,0.0,0.0,0.0,0.0,0.0,0.0,0.0,0.0,0.0,0.0,0.0,0.0,0.0,0.0,0.0,0.0,0.0,0.0,0.0,0.0,0.0,0.0,0.0,0.0,0.0,0.0,0.0,0.0,0.0,0.0,0.0,0.0,0.0,0.0,0.0,0.0,0.0,0.0,0.0,0.0,0.0,0.0,0.0,0.0,0.0,0.0,0.0,0.0,0.0,0.0,0.0,0.0,0.0,0.0,0.0,0.0,0.0,0.0,0.0,0.0,0.0,0.0,0.0,0.0,0.0,0.0,0.0,0.0,0.0,0.0,0.0,0.0,0.0,0.0,0.0,0.0,0.0,0.0,0.0,0.0,0.0,0.0,0.0,0.0,0.0,0.0,0.0,0.0,0.0,0.0,0.0,0.0,0.0,0.0,0.0,0.0,0.0,0.0,0.0,0.0,0.0,0.0,0.0,0.0,0.0,0.0,0.0,0.0,0.0,0.0,0.0,0.0,0.0,0.0,0.0,0.0,0.0,0.0,0.0,0.0,0.0,0.0,0.0,0.0,0.0,0.0,0.0,0.0,0.0,0.0,0.0,0.0,0.0,0.0,0.0,0.0,0.0,0.0,0.0,0.0,0.0,0.0,0.0,0.0,0.0,0.0,0.0,0.0,0.0,0.0,0.0,0.0,0.0,0.0,0.0,0.0,0.0,0.0,0.0,0.0,0.0,0.0,0.0,0.0,0.0,0.0,0.0,0.0,0.0,0.0,0.0,0.0,0.0,0.0,0.0,0.0,0.0,0.0,0.0,0.0,0.0,0.0,0.0,0.0,0.0,0.0,0.0,0.5,0.5,0.5,0.5,0.5,0.5,0.5,0.5,0.5,0.5,0.5,0.5,0.5,0.5,0.5,0.5,0.5,0.5,0.5,0.5,0.5,0.5,0.5,0.5,0.5,0.5,0.5,0.5,0.5,0.5,0.5,0.5,0.5,0.5,0.5,0.5,0.5,0.5,0.5,0.5,0.5,0.5,0.5,0.5,0.5,0.5,0.5,0.5,0.5,0.5,0.5,0.5,0.5,0.5,0.5,0.5,0.5,0.5,0.5,0.5,0.5,0.5,0.5,0.5,0.5,0.5,0.5,0.5,0.5,0.5,0.5,0.5,0.5,0.5,0.5,0.5,0.5,0.5,0.5,0.5,0.5,0.5,0.5,0.5,0.5,0.5,0.5,0.5,0.5,0.5,0.5,0.5,0.5,0.5,0.5,0.5,0.5,0.5,0.5,0.5,0.0,0.0,0.0,0.0,0.0,0.0,0.0,0.0,0.0,0.0,0.0,0.0,0.0,0.0,0.0,0.0,0.0,0.0,0.0,0.0,0.0,0.0,0.0,0.0,0.0,0.0,0.0,0.0,0.0,0.0,0.0,0.0,0.0,0.0,0.0,0.0,0.0,0.0,0.0,0.0,0.0,0.0,0.0,0.0,0.0,0.0,0.0,0.0,0.0,0.0,0.0,0.0,0.0,0.0,0.0,0.0,0.0,0.0,0.0,0.0,0.0,0.0,0.0,0.0,0.0,0.0,0.0,0.0,0.0,0.0,0.0,0.0,0.0,0.0,0.0,0.0,0.0,0.0,0.0,0.0,0.0,0.0,0.0,0.0,0.0,0.0,0.0,0.0,0.0,0.0,0.0,0.0,0.0,0.0,0.0,0.0,0.0,0.0,0.0,0.0,0.0,0.0,0.0,0.0,0.0,0.0,0.0,0.0,0.0,0.0,0.0,0.0,0.0,0.0,0.0,0.0,0.0,0.0,0.0,0.0,0.0,0.0,0.0,0.0,0.0,0.0,0.0,0.0,0.0,0.0,0.0,0.0,0.0,0.0,0.0,0.0,0.0,0.0,0.0,0.0,0.0,0.0,0.0,0.0,0.0,0.0,0.0,0.0,0.0,0.0,0.0,0.0,0.0,0.0,0.0,0.0,0.0,0.0,0.0,0.0,0.0,0.0,0.0,0.0,0.0,0.0,0.0,0.0,0.0,0.0,0.0,0.0,0.0,0.0,0.0,0.0,0.0,0.0,0.0,0.0,0.0,0.0,0.0,0.0,0.0,0.0,0.0,0.0,0.0,0.0,0.0,0.0,0.0,0.0,0.0,0.0,0.0,0.0,0.0,0.0,0.5,0.5,0.5,0.5,0.5,0.5,0.5,0.5,0.5,0.5,0.5,0.5,0.5,0.5,0.5,0.5,0.5,0.5,0.5,0.5,0.5,0.5,0.5,0.5,0.5,0.5,0.5,0.5,0.5,0.5,0.5,0.5,0.5,0.5,0.5,0.5,0.5,0.5,0.5,0.5,0.5,0.5,0.5,0.5,0.5,0.5,0.5,0.5,0.5,0.5,0.5,0.5,0.5,0.5,0.5,0.5,0.5,0.5,0.5,0.5,0.5,0.5,0.5,0.5,0.5,0.5,0.5,0.5,0.5,0.5,0.5,0.5,0.5,0.5,0.5,0.5,0.5,0.5,0.5,0.5,0.5,0.5,0.5,0.5,0.5,0.5,0.5,0.5,0.5,0.5,0.5,0.5,0.5,0.5,0.5,0.5,0.5,0.5,0.5,0.5,0.5,0.5,0.5,0.5,0.5,0.5,0.5,0.5,0.5,0.5,0.5,0.5,0.5,0.5,0.5,0.5,0.5,0.5,0.5,0.5,0.5,0.5,0.5,0.5,0.5,0.5,0.5,0.5,0.5,0.5,0.5,0.5,0.5,0.5,0.5,0.5,0.5,0.5,0.5,0.5,0.5,0.5,0.5,0.5,0.5,0.5,0.5,0.5,0.5,0.5,0.5,0.5,0.5,0.5,0.5,0.5,0.5,0.5,0.5,0.5,0.5,0.5,0.5,0.5,0.5,0.5,0.5,0.5,0.5,0.5,0.5,0.5,0.5,0.5,0.5,0.5,0.5,0.5,0.5,0.5,0.5,0.5,0.5,0.5,0.5,0.5,0.5,0.5,0.5,0.5,0.5,0.5,0.5,0.5,0.5,0.5,0.5,0.5,0.5,0.5,0.5,0.5,0.5,0.5,0.5,0.5,0.5,0.5,0.5,0.5,0.5,0.5,0.5,0.5,0.5,0.5,0.5,0.5,0.5,0.5,0.5,0.5,0.5,0.5,0.5,0.5,0.5,0.5,0.5,0.5,0.5,0.5,0.5,0.5,0.5,0.5,0.5,0.5,0.5,0.5,0.5,0.5,0.5,0.5,0.5,0.5,0.5,0.5,0.5,0.5,0.5,0.5,0.5,0.5,0.5,0.5,0.5,0.5,0.5,0.5,0.5,0.5,0.5,0.5,0.5,0.5,0.5,0.5,0.5,0.5,0.5,0.5,0.5,0.5,0.5,0.5,0.5,0.5,0.5,0.5,0.5,0.5,0.5,0.5,0.5,0.5,0.5,0.5,0.5,0.5,0.5,0.5,0.5,0.5,0.5,0.5,0.5,0.5,0.5,0.5,0.5,0.5,0.5,0.5,0.5,0.5,0.5,0.5,0.5,0.5,0.5,0.5,0.5,0.5,0.5,0.5,0.5,0.5,0.5,0.5,0.5,0.5,0.5,0.5,0.5,0.5,0.5,0.5,0.5,0.5,0.5,0.5,0.5,0.5,0.5,0.5,0.5,0.5,0.5,0.5,0.5,0.5,0.5,0.5,0.5,0.5,0.5,0.5,0.5,0.5,0.5,0.5,0.5,0.5,0.5,0.5,0.5,0.5,0.5,0.5,0.5,0.5,0.5,0.5,0.5,0.5,0.5,0.5,0.5,0.5,0.5,0.5,0.5,0.5,0.5,0.5,0.5,0.5,0.5,0.5,0.5,0.5,0.5,0.5,0.5,0.5,0.5,0.5,0.5,0.5,0.5,0.5,0.5,0.5,0.5,0.5,0.5,0.5,0.5,0.5,0.0,0.0,0.0,0.0,0.0,0.0,0.0,0.0,0.0,0.0,0.0,0.0,0.0,0.0,0.0,0.0,0.0,0.0,0.0,0.0,0.0,0.0,0.0,0.0,0.0,0.0,0.0,0.0,0.0,0.0,0.0,0.0,0.0,0.0,0.0,0.0,0.0,0.0,0.0,0.0,0.0,0.0,0.0,0.0,0.0,0.0,0.0,0.0,0.0,0.0,0.0,0.0,0.0,0.0,0.0,0.0,0.0,0.0,0.0,0.0,0.0,0.0,0.0,0.0,0.0,0.0,0.0,0.0,0.0,0.0,0.0,0.0,0.0,0.0,0.0,0.0,0.0,0.0,0.0,0.0,0.0,0.0,0.0,0.0,0.0,0.0,0.0,0.0,0.0,0.0,0.0,0.0,0.0,0.0,0.0,0.0,0.0,0.0,0.0,0.0,0.0,0.0,0.0,0.0,0.0,0.0,0.0,0.0,0.0,0.0,0.0,0.0,0.0,0.0,0.0,0.0,0.0,0.0,0.0,0.0,0.0,0.0,0.0,0.0,0.0,0.0,0.0,0.0,0.0,0.0,0.0,0.0,0.0,0.0,0.0,0.0,0.0,0.0,0.0,0.0,0.0,0.0,0.0,0.0,0.0,0.0,0.0,0.0,0.0,0.0,0.0,0.0,0.0,0.0,0.0,0.0,0.0,0.0,0.0,0.0,0.0,0.0,0.0,0.0,0.0,0.0,0.0,0.0,0.0,0.0,0.0,0.0,0.0,0.0,0.0,0.0,0.0,0.0,0.0,0.0,0.0,0.0,0.0,0.0,0.0,0.0,0.0,0.0,0.0,0.0,0.0,0.0,0.0,0.0,0.0,0.0,0.0,0.0,0.0,0.0,0.0,0.0,0.0,0.0,0.0,0.0,0.0,0.0,0.0,0.0,0.0,0.0,0.0,0.0,0.0,0.0,0.0,0.0,0.0,0.0,0.0,0.0,0.0,0.0,0.0,0.0,0.0,0.0,0.0,0.0,0.0,0.0,0.0,0.0,0.0,0.0,0.0,0.0,0.0,0.0,0.0,0.0,0.0,0.0,0.0,0.0,0.0,0.0,0.0,0.0,0.0,0.0,0.0,0.0,0.0,0.0,0.0,0.0,0.0,0.0,0.0,0.0,0.0,0.0,0.0,0.0,0.0,0.0,0.0,0.0,0.0,0.0,0.0,0.0,0.0,0.0,0.0,0.0,0.0,0.0,0.0,0.0,0.0,0.0,0.0,0.0,0.0,0.0,0.0,0.0,0.0,0.0,0.0,0.0,0.0,0.0,0.0,0.0,0.0,0.0,0.0,0.0,0.0,0.0,0.0,0.0,0.0,0.0,0.0,0.0,0.0,0.0,0.0,0.0,0.0,0.0,0.0,0.0,0.0,0.0,0.0,0.0,0.0,0.0,0.0,0.0,0.0,0.0,0.0,0.0,0.0,0.0,0.0,0.0,0.0,0.0,0.0,0.0,0.0,0.0,0.0,0.0,0.0,0.0,0.0,0.0,0.0,0.0,0.0,0.0,0.0,0.0,0.0,0.0,0.0,0.0,0.0,0.0,0.0,0.0,0.0,0.0,0.0,0.0,0.0,0.0,0.0,0.0,0.0,0.0,0.0,0.0,0.0,0.0,0.0,0.0,0.0,0.0,0.0,0.0,0.0,0.0,0.0,0.0,0.0,0.0,0.0,0.0,0.0,0.0,0.0,0.0,0.0,0.0,0.0,0.0,0.0,0.0,0.0,0.0,0.0,0.0,0.0,0.0,0.0,0.0,0.0,0.0,0.0,0.0,0.0,0.0,0.0,0.0,0.0,0.0,0.0,0.0,0.0,0.0,0.0,0.0,0.0,0.0,0.0,0.0,0.0,0.0,0.0,0.0,0.0,0.0,0.0,0.0,0.0,0.0,0.0,0.0,0.0,0.0,0.0,0.0,0.0,0.0,0.0,0.0,0.0,0.0,0.0,0.0,0.0,0.0,0.0,0.0,0.0,0.0,0.0,0.0,0.0,0.0,0.0,0.0,0.0,0.0,0.0,0.0,0.0,0.0,0.0,0.0,0.0,0.0,0.0,0.0,0.0,0.0,0.0,0.0,0.0,0.0,0.0,0.0,0.0,0.0,0.0,0.0,0.0,0.0,0.0,0.0,0.0,0.0,0.0,0.0,0.0,0.0,0.0,0.0,0.0,0.0,0.5,0.5,0.5,0.5,0.5,0.5,0.5,0.5,0.5,0.5,0.5,0.5,0.5,0.5,0.5,0.5,0.5,0.5,0.5,0.5,0.5,0.5,0.5,0.5,0.5,0.5,0.5,0.5,0.5,0.5,0.5,0.5,0.5,0.5,0.5,0.5,0.5,0.5,0.5,0.5,0.5,0.5,0.5,0.5,0.5,0.5,0.5,0.5,0.5,0.5,0.5,0.5,0.5,0.5,0.5,0.5,0.5,0.5,0.5,0.5,0.5,0.5,0.5,0.5,0.5,0.5,0.5,0.5,0.5,0.5,0.5,0.5,0.5,0.5,0.5,0.5,0.5,0.5,0.5,0.5,0.5,0.5,0.5,0.5,0.5,0.5,0.5,0.5,0.5,0.5,0.5,0.5,0.5,0.5,0.5,0.5,0.5,0.5,0.5,0.5,0.0,0.0,0.0,0.0,0.0,0.0,0.0,0.0,0.0,0.0,0.0,0.0,0.0,0.0,0.0,0.0,0.0,0.0,0.0,0.0,0.0,0.0,0.0,0.0,0.0,0.0,0.0,0.0,0.0,0.0,0.0,0.0,0.0,0.0,0.0,0.0,0.0,0.0,0.0,0.0,0.0,0.0,0.0,0.0,0.0,0.0,0.0,0.0,0.0,0.0,0.0,0.0,0.0,0.0,0.0,0.0,0.0,0.0,0.0,0.0,0.0,0.0,0.0,0.0,0.0,0.0,0.0,0.0,0.0,0.0,0.0,0.0,0.0,0.0,0.0,0.0,0.0,0.0,0.0,0.0,0.0,0.0,0.0,0.0,0.0,0.0,0.0,0.0,0.0,0.0,0.0,0.0,0.0,0.0,0.0,0.0,0.0,0.0,0.0,0.0,0.0,0.0,0.0,0.0,0.0,0.0,0.0,0.0,0.0,0.0,0.0,0.0,0.0,0.0,0.0,0.0,0.0,0.0,0.0,0.0,0.0,0.0,0.0,0.0,0.0,0.0,0.0,0.0,0.0,0.0,0.0,0.0,0.0,0.0,0.0,0.0,0.0,0.0,0.0,0.0,0.0,0.0,0.0,0.0,0.0,0.0,0.0,0.0,0.0,0.0,0.0,0.0,0.0,0.0,0.0,0.0,0.0,0.0,0.0,0.0,0.0,0.0,0.0,0.0,0.0,0.0,0.0,0.0,0.0,0.0,0.0,0.0,0.0,0.0,0.0,0.0,0.0,0.0,0.0,0.0,0.0,0.0,0.0,0.0,0.0,0.0,0.0,0.0,0.0,0.0,0.0,0.0,0.0,0.0,0.0,0.0,0.0,0.0,0.0,0.0,0.5,0.5,0.5,0.5,0.5,0.5,0.5,0.5,0.5,0.5,0.5,0.5,0.5,0.5,0.5,0.5,0.5,0.5,0.5,0.5,0.5,0.5,0.5,0.5,0.5,0.5,0.5,0.5,0.5,0.5,0.5,0.5,0.5,0.5,0.5,0.5,0.5,0.5,0.5,0.5,0.5,0.5,0.5,0.5,0.5,0.5,0.5,0.5,0.5,0.5,0.5,0.5,0.5,0.5,0.5,0.5,0.5,0.5,0.5,0.5,0.5,0.5,0.5,0.5,0.5,0.5,0.5,0.5,0.5,0.5,0.5,0.5,0.5,0.5,0.5,0.5,0.5,0.5,0.5,0.5,0.5,0.5,0.5,0.5,0.5,0.5,0.5,0.5,0.5,0.5,0.5,0.5,0.5,0.5,0.5,0.5,0.5,0.5,0.5,0.5,0.0,0.0,0.0,0.0,0.0,0.0,0.0,0.0,0.0,0.0,0.0,0.0,0.0,0.0,0.0,0.0,0.0,0.0,0.0,0.0,0.0,0.0,0.0,0.0,0.0,0.0,0.0,0.0,0.0,0.0,0.0,0.0,0.0,0.0,0.0,0.0,0.0,0.0,0.0,0.0,0.0,0.0,0.0,0.0,0.0,0.0,0.0,0.0,0.0,0.0,0.0,0.0,0.0,0.0,0.0,0.0,0.0,0.0,0.0,0.0,0.0,0.0,0.0,0.0,0.0,0.0,0.0,0.0,0.0,0.0,0.0,0.0,0.0,0.0,0.0,0.0,0.0,0.0,0.0,0.0,0.0,0.0,0.0,0.0,0.0,0.0,0.0,0.0,0.0,0.0,0.0,0.0,0.0,0.0,0.0,0.0,0.0,0.0,0.0,0.0,0.0]
