#SOLVERNAME# PAJ_NOPASS_CBC_MOSEK
#SOLVER# Pajarito.PajaritoSolver(2,3600.0,1.0e-5,false,Cbc.CbcMathProgSolverInterface.CbcSolver(Any[(:logLevel,0),(:ratioGap,0.0),(:seconds,3600.0)]),MathProgBase.DefaultMIPSolver(),0,false,false,Mosek.MosekMathProgSolverInterface.MosekSolver(Any[(:LOG,0),(:NUM_THREADS,1),(:OPTIMIZER_MAX_TIME,120.0)]),true,false,false,true,false,true,false,true,true,true,true,false,false,true,false,false,false,false,1.0e-10,0.0001,1.0e-6,0.01,1.0e-6)
#FILENAME# achtziger_stolpe07-53flowc.cbf.gz
#INSTANCE# achtziger_stolpe07-53flowc
#TIMELIMIT# 3600.0
#STATUS# Optimal
#OBJVAL# 7.7160522031021825
#OBJBOUND# 7.716052113267415
#TIMESOLVER# 12.389803886413574
#TIMEALL# 12.390295028686523
#SOLUTION# [7.71605,0.0,0.0,0.0,0.0,0.0,0.0,0.0,0.0,0.0,0.0,0.0,0.0,0.0,0.0,1.0,0.0,0.0,0.0,1.0,1.0,0.0,0.0,0.0,0.0,0.0,0.0,0.0,0.0,0.0,0.0,0.0,0.0,0.0,0.0,0.0,0.0,0.0,0.0,0.0,0.0,0.0,0.0,0.0,0.0,0.0,0.0,0.0,0.0,0.0,0.0,0.0,0.0,0.0,0.0,0.0,0.0,0.0,0.0,0.0,1.0,0.0,0.0,0.0,1.0,0.0,0.0,0.0,0.0,0.0,0.0,1.0,0.0,0.0,0.0,1.0,0.0,0.0,0.0,0.0,0.0,0.0,0.0,0.0,5.549e-10,6.58248e-10,5.32807e-10,5.33641e-10,5.41589e-10,6.21504e-10,5.38054e-10,8.72168e-10,5.42905e-10,5.37974e-10,5.47001e-10,5.38347e-10,5.4004e-10,5.41617e-10,0.176777,5.8496e-10,5.40105e-10,5.72295e-10,0.176777,6.97406e-10,5.59555e-10,5.59682e-10,5.6007e-10,5.36237e-10,5.58459e-10,5.41863e-10,5.35885e-10,6.15988e-10,5.32151e-10,5.51958e-10,5.35386e-10,5.94944e-10,6.64033e-10,5.31665e-10,5.3472e-10,5.41362e-10,6.04193e-10,6.48265e-10,5.71102e-10,5.61695e-10,5.48924e-10,5.35073e-10,8.97317e-10,5.41665e-10,6.60825e-10,5.89731e-10,5.32566e-10,5.34219e-10,5.9528e-10,5.69788e-10,5.38319e-10,5.89039e-10,5.4244e-10,5.52687e-10,5.3763e-10,6.5444e-10,5.88654e-10,5.65692e-10,7.75027e-10,1.59099,5.28075e-10,5.39183e-10,5.30771e-10,2.79508,6.95979e-10,6.48788e-10,5.33662e-10,5.31974e-10,5.83109e-10,5.7378e-10,1.0,5.89269e-10,5.66282e-10,7.97242e-10,1.97642,6.16827e-10,8.25532e-10,5.39689e-10,6.39717e-10,5.41438e-10,7.69729e-10,5.37131e-10,5.7031e-10,-1.20893e-10,-1.12035e-11,-4.17836e-12,-3.45357e-11,-1.05459e-10,-2.79587e-11,-2.00169e-10,-3.61394e-11,2.65339e-11,4.23438e-11,-3.05201e-11,-3.64061e-11,-0.420448,-8.16731e-11,-3.19777e-11,-7.13583e-11,-0.420448,-1.32688e-10,5.81619e-11,5.76009e-11,2.44246e-11,5.5824e-11,4.7334e-11,-2.19457e-11,1.01717e-10,5.50476e-12,-4.84912e-11,-2.0997e-11,9.03909e-11,1.26997e-10,4.4607e-12,1.87492e-11,3.62125e-11,9.42893e-11,1.12394e-10,7.06647e-11,-5.98023e-11,-4.50063e-11,2.14437e-11,2.08667e-10,-1.154e-10,-8.7106e-11,8.65628e-12,1.62865e-11,-8.50335e-11,6.87902e-11,7.73917e-11,-3.49956e-11,-5.08263e-11,-2.68626e-11,-1.21279e-10,8.28832e-11,1.581e-10,1.26134,-3.70372e-12,-3.21963e-11,-1.58732e-11,1.67185,1.30925e-10,1.20854e-10,1.55772e-11,2.88848e-12,-7.77755e-11,7.29328e-11,-8.02307e-11,6.37009e-11,-1.40585,1.02615e-10,1.87793e-10,-1.14034e-10,-3.45387e-11,1.70358e-10,-2.511e-11,6.98635e-11,5.44038e-11,-3.20608e-11,-5.94372e-11,3.43734e-11,1.45516e-11,-5.88024e-11,1.0,1.78569e-10,3.20397e-11,0.0,2.7745e-10,5.44038e-11,0.0,3.29124e-10,-1.20893e-10,0.0,2.66403e-10,-1.12035e-11,0.0,2.66821e-10,-4.17836e-12,0.0,2.70795e-10,-3.45357e-11,0.0,3.10752e-10,-1.05459e-10,0.0,2.69027e-10,-2.79587e-11,0.0,4.36084e-10,-2.00169e-10,0.0,2.71453e-10,-3.61394e-11,0.0,2.68987e-10,2.65339e-11,0.0,2.735e-10,4.23438e-11,0.0,2.69173e-10,-3.20608e-11,0.0,2.7002e-10,-3.05201e-11,0.0,2.70808e-10,-3.64061e-11,1.0,0.0883883,-0.420448,0.0,2.9248e-10,-8.16731e-11,0.0,2.70052e-10,-3.19777e-11,0.0,2.86147e-10,-7.13583e-11,1.0,0.0883883,-0.420448,1.0,3.48703e-10,-1.32688e-10,0.0,2.79778e-10,5.81619e-11,0.0,2.79841e-10,5.76009e-11,0.0,2.80035e-10,-5.94372e-11,0.0,2.68118e-10,2.44246e-11,0.0,2.79229e-10,5.5824e-11,0.0,2.70932e-10,4.7334e-11,0.0,2.67942e-10,-2.19457e-11,0.0,3.07994e-10,1.01717e-10,0.0,2.66076e-10,5.50476e-12,0.0,2.75979e-10,-4.84912e-11,0.0,2.67693e-10,-2.0997e-11,0.0,2.97472e-10,9.03909e-11,0.0,3.32017e-10,1.26997e-10,0.0,2.65833e-10,4.4607e-12,0.0,2.6736e-10,1.87492e-11,0.0,2.70681e-10,3.62125e-11,0.0,3.02096e-10,9.42893e-11,0.0,3.24132e-10,1.12394e-10,0.0,2.85551e-10,7.06647e-11,0.0,2.80847e-10,-5.98023e-11,0.0,2.74462e-10,-4.50063e-11,0.0,2.67537e-10,2.14437e-11,0.0,4.48659e-10,2.08667e-10,0.0,2.70833e-10,3.43734e-11,0.0,3.30412e-10,-1.154e-10,0.0,2.94866e-10,-8.7106e-11,0.0,2.66283e-10,8.65628e-12,0.0,2.6711e-10,1.62865e-11,0.0,2.9764e-10,-8.50335e-11,0.0,2.84894e-10,6.87902e-11,0.0,2.6916e-10,1.45516e-11,0.0,2.9452e-10,7.73917e-11,0.0,2.7122e-10,-3.49956e-11,0.0,2.76344e-10,-5.08263e-11,0.0,2.68815e-10,-2.68626e-11,0.0,3.2722e-10,-1.21279e-10,0.0,2.94327e-10,8.28832e-11,0.0,2.82846e-10,-5.88024e-11,0.0,3.87514e-10,1.581e-10,1.0,0.795495,1.26134,0.0,2.64038e-10,-3.70372e-12,0.0,2.69592e-10,-3.21963e-11,0.0,2.65386e-10,-1.58732e-11,1.0,1.39754,1.67185,0.0,3.4799e-10,1.30925e-10,0.0,3.24394e-10,1.20854e-10,0.0,2.66831e-10,1.55772e-11,0.0,2.65987e-10,2.88848e-12,0.0,2.91555e-10,-7.77755e-11,0.0,2.8689e-10,7.29328e-11,1.0,0.5,1.0,0.0,2.94634e-10,-8.02307e-11,0.0,2.83141e-10,6.37009e-11,0.0,3.98621e-10,1.78569e-10,1.0,0.988212,-1.40585,0.0,3.08414e-10,1.02615e-10,0.0,4.12766e-10,1.87793e-10,0.0,2.69845e-10,3.20397e-11,0.0,3.19858e-10,-1.14034e-10,0.0,2.70719e-10,-3.45387e-11,0.0,3.84865e-10,1.70358e-10,0.0,2.68565e-10,-2.511e-11,0.0,2.85155e-10,6.98635e-11]
