#SOLVERNAME# PAJ_NODIS_CBC_MOSEK
#SOLVER# Pajarito.PajaritoSolver(2,3600.0,1.0e-5,false,Cbc.CbcMathProgSolverInterface.CbcSolver(Any[(:logLevel,0),(:ratioGap,0.0),(:seconds,3600.0)]),MathProgBase.DefaultMIPSolver(),0,false,true,Mosek.MosekMathProgSolverInterface.MosekSolver(Any[(:LOG,0),(:NUM_THREADS,1),(:OPTIMIZER_MAX_TIME,120.0)]),true,false,false,false,false,true,false,true,true,true,true,false,false,true,false,false,false,false,1.0e-10,0.0001,1.0e-6,0.01,1.0e-6)
#FILENAME# pp-n1000-d10000.cbf.gz
#INSTANCE# pp-n1000-d10000
#TIMELIMIT# 3600.0
#STATUS# Suboptimal
#OBJVAL# 216115.3217289595
#OBJBOUND# 216112.76609482968
#TIMESOLVER# 129.53710985183716
#TIMEALL# 129.54065489768982
#SOLUTION# [104.0,300.0,70.0,159.0,133.0,52.0,253.0,145.0,32.0,179.0,54.0,147.0,137.0,163.0,356.0,203.0,278.0,59.0,226.0,38.0,221.0,71.0,123.0,41.0,163.0,235.0,237.0,274.0,59.0,214.0,365.0,120.0,27.0,202.0,178.0,170.0,131.0,123.0,55.0,41.0,116.0,162.0,191.0,158.0,156.0,174.0,93.0,132.0,81.0,170.0,213.0,178.0,196.0,130.0,252.0,90.0,227.0,170.0,182.0,228.0,238.0,409.0,200.0,144.0,162.0,149.0,157.0,99.0,131.0,186.0,48.0,80.0,60.0,181.0,208.0,80.0,263.0,75.0,86.0,169.0,143.0,104.0,77.0,95.0,93.0,190.0,140.0,172.0,487.0,88.0,125.0,182.0,107.0,136.0,120.0,195.0,135.0,286.0,113.0,179.0,53.0,260.0,101.0,214.0,356.0,133.0,190.0,79.0,133.0,257.0,152.0,73.0,92.0,97.0,124.0,179.0,154.0,88.0,232.0,99.0,161.0,83.0,115.0,227.0,238.0,214.0,156.0,207.0,270.0,123.0,235.0,236.0,220.0,84.0,30.0,108.0,199.0,146.0,163.0,200.0,327.0,241.0,257.0,105.0,142.0,84.0,170.0,198.0,149.0,186.0,88.0,244.0,322.0,218.0,113.0,161.0,354.0,87.0,183.0,41.0,187.0,295.0,216.0,42.0,178.0,235.0,133.0,60.0,34.0,218.0,125.0,297.0,136.0,80.0,94.0,237.0,128.0,114.0,61.0,289.0,95.0,257.0,70.0,131.0,86.0,98.0,286.0,59.0,145.0,126.0,262.0,47.0,130.0,282.0,141.0,133.0,139.0,237.0,126.0,237.0,183.0,83.0,122.0,97.0,101.0,132.0,104.0,101.0,168.0,65.0,100.0,124.0,233.0,75.0,89.0,151.0,226.0,358.0,143.0,68.0,45.0,214.0,302.0,199.0,352.0,220.0,219.0,111.0,170.0,177.0,236.0,70.0,164.0,159.0,13.0,89.0,331.0,310.0,146.0,52.0,329.0,202.0,166.0,227.0,62.0,319.0,160.0,186.0,184.0,113.0,210.0,234.0,96.0,246.0,21.0,123.0,49.0,117.0,123.0,78.0,65.0,73.0,68.0,111.0,136.0,133.0,242.0,32.0,182.0,167.0,123.0,150.0,77.0,251.0,232.0,195.0,83.0,249.0,101.0,18.0,349.0,63.0,117.0,209.0,173.0,59.0,345.0,207.0,166.0,236.0,203.0,90.0,267.0,85.0,145.0,157.0,210.0,248.0,194.0,118.0,150.0,139.0,108.0,98.0,236.0,103.0,223.0,342.0,169.0,84.0,66.0,90.0,159.0,247.0,83.0,209.0,208.0,133.0,150.0,230.0,191.0,315.0,148.0,295.0,48.0,127.0,103.0,151.0,278.0,364.0,89.0,152.0,220.0,138.0,216.0,198.0,60.0,133.0,373.0,61.0,71.0,133.0,206.0,105.0,136.0,205.0,42.0,178.0,117.0,152.0,39.0,159.0,155.0,214.0,61.0,48.0,95.0,286.0,208.0,230.0,166.0,79.0,193.0,187.0,161.0,112.0,240.0,208.0,287.0,43.0,76.0,321.0,185.0,196.0,125.0,164.0,142.0,103.0,276.0,25.0,242.0,381.0,111.0,209.0,77.0,171.0,206.0,146.0,184.0,137.0,62.0,257.0,339.0,86.0,52.0,228.0,49.0,221.0,26.0,287.0,349.0,106.0,328.0,105.0,101.0,243.0,116.0,15.0,126.0,112.0,208.0,204.0,78.0,163.0,115.0,113.0,265.0,22.0,185.0,95.0,45.0,168.0,238.0,170.0,179.0,223.0,144.0,119.0,175.0,136.0,284.0,219.0,72.0,254.0,259.0,44.0,286.0,160.0,185.0,134.0,235.0,229.0,174.0,36.0,237.0,194.0,237.0,120.0,136.0,194.0,392.0,60.0,95.0,95.0,202.0,200.0,190.0,92.0,75.0,244.0,33.0,227.0,240.0,241.0,255.0,208.0,123.0,64.0,388.0,58.0,209.0,216.0,183.0,274.0,173.0,168.0,236.0,80.0,133.0,270.0,64.0,132.0,260.0,164.0,325.0,108.0,167.0,256.0,23.0,187.0,104.0,241.0,120.0,344.0,74.0,174.0,188.0,207.0,180.0,82.0,101.0,22.0,322.0,343.0,156.0,106.0,171.0,113.0,355.0,238.0,135.0,280.0,78.0,69.0,156.0,217.0,312.0,261.0,240.0,358.0,159.0,110.0,96.0,257.0,176.0,120.0,105.0,138.0,177.0,321.0,181.0,259.0,300.0,25.0,226.0,62.0,45.0,319.0,163.0,152.0,213.0,296.0,130.0,45.0,153.0,349.0,118.0,235.0,90.0,192.0,302.0,286.0,99.0,161.0,29.0,213.0,229.0,133.0,136.0,270.0,203.0,48.0,132.0,237.0,75.0,271.0,319.0,247.0,124.0,101.0,119.0,121.0,288.0,188.0,375.0,260.0,186.0,59.0,84.0,168.0,54.0,215.0,234.0,131.0,82.0,76.0,324.0,300.0,153.0,111.0,132.0,212.0,153.0,125.0,87.0,66.0,37.0,202.0,169.0,150.0,211.0,101.0,195.0,121.0,27.0,278.0,243.0,187.0,52.0,108.0,65.0,226.0,99.0,245.0,246.0,45.0,131.0,293.0,86.0,206.0,34.0,106.0,141.0,140.0,119.0,66.0,213.0,173.0,220.0,141.0,180.0,241.0,197.0,39.0,145.0,69.0,120.0,187.0,158.0,235.0,208.0,305.0,68.0,183.0,268.0,245.0,364.0,22.0,21.0,98.0,167.0,104.0,132.0,122.0,135.0,135.0,183.0,163.0,151.0,268.0,340.0,106.0,77.0,85.0,147.0,280.0,254.0,211.0,76.0,262.0,101.0,125.0,37.0,101.0,134.0,174.0,73.0,56.0,187.0,186.0,202.0,116.0,136.0,65.0,135.0,82.0,105.0,239.0,112.0,91.0,36.0,244.0,111.0,301.0,113.0,156.0,187.0,62.0,125.0,284.0,262.0,121.0,124.0,93.0,221.0,176.0,119.0,287.0,97.0,357.0,446.0,63.0,315.0,58.0,81.0,74.0,195.0,368.0,65.0,158.0,292.0,269.0,356.0,177.0,169.0,175.0,155.0,81.0,333.0,177.0,54.0,112.0,77.0,68.0,97.0,116.0,364.0,92.0,103.0,158.0,174.0,155.0,103.0,184.0,14.0,152.0,202.0,216.0,100.0,214.0,52.0,76.0,247.0,275.0,145.0,188.0,407.0,158.0,275.0,122.0,230.0,64.0,169.0,187.0,122.0,135.0,140.0,135.0,262.0,117.0,208.0,275.0,186.0,235.0,69.0,309.0,244.0,160.0,286.0,138.0,160.0,88.0,279.0,167.0,129.0,87.0,147.0,149.0,51.0,292.0,173.0,138.0,187.0,167.0,172.0,107.0,304.0,266.0,245.0,102.0,121.0,201.0,250.0,236.0,87.0,185.0,192.0,157.0,279.0,116.0,120.0,49.0,160.0,279.0,44.0,90.0,173.0,65.0,127.0,137.0,187.0,281.0,287.0,127.0,160.0,157.0,79.0,164.0,290.0,187.0,159.0,223.0,163.0,97.0,38.0,110.0,111.0,249.0,51.0,112.0,129.0,135.0,55.0,256.0,291.0,107.0,112.0,175.0,178.0,49.0,123.0,112.0,113.0,172.0,177.0,116.0,177.0,117.0,280.0,104.0,280.0,193.0,297.0,123.0,322.0,90.0,135.0,221.0,198.0,51.0,64.0,159.0,82.0,216.0,42.0,379.0,123.0,249.0,180.0,146.0,99.0,50.0,161.0,62.0,62.0,221.0,74.0,259.0,47.0,324.0,165.0,184.0,127.0,344.0,296.0,119.0,168.0,118.0,95.0,124.0,231.0,19.0,270.0,48.0,149.0,60.0,40.0,193.0,190.0,191.0,78.0,208.0,104.0,120.0,253.0,20.0,210.0,115.0,278.0,80.0,169.0,117.0,179.0,209.0,65.0,148.0,54.0,215.0,232.0,99.0,276.0,108.0,226.0,119.0,268.0,184.0,345.0,167.0,241.0,247.0,273.0,146.0,39.0,220.0,203.0,215.0,162.0,220.0,142.0,218.0,281.0,98.0,40.0,210.0,56.0,143.0,157.0,263.0,196.0,143.0,146.0,178.0,149.0,104.0,260.0,196.0,195.0,144.0,294.0,192.0,75.0,21.0,105.0,333.0,141.0,131.0,45.0,168.0,93.0,153.0,215.0,26.0,230.0,84.0,436.0,170.0,97.0,405.0,220.0,174.0,249.0,266.0,144.0,302.0,176.0,182.0,146.0,265.0,92.0,93.0,0.00961547,0.00333348,0.0142858,0.00628938,0.00751886,0.0192311,0.00395269,0.00689662,0.0312504,0.00558668,0.0185186,0.00680279,0.00729933,0.00613505,0.00280919,0.0049262,0.00359726,0.0169492,0.00442488,0.0263178,0.00452501,0.0140845,0.00813013,0.0243904,0.00613504,0.00425543,0.00421953,0.00364977,0.0169493,0.004673,0.00273992,0.00833338,0.0370374,0.00495058,0.00561805,0.00588242,0.00763364,0.00813013,0.0181819,0.0243904,0.00862074,0.00617292,0.00523569,0.00632918,0.00641033,0.0057472,0.0107528,0.00757582,0.0123457,0.00588242,0.00469493,0.00561805,0.00510214,0.00769237,0.00396838,0.0111112,0.00440539,0.00588247,0.00549458,0.00438608,0.00420179,0.00244521,0.00500009,0.0069445,0.00617292,0.00671149,0.00636951,0.010101,0.00763366,0.00537643,0.0208337,0.0125,0.0166667,0.00552494,0.00480779,0.0125,0.00380241,0.0133334,0.011628,0.00591727,0.0069931,0.0096155,0.0129871,0.0105265,0.0107528,0.00526327,0.00714292,0.00581403,0.00205366,0.0113637,0.00800007,0.00549461,0.00934585,0.00735305,0.00833339,0.0051283,0.00740746,0.00349665,0.00884965,0.00558667,0.018868,0.00384628,0.0099011,0.004673,0.00280918,0.00751886,0.00526325,0.0126586,0.0075189,0.00389119,0.00657901,0.0136987,0.0108696,0.0103093,0.0080646,0.00558667,0.00649357,0.0113638,0.00431045,0.0101011,0.00621125,0.0120482,0.0086957,0.00440539,0.0042018,0.004673,0.00641032,0.00483102,0.00370384,0.00813015,0.00425545,0.0042374,0.00454555,0.011905,0.0333335,0.00925932,0.00502522,0.00684938,0.00613504,0.00500009,0.00305827,0.00414949,0.00389118,0.00952387,0.00704231,0.011905,0.00588244,0.00505059,0.00671147,0.00537643,0.0113637,0.00409849,0.00310577,0.00458728,0.0088496,0.00621126,0.00282505,0.0114943,0.00546457,0.0243906,0.00534768,0.00338998,0.00462973,0.0238097,0.00561808,0.00425544,0.00751891,0.0166667,0.0294126,0.00458726,0.00800029,0.00336716,0.00735301,0.0125001,0.0106383,0.00421952,0.00781257,0.00877199,0.0163935,0.00346035,0.0105264,0.00389118,0.0142858,0.00763367,0.011628,0.0102041,0.00349665,0.0169492,0.00689661,0.00793656,0.00381692,0.021277,0.00769236,0.00354624,0.00709226,0.00751885,0.0071943,0.00421952,0.00793656,0.00421953,0.00546456,0.0120482,0.00819678,0.0103094,0.00990106,0.00757582,0.00961544,0.00990104,0.00595247,0.0153848,0.0100001,0.00806461,0.00429196,0.0133334,0.011236,0.00662258,0.00442489,0.00279348,0.00699311,0.0147059,0.0222223,0.004673,0.00331142,0.00502522,0.00284109,0.00454557,0.00456633,0.00900924,0.00588244,0.0056498,0.0042374,0.0142858,0.00609763,0.00628942,0.0769246,0.011236,0.00302133,0.00322597,0.00684938,0.0192308,0.00303969,0.0049506,0.00602417,0.0044054,0.0161291,0.00313496,0.00625007,0.00537643,0.00543486,0.0088496,0.004762,0.00427362,0.0104167,0.00406517,0.0476196,0.00813015,0.0204082,0.00854707,0.00813014,0.0128206,0.0153847,0.0136987,0.014706,0.00900906,0.007353,0.00751885,0.00413236,0.0312512,0.00549459,0.00598809,0.00813013,0.00666673,0.0129871,0.00398419,0.00431046,0.00512829,0.0120484,0.00401618,0.00990103,0.0555564,0.00286552,0.015873,0.00854706,0.00478478,0.00578042,0.0169493,0.00289874,0.00483101,0.00602417,0.0042374,0.0049262,0.0111111,0.00374545,0.0117648,0.00689661,0.0063695,0.00476204,0.00403238,0.00515474,0.00847474,0.00666676,0.00719431,0.00925939,0.0102041,0.00423741,0.00970886,0.00448441,0.00292416,0.00591731,0.0119048,0.0151515,0.0111111,0.00628937,0.00404871,0.0120482,0.00478479,0.00480779,0.00751891,0.00666674,0.00434793,0.00523572,0.00317477,0.00675681,0.00338998,0.0208335,0.00787407,0.00970881,0.00662258,0.00359726,0.00274744,0.0112362,0.00657902,0.00454556,0.00724645,0.00462973,0.00505065,0.0166667,0.00751886,0.00268116,0.0163939,0.0140848,0.00751885,0.00485454,0.00952387,0.00735302,0.00487814,0.0238099,0.00561806,0.00854716,0.00657901,0.0256412,0.00628939,0.00645169,0.00467299,0.0163935,0.0208348,0.0105264,0.00349665,0.00480779,0.00434793,0.00602417,0.0126583,0.00518143,0.00534768,0.00621125,0.00892861,0.00416679,0.00480783,0.00348447,0.0232559,0.013158,0.00311543,0.0054055,0.00510213,0.00800006,0.00609763,0.00704231,0.0097089,0.00362333,0.040001,0.00413235,0.00262487,0.00900908,0.00478478,0.0129871,0.00584803,0.00485446,0.00684937,0.00543488,0.00729933,0.0161291,0.00389118,0.00295003,0.011628,0.0192309,0.00438607,0.0204082,0.00452499,0.0384624,0.00348446,0.00286552,0.009434,0.00304895,0.009524,0.00990104,0.00411539,0.00862074,0.066668,0.00793657,0.00892862,0.00480779,0.00490205,0.0128206,0.00613504,0.00869577,0.00884962,0.00377372,0.0454839,0.00540557,0.0105264,0.0222223,0.00595246,0.00420179,0.00588243,0.00558667,0.00448441,0.00694451,0.00840342,0.00571436,0.00735299,0.00352127,0.00456633,0.013889,0.00393714,0.00386113,0.0227275,0.00349665,0.00625007,0.0054055,0.00746274,0.00425543,0.00436692,0.0057472,0.0277783,0.00421952,0.00515473,0.00421953,0.00833338,0.00735301,0.00515473,0.00255123,0.0166667,0.0105264,0.0105264,0.00495059,0.0050001,0.00526324,0.0108696,0.0133334,0.00409848,0.0303031,0.00440539,0.00416678,0.00414949,0.00392169,0.00480779,0.00813013,0.0156251,0.00257753,0.0172415,0.00478478,0.00462973,0.00546457,0.00364977,0.00578044,0.00595245,0.00423741,0.0125,0.00751885,0.00370384,0.0156253,0.00757582,0.0038463,0.00609766,0.00307709,0.0092594,0.00598811,0.00390637,0.0434789,0.00534769,0.00961542,0.00414949,0.00833339,0.00290715,0.0135136,0.0057472,0.00531923,0.00483101,0.00555565,0.0121952,0.00990105,0.0454551,0.00310576,0.00291563,0.00641044,0.009434,0.00584803,0.0088496,0.00281709,0.0042018,0.00740747,0.00357157,0.0128206,0.0144929,0.00641033,0.00460839,0.00320529,0.00383155,0.00416679,0.00279349,0.00628938,0.00909095,0.0104167,0.00389118,0.00568191,0.00833339,0.00952385,0.00724643,0.00564979,0.00311543,0.00552495,0.00386115,0.00333349,0.0400002,0.00442489,0.0161293,0.0222223,0.00313496,0.00613504,0.00657906,0.00469494,0.00337856,0.00769238,0.0222233,0.00653604,0.00286551,0.00847463,0.00425543,0.0111112,0.00520842,0.00331141,0.00349665,0.0101014,0.00621125,0.0344831,0.00469494,0.00436692,0.00751886,0.00735299,0.00370385,0.0049262,0.0208336,0.00757581,0.00421952,0.0133334,0.00369018,0.00313497,0.0040487,0.00806459,0.0099012,0.00840341,0.00826451,0.00347237,0.00531925,0.00266687,0.00384628,0.00537643,0.0169493,0.0119048,0.00595245,0.0185186,0.00465126,0.00427361,0.00763366,0.0121952,0.0131579,0.00308659,0.00333349,0.00653602,0.00900906,0.00757582,0.00471708,0.00653606,0.00800005,0.0114945,0.0151516,0.0270313,0.0049506,0.00591724,0.00666673,0.00473943,0.00990104,0.0051283,0.00826452,0.0370376,0.00359726,0.00411534,0.00534769,0.0192311,0.0092593,0.0153847,0.0044249,0.0101011,0.00408175,0.00406516,0.0222227,0.00763366,0.00341312,0.011628,0.00485447,0.0294119,0.00943402,0.00709227,0.00714291,0.00840343,0.0151516,0.00469493,0.00578042,0.00454556,0.0070923,0.00555568,0.00414949,0.00507626,0.0256412,0.00689666,0.0144929,0.00833341,0.00534768,0.00632919,0.00425543,0.00480779,0.00327884,0.0147059,0.00546457,0.00373148,0.00408175,0.00274745,0.0454561,0.0476488,0.0102042,0.0059881,0.00961566,0.00757583,0.0081968,0.00740746,0.00740747,0.00546456,0.00613504,0.00662258,0.00373147,0.00294137,0.00943409,0.012987,0.0117648,0.00680278,0.00357157,0.00393714,0.00473943,0.0131579,0.00381692,0.00990114,0.00800005,0.0270272,0.00990105,0.00746275,0.0057472,0.0136987,0.0178574,0.00534769,0.00537646,0.00495059,0.00862074,0.00735304,0.0153847,0.00740747,0.0121952,0.00952393,0.00418421,0.00892863,0.0109891,0.027778,0.00409848,0.00900905,0.00332241,0.00884961,0.00641033,0.00534768,0.0161293,0.00800005,0.00352127,0.00381693,0.00826451,0.00806457,0.0107527,0.00452499,0.00568191,0.00840341,0.00348446,0.0103094,0.00280131,0.0022424,0.0158731,0.00317476,0.0172419,0.0123457,0.0135136,0.00512829,0.00271759,0.0153847,0.00632918,0.00342481,0.0037176,0.00280919,0.00564983,0.00591724,0.00571437,0.00645176,0.0123458,0.00300317,0.0056498,0.0185191,0.00892866,0.0129872,0.014706,0.0103094,0.00862074,0.00274744,0.0108696,0.00970882,0.00632918,0.00574721,0.00645168,0.0097088,0.00543487,0.0714305,0.00657902,0.00495059,0.00462973,0.01,0.004673,0.0192317,0.0131581,0.00404871,0.0036365,0.00689662,0.00531924,0.00245722,0.0063292,0.0036365,0.00819677,0.00434794,0.0156251,0.0059173,0.00534768,0.00819677,0.00740746,0.00714292,0.00740747,0.00381693,0.00854716,0.00480779,0.0036365,0.00537643,0.00425543,0.0144929,0.00323641,0.00409849,0.00625008,0.00349665,0.00724646,0.00625007,0.0113637,0.00358438,0.0059881,0.00775214,0.0114943,0.00680279,0.0067115,0.019608,0.0034248,0.00578045,0.00724643,0.00534768,0.00598811,0.00581403,0.00934584,0.00328963,0.00375953,0.00408175,0.00980399,0.00826451,0.00497521,0.00400012,0.00423743,0.0114943,0.00540549,0.00520846,0.00636951,0.00358437,0.00862077,0.00833338,0.0204083,0.00625007,0.00358437,0.0227276,0.0111113,0.00578042,0.0153847,0.00787407,0.00729932,0.00534768,0.00355886,0.00348447,0.0078741,0.00625007,0.00636951,0.0126583,0.00609764,0.00344843,0.00534768,0.00628937,0.00448441,0.00613504,0.0103093,0.0263161,0.00909101,0.00900913,0.0040162,0.0196082,0.00892862,0.00775199,0.0074075,0.0181822,0.00390637,0.00343658,0.00934588,0.00892861,0.00571436,0.00561806,0.0204084,0.00813014,0.00892862,0.00884964,0.00581405,0.00564979,0.0086208,0.0056498,0.00854705,0.00357157,0.00961543,0.00357157,0.00518144,0.00336715,0.00813014,0.00310576,0.0111112,0.00740747,0.00452499,0.00505059,0.0196079,0.0156251,0.00628937,0.0121953,0.00462975,0.0238103,0.00263873,0.00813013,0.00401619,0.00555563,0.00684937,0.0101011,0.0200002,0.00621125,0.0161291,0.0161291,0.00452499,0.0135135,0.00386113,0.0212767,0.00308659,0.00606069,0.00543488,0.00787406,0.00290715,0.00337853,0.00840342,0.00595247,0.00847462,0.0105264,0.00806457,0.00432912,0.0526324,0.00370383,0.0208336,0.00671149,0.0166667,0.0250018,0.00518143,0.00526324,0.00523569,0.0128206,0.00480779,0.00961543,0.00833352,0.00395269,0.0500016,0.00476205,0.00869572,0.00359726,0.0125,0.00591725,0.00854707,0.00558667,0.0047848,0.0153849,0.00675682,0.0185186,0.00465127,0.00431046,0.010101,0.00362333,0.0092593,0.00442489,0.00840345,0.00373148,0.0054349,0.00289873,0.0059881,0.0041495,0.0040487,0.00366315,0.00684938,0.0256421,0.00454556,0.00492621,0.00465126,0.00617294,0.00454556,0.00704231,0.00458726,0.00355886,0.0102041,0.0250001,0.004762,0.0178572,0.00699307,0.00636949,0.00380241,0.00510213,0.00699308,0.00684938,0.00561805,0.00671147,0.00961546,0.00384628,0.00510214,0.00512829,0.00694452,0.00340151,0.00520842,0.0133335,0.0476233,0.00952385,0.00300318,0.00709228,0.00763364,0.0222223,0.00595249,0.0107527,0.00653601,0.0046513,0.0384618,0.00434794,0.0119048,0.00229382,0.00588243,0.0103093,0.00246935,0.00454556,0.00574721,0.00401618,0.00375953,0.00694451,0.00331141,0.00568193,0.00549458,0.00684939,0.00377372,0.0108696,0.0107527,104.0,0.00961547,1.41421,300.0,0.00333348,1.41421,70.0,0.0142858,1.41421,159.0,0.00628938,1.41421,133.0,0.00751886,1.41421,52.0,0.0192311,1.41421,253.0,0.00395269,1.41421,145.0,0.00689662,1.41421,32.0,0.0312504,1.41421,179.0,0.00558668,1.41421,54.0,0.0185186,1.41421,147.0,0.00680279,1.41421,137.0,0.00729933,1.41421,163.0,0.00613505,1.41421,356.0,0.00280919,1.41421,203.0,0.0049262,1.41421,278.0,0.00359726,1.41421,59.0,0.0169492,1.41421,226.0,0.00442488,1.41421,38.0,0.0263178,1.41421,221.0,0.00452501,1.41421,71.0,0.0140845,1.41421,123.0,0.00813013,1.41421,41.0,0.0243904,1.41421,163.0,0.00613504,1.41421,235.0,0.00425543,1.41421,237.0,0.00421953,1.41421,274.0,0.00364977,1.41421,59.0,0.0169493,1.41421,214.0,0.004673,1.41421,365.0,0.00273992,1.41421,120.0,0.00833338,1.41421,27.0,0.0370374,1.41421,202.0,0.00495058,1.41421,178.0,0.00561805,1.41421,170.0,0.00588242,1.41421,131.0,0.00763364,1.41421,123.0,0.00813013,1.41421,55.0,0.0181819,1.41421,41.0,0.0243904,1.41421,116.0,0.00862074,1.41421,162.0,0.00617292,1.41421,191.0,0.00523569,1.41421,158.0,0.00632918,1.41421,156.0,0.00641033,1.41421,174.0,0.0057472,1.41421,93.0,0.0107528,1.41421,132.0,0.00757582,1.41421,81.0,0.0123457,1.41421,170.0,0.00588242,1.41421,213.0,0.00469493,1.41421,178.0,0.00561805,1.41421,196.0,0.00510214,1.41421,130.0,0.00769237,1.41421,252.0,0.00396838,1.41421,90.0,0.0111112,1.41421,227.0,0.00440539,1.41421,170.0,0.00588247,1.41421,182.0,0.00549458,1.41421,228.0,0.00438608,1.41421,238.0,0.00420179,1.41421,409.0,0.00244521,1.41421,200.0,0.00500009,1.41421,144.0,0.0069445,1.41421,162.0,0.00617292,1.41421,149.0,0.00671149,1.41421,157.0,0.00636951,1.41421,99.0,0.010101,1.41421,131.0,0.00763366,1.41421,186.0,0.00537643,1.41421,48.0,0.0208337,1.41421,80.0,0.0125,1.41421,60.0,0.0166667,1.41421,181.0,0.00552494,1.41421,208.0,0.00480779,1.41421,80.0,0.0125,1.41421,263.0,0.00380241,1.41421,75.0,0.0133334,1.41421,86.0,0.011628,1.41421,169.0,0.00591727,1.41421,143.0,0.0069931,1.41421,104.0,0.0096155,1.41421,77.0,0.0129871,1.41421,95.0,0.0105265,1.41421,93.0,0.0107528,1.41421,190.0,0.00526327,1.41421,140.0,0.00714292,1.41421,172.0,0.00581403,1.41421,487.0,0.00205366,1.41421,88.0,0.0113637,1.41421,125.0,0.00800007,1.41421,182.0,0.00549461,1.41421,107.0,0.00934585,1.41421,136.0,0.00735305,1.41421,120.0,0.00833339,1.41421,195.0,0.0051283,1.41421,135.0,0.00740746,1.41421,286.0,0.00349665,1.41421,113.0,0.00884965,1.41421,179.0,0.00558667,1.41421,53.0,0.018868,1.41421,260.0,0.00384628,1.41421,101.0,0.0099011,1.41421,214.0,0.004673,1.41421,356.0,0.00280918,1.41421,133.0,0.00751886,1.41421,190.0,0.00526325,1.41421,79.0,0.0126586,1.41421,133.0,0.0075189,1.41421,257.0,0.00389119,1.41421,152.0,0.00657901,1.41421,73.0,0.0136987,1.41421,92.0,0.0108696,1.41421,97.0,0.0103093,1.41421,124.0,0.0080646,1.41421,179.0,0.00558667,1.41421,154.0,0.00649357,1.41421,88.0,0.0113638,1.41421,232.0,0.00431045,1.41421,99.0,0.0101011,1.41421,161.0,0.00621125,1.41421,83.0,0.0120482,1.41421,115.0,0.0086957,1.41421,227.0,0.00440539,1.41421,238.0,0.0042018,1.41421,214.0,0.004673,1.41421,156.0,0.00641032,1.41421,207.0,0.00483102,1.41421,270.0,0.00370384,1.41421,123.0,0.00813015,1.41421,235.0,0.00425545,1.41421,236.0,0.0042374,1.41421,220.0,0.00454555,1.41421,84.0,0.011905,1.41421,30.0,0.0333335,1.41421,108.0,0.00925932,1.41421,199.0,0.00502522,1.41421,146.0,0.00684938,1.41421,163.0,0.00613504,1.41421,200.0,0.00500009,1.41421,327.0,0.00305827,1.41421,241.0,0.00414949,1.41421,257.0,0.00389118,1.41421,105.0,0.00952387,1.41421,142.0,0.00704231,1.41421,84.0,0.011905,1.41421,170.0,0.00588244,1.41421,198.0,0.00505059,1.41421,149.0,0.00671147,1.41421,186.0,0.00537643,1.41421,88.0,0.0113637,1.41421,244.0,0.00409849,1.41421,322.0,0.00310577,1.41421,218.0,0.00458728,1.41421,113.0,0.0088496,1.41421,161.0,0.00621126,1.41421,354.0,0.00282505,1.41421,87.0,0.0114943,1.41421,183.0,0.00546457,1.41421,41.0,0.0243906,1.41421,187.0,0.00534768,1.41421,295.0,0.00338998,1.41421,216.0,0.00462973,1.41421,42.0,0.0238097,1.41421,178.0,0.00561808,1.41421,235.0,0.00425544,1.41421,133.0,0.00751891,1.41421,60.0,0.0166667,1.41421,34.0,0.0294126,1.41421,218.0,0.00458726,1.41421,125.0,0.00800029,1.41421,297.0,0.00336716,1.41421,136.0,0.00735301,1.41421,80.0,0.0125001,1.41421,94.0,0.0106383,1.41421,237.0,0.00421952,1.41421,128.0,0.00781257,1.41421,114.0,0.00877199,1.41421,61.0,0.0163935,1.41421,289.0,0.00346035,1.41421,95.0,0.0105264,1.41421,257.0,0.00389118,1.41421,70.0,0.0142858,1.41421,131.0,0.00763367,1.41421,86.0,0.011628,1.41421,98.0,0.0102041,1.41421,286.0,0.00349665,1.41421,59.0,0.0169492,1.41421,145.0,0.00689661,1.41421,126.0,0.00793656,1.41421,262.0,0.00381692,1.41421,47.0,0.021277,1.41421,130.0,0.00769236,1.41421,282.0,0.00354624,1.41421,141.0,0.00709226,1.41421,133.0,0.00751885,1.41421,139.0,0.0071943,1.41421,237.0,0.00421952,1.41421,126.0,0.00793656,1.41421,237.0,0.00421953,1.41421,183.0,0.00546456,1.41421,83.0,0.0120482,1.41421,122.0,0.00819678,1.41421,97.0,0.0103094,1.41421,101.0,0.00990106,1.41421,132.0,0.00757582,1.41421,104.0,0.00961544,1.41421,101.0,0.00990104,1.41421,168.0,0.00595247,1.41421,65.0,0.0153848,1.41421,100.0,0.0100001,1.41421,124.0,0.00806461,1.41421,233.0,0.00429196,1.41421,75.0,0.0133334,1.41421,89.0,0.011236,1.41421,151.0,0.00662258,1.41421,226.0,0.00442489,1.41421,358.0,0.00279348,1.41421,143.0,0.00699311,1.41421,68.0,0.0147059,1.41421,45.0,0.0222223,1.41421,214.0,0.004673,1.41421,302.0,0.00331142,1.41421,199.0,0.00502522,1.41421,352.0,0.00284109,1.41421,220.0,0.00454557,1.41421,219.0,0.00456633,1.41421,111.0,0.00900924,1.41421,170.0,0.00588244,1.41421,177.0,0.0056498,1.41421,236.0,0.0042374,1.41421,70.0,0.0142858,1.41421,164.0,0.00609763,1.41421,159.0,0.00628942,1.41421,13.0,0.0769246,1.41421,89.0,0.011236,1.41421,331.0,0.00302133,1.41421,310.0,0.00322597,1.41421,146.0,0.00684938,1.41421,52.0,0.0192308,1.41421,329.0,0.00303969,1.41421,202.0,0.0049506,1.41421,166.0,0.00602417,1.41421,227.0,0.0044054,1.41421,62.0,0.0161291,1.41421,319.0,0.00313496,1.41421,160.0,0.00625007,1.41421,186.0,0.00537643,1.41421,184.0,0.00543486,1.41421,113.0,0.0088496,1.41421,210.0,0.004762,1.41421,234.0,0.00427362,1.41421,96.0,0.0104167,1.41421,246.0,0.00406517,1.41421,21.0,0.0476196,1.41421,123.0,0.00813015,1.41421,49.0,0.0204082,1.41421,117.0,0.00854707,1.41421,123.0,0.00813014,1.41421,78.0,0.0128206,1.41421,65.0,0.0153847,1.41421,73.0,0.0136987,1.41421,68.0,0.014706,1.41421,111.0,0.00900906,1.41421,136.0,0.007353,1.41421,133.0,0.00751885,1.41421,242.0,0.00413236,1.41421,32.0,0.0312512,1.41421,182.0,0.00549459,1.41421,167.0,0.00598809,1.41421,123.0,0.00813013,1.41421,150.0,0.00666673,1.41421,77.0,0.0129871,1.41421,251.0,0.00398419,1.41421,232.0,0.00431046,1.41421,195.0,0.00512829,1.41421,83.0,0.0120484,1.41421,249.0,0.00401618,1.41421,101.0,0.00990103,1.41421,18.0,0.0555564,1.41421,349.0,0.00286552,1.41421,63.0,0.015873,1.41421,117.0,0.00854706,1.41421,209.0,0.00478478,1.41421,173.0,0.00578042,1.41421,59.0,0.0169493,1.41421,345.0,0.00289874,1.41421,207.0,0.00483101,1.41421,166.0,0.00602417,1.41421,236.0,0.0042374,1.41421,203.0,0.0049262,1.41421,90.0,0.0111111,1.41421,267.0,0.00374545,1.41421,85.0,0.0117648,1.41421,145.0,0.00689661,1.41421,157.0,0.0063695,1.41421,210.0,0.00476204,1.41421,248.0,0.00403238,1.41421,194.0,0.00515474,1.41421,118.0,0.00847474,1.41421,150.0,0.00666676,1.41421,139.0,0.00719431,1.41421,108.0,0.00925939,1.41421,98.0,0.0102041,1.41421,236.0,0.00423741,1.41421,103.0,0.00970886,1.41421,223.0,0.00448441,1.41421,342.0,0.00292416,1.41421,169.0,0.00591731,1.41421,84.0,0.0119048,1.41421,66.0,0.0151515,1.41421,90.0,0.0111111,1.41421,159.0,0.00628937,1.41421,247.0,0.00404871,1.41421,83.0,0.0120482,1.41421,209.0,0.00478479,1.41421,208.0,0.00480779,1.41421,133.0,0.00751891,1.41421,150.0,0.00666674,1.41421,230.0,0.00434793,1.41421,191.0,0.00523572,1.41421,315.0,0.00317477,1.41421,148.0,0.00675681,1.41421,295.0,0.00338998,1.41421,48.0,0.0208335,1.41421,127.0,0.00787407,1.41421,103.0,0.00970881,1.41421,151.0,0.00662258,1.41421,278.0,0.00359726,1.41421,364.0,0.00274744,1.41421,89.0,0.0112362,1.41421,152.0,0.00657902,1.41421,220.0,0.00454556,1.41421,138.0,0.00724645,1.41421,216.0,0.00462973,1.41421,198.0,0.00505065,1.41421,60.0,0.0166667,1.41421,133.0,0.00751886,1.41421,373.0,0.00268116,1.41421,61.0,0.0163939,1.41421,71.0,0.0140848,1.41421,133.0,0.00751885,1.41421,206.0,0.00485454,1.41421,105.0,0.00952387,1.41421,136.0,0.00735302,1.41421,205.0,0.00487814,1.41421,42.0,0.0238099,1.41421,178.0,0.00561806,1.41421,117.0,0.00854716,1.41421,152.0,0.00657901,1.41421,39.0,0.0256412,1.41421,159.0,0.00628939,1.41421,155.0,0.00645169,1.41421,214.0,0.00467299,1.41421,61.0,0.0163935,1.41421,48.0,0.0208348,1.41421,95.0,0.0105264,1.41421,286.0,0.00349665,1.41421,208.0,0.00480779,1.41421,230.0,0.00434793,1.41421,166.0,0.00602417,1.41421,79.0,0.0126583,1.41421,193.0,0.00518143,1.41421,187.0,0.00534768,1.41421,161.0,0.00621125,1.41421,112.0,0.00892861,1.41421,240.0,0.00416679,1.41421,208.0,0.00480783,1.41421,287.0,0.00348447,1.41421,43.0,0.0232559,1.41421,76.0,0.013158,1.41421,321.0,0.00311543,1.41421,185.0,0.0054055,1.41421,196.0,0.00510213,1.41421,125.0,0.00800006,1.41421,164.0,0.00609763,1.41421,142.0,0.00704231,1.41421,103.0,0.0097089,1.41421,276.0,0.00362333,1.41421,25.0,0.040001,1.41421,242.0,0.00413235,1.41421,381.0,0.00262487,1.41421,111.0,0.00900908,1.41421,209.0,0.00478478,1.41421,77.0,0.0129871,1.41421,171.0,0.00584803,1.41421,206.0,0.00485446,1.41421,146.0,0.00684937,1.41421,184.0,0.00543488,1.41421,137.0,0.00729933,1.41421,62.0,0.0161291,1.41421,257.0,0.00389118,1.41421,339.0,0.00295003,1.41421,86.0,0.011628,1.41421,52.0,0.0192309,1.41421,228.0,0.00438607,1.41421,49.0,0.0204082,1.41421,221.0,0.00452499,1.41421,26.0,0.0384624,1.41421,287.0,0.00348446,1.41421,349.0,0.00286552,1.41421,106.0,0.009434,1.41421,328.0,0.00304895,1.41421,105.0,0.009524,1.41421,101.0,0.00990104,1.41421,243.0,0.00411539,1.41421,116.0,0.00862074,1.41421,15.0,0.066668,1.41421,126.0,0.00793657,1.41421,112.0,0.00892862,1.41421,208.0,0.00480779,1.41421,204.0,0.00490205,1.41421,78.0,0.0128206,1.41421,163.0,0.00613504,1.41421,115.0,0.00869577,1.41421,113.0,0.00884962,1.41421,265.0,0.00377372,1.41421,22.0,0.0454839,1.41421,185.0,0.00540557,1.41421,95.0,0.0105264,1.41421,45.0,0.0222223,1.41421,168.0,0.00595246,1.41421,238.0,0.00420179,1.41421,170.0,0.00588243,1.41421,179.0,0.00558667,1.41421,223.0,0.00448441,1.41421,144.0,0.00694451,1.41421,119.0,0.00840342,1.41421,175.0,0.00571436,1.41421,136.0,0.00735299,1.41421,284.0,0.00352127,1.41421,219.0,0.00456633,1.41421,72.0,0.013889,1.41421,254.0,0.00393714,1.41421,259.0,0.00386113,1.41421,44.0,0.0227275,1.41421,286.0,0.00349665,1.41421,160.0,0.00625007,1.41421,185.0,0.0054055,1.41421,134.0,0.00746274,1.41421,235.0,0.00425543,1.41421,229.0,0.00436692,1.41421,174.0,0.0057472,1.41421,36.0,0.0277783,1.41421,237.0,0.00421952,1.41421,194.0,0.00515473,1.41421,237.0,0.00421953,1.41421,120.0,0.00833338,1.41421,136.0,0.00735301,1.41421,194.0,0.00515473,1.41421,392.0,0.00255123,1.41421,60.0,0.0166667,1.41421,95.0,0.0105264,1.41421,95.0,0.0105264,1.41421,202.0,0.00495059,1.41421,200.0,0.0050001,1.41421,190.0,0.00526324,1.41421,92.0,0.0108696,1.41421,75.0,0.0133334,1.41421,244.0,0.00409848,1.41421,33.0,0.0303031,1.41421,227.0,0.00440539,1.41421,240.0,0.00416678,1.41421,241.0,0.00414949,1.41421,255.0,0.00392169,1.41421,208.0,0.00480779,1.41421,123.0,0.00813013,1.41421,64.0,0.0156251,1.41421,388.0,0.00257753,1.41421,58.0,0.0172415,1.41421,209.0,0.00478478,1.41421,216.0,0.00462973,1.41421,183.0,0.00546457,1.41421,274.0,0.00364977,1.41421,173.0,0.00578044,1.41421,168.0,0.00595245,1.41421,236.0,0.00423741,1.41421,80.0,0.0125,1.41421,133.0,0.00751885,1.41421,270.0,0.00370384,1.41421,64.0,0.0156253,1.41421,132.0,0.00757582,1.41421,260.0,0.0038463,1.41421,164.0,0.00609766,1.41421,325.0,0.00307709,1.41421,108.0,0.0092594,1.41421,167.0,0.00598811,1.41421,256.0,0.00390637,1.41421,23.0,0.0434789,1.41421,187.0,0.00534769,1.41421,104.0,0.00961542,1.41421,241.0,0.00414949,1.41421,120.0,0.00833339,1.41421,344.0,0.00290715,1.41421,74.0,0.0135136,1.41421,174.0,0.0057472,1.41421,188.0,0.00531923,1.41421,207.0,0.00483101,1.41421,180.0,0.00555565,1.41421,82.0,0.0121952,1.41421,101.0,0.00990105,1.41421,22.0,0.0454551,1.41421,322.0,0.00310576,1.41421,343.0,0.00291563,1.41421,156.0,0.00641044,1.41421,106.0,0.009434,1.41421,171.0,0.00584803,1.41421,113.0,0.0088496,1.41421,355.0,0.00281709,1.41421,238.0,0.0042018,1.41421,135.0,0.00740747,1.41421,280.0,0.00357157,1.41421,78.0,0.0128206,1.41421,69.0,0.0144929,1.41421,156.0,0.00641033,1.41421,217.0,0.00460839,1.41421,312.0,0.00320529,1.41421,261.0,0.00383155,1.41421,240.0,0.00416679,1.41421,358.0,0.00279349,1.41421,159.0,0.00628938,1.41421,110.0,0.00909095,1.41421,96.0,0.0104167,1.41421,257.0,0.00389118,1.41421,176.0,0.00568191,1.41421,120.0,0.00833339,1.41421,105.0,0.00952385,1.41421,138.0,0.00724643,1.41421,177.0,0.00564979,1.41421,321.0,0.00311543,1.41421,181.0,0.00552495,1.41421,259.0,0.00386115,1.41421,300.0,0.00333349,1.41421,25.0,0.0400002,1.41421,226.0,0.00442489,1.41421,62.0,0.0161293,1.41421,45.0,0.0222223,1.41421,319.0,0.00313496,1.41421,163.0,0.00613504,1.41421,152.0,0.00657906,1.41421,213.0,0.00469494,1.41421,296.0,0.00337856,1.41421,130.0,0.00769238,1.41421,45.0,0.0222233,1.41421,153.0,0.00653604,1.41421,349.0,0.00286551,1.41421,118.0,0.00847463,1.41421,235.0,0.00425543,1.41421,90.0,0.0111112,1.41421,192.0,0.00520842,1.41421,302.0,0.00331141,1.41421,286.0,0.00349665,1.41421,99.0,0.0101014,1.41421,161.0,0.00621125,1.41421,29.0,0.0344831,1.41421,213.0,0.00469494,1.41421,229.0,0.00436692,1.41421,133.0,0.00751886,1.41421,136.0,0.00735299,1.41421,270.0,0.00370385,1.41421,203.0,0.0049262,1.41421,48.0,0.0208336,1.41421,132.0,0.00757581,1.41421,237.0,0.00421952,1.41421,75.0,0.0133334,1.41421,271.0,0.00369018,1.41421,319.0,0.00313497,1.41421,247.0,0.0040487,1.41421,124.0,0.00806459,1.41421,101.0,0.0099012,1.41421,119.0,0.00840341,1.41421,121.0,0.00826451,1.41421,288.0,0.00347237,1.41421,188.0,0.00531925,1.41421,375.0,0.00266687,1.41421,260.0,0.00384628,1.41421,186.0,0.00537643,1.41421,59.0,0.0169493,1.41421,84.0,0.0119048,1.41421,168.0,0.00595245,1.41421,54.0,0.0185186,1.41421,215.0,0.00465126,1.41421,234.0,0.00427361,1.41421,131.0,0.00763366,1.41421,82.0,0.0121952,1.41421,76.0,0.0131579,1.41421,324.0,0.00308659,1.41421,300.0,0.00333349,1.41421,153.0,0.00653602,1.41421,111.0,0.00900906,1.41421,132.0,0.00757582,1.41421,212.0,0.00471708,1.41421,153.0,0.00653606,1.41421,125.0,0.00800005,1.41421,87.0,0.0114945,1.41421,66.0,0.0151516,1.41421,37.0,0.0270313,1.41421,202.0,0.0049506,1.41421,169.0,0.00591724,1.41421,150.0,0.00666673,1.41421,211.0,0.00473943,1.41421,101.0,0.00990104,1.41421,195.0,0.0051283,1.41421,121.0,0.00826452,1.41421,27.0,0.0370376,1.41421,278.0,0.00359726,1.41421,243.0,0.00411534,1.41421,187.0,0.00534769,1.41421,52.0,0.0192311,1.41421,108.0,0.0092593,1.41421,65.0,0.0153847,1.41421,226.0,0.0044249,1.41421,99.0,0.0101011,1.41421,245.0,0.00408175,1.41421,246.0,0.00406516,1.41421,45.0,0.0222227,1.41421,131.0,0.00763366,1.41421,293.0,0.00341312,1.41421,86.0,0.011628,1.41421,206.0,0.00485447,1.41421,34.0,0.0294119,1.41421,106.0,0.00943402,1.41421,141.0,0.00709227,1.41421,140.0,0.00714291,1.41421,119.0,0.00840343,1.41421,66.0,0.0151516,1.41421,213.0,0.00469493,1.41421,173.0,0.00578042,1.41421,220.0,0.00454556,1.41421,141.0,0.0070923,1.41421,180.0,0.00555568,1.41421,241.0,0.00414949,1.41421,197.0,0.00507626,1.41421,39.0,0.0256412,1.41421,145.0,0.00689666,1.41421,69.0,0.0144929,1.41421,120.0,0.00833341,1.41421,187.0,0.00534768,1.41421,158.0,0.00632919,1.41421,235.0,0.00425543,1.41421,208.0,0.00480779,1.41421,305.0,0.00327884,1.41421,68.0,0.0147059,1.41421,183.0,0.00546457,1.41421,268.0,0.00373148,1.41421,245.0,0.00408175,1.41421,364.0,0.00274745,1.41421,22.0,0.0454561,1.41421,21.0,0.0476488,1.41421,98.0,0.0102042,1.41421,167.0,0.0059881,1.41421,104.0,0.00961566,1.41421,132.0,0.00757583,1.41421,122.0,0.0081968,1.41421,135.0,0.00740746,1.41421,135.0,0.00740747,1.41421,183.0,0.00546456,1.41421,163.0,0.00613504,1.41421,151.0,0.00662258,1.41421,268.0,0.00373147,1.41421,340.0,0.00294137,1.41421,106.0,0.00943409,1.41421,77.0,0.012987,1.41421,85.0,0.0117648,1.41421,147.0,0.00680278,1.41421,280.0,0.00357157,1.41421,254.0,0.00393714,1.41421,211.0,0.00473943,1.41421,76.0,0.0131579,1.41421,262.0,0.00381692,1.41421,101.0,0.00990114,1.41421,125.0,0.00800005,1.41421,37.0,0.0270272,1.41421,101.0,0.00990105,1.41421,134.0,0.00746275,1.41421,174.0,0.0057472,1.41421,73.0,0.0136987,1.41421,56.0,0.0178574,1.41421,187.0,0.00534769,1.41421,186.0,0.00537646,1.41421,202.0,0.00495059,1.41421,116.0,0.00862074,1.41421,136.0,0.00735304,1.41421,65.0,0.0153847,1.41421,135.0,0.00740747,1.41421,82.0,0.0121952,1.41421,105.0,0.00952393,1.41421,239.0,0.00418421,1.41421,112.0,0.00892863,1.41421,91.0,0.0109891,1.41421,36.0,0.027778,1.41421,244.0,0.00409848,1.41421,111.0,0.00900905,1.41421,301.0,0.00332241,1.41421,113.0,0.00884961,1.41421,156.0,0.00641033,1.41421,187.0,0.00534768,1.41421,62.0,0.0161293,1.41421,125.0,0.00800005,1.41421,284.0,0.00352127,1.41421,262.0,0.00381693,1.41421,121.0,0.00826451,1.41421,124.0,0.00806457,1.41421,93.0,0.0107527,1.41421,221.0,0.00452499,1.41421,176.0,0.00568191,1.41421,119.0,0.00840341,1.41421,287.0,0.00348446,1.41421,97.0,0.0103094,1.41421,357.0,0.00280131,1.41421,446.0,0.0022424,1.41421,63.0,0.0158731,1.41421,315.0,0.00317476,1.41421,58.0,0.0172419,1.41421,81.0,0.0123457,1.41421,74.0,0.0135136,1.41421,195.0,0.00512829,1.41421,368.0,0.00271759,1.41421,65.0,0.0153847,1.41421,158.0,0.00632918,1.41421,292.0,0.00342481,1.41421,269.0,0.0037176,1.41421,356.0,0.00280919,1.41421,177.0,0.00564983,1.41421,169.0,0.00591724,1.41421,175.0,0.00571437,1.41421,155.0,0.00645176,1.41421,81.0,0.0123458,1.41421,333.0,0.00300317,1.41421,177.0,0.0056498,1.41421,54.0,0.0185191,1.41421,112.0,0.00892866,1.41421,77.0,0.0129872,1.41421,68.0,0.014706,1.41421,97.0,0.0103094,1.41421,116.0,0.00862074,1.41421,364.0,0.00274744,1.41421,92.0,0.0108696,1.41421,103.0,0.00970882,1.41421,158.0,0.00632918,1.41421,174.0,0.00574721,1.41421,155.0,0.00645168,1.41421,103.0,0.0097088,1.41421,184.0,0.00543487,1.41421,14.0,0.0714305,1.41421,152.0,0.00657902,1.41421,202.0,0.00495059,1.41421,216.0,0.00462973,1.41421,100.0,0.01,1.41421,214.0,0.004673,1.41421,52.0,0.0192317,1.41421,76.0,0.0131581,1.41421,247.0,0.00404871,1.41421,275.0,0.0036365,1.41421,145.0,0.00689662,1.41421,188.0,0.00531924,1.41421,407.0,0.00245722,1.41421,158.0,0.0063292,1.41421,275.0,0.0036365,1.41421,122.0,0.00819677,1.41421,230.0,0.00434794,1.41421,64.0,0.0156251,1.41421,169.0,0.0059173,1.41421,187.0,0.00534768,1.41421,122.0,0.00819677,1.41421,135.0,0.00740746,1.41421,140.0,0.00714292,1.41421,135.0,0.00740747,1.41421,262.0,0.00381693,1.41421,117.0,0.00854716,1.41421,208.0,0.00480779,1.41421,275.0,0.0036365,1.41421,186.0,0.00537643,1.41421,235.0,0.00425543,1.41421,69.0,0.0144929,1.41421,309.0,0.00323641,1.41421,244.0,0.00409849,1.41421,160.0,0.00625008,1.41421,286.0,0.00349665,1.41421,138.0,0.00724646,1.41421,160.0,0.00625007,1.41421,88.0,0.0113637,1.41421,279.0,0.00358438,1.41421,167.0,0.0059881,1.41421,129.0,0.00775214,1.41421,87.0,0.0114943,1.41421,147.0,0.00680279,1.41421,149.0,0.0067115,1.41421,51.0,0.019608,1.41421,292.0,0.0034248,1.41421,173.0,0.00578045,1.41421,138.0,0.00724643,1.41421,187.0,0.00534768,1.41421,167.0,0.00598811,1.41421,172.0,0.00581403,1.41421,107.0,0.00934584,1.41421,304.0,0.00328963,1.41421,266.0,0.00375953,1.41421,245.0,0.00408175,1.41421,102.0,0.00980399,1.41421,121.0,0.00826451,1.41421,201.0,0.00497521,1.41421,250.0,0.00400012,1.41421,236.0,0.00423743,1.41421,87.0,0.0114943,1.41421,185.0,0.00540549,1.41421,192.0,0.00520846,1.41421,157.0,0.00636951,1.41421,279.0,0.00358437,1.41421,116.0,0.00862077,1.41421,120.0,0.00833338,1.41421,49.0,0.0204083,1.41421,160.0,0.00625007,1.41421,279.0,0.00358437,1.41421,44.0,0.0227276,1.41421,90.0,0.0111113,1.41421,173.0,0.00578042,1.41421,65.0,0.0153847,1.41421,127.0,0.00787407,1.41421,137.0,0.00729932,1.41421,187.0,0.00534768,1.41421,281.0,0.00355886,1.41421,287.0,0.00348447,1.41421,127.0,0.0078741,1.41421,160.0,0.00625007,1.41421,157.0,0.00636951,1.41421,79.0,0.0126583,1.41421,164.0,0.00609764,1.41421,290.0,0.00344843,1.41421,187.0,0.00534768,1.41421,159.0,0.00628937,1.41421,223.0,0.00448441,1.41421,163.0,0.00613504,1.41421,97.0,0.0103093,1.41421,38.0,0.0263161,1.41421,110.0,0.00909101,1.41421,111.0,0.00900913,1.41421,249.0,0.0040162,1.41421,51.0,0.0196082,1.41421,112.0,0.00892862,1.41421,129.0,0.00775199,1.41421,135.0,0.0074075,1.41421,55.0,0.0181822,1.41421,256.0,0.00390637,1.41421,291.0,0.00343658,1.41421,107.0,0.00934588,1.41421,112.0,0.00892861,1.41421,175.0,0.00571436,1.41421,178.0,0.00561806,1.41421,49.0,0.0204084,1.41421,123.0,0.00813014,1.41421,112.0,0.00892862,1.41421,113.0,0.00884964,1.41421,172.0,0.00581405,1.41421,177.0,0.00564979,1.41421,116.0,0.0086208,1.41421,177.0,0.0056498,1.41421,117.0,0.00854705,1.41421,280.0,0.00357157,1.41421,104.0,0.00961543,1.41421,280.0,0.00357157,1.41421,193.0,0.00518144,1.41421,297.0,0.00336715,1.41421,123.0,0.00813014,1.41421,322.0,0.00310576,1.41421,90.0,0.0111112,1.41421,135.0,0.00740747,1.41421,221.0,0.00452499,1.41421,198.0,0.00505059,1.41421,51.0,0.0196079,1.41421,64.0,0.0156251,1.41421,159.0,0.00628937,1.41421,82.0,0.0121953,1.41421,216.0,0.00462975,1.41421,42.0,0.0238103,1.41421,379.0,0.00263873,1.41421,123.0,0.00813013,1.41421,249.0,0.00401619,1.41421,180.0,0.00555563,1.41421,146.0,0.00684937,1.41421,99.0,0.0101011,1.41421,50.0,0.0200002,1.41421,161.0,0.00621125,1.41421,62.0,0.0161291,1.41421,62.0,0.0161291,1.41421,221.0,0.00452499,1.41421,74.0,0.0135135,1.41421,259.0,0.00386113,1.41421,47.0,0.0212767,1.41421,324.0,0.00308659,1.41421,165.0,0.00606069,1.41421,184.0,0.00543488,1.41421,127.0,0.00787406,1.41421,344.0,0.00290715,1.41421,296.0,0.00337853,1.41421,119.0,0.00840342,1.41421,168.0,0.00595247,1.41421,118.0,0.00847462,1.41421,95.0,0.0105264,1.41421,124.0,0.00806457,1.41421,231.0,0.00432912,1.41421,19.0,0.0526324,1.41421,270.0,0.00370383,1.41421,48.0,0.0208336,1.41421,149.0,0.00671149,1.41421,60.0,0.0166667,1.41421,40.0,0.0250018,1.41421,193.0,0.00518143,1.41421,190.0,0.00526324,1.41421,191.0,0.00523569,1.41421,78.0,0.0128206,1.41421,208.0,0.00480779,1.41421,104.0,0.00961543,1.41421,120.0,0.00833352,1.41421,253.0,0.00395269,1.41421,20.0,0.0500016,1.41421,210.0,0.00476205,1.41421,115.0,0.00869572,1.41421,278.0,0.00359726,1.41421,80.0,0.0125,1.41421,169.0,0.00591725,1.41421,117.0,0.00854707,1.41421,179.0,0.00558667,1.41421,209.0,0.0047848,1.41421,65.0,0.0153849,1.41421,148.0,0.00675682,1.41421,54.0,0.0185186,1.41421,215.0,0.00465127,1.41421,232.0,0.00431046,1.41421,99.0,0.010101,1.41421,276.0,0.00362333,1.41421,108.0,0.0092593,1.41421,226.0,0.00442489,1.41421,119.0,0.00840345,1.41421,268.0,0.00373148,1.41421,184.0,0.0054349,1.41421,345.0,0.00289873,1.41421,167.0,0.0059881,1.41421,241.0,0.0041495,1.41421,247.0,0.0040487,1.41421,273.0,0.00366315,1.41421,146.0,0.00684938,1.41421,39.0,0.0256421,1.41421,220.0,0.00454556,1.41421,203.0,0.00492621,1.41421,215.0,0.00465126,1.41421,162.0,0.00617294,1.41421,220.0,0.00454556,1.41421,142.0,0.00704231,1.41421,218.0,0.00458726,1.41421,281.0,0.00355886,1.41421,98.0,0.0102041,1.41421,40.0,0.0250001,1.41421,210.0,0.004762,1.41421,56.0,0.0178572,1.41421,143.0,0.00699307,1.41421,157.0,0.00636949,1.41421,263.0,0.00380241,1.41421,196.0,0.00510213,1.41421,143.0,0.00699308,1.41421,146.0,0.00684938,1.41421,178.0,0.00561805,1.41421,149.0,0.00671147,1.41421,104.0,0.00961546,1.41421,260.0,0.00384628,1.41421,196.0,0.00510214,1.41421,195.0,0.00512829,1.41421,144.0,0.00694452,1.41421,294.0,0.00340151,1.41421,192.0,0.00520842,1.41421,75.0,0.0133335,1.41421,21.0,0.0476233,1.41421,105.0,0.00952385,1.41421,333.0,0.00300318,1.41421,141.0,0.00709228,1.41421,131.0,0.00763364,1.41421,45.0,0.0222223,1.41421,168.0,0.00595249,1.41421,93.0,0.0107527,1.41421,153.0,0.00653601,1.41421,215.0,0.0046513,1.41421,26.0,0.0384618,1.41421,230.0,0.00434794,1.41421,84.0,0.0119048,1.41421,436.0,0.00229382,1.41421,170.0,0.00588243,1.41421,97.0,0.0103093,1.41421,405.0,0.00246935,1.41421,220.0,0.00454556,1.41421,174.0,0.00574721,1.41421,249.0,0.00401618,1.41421,266.0,0.00375953,1.41421,144.0,0.00694451,1.41421,302.0,0.00331141,1.41421,176.0,0.00568193,1.41421,182.0,0.00549458,1.41421,146.0,0.00684939,1.41421,265.0,0.00377372,1.41421,92.0,0.0108696,1.41421,93.0,0.0107527,1.41421]
