#SOLVERNAME# PAJ_SUBOPT-2-1_CBC_MOSEK
#SOLVER# Pajarito.PajaritoSolver(2,3600.0,1.0e-5,false,Cbc.CbcMathProgSolverInterface.CbcSolver(Any[(:logLevel,0),(:ratioGap,0.0),(:seconds,3600.0)]),Cbc.CbcMathProgSolverInterface.CbcSolver(Any[(:logLevel,0),(:ratioGap,0.01),(:seconds,120)]),2,false,true,Mosek.MosekMathProgSolverInterface.MosekSolver(Any[(:LOG,0),(:NUM_THREADS,1),(:OPTIMIZER_MAX_TIME,120.0)]),true,false,false,true,false,true,false,true,true,true,true,false,false,true,false,false,false,false,1.0e-10,0.0001,1.0e-6,0.01,1.0e-6)
#FILENAME# robust_50_1.cbf.gz
#INSTANCE# robust_50_1
#TIMELIMIT# 3600.0
#STATUS# Suboptimal
#OBJVAL# -0.08569476460457995
#OBJBOUND# -0.085754216145308
#TIMESOLVER# 3.536970853805542
#TIMEALL# 3.5371949672698975
#SOLUTION# [0.0856948,0.0,0.0,0.0,0.0621524,1.0,0.104997,1.0,0.080393,1.0,0.0,0.0,0.0,0.0,0.0,0.0,0.0,0.0,0.0,0.0,0.0,0.0,0.0,0.0,0.0,0.0,0.0,0.0,0.0,0.0,0.0,0.0,0.123708,1.0,0.0,0.0,0.00787424,1.0,0.0,0.0,0.0,0.0,0.0,0.0,0.0,0.0,0.0,0.0,0.0,0.0,0.0,0.0,0.0,0.0,0.0,0.0,0.0,0.0,0.166423,1.0,0.0,0.0,0.0,0.0,0.0,0.0,0.0,0.0,0.137018,1.0,0.0952782,1.0,0.0,0.0,0.0,0.0,0.0,0.0,0.0,0.0,0.0,0.0,0.0146089,1.0,0.0,0.0,0.0,0.0,0.207547,1.0,0.0,0.0,0.0,0.0,0.0,0.0,0.0,0.0,0.0,0.0,0.0,0.0,1.0,0.0153671,0.048754,0.0585462,0.0894432,0.0323363,0.0284715,0.0109882,0.0110718,0.00844826,0.000969143,0.0128032,-0.00101351,0.00834461,0.0104691,0.0259782,0.0528874,0.00988434,0.0349371,0.0102311,0.0154264,0.0126604,0.0263537,0.0142277,0.0170884,0.034753,0.0109241,0.00978819,0.0103681,0.0534343,0.0132443,0.0171022,0.0115511,0.0241266,0.0478082,0.0633397,0.0262346,0.0135586,0.0130659,0.00539446,0.0150454,0.0283247,0.0200126,0.00959929,0.040324,0.0215153,0.00956829,0.0119934,0.00368492,0.00659368,0.0109419,0.0,0.2,0.00399248,0.0126667,0.0152108,0.023238,0.00840123,0.00739711,0.00285481,0.00287654,0.00219492,0.000251791,0.00332636,-0.000263317,0.00216799,0.00271995,0.00674933,0.0137406,0.00256803,0.00907692,0.00265812,0.0040079,0.00328926,0.00684689,0.00369645,0.0044397,0.00902909,0.00283817,0.00254305,0.00269371,0.0138826,0.00344098,0.00444327,0.00300106,0.00626827,0.0124209,0.0164561,0.00681594,0.00352263,0.00339463,0.00140152,0.00390891,0.00735898,0.00519941,0.00249397,0.0104765,0.00558985,0.00248591,0.00311599,0.000957371,0.00171309,0.00284279,0.0,0.0519615]
