#SOLVERNAME# PAJ_SUBOPT-8-10_CBC_MOSEK
#SOLVER# Pajarito.PajaritoSolver(2,3600.0,1.0e-5,false,Cbc.CbcMathProgSolverInterface.CbcSolver(Any[(:logLevel,0),(:ratioGap,0.0),(:seconds,3600.0)]),Cbc.CbcMathProgSolverInterface.CbcSolver(Any[(:logLevel,0),(:ratioGap,0.1),(:seconds,120)]),8,false,true,Mosek.MosekMathProgSolverInterface.MosekSolver(Any[(:LOG,0),(:NUM_THREADS,1),(:OPTIMIZER_MAX_TIME,120.0)]),true,false,false,true,false,true,false,true,true,true,true,false,false,true,false,false,false,false,1.0e-10,0.0001,1.0e-6,0.01,1.0e-6)
#FILENAME# estein5_nr1.cbf.gz
#INSTANCE# estein5_nr1
#TIMELIMIT# 3600.0
#STATUS# Optimal
#OBJVAL# 1.6643993294566815
#OBJBOUND# 1.664399321322977
#TIMESOLVER# 10.541136026382446
#TIMEALL# 10.541388988494873
#SOLUTION# [0.799472,0.264542,0.88,0.46,0.243685,0.190301,1.03446,-0.0994715,0.695458,0.531413,-0.18,0.5,1.03446,0.456315,0.769699,1.03446,0.0805285,0.195458,8.80117e-9,7.68236e-9,2.14974e-9,1.03446,0.636315,0.269699,0.131962,0.0805285,-0.104542,1.03446,7.68234e-9,-0.3,1.03446,0.636315,-0.0303007,1.03446,-0.609472,-0.0045423,1.03446,-0.69,-0.2,0.0879777,-0.053685,0.0696993,1.03446,-0.609472,-0.204542,1.03446,-0.69,-0.4,0.140927,-0.053685,-0.130301,0.211397,-0.0805284,-0.195458,0.560723,0.555787,0.0742416,1.03446,0.636315,0.269699,0.0,0.531413,0.0,0.0,8.80117e-9,0.0,0.131962,0.0,0.0,0.0,0.0,0.0879777,0.0,0.0,0.140927,0.211397,0.560723,0.0,0.0,1.0,0.0,0.0,1.0,0.0,1.0,0.0,0.0,0.0,0.0,1.0,0.0,0.0,1.0,1.0,1.0,0.0,1.0,0.0,1.0,1.0,0.0,1.0,0.0,1.0,1.0,1.0,1.0,0.0,1.0,1.0,0.0,0.0,0.0,1.0,-0.0,0.503043,-0.0,-0.0,1.03446,-0.0,0.902494,-0.0,-0.0,-0.0,-0.0,0.946478,-0.0,-0.0,0.893529,0.823059,0.473733,-0.0]
