#SOLVERNAME# PAJ_SUBOPT-2-10_CBC_MOSEK
#SOLVER# Pajarito.PajaritoSolver(2,3600.0,1.0e-5,false,Cbc.CbcMathProgSolverInterface.CbcSolver(Any[(:logLevel,0),(:ratioGap,0.0),(:seconds,3600.0)]),Cbc.CbcMathProgSolverInterface.CbcSolver(Any[(:logLevel,0),(:ratioGap,0.1),(:seconds,120)]),2,false,true,Mosek.MosekMathProgSolverInterface.MosekSolver(Any[(:LOG,0),(:NUM_THREADS,1),(:OPTIMIZER_MAX_TIME,120.0)]),true,false,false,true,false,true,false,true,true,true,true,false,false,true,false,false,false,false,1.0e-10,0.0001,1.0e-6,0.01,1.0e-6)
#FILENAME# classical_200_1.cbf.gz
#INSTANCE# classical_200_1
#TIMELIMIT# 3600.0
#STATUS# UserLimit
#OBJVAL# -0.11380579595550323
#OBJBOUND# -0.135456221875779
#TIMESOLVER# 3601.8612248897552
#TIMEALL# 3601.8614690303802
#SOLUTION# [0.0,0.0,0.0,0.0,0.0,0.0,0.0,0.0,0.0,0.0,0.0,0.0,0.0,0.0,0.0,0.0,0.0,0.0,0.0,0.0,0.055704,0.0,0.0,0.0,0.0,0.0,0.0,0.0,0.0,0.0,0.0,0.0,0.0,0.0,0.0,0.0,0.0,0.0,0.0,0.0,0.0,0.00647414,0.0,0.0,0.0,0.0,0.0,0.0,0.0,0.0,0.0,0.0,0.0,0.0,0.0,0.0,0.0,0.0,0.0,0.0,0.0704301,0.0,0.0,0.0,0.0,0.0,0.0,0.0,0.0,0.0,0.0,0.0,0.0,0.0,0.0,0.0564653,0.0,0.0,0.0,0.0,0.291368,0.0,0.0,0.0,0.0,0.0,0.16014,0.0,0.0,0.0,0.0,0.0,0.0,0.0,0.0,0.0,0.0,0.0,0.0,0.0,0.0,0.0,0.0,0.0,0.0,0.0,0.0,0.0,0.0,0.0,0.0,0.0,0.0,0.0,0.0,0.0,0.0,0.0,0.0,0.0,0.0,0.0,0.0,0.0,0.0,0.0,0.0,0.0,0.0,0.0,0.0,0.0,0.0,0.0,0.0,0.0,0.0,0.0,0.0,0.0,0.0,0.0,0.0,0.0,0.0,0.0,0.0,0.0,0.0,0.0,0.0,0.0,0.0820477,0.0,0.0,0.0,0.0,0.0,0.0,0.0,0.0,0.0,0.0,0.0,0.0,0.0,0.0,0.0,0.0,0.00816363,0.163735,0.0,0.0,0.0,0.0,0.0,0.0,0.0,0.0,0.0,0.0,0.0,0.0,0.0,0.0,0.0,0.0,0.0,0.0,0.0,0.0,0.0,0.0,0.0,0.0,0.0,0.105473,0.0,0.0,0.0,0.0,0.0,0.0,0.0,0.0,0.0,0.0,0.0,0.0,0.0,0.0,0.0,0.0,0.0,0.0,0.0,0.0,0.0,0.0,0.0,0.0,1.0,0.0,0.0,0.0,0.0,0.0,0.0,0.0,0.0,0.0,0.0,0.0,0.0,0.0,0.0,0.0,0.0,0.0,0.0,0.0,0.0,1.0,0.0,0.0,0.0,0.0,0.0,0.0,0.0,0.0,0.0,0.0,0.0,0.0,0.0,0.0,0.0,0.0,0.0,0.0,1.0,0.0,0.0,0.0,0.0,0.0,0.0,0.0,0.0,0.0,0.0,0.0,0.0,0.0,0.0,1.0,0.0,0.0,0.0,0.0,1.0,0.0,0.0,0.0,0.0,0.0,1.0,0.0,0.0,0.0,0.0,0.0,0.0,0.0,0.0,0.0,0.0,0.0,0.0,0.0,0.0,0.0,0.0,0.0,0.0,0.0,0.0,0.0,0.0,0.0,0.0,0.0,0.0,0.0,0.0,0.0,0.0,0.0,0.0,0.0,0.0,0.0,0.0,0.0,0.0,0.0,0.0,0.0,0.0,0.0,0.0,0.0,0.0,0.0,0.0,0.0,0.0,0.0,0.0,0.0,0.0,0.0,0.0,0.0,0.0,0.0,0.0,0.0,0.0,0.0,0.0,0.0,1.0,0.0,0.0,0.0,0.0,0.0,0.0,0.0,0.0,0.0,0.0,0.0,0.0,0.0,0.0,0.0,0.0,1.0,1.0,0.0,0.0,0.0,0.0,0.0,0.0,0.0,0.0,0.0,0.0,0.0,0.0,0.0,0.0,0.0,0.0,0.0,0.0,0.0,0.0,0.0,0.0,0.0,0.0,0.0,1.0,0.0,0.0,0.0,0.00653509,0.00596118,0.00375074,0.0146638,0.00835224,0.00635386,0.00434559,0.0058958,0.00176166,0.00258811,0.0209734,0.0023795,0.0226235,0.00914063,0.0170287,0.0144507,0.00707007,0.00634425,0.0178477,0.00333959,0.0678471,0.00462317,0.00840129,0.0100827,9.08777e-5,0.00645701,0.00418766,0.00454566,0.00305594,0.00152501,0.00251256,0.00331422,0.004261,0.00704143,0.00342196,0.00391337,0.00912583,0.00996387,0.00847267,0.00244434,0.0143297,0.0254754,0.00688253,0.0116787,0.00173371,0.0214695,0.0110942,0.0118621,0.00744051,0.00840171,-0.000148313,0.00901274,0.00767451,0.0048091,0.00670602,0.00352753,0.0100384,0.0137238,0.00411821,0.00620941,0.0484272,0.00618775,0.00279615,0.0122322,0.0180275,0.0027933,0.000285136,0.00577724,0.0270015,0.0117018,0.00441982,0.0165149,0.00614938,0.000438209,0.00386837,0.0445846,0.005388,-0.00594675,0.00334996,0.0164052,0.041663,0.00837064,0.00545328,-0.00305558,0.0203691,0.0161202,0.0712327,0.00453503,0.00295225,0.0127006,0.00928469,0.00518947,0.00300821,0.0153789,0.00477851,0.00642829,0.00296695,0.0171577,0.0038303,0.00556655,0.00589188,0.00455522,0.00466951,0.00852788,0.00543029,0.00518104,-5.48154e-5,0.0160503,0.00938393,0.00260447,0.0102064,0.0132416,0.00781795,0.0154377,0.0021026,0.00914081,0.0068623,0.0198221,0.00669681,0.00590923,0.00652037,0.00533147,0.00795291,0.010328,0.00485709,0.0187222,0.00876426,0.0175037,0.00446433,0.00647995,0.00865738,0.00976367,0.00302272,0.0115013,0.0132808,0.00841684,0.00349881,0.00253547,0.00828183,0.00230051,0.00572639,0.00129983,0.00581956,0.00472518,0.0103049,0.0137354,0.00243806,0.00834227,0.00700246,0.0078773,0.000973172,0.00648709,0.0535293,0.00676672,0.00242398,0.00706045,0.00422531,0.00774017,0.010413,0.00676445,0.00279385,0.00739123,0.00672079,0.00230173,0.0104778,0.00456453,0.0125984,0.00519433,0.0054766,0.0246581,0.0400327,0.00658562,0.00958966,0.00848724,0.0066347,0.0120255,0.00794845,0.00203128,0.00778968,0.00744716,0.00934266,0.00328658,0.00630119,-0.00662241,0.00977266,0.00225941,0.00956505,0.0128765,0.0146545,0.00394093,0.00522795,0.0114465,0.00887922,0.0119293,0.000485757,0.00575348,0.0551076,0.00617548,0.00584808,0.00471688,0.2]
